0;0.549158087419903;0.364193412297178;0
0.01;0.552722923111265;0.34704627384853;0
0.02;0.556115947536442;0.3298245749009;0
0.03;0.559336438887537;0.312533605983988;0
0.04;0.562383728315797;0.295178669299224;0
0.05;0.565257200041092;0.277765077110314;0
0.06;0.567956291445296;0.260298150133543;0
0.07;0.570480493149564;0.242783215928306;0
0.08;0.57282934907553;0.225225607288356;0
0.09;0.575002456490409;0.207630660634245;0
0.1;0.576999466036041;0.190003714407443;0
0.11;0.57882008174188;0.172350107466615;0
0.12;0.580464061021958;0.15467517748652;0
0.13;0.581931214655853;0.136984259360023;0
0.14;0.583221406753695;0.119282683603689;0
0.15;0.584334554705235;0.101575774767421;0
0.16;0.585270629113047;0.0838688498486314;0
0.17;0.586029653709879;0.0661672167113905;0
0.18;0.586611705260229;0.0484761725110395;0
0.19;0.587016913446189;0.0308010021247161;0
0.2;0.587245460737621;0.0131469765882597;0
0.21;0.587297582246741;-0.0044806484600486;0
0.22;0.58717356556716;-0.0220766343284552;0
0.23;0.586873750597481;-0.0396357608129612;0
0.24;0.586398529349516;-0.0571528277303592;0
0.25;0.585748345741206;-0.0746226564426334;0
0.26;0.584923695374351;-0.0920400913722817;0
0.27;0.583925125297213;-0.109400001508121;0
0.28;0.582753233752115;-0.126697281901139;0
0.29;0.581408669908128;-0.143926855149966;0
0.3;0.579892133578951;-0.161083672875533;0
0.31;0.578204374926085;-0.178162717184494;0
0.32;0.576346194147444;-0.195159002121003;0
0.33;0.574318441151482;-0.212067575106411;0
0.34;0.572122015216993;-0.228883518366491;0
0.35;0.56975786463869;-0.245601950345777;0
0.36;0.567226986358704;-0.26221802710861;0
0.37;0.564530425584125;-0.278726943726504;0
0.38;0.561669275390747;-0.295123935651435;0
0.39;0.558644676313129;-0.311404280074661;0
0.4;0.555457815921147;-0.327563297270698;0
0.41;0.552109928383169;-0.343596351926073;0
0.42;0.548602294016009;-0.359498854452475;0
0.43;0.544936238821827;-0.375266262283947;0
0.44;0.541113134012129;-0.390894081157754;0
0.45;0.537134395519033;-0.406377866378565;0
0.46;0.533001483493961;-0.42171322406561;0
0.47;0.528715901793956;-0.436895812382455;0
0.48;0.524279197455762;-0.451921342749069;0
0.49;0.519692960157873;-0.466785581035839;0
0.5;0.514958821670725;-0.481484348739214;0
0.51;0.510078455295213;-0.496013524138651;0
0.52;0.505053575289725;-0.510369043434552;0
0.53;0.499885936285878;-0.524546901866887;0
0.54;0.494577332693169;-0.538543154814189;0
0.55;0.489129598092709;-0.552353918872643;0
0.56;0.483544604620268;-0.565975372914955;0
0.57;0.477824262338822;-0.579403759128754;0
0.58;0.471970518600804;-0.592635384034207;0
0.59;0.465985357400277;-0.605666619480621;0
0.6;0.459870798715238;-0.618493903621733;0
0.61;0.453628897840262;-0.631113741869461;0
0.62;0.447261744709709;-0.643522707825844;0
0.63;0.440771463211711;-0.655717444192948;0
0.64;0.434160210493156;-0.667694663660491;0
0.65;0.427430176255903;-0.67945114977096;0
0.66;0.420583582044445;-0.690983757762009;0
0.67;0.413622680525245;-0.70228941538591;0
0.68;0.406549754757995;-0.713365123705869;0
0.69;0.399367117459006;-0.724207957868986;0
0.7;0.392077110256973;-0.734815067855686;0
0.71;0.384682102941362;-0.745183679205431;0
0.72;0.377184492703641;-0.755311093718529;0
0.73;0.369586703371598;-0.765194690133884;0
0.74;0.361891184636997;-0.774831924782509;0
0.75;0.354100411276807;-0.784220332216671;0
0.76;0.346216882368244;-0.793357525814489;0
0.77;0.338243120497888;-0.80224119835988;0
0.78;0.330181670965101;-0.810869122597697;0
0.79;0.322035100980014;-0.819239151763943;0
0.8;0.31380599885632;-0.827349220090951;0
0.81;0.305496973199134;-0.835197343287417;0
0.82;0.297110652088155;-0.842781618993172;0
0.83;0.288649682256405;-0.85010022720863;0
0.84;0.280116728264788;-0.857151430698799;0
0.85;0.27151447167271;-0.86393357537179;0
0.86;0.26284561020505;-0.870445090631751;0
0.87;0.254112856915695;-0.876684489706173;0
0.88;0.245318939347936;-0.882650369947494;0
0.89;0.236466598691953;-0.888341413108979;0
0.9;0.227558588939657;-0.893756385594821;0
0.91;0.218597676037156;-0.898894138684436;0
0.92;0.209586637035085;-0.903753608730932;0
0.93;0.200528259237069;-0.908333817333733;0
0.94;0.191425339346582;-0.912633871485358;0
0.95;0.182280682612449;-0.916652963692347;0
0.96;0.173097101973256;-0.920390372070338;0
0.97;0.163877417200926;-0.923845460413337;0
0.98;0.15462445404372;-0.927017678237166;0
0.99;0.145341043368916;-0.929906560797152;0
1;0.13603002030543;-0.932511729080081;0
1.01;0.126694223386633;-0.934832889770467;0
1.02;0.117336493693618;-0.936869835191192;0
1.03;0.107959673999177;-0.938622443218571;0
1.04;0.0985666079127452;-0.940090677171927;0
1.05;0.08916013902656;-0.941274585677736;0
1.06;0.0797431100632929;-0.942174302508432;0
1.07;0.0703183620254093;-0.942790046395979;0
1.08;0.0608887333465044;-0.943122120820276;0
1.09;0.051457059044868;-0.943170913772539;0
1.1;0.0420261698795277;-0.942936897493746;0
1.11;0.0325988915090194;-0.942420628188284;0
1.12;0.023178043653133;-0.94162274571291;0
1.13;0.0137664392578782;-0.940543973241182;0
1.14;0.00436688366391626;-0.939185116903483;0
1.15;-0.00501782622129888;-0.9375470654028;0
1.16;-0.0143849027474293;-0.935630789606412;0
1.17;-0.0237315683409705;-0.933437342113649;0
1.18;-0.0330550563205395;-0.930967856799892;0
1.19;-0.0423526117074966;-0.928223548336998;0
1.2;-0.0516214920316658;-0.925205711690324;0
1.21;-0.0608589681319216;-0.921915721592553;0
1.22;-0.0700623249514091;-0.918355031994508;0
1.23;-0.0792288623271709;-0.914525175493163;0
1.24;-0.0883558957739509;-0.91042776273707;0
1.25;-0.0974407572619527;-0.906064481809399;0
1.26;-0.106480795988328;-0.901437097588836;0
1.27;-0.115473379142174;-0.896547451088557;0
1.28;-0.124415892662825;-0.891397458773513;0
1.29;-0.13330574199122;-0.885989111856275;0
1.3;-0.14214035281413;-0.880324475571676;0
1.31;-0.150917171801041;-0.874405688430522;0
1.32;-0.159633667333477;-0.868234961452609;0
1.33;-0.168287330226568;-0.86181457737933;0
1.34;-0.176875674442643;-0.855146889866131;0
1.35;-0.185396237796667;-0.848234322655104;0
1.36;-0.193846582653313;-0.841079368727986;0
1.37;-0.20222429661547;-0.833684589439864;0
1.38;-0.210526993204016;-0.826052613633869;0
1.39;-0.21875231252864;-0.818186136737161;0
1.4;-0.226897921949549;-0.810087919838518;0
1.41;-0.234961516729865;-0.801760788747811;0
1.42;-0.242940820678541;-0.793207633037709;0
1.43;-0.250833586783608;-0.784431405067912;0
1.44;-0.258637597835597;-0.775435118992239;0
1.45;-0.266350667040944;-0.766221849748899;0
1.46;-0.273970638625233;-0.756794732034279;0
1.47;-0.281495388426099;-0.747156959260582;0
1.48;-0.28892282447564;-0.737311782497654;0
1.49;-0.29625088757217;-0.727262509399349;0
1.5;-0.303477551841176;-0.717012503114773;0
1.51;-0.310600825285315;-0.706565181184768;0
1.52;-0.317618750323312;-0.695924014423988;0
1.53;-0.324529404317618;-0.685092525788926;0
1.54;-0.33133090009068;-0.674074289232255;0
1.55;-0.338021386429704;-0.662872928543852;0
1.56;-0.344599048579757;-0.651492116178877;0
1.57;-0.351062108725107;-0.639935572073276;0
1.58;-0.357408826458649;-0.628207062447087;0
1.59;-0.363637499239321;-0.616310398595929;0
1.6;-0.369746462837381;-0.604249435671057;0
1.61;-0.375734091767428;-0.592028071448365;0
1.62;-0.381598799709072;-0.579650245086733;0
1.63;-0.387339039915139;-0.567119935876093;0
1.64;-0.392953305607313;-0.554441161975628;0
1.65;-0.398440130359109;-0.541617979142482;0
1.66;-0.403798088466107;-0.528654479451384;0
1.67;-0.409025795303326;-0.515554790005591;0
1.68;-0.414121907669684;-0.502323071639541;0
1.69;-0.419085124119438;-0.488963517613627;0
1.7;-0.423914185280547;-0.475480352301492;0
1.71;-0.428607874159867;-0.461877829870258;0
1.72;-0.433165016435124;-0.44816023295409;0
1.73;-0.437584480733593;-0.434331871321502;0
1.74;-0.44186517889742;-0.420397080536828;0
1.75;-0.446006066235542;-0.406360220616254;0
1.76;-0.450006141762131;-0.392225674678835;0
1.77;-0.453864448421545;-0.377997847592901;0
1.78;-0.457580073299705;-0.363681164618271;0
1.79;-0.46115214782189;-0.349280070044693;0
1.8;-0.464579847936898;-0.33479902582691;0
1.81;-0.46786239428754;-0.320242510216785;0
1.82;-0.470999052367447;-0.30561501639289;0
1.83;-0.473989132664164;-0.290921051087969;0
1.84;-0.476831990788506;-0.27616513321471;0
1.85;-0.479527027590171;-0.261351792490215;0
1.86;-0.482073689259589;-0.246485568059601;0
1.87;-0.484471467416008;-0.231571007119142;0
1.88;-0.486719899181809;-0.21661266353936;0
1.89;-0.488818567243052;-0.201615096488486;0
1.9;-0.490767099896264;-0.186582869056695;0
1.91;-0.49256517108147;-0.17152054688153;0
1.92;-0.494212500401487;-0.156432696774929;0
1.93;-0.495708853127496;-0.141323885352255;0
1.94;-0.497054040190919;-0.126198677663745;0
1.95;-0.498247918161614;-0.111061635828775;0
1.96;-0.499290389212436;-0.0959173176733556;0
1.97;-0.500181401070187;-0.0807702753712567;0
1.98;-0.500920946952988;-0.0656250540891571;0
1.99;-0.50150906549413;-0.0504861906362275;0
2;-0.501945840652442;-0.0353582121185379;0
2.01;-0.502231401609221;-0.0202456345986865;0
2.02;-0.502365922651784;-0.00515296176104231;0
2.03;-0.502349623043708;0.00991531641700675;0
2.04;-0.502182766881798;0.0249547249874144;0
2.05;-0.501865662939868;0.0399608053470578;0
2.06;-0.501398664499403;0.0549291165461595;0
2.07;-0.500782169167161;0.069855236589168;0
2.08;-0.500016618679804;0.0847347637277213;0
2.09;-0.499102498695642;0.0995633177453192;0
2.1;-0.498040338573566;0.114336541233333;0
2.11;-0.496830711139254;0.129050100857984;0
2.12;-0.495474232438762;0.143699688617932;0
2.13;-0.493971561479572;0.158281023092102;0
2.14;-0.492323399959214;0.172789850677406;0
2.15;-0.490530491981553;0.187221946815991;0
2.16;-0.488593623760853;0.20157311721168;0
2.17;-0.486513623313729;0.215839199035244;0
2.18;-0.484291360139096;0.230016062118171;0
2.19;-0.48192774488623;0.244099610134599;0
2.2;-0.479423729011072;0.258085781771063;0
2.21;-0.476780304420883;0.271970551883744;0
2.22;-0.473998503107386;0.285749932642886;0
2.23;-0.471079396768529;0.299419974664057;0
2.24;-0.468024096418983;0.312976768125942;0
2.25;-0.464833751989537;0.326416443874362;0
2.26;-0.461509551915509;0.339735174512197;0
2.27;-0.458052722714321;0.352929175474922;0
2.28;-0.454464528552391;0.365994706091453;0
2.29;-0.450746270801475;0.378928070630019;0
2.3;-0.446899287584628;0.391725619328757;0
2.31;-0.442924953311922;0.404383749410759;0
2.32;-0.438824678206085;0.416898906083292;0
2.33;-0.434599907818227;0.429267583520917;0
2.34;-0.430252122533798;0.441486325832232;0
2.35;-0.42578283706896;0.453551728010001;0
2.36;-0.421193599957534;0.465460436864379;0
2.37;-0.416485993028684;0.477209151939015;0
2.38;-0.411661630875531;0.488794626409761;0
2.39;-0.406722160314843;0.500213667965773;0
2.4;-0.40166925983801;0.511463139672742;0
2.41;-0.396504639053456;0.522539960818053;0
2.42;-0.391230038120686;0.533441107737636;0
2.43;-0.385847227176152;0.544163614624288;0
2.44;-0.380358005751109;0.554704574317272;0
2.45;-0.374764202181673;0.565061139072976;0
2.46;-0.369067673011248;0.57523052131643;0
2.47;-0.36327030238553;0.585209994373509;0
2.48;-0.357374001440276;0.594996893183606;0
2.49;-0.351380707682032;0.604588614992624;0
2.5;-0.345292384362025;0.61398262002609;0
2.51;-0.33911101984341;0.623176432142242;0
2.52;-0.332838626962077;0.632167639464914;0
2.53;-0.326477242381224;0.640953894996068;0
2.54;-0.320028925939893;0.649532917207828;0
2.55;-0.313495759995682;0.657902490613872;0
2.56;-0.306879848761832;0.66606046632004;0
2.57;-0.300183317638904;0.674004762554043;0
2.58;-0.293408312541259;0.68173336517413;0
2.59;-0.286556999218535;0.689244328156618;0
2.6;-0.279631562572353;0.696535774062158;0
2.61;-0.272634205968456;0.703605894480645;0
2.62;-0.265567150544491;0.710452950454668;0
2.63;-0.258432634513654;0.717075272881416;0
2.64;-0.251232912464419;0.723471262892951;0
2.65;-0.243970254656555;0.729639392214775;0
2.66;-0.236646946313659;0.735578203502619;0
2.67;-0.229265286912419;0.741286310657394;0
2.68;-0.221827589468824;0.746762399118239;0
2.69;-0.214336179821542;0.752005226133625;0
2.7;-0.206793395912693;0.757013621010467;0
2.71;-0.19920158706622;0.761786485341206;0
2.72;-0.191563113264094;0.766322793208834;0
2.73;-0.183880344420567;0.770621591369835;0
2.74;-0.176155659654696;0.774681999415028;0
2.75;-0.168391446561355;0.778503209908303;0
2.76;-0.160590100480964;0.782084488503238;0
2.77;-0.152754023768146;0.785425174037615;0
2.78;-0.144885625059543;0.788524678605826;0
2.79;-0.136987318541004;0.791382487609203;0
2.8;-0.129061523214371;0.793998159784284;0
2.81;-0.121110662164078;0.796371327209044;0
2.82;-0.113137161823794;0.798501695287138;0
2.83;-0.105143451243316;0.800389042710185;0
2.84;-0.097131961355935;0.80203322139815;0
2.85;-0.0891051242465099;0.803434156417876;0
2.86;-0.0810653724204382;0.804591845879832;0
2.87;-0.0730151380737671;0.805506360813141;0
2.88;-0.0649568523646488;0.806177845018967;0
2.89;-0.0568929446863585;0.806606514902334;0
2.9;-0.0488258419420924;0.80679265928248;0
2.91;-0.0407579678217567;0.806736639181817;0
2.92;-0.0326917420809643;0.806438887593625;0
2.93;-0.0246295798224494;0.805899909228559;0
2.94;-0.0165738907801116;0.805120280240099;0
2.95;-0.00852707860590054;0.804100647929056;0
2.96;-0.000491540159748378;0.802841730427256;0
2.97;0.00753033519724038;0.801344316360542;0
2.98;0.0155361663061372;0.799609264491214;0
2.99;0.02352358090987;0.797637503340069;0
3;0.0314902163490327;0.795430030788171;0
3.01;0.0394337202536219;0.792987913658522;0
3.02;0.0473517512305006;0.790312287277781;0
3.03;0.0552419795463894;0.787404355018201;0
3.04;0.0631020878061894;0.784265387819963;0
3.05;0.0709297716264401;0.780896723694062;0
3.06;0.0787227403037201;0.777299767205963;0
3.07;0.0864787174777977;0.773475988940174;0
3.08;0.0941954417893429;0.769426924945961;0
3.09;0.101870667532012;0.76515417616439;0
3.1;0.109502165298718;0.760659407836899;0
3.11;0.117087722621908;0.755944348895612;0
3.12;0.124625144607659;0.751010791335616;0
3.13;0.132112254563416;0.745860589569399;0
3.14;0.139546894619199;0.740495659763702;0
3.15;0.146926926342094;0.73491797915899;0
3.16;0.154250231343867;0.72912958537179;0
3.17;0.161514711881523;0.723132575680123;0
3.18;0.168718291450643;0.716929106292291;0
3.19;0.175858915371336;0.710521391599244;0
3.2;0.182934551366644;0.703911703410797;0
3.21;0.189943190133231;0.697102370175953;0
3.22;0.196882845904211;0.690095776187572;0
3.23;0.203751557003954;0.682894360771686;0
3.24;0.210547386394707;0.675500617461697;0
3.25;0.217268422214903;0.66791709315775;0
3.26;0.22391277830899;0.660146387271556;0
3.27;0.230478594748645;0.652191150856936;0
3.28;0.236964038345231;0.64405408572639;0
3.29;0.243367303153362;0.635737943553959;0
3.3;0.249686610965425;0.627245524964686;0
3.31;0.255920211796949;0.618579678610973;0
3.32;0.262066384362675;0.609743300236119;0
3.33;0.268123436543202;0.60073933172536;0
3.34;0.274089705842093;0.591570760144707;0
3.35;0.279963559833315;0.582240616767885;0
3.36;0.285743396598891;0.572751976091705;0
3.37;0.291427645156662;0.563107954840161;0
3.38;0.297014765878036;0.553311710957585;0
3.39;0.302503250895619;0.543366442591179;0
3.4;0.307891624500631;0.533275387063238;0
3.41;0.313178443529991;0.523041819833401;0
3.42;0.31836229774299;0.512669053451252;0
3.43;0.323441810187438;0.502160436499603;0
3.44;0.328415637555211;0.491519352528795;0
3.45;0.333282470527094;0.480749218982338;0
3.46;0.338041034106856;0.469853486114254;0
3.47;0.342690087944446;0.458835635898433;0
3.48;0.347228426648258;0.447699180930356;0
3.49;0.351654880086379;0.436447663321535;0
3.5;0.355968313676746;0.425084653586995;0
3.51;0.360167628666153;0.413613749526161;0
3.52;0.364251762398035;0.402038575097487;0
3.53;0.368219688568972;0.390362779287175;0
3.54;0.372070417473855;0.378590034972343;0
3.55;0.37580299623966;0.366724037778975;0
3.56;0.37941650904778;0.354768504935029;0
3.57;0.382910077344867;0.342727174119024;0
3.58;0.38628286004214;0.330603802304488;0
3.59;0.389534053703124;0.318402164600605;0
3.6;0.392662892719771;0.306126053089414;0
3.61;0.39566864947695;0.293779275659925;0
3.62;0.398550634505257;0.281365654839494;0
3.63;0.401308196622132;0.268889026622826;0
3.64;0.403940723061255;0.256353239298947;0
3.65;0.406447639590203;0.243762152276507;0
3.66;0.408828410616358;0.231119634907778;0
3.67;0.411082539281046;0.218429565311675;0
3.68;0.413209567541904;0.205695829196192;0
3.69;0.415209076243471;0.192922318680571;0
3.7;0.417080685176001;0.180112931117583;0
3.71;0.418824053122501;0.167271567916257;0
3.72;0.420438877893995;0.154402133365425;0
3.73;0.421924896353037;0.141508533458418;0
3.74;0.423281884425469;0.128594674719277;0
3.75;0.424509657100454;0.115664463030813;0
3.76;0.4256080684188;0.102721802464888;0
3.77;0.426577011449589;0.0897705941152361;0
3.78;0.427416418255164;0.0768147349331879;0
3.79;0.428126259844468;0.0638581165666399;0
3.8;0.428706546114806;0.0509046242026061;0
3.81;0.429157325782035;0.0379581354136967;0
3.82;0.42947868629925;0.0250225190088617;0
3.83;0.429670753763991;0.0121016338887366;0
3.84;0.429733692814024;-0.000800672094074208;0
3.85;0.429667706511754;-0.013680563269444;0
3.86;0.429473036217318;-0.0265342172785681;0
3.87;0.429149961450407;-0.0393578261968785;0
3.88;0.428698799740901;-0.0521475976507015;0
3.89;0.428119906468352;-0.0648997559273342;0
3.9;0.427413674690409;-0.0776105430782199;0
3.91;0.426580534960237;-0.0902762200149017;0
3.92;0.425620955133014;-0.102893067597439;0
3.93;0.424535440161572;-0.115457387714973;0
3.94;0.423324531881276;-0.127965504358136;0
3.95;0.421988808784217;-0.140413764682981;0
3.96;0.420528885782798;-0.152798540066156;0
3.97;0.418945413962814;-0.165116227150986;0
3.98;0.417239080326114;-0.177363248884197;0
3.99;0.415410607522936;-0.189536055542967;0
4;0.413460753574016;-0.201631125752021;0
4.01;0.411390311582576;-0.213644967490478;0
4.02;0.409200109436285;-0.225574119088174;0
4.03;0.406891009499309;-0.237415150211167;0
4.04;0.404463908294555;-0.249164662836164;0
4.05;0.401919736176222;-0.260819292213578;0
4.06;0.39925945699277;-0.272375707818962;0
4.07;0.396484067740434;-0.283830614292548;0
4.08;0.393594598207392;-0.295180752366629;0
4.09;0.390592110608716;-0.306422899780528;0
4.1;0.387477699212235;-0.317553872182899;0
4.11;0.384252489955422;-0.328570524021123;0
4.12;0.380917640053458;-0.339469749417529;0
4.13;0.377474337598587;-0.350248483032233;0
4.14;0.373923801150905;-0.360903700912331;0
4.15;0.37026727932072;-0.371432421327231;0
4.16;0.366506050342621;-0.381831705589891;0
4.17;0.362641421641401;-0.392098658863746;0
4.18;0.358674729389974;-0.402230430955096;0
4.19;0.354607338059432;-0.412224217090763;0
4.2;0.350440639961399;-0.422077258680779;0
4.21;0.34617605478282;-0.431786844065939;0
4.22;0.341815029113347;-0.44135030924998;0
4.23;0.337359035965471;-0.450765038616234;0
4.24;0.332809574287558;-0.460028465628532;0
4.25;0.328168168469952;-0.469138073516201;0
4.26;0.323436367844291;-0.478091395942958;0
4.27;0.318615746176219;-0.486886017659545;0
4.28;0.313707901151634;-0.495519575139919;0
4.29;0.308714453856656;-0.503989757200852;0
4.3;0.303637048251474;-0.512294305604769;0
4.31;0.298477350638236;-0.520431015645686;0
4.32;0.293237049123159;-0.528397736718088;0
4.33;0.287917853073029;-0.536192372868617;0
4.34;0.282521492566262;-0.543812883330423;0
4.35;0.277049717838693;-0.551257283040064;0
4.36;0.271504298724287;-0.558523643136809;0
4.37;0.265887024090924;-0.56561009144424;0
4.38;0.26019970127146;-0.572514812934039;0
4.39;0.254444155490218;-0.57923605017184;0
4.4;0.248622229285116;-0.585772103745054;0
4.41;0.242735781925585;-0.592121332672566;0
4.42;0.236786688826479;-0.598282154796212;0
4.43;0.230776840958152;-0.604253047153949;0
4.44;0.224708144252884;-0.610032546334642;0
4.45;0.218582519007843;-0.615619248814388;0
4.46;0.212401899284771;-0.621011811274309;0
4.47;0.206168203832037;-0.626237422902763;-0.0142385143818877
4.48;0.199882182851778;-0.631508216181292;-0.0427155431456631
4.49;0.19354306467771;-0.636865192432213;-0.0711925719094385
4.5;0.187149995354167;-0.642306597725686;-0.0996696006732139
4.51;0.180702138565573;-0.647830655837805;-0.128146629436989
4.52;0.174198675856819;-0.653435568821358;-0.156623658200765
4.53;0.167638806847908;-0.659119517582115;-0.18510068696454
4.54;0.16102174944281;-0.664880662460462;-0.213577715728315
4.55;0.154346740032483;-0.670717143818207;-0.242054744492091
4.56;0.147613033691997;-0.676627082630361;-0.270531773255866
4.57;0.140819904371721;-0.682608581081716;-0.299008802019642
4.58;0.133966645082525;-0.688659723168029;-0.327485830783417
4.59;0.127052568074949;-0.694778575301622;-0.355962859547192
4.6;0.120077005012296;-0.700963186921222;-0.384439888310968
4.61;0.113039307137607;-0.707211591105827;-0.412916917074743
4.62;0.105938845434484;-0.713521805192434;-0.441393945838519
4.63;0.0987750107817166;-0.719891831397414;-0.469870974602294
4.64;0.0915472141016779;-0.726319657441359;-0.498348003366069
4.65;0.0842548865024591;-0.732803257177194;-0.526825032129845
4.66;0.0768974794137083;-0.739340591221375;-0.55530206089362
4.67;0.069474464716144;-0.745929607587958;-0.583779089657396
4.68;0.061985334864716;-0.75256824232537;-0.612256118421171
4.69;0.0544296030053869;-0.759254420155658;-0.640733147184946
4.7;0.0468068030855106;-0.765986055116046;-0.669210175948722
4.71;0.0391164899577859;-0.772761051202587;-0.697687204712497
4.72;0.0313582394777647;-0.77957730301572;-0.726164233476273
4.73;0.0235316485948966;-0.786432696407533;-0.754641262240048
4.74;0.0156363354370945;-0.793325109130535;-0.783118291003823
4.75;0.00767193938880548;-0.800252411487744;-0.811595319767599
4.76;-0.000361878837423542;-0.807212466983891;-0.840072348531374
4.77;-0.00846543713589684;-0.814203132977539;-0.86854937729515
4.78;-0.0166390319492455;-0.821222261333923;-0.897026406058925
4.79;-0.0248829382164341;-0.828267699078321;-0.9255034348227
4.8;-0.0331974093273022;-0.835337289049749;-0.953980463586476
4.81;-0.0415826770836443;-0.842428870554784;-0.982457492350251
4.82;-0.0500389516668273;-0.849540280021328;-1.01093452111403
4.83;-0.0585664216119449;-0.856669351652111;-1.0394115498778
4.84;-0.0671652537885049;-0.863813918077731;-1.06788857864158
4.85;-0.0758355933876445;-0.87097181100905;-1.09636560740535
4.86;-0.0845775639158655;-0.878140861888743;-1.12484263616913
4.87;-0.0933912671952806;-0.885318902541806;-1.1533196649329
4.88;-0.10227678337036;-0.892503765824832;-1.18179669369668
4.89;-0.111234170921162;-0.899693286273863;-1.21027372246045
4.9;-0.120263466683041;-0.90688530075062;-1.23875075122423
4.91;-0.129364685872801;-0.914077649086935;-1.26722777998801
4.92;-0.138537822121293;-0.921268174727178;-1.29570480875178
4.93;-0.147782847512421;-0.928454725368494;-1.32418183751556
4.94;-0.157099712628543;-0.935635153598675;-1.35265886627933
4.95;-0.166488346602241;-0.94280731753146;-1.38113589504311
4.96;-0.175948657174423;-0.949969081439094;-1.40961292380688
4.97;-0.185480530758752;-0.957118316381945;-1.43808995257066
4.98;-0.195083832512341;-0.964252900835016;-1.46656698133443
4.99;-0.204758406412715;-0.971370721311147;-1.49504401009821
5;-0.214504075340972;-0.978469672980741;-1.52352103886198
5.01;-0.224320641171142;-0.985547660287829;-1.55199806762576
5.02;-0.234207884865677;-0.9926025975623;-1.58047509638953
5.03;-0.244165566577051;-0.999632409628106;-1.60895212515331
5.04;-0.254193425755423;-1.00663503240729;-1.63742915391709
5.05;-0.264291181262318;-1.01360841351963;-1.66590618268086
5.06;-0.27445853149029;-1.02055051287776;-1.69438321144464
5.07;-0.284695154488506;-1.0274593032776;-1.72286024020841
5.08;-0.295000708094224;-1.03433277098386;-1.75133726897219
5.09;-0.305374830070091;-1.04116891631054;-1.77981429773596
5.1;-0.315817138247234;-1.04796575419622;-1.80829132649974
5.11;-0.326327230674072;-1.05472131477397;-1.83676835526351
5.12;-0.336904685770809;-1.06143364393571;-1.86524538402729
5.13;-0.347549062489535;-1.06810080389087;-1.89372241279106
5.14;-0.358259900479899;-1.07472087371929;-1.92219944155484
5.15;-0.369036720260277;-1.08129194991796;-1.95067647031861
5.16;-0.379879023394382;-1.08781214694173;-1.97915349908239
5.17;-0.390786292673251;-1.09427959773765;-2.00763052784617
5.18;-0.401757992302551;-1.10069245427285;-2.03610755660994
5.19;-0.412793568095128;-1.10704888805581;-2.06458458537372
5.2;-0.423892447668743;-1.1133470906509;-2.09306161413749
5.21;-0.435054040648919;-1.119585274186;-2.12153864290127
5.22;-0.446277738876838;-1.12576167185309;-2.15001567166504
5.23;-0.457562916622207;-1.13187453840169;-2.17849270042882
5.24;-0.468908930801025;-1.13792215062493;-2.20696972919259
5.25;-0.480315121198181;-1.14390280783823;-2.23544675795637
5.26;-0.491780810694804;-1.1498148323504;-2.26392378672014
5.27;-0.503305305500286;-1.155656569927;-2.29240081548392
5.28;-0.51488789538891;-1.16142639024595;-2.3208778442477
5.29;-0.526527853940989;-1.16712268734508;-2.34935487301147
5.3;-0.538224438788454;-1.1727438800617;-2.37783190177525
5.31;-0.549976891864795;-1.17828841246395;-2.40630893053902
5.32;-0.561784439659282;-1.18375475427382;-2.4347859593028
5.33;-0.573646293475371;-1.18914140128182;-2.46326298806657
5.34;-0.585561649693231;-1.19444687575302;-2.49174001683035
5.35;-0.59752969003628;-1.19966972682456;-2.52021704559412
5.36;-0.609549581841663;-1.20480853089436;-2.5486940743579
5.37;-0.621620478334579;-1.20986189200103;-2.57717110312167
5.38;-0.633741518906361;-1.21482844219478;-2.60564813188545
5.39;-0.645911829396234;-1.21970684189935;-2.63412516064922
5.4;-0.658130522376638;-1.22449578026483;-2.662602189413
5.41;-0.670396697442049;-1.22919397551117;-2.69107921817678
5.42;-0.682709441501192;-1.2338001752625;-2.71955624694055
5.43;-0.695067829072547;-1.23831315687198;-2.74803327570433
5.44;-0.70747092258307;-1.2427317277372;-2.7765103044681
5.45;-0.719917772670023;-1.24705472560606;-2.80498733323188
5.46;-0.732407418485813;-1.25128101887299;-2.83346436199565
5.47;-0.744938802556168;-1.25533830088407;-2.8306023920708
5.48;-0.75750830827219;-1.25879862033751;-2.80209682921006
5.49;-0.770109410498666;-1.26159082651251;-2.77359126634933
5.5;-0.782735429338642;-1.26371523068177;-2.7450857034886
5.51;-0.795379688906681;-1.26517234376369;-2.71658014062786
5.52;-0.808035519323137;-1.26596287582608;-2.68807457776713
5.53;-0.820696258703197;-1.26608773553101;-2.6595690149064
5.54;-0.833355255140114;-1.26554802952115;-2.63106345204566
5.55;-0.846005868682033;-1.26434506174773;-2.60255788918493
5.56;-0.858641473301842;-1.26248033274062;-2.5740523263242
5.57;-0.87125545885946;-1.25995553882063;-2.54554676346346
5.58;-0.883841233055991;-1.25677257125453;-2.51704120060273
5.59;-0.896392223379174;-1.25293351535309;-2.488535637742
5.6;-0.908901879039552;-1.24844064951248;-2.46003007488127
5.61;-0.92136367289681;-1.24329644419943;-2.43152451202053
5.62;-0.933771103375703;-1.23750356088062;-2.4030189491598
5.63;-0.94611769637104;-1.23106485089654;-2.37451338629907
5.64;-0.958397007141147;-1.22398335428054;-2.34600782343833
5.65;-0.970602622189285;-1.21626229852314;-2.3175022605776
5.66;-0.98272816113246;-1.20790509728247;-2.28899669771687
5.67;-0.994767278557096;-1.19891534904096;-2.26049113485613
5.68;-1.00671366586104;-1.18929683570905;-2.2319855719954
5.69;-1.01856105308138;-1.17905352117626;-2.20348000913467
5.7;-1.03030321070749;-1.16818954981019;-2.17497444627393
5.71;-1.04193395147891;-1.15670924490406;-2.1464688834132
5.72;-1.05344713216737;-1.1446171070732;-2.11796332055247
5.73;-1.06483665534268;-1.13191781260122;-2.08945775769174
5.74;-1.07609647112175;-1.11861621173631;-2.060952194831
5.75;-1.08722057890037;-1.10471732693833;-2.03244663197027
5.76;-1.09820302906729;-1.09022635107734;-2.00394106910954
5.77;-1.10903792470003;-1.07514864558407;-1.9754355062488
5.78;-1.11971942324201;-1.05948973855307;-1.94692994338807
5.79;-1.13024173816041;-1.04325532279919;-1.91842438052734
5.8;-1.14059914058456;-1.026451253868;-1.8899188176666
5.81;-1.15078596092403;-1.00908354800082;-1.86141325480587
5.82;-1.16079659046634;-0.991158380055118;-1.83290769194514
5.83;-1.17062548295357;-0.97268208138095;-1.8044021290844
5.84;-1.18026715613755;-0.953661137654074;-1.77589656622367
5.85;-1.18971619331324;-0.934102186666585;-1.74739100336294
5.86;-1.1989672448298;-0.91401201607573;-1.71888544050221
5.87;-1.20801502957894;-0.893397561111661;-1.69037987764147
5.88;-1.2168543364602;-0.872265902244902;-1.66187431478074
5.89;-1.22548002582269;-0.850624262814285;-1.63336875192001
5.9;-1.23388703088299;-0.828480006616131;-1.60486318905927
5.91;-1.2420703591187;-0.805840635455478;-1.57635762619854
5.92;-1.2500250936374;-0.782713786660144;-1.54785206333781
5.93;-1.25774639452056;-0.759107230558438;-1.51934650047707
5.94;-1.26522950014202;-0.735028867921341;-1.49084093761634
5.95;-1.27246972846083;-0.710486727369976;-1.46233537475561
5.96;-1.27946247828792;-0.685488962749215;-1.43382981189487
5.97;-1.28620323052645;-0.660043850468262;-1.40532424903414
5.98;-1.29268754938529;-0.63415978680906;-1.37681868617341
5.99;-1.29891108356559;-0.607845285203398;-1.34831312331268
6;-1.30486956741988;-0.581108973479582;-1.31980756045194
6.01;-1.31055882208354;-0.553959591079538;-1.29130199759121
6.02;-1.31597475657831;-0.526405986247249;-1.26279643473048
6.03;-1.32111336888756;-0.498457113189406;-1.23429087186974
6.04;-1.32597074700303;-0.470122029209174;-1.20578530900901
6.05;-1.33054306994281;-0.441409891813984;-1.17727974614828
6.06;-1.33482660874028;-0.412329955798255;-1.14877418328754
6.07;-1.33881772740375;-0.382891570301966;-1.12026862042681
6.08;-1.34251288384659;-0.353104175846009;-1.09176305756608
6.09;-1.34590863078763;-0.322977301345238;-1.06325749470534
6.1;-1.34900161662158;-0.292520561100155;-1.03475193184461
6.11;-1.35178858625928;-0.261743651768176;-1.00624636898388
6.12;-1.35426638193752;-0.23065634931541;-0.977740806123145
6.13;-1.35643194399841;-0.199268505949905;-0.949235243262412
6.14;-1.35828231163789;-0.167590047037313;-0.920729680401679
6.15;-1.35981462362337;-0.135630967999922;-0.892224117540946
6.16;-1.3610261189803;-0.103401331200019;-0.863718554680213
6.17;-1.36191413764747;-0.0709112628085437;-0.835212991819479
6.18;-1.36247612110099;-0.0381709496599975;-0.806707428958747
6.19;-1.36270961294667;-0.00519063609457215;-0.778201866098013
6.2;-1.36261225948087;0.0280193792115325;-0.74969630323728
6.21;-1.36218181021954;0.0614487464266299;-0.721190740376547
6.22;-1.36141611839542;0.0950870677539366;-0.692685177515814
6.23;-1.36031314142332;0.128923900630857;-0.664179614655081
6.24;-1.35887094133331;0.162948760936191;-0.635674051794348
6.25;-1.3570876851719;0.197151126204278;-0.607168488933615
6.26;-1.35496164537098;0.231520438845128;-0.578662926072882
6.27;-1.35249120008452;0.266046109369527;-0.550157363212148
6.28;-1.3496748334931;0.300717519618178;-0.521651800351415
6.29;-1.34651113607601;0.335524025993878;-0.493146237490683
6.3;-1.34299880485109;0.370454962695767;-0.464640674629949
6.31;-1.33913664358223;0.405499644954674;-0.436135111769216
6.32;-1.33492356295448;0.440647372268592;-0.407629548908483
6.33;-1.3303585807168;0.475887431637301;-0.37912398604775
6.34;-1.32544082179254;0.511209100795182;-0.350618423187017
6.35;-1.32016951835751;0.54660165144126;-0.322112860326284
6.36;-1.31454400988583;0.582054352465488;-0.293607297465551
6.37;-1.30856374316353;0.617556473170344;-0.265101734604818
6.38;-1.30222827226993;0.65309728648676;-0.236596171744085
6.39;-1.29553725852693;0.688666072183436;-0.208090608883352
6.4;-1.28849047041618;0.724252120068588;-0.179585046022618
6.41;-1.28108778346434;0.759844733183192;-0.151079483161885
6.42;-1.27332918009642;0.79543323098476;-0.122573920301152
6.43;-1.2652147494573;0.831006952520735;-0.0940683574404191
6.44;-1.25674468720161;0.866555259590551;-0.0655627945796859
6.45;-1.24791929525203;0.902067539895446;-0.0370572317189533
6.46;-1.23873898152611;0.937533210175089;-0.00855166885822012
6.47;-1.22920435938371;0.972881875403959;0
6.48;-1.21931768567087;1.00789523521743;0
6.49;-1.20908250061809;1.04254629147704;0
6.5;-1.19850247130516;1.0768252798453;0
6.51;-1.18758136188008;1.11072256429765;0
6.52;-1.17632303226386;1.14422863979042;0
6.53;-1.16473143682885;1.17733413488496;0
6.54;-1.15281062305108;1.2100298143272;0
6.55;-1.14056473013697;1.24230658158193;0
6.56;-1.12799798762488;1.27415548132124;0
6.57;-1.11511471396202;1.30556770186622;0
6.58;-1.10191931505715;1.33653457758147;0
6.59;-1.08841628280955;1.36704759122178;0
6.6;-1.07461019361473;1.39709837623015;0
6.61;-1.0605057068474;1.42667871898682;0
6.62;-1.04610756332211;1.45578056100851;0
6.63;-1.03142058373224;1.48439600109744;0
6.64;-1.01644966706764;1.51251729743945;0
6.65;-1.0011997890115;1.54013686965076;0
6.66;-0.985676000317086;1.56724730077283;0
6.67;-0.969883425164659;1.59384133921483;0
6.68;-0.953827259499275;1.6199119006431;0
6.69;-0.937512769349899;1.64545206981735;0
6.7;-0.920945289130406;1.67045510237294;0
6.71;-0.904130219923001;1.6949144265489;0
6.72;-0.887073027744616;1.71882364486123;0
6.73;-0.869779241796801;1.74217653572108;0
6.74;-0.852254452699704;1.76496705499746;0
6.75;-0.834504310710662;1.78718933752402;0
6.76;-0.816534523927978;1.80883769854959;0
6.77;-0.798350856480454;1.82990663513223;0
6.78;-0.779959126703233;1.85039082747627;0
6.79;-0.761365205300527;1.87028514021224;0
6.8;-0.74257501349581;1.88958462361926;0
6.81;-0.723594521170043;1.90828451478971;0
6.82;-0.704429744988511;1.92638023873591;0
6.83;-0.685086746516859;1.94386740943852;0
6.84;-0.665571630326907;1.96074183083654;0
6.85;-0.645890542092824;1.97699949775862;0
6.86;-0.62604966667826;1.99263659679563;0
6.87;-0.606055226215011;2.00764950711415;0
6.88;-0.585913478173818;2.02203480121086;0
6.89;-0.565630713427894;2.03578924560777;0
6.9;-0.545213254309755;2.04890980148796;0
6.91;-0.524667452661969;2.06139362527197;0
6.92;-0.503999687882406;2.07323806913464;0
6.93;-0.483216364964587;2.08444068146235;0
6.94;-0.462323912533734;2.09499920725078;0
6.95;-0.441328780879101;2.10491158844287;0
6.96;-0.420237439983203;2.1141759642073;0
6.97;-0.399056377548523;2.12279067115736;0
6.98;-0.377792097022302;2.13075424351014;0
6.99;-0.35645111562;2.13806541318641;0
7;-0.33503996234803;2.14472310985084;0
7.01;-0.313565176026358;2.15072646089307;0
7.02;-0.292033303311553;2.15607479134941;0
7.03;-0.270450896720892;2.16076762376553;0
7.04;-0.248824512658099;2.16480467800007;0
7.05;-0.227160709441319;2.16818587096953;0
7.06;-0.205466045333899;2.17091131633451;0
7.07;-0.183747076578575;2.17298132412748;0
7.08;-0.162010355435643;2.17439640032234;0
7.09;-0.140262428225697;2.17515724634602;0
7.1;-0.118509833377504;2.17526475853227;0
7.11;-0.096759099481608;2.17472002751801;0
7.12;-0.0750167433502248;2.17352433758248;0
7.13;-0.0532892680840024;2.17167916592939;0
7.14;-0.0315831611462137;2.1691861819126;0
7.15;-0.00990489244494702;2.16604724620547;0
7.16;0.0117390875761455;2.16226440991424;0
7.17;0.0333423498379827;2.15783991363595;0
7.18;0.0548984885165198;2.15277618646109;0
7.19;0.0764011229229936;2.14707584492153;0
7.2;0.0978438993734017;2.140741691884;0
7.21;0.119220493046674;2.13377671538969;0
7.22;0.140524609830996;2.12618408744026;0
7.23;0.16174998815776;2.11796716273086;0
7.24;0.182890400822602;2.10912947733056;0
7.25;0.20393965679301;2.09967474731057;0
7.26;0.224891603001987;2.08960686732104;0
7.27;0.245740126127242;2.07892990911662;0
7.28;0.26647915435542;2.06764812003154;0
7.29;0.287102659130849;2.05576592140468;0
7.3;0.307604656888315;2.04328790695514;0
7.31;0.327979210769378;2.03021884110898;0
7.32;0.348220432321734;2.01656365727767;0
7.33;0.368322483181145;2.00232745608874;0
7.34;0.388279576735462;1.98751550356951;0
7.35;0.408085979770285;1.97213322928423;0
7.36;0.427736014095776;1.95618622442545;0
7.37;0.447224058154188;1.93968023986023;0
7.38;0.466544548607654;1.9226211841318;0
7.39;0.485691981905794;1.90501512141747;0
7.4;0.504660915832711;1.88686826944328;0
7.41;0.523445971032935;1.86818699735633;0
7.42;0.542041832515905;1.8489778235553;0
7.43;0.560443251138573;1.82924741347995;0
7.44;0.578645045065718;1.80900257736042;0
7.45;0.596642101207575;1.78825026792688;0
7.46;0.614429376634391;1.76699757808054;0
7.47;0.632001899967508;1.74525173852651;0
7.48;0.649354772746618;1.72302011536953;0
7.49;0.666483170772801;1.70031020767314;0
7.5;0.683382345427003;1.67712964498331;0
7.51;0.700047624963586;1.65348618481708;0
7.52;0.716474415778611;1.62938771011727;0
7.53;0.732658203652519;1.60484222667392;0
7.54;0.748594554966885;1.5798578605133;0
7.55;0.764279117894909;1.55444285525544;0
7.56;0.779707623565351;1.5286055694409;0
7.57;0.794875887199601;1.50235447382767;0
7.58;0.809779809221575;1.47569814865917;0
7.59;0.824415376340176;1.44864528090402;0
7.6;0.838778662604025;1.42120466146859;0
7.61;0.852865830428197;1.39338518238324;0
7.62;0.866673131592701;1.36519583396303;0
7.63;0.880196908212467;1.33664570194383;0
7.64;0.893433593678573;1.30774396459482;0
7.65;0.906379713570503;1.27849988980815;0
7.66;0.919031886539198;1.24892283216677;0
7.67;0.931386825160695;1.21902222999128;0
7.68;0.943441336760136;1.18880760236682;0
7.69;0.955192324205966;1.15828854615077;0
7.7;0.966636786674125;1.12747473296235;0
7.71;0.977771820382051;1.09637590615499;0
7.72;0.988594619292341;1.06500187777228;0
7.73;0.999102475785898;1.03336252548877;0
7.74;1.00929278130442;1.00146778953615;0
7.75;1.01916302696208;0.969327669616046;0
7.76;1.02871080412631;0.936952221800364;0
7.77;1.03793380496749;0.904351555419929;0
7.78;1.04682982297751;0.8715358299426;0
7.79;1.05539675345703;0.838515251841689;0
7.8;1.06363259397146;0.80530007145568;0
7.81;1.07153544477541;0.771900579840187;0
7.82;1.07910350920566;0.73832710561313;0
7.83;1.08633509404263;0.704590011794058;0
7.84;1.09322860984007;0.670699692638607;0
7.85;1.09978257122324;0.636666570469028;0
7.86;1.10599559715522;0.602501092501744;0
7.87;1.11186641117165;0.568213727672908;0
7.88;1.11739384158358;0.533814963462896;0
7.89;1.12257682164866;0.49931530272071;0
7.9;1.1274143897105;0.464725260489216;0
7.91;1.13190568930637;0.430055360832203;0
7.92;1.1360499692431;0.39531613366417;0
7.93;1.13984658364138;0.360518111583827;0
7.94;1.14329499194831;0.325671826712219;0
7.95;1.14639475891847;0.290787807536436;0
7.96;1.14914555456339;0.255876575759835;0
7.97;1.15154715406953;0.220948643159704;0
7.98;1.15359943768495;0.18601450845331;0
7.99;1.15530239057463;0.151084654173244;0
8;1.15665610264459;0.116169543552985;0
8.01;1.15766076833491;0.0812796174236089;0
8.02;1.15831668638184;0.0464252911225387;0
8.03;1.15862425954893;0.0116169514152552;0
8.04;1.15858399432756;-0.0231350465691398;0
8.05;1.15819650060684;-0.0578203823876096;0
8.06;1.15746249131303;-0.0924287733172299;0
8.07;1.15638278201882;-0.126949977372714;0
8.08;1.15495829052236;-0.161373796306541;0
8.09;1.15319003639652;-0.195690078590818;0
8.1;1.15107914050831;-0.229888722380007;0
8.11;1.1486268245088;-0.263959678453678;0
8.12;1.14583441029368;-0.297892953138418;0
8.13;1.14270331943479;-0.331678611208075;0
8.14;1.13923507258261;-0.365306778761492;0
8.15;1.13543128884015;-0.398767646076919;0
8.16;1.13129368510845;-0.432051470442274;0
8.17;1.1268240754038;-0.465148578960456;0
8.18;1.12202437014706;-0.498049371328909;0
8.19;1.11689657542531;-0.530744322592647;0
8.2;1.11144279222609;-0.563223985869963;0
8.21;1.10566521564452;-0.595478995050044;0
8.22;1.09956613406351;-0.62750006746175;0
8.23;1.0931479283075;-0.659278006512781;0
8.24;1.08641307076992;-0.690803704298511;0
8.25;1.07936412451464;-0.722068144179758;0
8.26;1.07200374235186;-0.753062403328756;0
8.27;1.06433466588868;-0.783777655242636;0
8.28;1.05635972455459;-0.814205172223716;0
8.29;1.04808183460249;-0.844336327825903;0
8.3;1.03950399808518;-0.874162599266541;0
8.31;1.03062930180807;-0.903675569803048;0
8.32;1.0214609162582;-0.932866931073668;0
8.33;1.01200209451004;-0.961728485401722;0
8.34;1.00225617110839;-0.990252148062716;0
8.35;0.992226560928779;-1.0184299495137;0
8.36;0.981916758015814;-1.04625403758424;0
8.37;0.971330334399687;-1.0737166796285;0
8.38;0.960470938891412;-1.10081026463775;0
8.39;0.949342295857091;-1.12752730531275;0
8.4;0.937948203971641;-1.1538604400956;0
8.41;0.926292534952389;-1.17980243516027;0
8.42;0.91437923227295;-1.20534618636154;0
8.43;0.902212309857803;-1.23048472114164;0
8.44;0.889795850757994;-1.25521120039417;0
8.45;0.877134005808392;-1.27951892028489;0
8.46;0.864230992266934;-1.30340131402871;0
8.47;0.851091092436302;-1.32685195362269;0
8.48;0.837718652268463;-1.34986455153428;0
8.49;0.824118079952535;-1.37243296234476;0
8.5;0.810293844486421;-1.39455118434705;0
8.51;0.796250474232668;-1.41621336109787;0
8.52;0.781992555459016;-1.43741378292355;0
8.53;0.767524730864097;-1.45814688837937;0
8.54;0.752851698088748;-1.47840726566185;0
8.55;0.737978208213423;-1.49818965397386;0
8.56;0.722909064242152;-1.51748894484202;0
8.57;0.707649119573561;-1.53630018338628;0
8.58;0.692203276459397;-1.55461856954118;0
8.59;0.676576484451064;-1.57243945922865;0
8.6;0.660773738834656;-1.58975836548205;0
8.61;0.644800079054958;-1.60657095952115;0
8.62;0.628660587128929;-1.62287307177785;0
8.63;0.612360386049148;-1.63866069287242;0
8.64;0.595904638177717;-1.65392997454008;0
8.65;0.579298543631126;-1.66867723050758;0
8.66;0.562547338656576;-1.68289893731987;0
8.67;0.545656294000266;-1.6965917351164;0
8.68;0.528630713268134;-1.70975242835715;0
8.69;0.511475931279572;-1.72237798649809;0
8.7;0.494197312414615;-1.73446554461605;0
8.71;0.476800248955103;-1.74601240398286;0
8.72;0.459290159420339;-1.7570160325887;0
8.73;0.44167248689773;-1.76747406561456;0
8.74;0.423952697368948;-1.77738430585375;0
8.75;0.406136278032092;-1.78674472408251;0
8.76;0.388228735620379;-1.79555345937952;0
8.77;0.370235594717873;-1.80380881939456;0
8.78;0.352162396072746;-1.811509280566;0
8.79;0.334014694908608;-1.81865348828749;0
8.8;0.315798059234386;-1.82524025702359;0
8.81;0.297518068153281;-1.83126857037457;0
8.82;0.279180310171312;-1.83673758109045;0
8.83;0.260790381505935;-1.84164661103419;0
8.84;0.242353884395272;-1.84599515109436;0
8.85;0.223876425408425;-1.84978286104726;0
8.86;0.205363613757414;-1.85300956936861;0
8.87;0.186821059611208;-1.85567527299505;0
8.88;0.168254372412376;-1.85778013703553;0
8.89;0.149669159196845;-1.85932449443278;0
8.9;0.13107102291727;-1.86030884557504;0
8.91;0.112465560770507;-1.86073385785832;0
8.92;0.0938583625296858;-1.86060036519927;0
8.93;0.0752550088813787;-1.85990936749903;0
8.94;0.0566610697683451;-1.85866203005822;0
8.95;0.0380821027383492;-1.85685968294337;0
8.96;0.0195236512995294;-1.85450382030504;0
8.97;0.000991243282803104;-1.8515960996479;0
8.98;-0.0175096107882147;-1.84813834105317;0
8.99;-0.035973419319303;-1.84413252635358;0
9;-0.0543947112592644;-1.83958079826131;0
9.01;-0.0727680377046236;-1.83448545944921;0
9.02;-0.0910879734949284;-1.82884897158557;0
9.03;-0.109349118798192;-1.82267395432303;0
9.04;-0.127546100686019;-1.81596318424172;0
9.05;-0.145673574697958;-1.80871959374729;0
9.06;-0.163726226394631;-1.80094626992406;0
9.07;-0.181698772899198;-1.79264645334377;0
9.08;-0.199585964426711;-1.78382353683045;0
9.09;-0.217382585800913;-1.77448106418165;0
9.1;-0.235083457958066;-1.76462272884672;0
9.11;-0.25268343943736;-1.75425237256242;0
9.12;-0.270177427857495;-1.74337398394651;0
9.13;-0.287560361379011;-1.73199169704965;0
9.14;-0.304827220151942;-1.7201097898662;0
9.15;-0.32197302774841;-1.70773268280452;0
9.16;-0.338992852579732;-1.69486493711709;0
9.17;-0.355881809297648;-1.68151125329117;0
9.18;-0.372635060179285;-1.66767646940049;0
9.19;-0.389247816495465;-1.65336555941854;0
9.2;-0.405715339861972;-1.63858363149397;0
9.21;-0.422032943573402;-1.62333592618878;0
9.22;-0.438195993919241;-1.60762781467983;0
9.23;-0.454199911481779;-1.59146479692429;0
9.24;-0.470040172415535;-1.57485249978964;0
9.25;-0.485712309707811;-1.55779667514886;0
9.26;-0.50121191442005;-1.54030319794134;0
9.27;-0.516534636909657;-1.52237806420038;0
9.28;-0.531676188031932;-1.50402738904765;0
9.29;-0.546632340321814;-1.48525740465541;0
9.3;-0.561398929155101;-1.46607445817727;0
9.31;-0.575971853888838;-1.44648500964786;0
9.32;-0.590347078980564;-1.42649562985241;0
9.33;-0.604520635086119;-1.40611299816675;0
9.34;-0.618488620135731;-1.38534390036843;0
9.35;-0.632247200388072;-1.36419522641976;0
9.36;-0.645792611462033;-1.34267396822344;0
9.37;-0.659121159345927;-1.3207872173514;0
9.38;-0.672229221383868;-1.2985421627478;0
9.39;-0.685113247239062;-1.27594608840667;0
9.4;-0.697769759833765;-1.25300637102509;0
9.41;-0.710195356265665;-1.22973047763267;0
9.42;-0.722386708700456;-1.20612596319795;0
9.43;-0.734340565240373;-1.18220046821255;0
9.44;-0.746053750768472;-1.15796171625394;0
9.45;-0.757523167768446;-1.13341751152734;0
9.46;-0.768745797119767;-1.10857573638781;0
9.47;-0.779718698867961;-1.0834443488431;0
9.48;-0.790439012969835;-1.05803138003813;0
9.49;-0.800903960013455;-1.03234493172188;0
9.5;-0.811110841912734;-1.00639317369743;0
9.51;-0.821057042576437;-0.980184341256055;0
9.52;-0.830740028551456;-0.953726732596049;0
9.53;-0.840157349640216;-0.927028706227111;0
9.54;-0.849306639492057;-0.90009867836116;0
9.55;-0.858185616168466;-0.872945120290314;0
9.56;-0.86679208268204;-0.84557655575286;0
9.57;-0.875123927509045;-0.818001558288045;0
9.58;-0.883179125075493;-0.790228748580467;0
9.59;-0.890955736216603;-0.762266791794916;0
9.6;-0.898451908609579;-0.734124394902447;0
9.61;-0.905665877179613;-0.705810303998525;0
9.62;-0.912595964479031;-0.677333301614051;0
9.63;-0.919240581039525;-0.648702204020083;0
9.64;-0.925598225697405;-0.619925858527079;0
9.65;-0.931667485891823;-0.591013140779479;0
9.66;-0.93744703793592;-0.561972952046435;0
9.67;-0.942935647260877;-0.532814216509528;0
9.68;-0.94813216863282;-0.503545878548268;0
9.69;-0.953035546342579;-0.474176900024212;0
9.7;-0.957644814368289;-0.444716257564503;0
9.71;-0.961959096510816;-0.415172939845656;0
9.72;-0.965977606502037;-0.3855559448784;0
9.73;-0.969699648085965;-0.355874277294387;0
9.74;-0.973124615072763;-0.32613694563558;0
9.75;-0.97625199136566;-0.296352959647125;0
9.76;-0.979081350960815;-0.266531327574524;0
9.77;-0.981612357920177;-0.236681053465888;0
9.78;-0.983844766317392;-0.206811134480101;0
9.79;-0.985778420156825;-0.176930558201661;0
9.8;-0.987413253265754;-0.147048299963016;0
9.81;-0.988749289159838;-0.117173320175173;0
9.82;-0.989786640881914;-0.0873145616673603;0
9.83;-0.990525510814252;-0.0574809470365429;0
9.84;-0.990966190464339;-0.0276813760075506;0
9.85;-0.991109060224321;0.00207527719539718;0
9.86;-0.990954589104215;0.0317801664650068;0
9.87;-0.990503334439009;0.0614244764142997;0
9.88;-0.989755941569798;0.0909994249663188;0
9.89;-0.988713143499082;0.1204962659294;0
9.9;-0.987375760520377;0.149906291557259;0
9.91;-0.985744699822302;0.179220835093156;0
9.92;-0.983820955067295;0.208431273297396;0
9.93;-0.981605605945133;0.237529028957451;0
9.94;-0.979099817701429;0.266505573379955;0
9.95;-0.976304840641296;0.295352428863887;0
9.96;-0.973222009608368;0.324061171154211;0
9.97;-0.969852743439371;0.352623431875276;0
9.98;-0.966198544394454;0.381030900943289;0
9.99;-0.962260997563496;0.409275328957166;0
10;-0.958041770248601;0.437348529567078;0
10.01;-0.953542611323012;0.465242381820037;0
10.02;-0.948765350566672;0.492948832481838;0
10.03;-0.943711897978675;0.520459898334714;0
10.04;-0.938384243066861;0.547767668450055;0
10.05;-0.932784454114782;0.574864306435552;0
10.06;-0.926914677426329;0.601742052656132;0
10.07;-0.92077713654826;0.62839322642807;0
10.08;-0.914374131470916;0.654810228185667;0
10.09;-0.907708037807393;0.680985541619877;0
10.1;-0.900781305951456;0.706911735788317;0
10.11;-0.893596460214483;0.732581467196049;0
10.12;-0.886156097941742;0.757987481846573;0
10.13;-0.878462888608282;0.783122617262477;0
10.14;-0.870519572894764;0.80797980447517;0
10.15;-0.862328961743537;0.832552069983168;0
10.16;-0.85389393539527;0.856832537678401;0
10.17;-0.845217442406469;0.880814430740007;0
10.18;-0.836302498648204;0.904491073495117;0
10.19;-0.827152186286379;0.927855893246116;0
10.2;-0.817769652743881;0.9509024220639;0
10.21;-0.808158109644952;0.973624298546638;0
10.22;-0.79832083174213;0.996015269543592;0
10.23;-0.788261155826109;1.01806919184351;0
10.24;-0.777982479618883;1.03978003382716;0
10.25;-0.767488260650517;1.06114187708361;0
10.26;-0.75678201511993;1.08214891798974;0
10.27;-0.745867316740042;1.10279546925266;0
10.28;-0.734747795567669;1.1230759614146;0
10.29;-0.723427136818541;1.14298494431993;0
10.3;-0.711909079667818;1.16251708854379;0
10.31;-0.700197416036496;1.18166718678222;0
10.32;-0.688295989364085;1.20043015520317;0
10.33;-0.676208693367953;1.21880103475823;0
10.34;-0.663939470789739;1.23677499245473;0
10.35;-0.651492312129209;1.25434732258777;0
10.36;-0.638871254365988;1.2715134479321;0
10.37;-0.626080379669549;1.28826892089335;0
10.38;-0.613123814097869;1.30460942461844;0
10.39;-0.600005726285175;1.32053077406493;0
10.4;-0.586730326119176;1.33602891702896;0
10.41;-0.573301863408203;1.35109993513165;0
10.42;-0.559724626538675;1.36574004476369;0
10.43;-0.546002941123305;1.37994559798785;0
10.44;-0.532141168640479;1.39371308339936;0
10.45;-0.518143705065207;1.40703912694382;0
10.46;-0.504014979492102;1.41992049269251;0
10.47;-0.489759452750787;1.43235408357506;0
10.48;-0.475381616014174;1.44433694206915;0
10.49;-0.460885989400038;1.45586625084722;0
10.5;-0.446277120566318;1.46693933338004;0
10.51;-0.431559583300573;1.47755365449707;0
10.52;-0.416737976104038;1.4877068209034;0
10.53;-0.401816920770699;1.4973965816534;0
10.54;-0.386801060961824;1.50662082858076;0
10.55;-0.371695060776404;1.51537759668506;0
10.56;-0.356503603317904;1.52366506447475;0
10.57;-0.341231389257801;1.5314815542665;0
10.58;-0.325883135396306;1.53882553244098;0
10.59;-0.310463573220743;1.54569560965494;0
10.6;-0.294977447461984;1.55209054100973;0
10.61;-0.279429514649412;1.55800922617623;0
10.62;-0.263824541664822;1.56345070947622;0
10.63;-0.248167304295703;1.56841417992023;0
10.64;-0.232462585788344;1.57289897120198;0
10.65;-0.216715175401183;1.57690456164944;0
10.66;-0.200929866958846;1.58043057413265;0
10.67;-0.185111457407299;1.58347677592833;0
10.68;-0.169264745370547;1.58604307854146;0
10.69;-0.153394529709317;1.58812953748393;0
10.7;-0.137505608082136;1.58973635201039;0
10.71;-0.121602775509254;1.59086386481149;0
10.72;-0.105690822939817;1.5915125616646;0
10.73;-0.0897745358227297;1.59168307104234;0
10.74;-0.0738586926816183;1.59137616367887;0
10.75;-0.0579480636943199;1.59059275209442;0
10.76;-0.0420474092773166;1.58933389007799;0
10.77;-0.0261614786755262;1.58760077212878;0
10.78;-0.0102950085578673;1.58539473285617;0
10.79;0.00554727838099359;1.58271724633895;0
10.8;0.0213606748123017;1.5795699254437;0
10.81;0.0371404901578766;1.5759545211028;0
10.82;0.052882051967373;1.57187292155228;0
10.83;0.0685807072877418;1.56732715152981;0
10.84;0.0842318240244912;1.56231937143318;0
10.85;0.0998307922943573;1.55685187643954;0
10.86;0.115373025768991;1.55092709558573;0
10.87;0.130853963009275;1.54454759081014;0
10.88;0.146269068789886;1.53771605595628;0
10.89;0.161613835413725;1.5304353157386;0
10.9;0.176883784015832;1.52270832467079;0
10.91;0.192074465856422;1.51453816595713;0
10.92;0.207181463602668;1.505928050347;0
10.93;0.222200392598857;1.49688131495327;0
10.94;0.237126902124586;1.48740142203477;0
10.95;0.251956676640605;1.47749195774338;0
10.96;0.266685437021982;1.46715663083608;0
10.97;0.281308941778232;1.4563992713525;0
10.98;0.295822988260069;1.44522382925841;0
10.99;0.310223413852434;1.43363437305553;0
11;0.324506097153482;1.42163508835824;0
11.01;0.338666959139182;1.40923027643762;0
11.02;0.352701964313211;1.39642435273334;0
11.03;0.366607121841831;1.38322184533383;0
11.04;0.38037848667342;1.36962739342537;0
11.05;0.394012160642358;1.35564574571049;0
11.06;0.407504293556966;1.34128175879627;0
11.07;0.420851084271184;1.32654039555308;0
11.08;0.434048781739714;1.31142672344425;0
11.09;0.447093686056329;1.29594591282732;0
11.1;0.459982149475067;1.28010323522731;0
11.11;0.472710577414034;1.26390406158265;0
11.12;0.48527542944155;1.24735386046434;0
11.13;0.497673220244356;1.23045819626886;0
11.14;0.509900520577652;1.21322272738555;0
11.15;0.521953958196681;1.19565320433882;0
11.16;0.533830218769631;1.17775546790611;0
11.17;0.545526046771608;1.15953544721188;0
11.18;0.557038246359445;1.14099915779847;0
11.19;0.568363682227114;1.12215269967437;0
11.2;0.579499280441526;1.10300225534049;0
11.21;0.590442029258493;1.08355408779511;0
11.22;0.60118897991865;1.06381453851816;0
11.23;0.611737247423124;1.04379002543538;0
11.24;0.62208401128876;1.02348704086311;0
11.25;0.632226516282712;1.00291214943429;0
11.26;0.642162073136204;0.982071986006371;0
11.27;0.6518880592373;0.960973253551725;0
11.28;0.661401919302499;0.939622721031319;0
11.29;0.670701166026991;0.918027221252222;0
11.3;0.679783380713417;0.896193648709673;0
11.31;0.688646213878991;0.874128957414357;0
11.32;0.697287385840821;0.851840158705589;0
11.33;0.705704687279309;0.829334319051053;0
11.34;0.713895979779481;0.806618557833814;0
11.35;0.721859196350141;0.783700045127261;0
11.36;0.729592341920721;0.760585999458683;0
11.37;0.737093493815711;0.737283685562162;0
11.38;0.744360802206586;0.713800412121481;0
11.39;0.751392490541103;0.690143529503733;0
11.4;0.75818685594991;0.666320427484333;0
11.41;0.764742269630359;0.642338532964123;0
11.42;0.771057177207462;0.618205307679277;0
11.43;0.777130099071915;0.593928245904693;0
11.44;0.782959630695127;0.569514872151588;0
11.45;0.788544442921205;0.544972738859975;0
11.46;0.793883282235839;0.520309424086743;0
11.47;0.798974971012058;0.495532529190027;0
11.48;0.803818407732807;0.470649676510573;0
11.49;0.808412567190332;0.445668507050802;0
11.5;0.812756500662345;0.420596678152261;0
11.51;0.816849336064961;0.395441861172181;0
11.52;0.820690278082399;0.370211739159812;0
11.53;0.824278608273446;0.344914004533254;0
11.54;0.827613685154697;0.319556356757478;0
11.55;0.830694944260578;0.294146500024213;0
11.56;0.833521898180188;0.268692140934413;0
11.57;0.836094136570967;0.243200986183981;0
11.58;0.838411326149251;0.217680740253444;0
11.59;0.840473210657736;0.19213910310226;0
11.6;0.842279610809912;0.166583767868448;0
11.61;0.843830424211518;0.141022418574206;0
11.62;0.845125625259083;0.115462727838221;0
11.63;0.846165265015625;0.0899123545953128;0
11.64;0.846949471063576;0.0643789418241088;0
11.65;0.847478447335031;0.0388701142834049;0
11.66;0.847752473919396;0.0133934762578767;0
11.67;0.847771906848535;-0.0120433906861955;0
11.68;0.847537177859531;-0.0374329299345357;0
11.69;0.847048794135154;-0.0627676120471623;0
11.7;0.84630733802216;-0.0880399369687126;0
11.71;0.845313466727549;-0.113242436226161;0
11.72;0.844067911992893;-0.138367675113294;0
11.73;0.842571479746897;-0.163408254861303;0
11.74;0.840825049736301;-0.188356814794883;0
11.75;0.838829575135308;-0.213206034473201;0
11.76;0.836586082133654;-0.237948635815123;0
11.77;0.834095669503511;-0.262577385208094;0
11.78;0.831359508145375;-0.287085095600063;0
11.79;0.828378840613106;-0.311464628573857;0
11.8;0.825154980618318;-0.335708896403403;0
11.81;0.821689312514278;-0.359810864091234;0
11.82;0.817983290759526;-0.383763551386675;0
11.83;0.814038439361393;-0.407560034784159;0
11.84;0.809856351299638;-0.43119344950109;0
11.85;0.805438687930392;-0.454656991434712;0
11.86;0.800787178370631;-0.477943919097419;0
11.87;0.7959036188634;-0.501047555529973;0
11.88;0.790789872124002;-0.523961290192089;0
11.89;0.785447866667385;-0.546678580829864;0
11.9;0.77987959611696;-0.569192955319519;0
11.91;0.774087118495094;-0.591498013486961;0
11.92;0.768072555495517;-0.613587428902644;0
11.93;0.761838091737886;-0.635454950651235;0
11.94;0.755385974004781;-0.657094405075614;0
11.95;0.748718510461365;-0.678499697494708;0
11.96;0.741838069857994;-0.6996648138947;0
11.97;0.734747080716034;-0.720583822593158;0
11.98;0.727448030497155;-0.741250875875611;0
11.99;0.719943464756396;-0.761660211604156;0
12;0.712235986279259;-0.781806154797639;0
12.01;0.704328254203141;-0.801683119182996;0
12.02;0.696222983123375;-0.821285608717338;0
12.03;0.687922942184191;-0.840608219080371;0
12.04;0.679430954154886;-0.859645639136757;0
12.05;0.6707498944915;-0.878392652368029;0
12.06;0.661882690384321;-0.896844138273682;0
12.07;0.652832319791514;-0.914995073741071;0
12.08;0.643601810459194;-0.932840534383769;0
12.09;0.634194238928257;-0.95037569584802;0
12.1;0.624612729528293;-0.967595835086973;0
12.11;0.614860453358903;-0.984496331602346;0
12.12;0.604940627258749;-1.00107266865322;0
12.13;0.594856512762656;-1.01732043443168;0
12.14;0.58461141504712;-1.0332353232049;0
12.15;0.574208681864541;-1.04881313642358;0
12.16;0.563651702466522;-1.06404978379627;0
12.17;0.552943906516584;-1.07894128432941;0
12.18;0.542088762992636;-1.09348376733285;0
12.19;0.531089779079539;-1.10767347339052;0
12.2;0.519950499052128;-1.12150675529615;0
12.21;0.508674503149035;-1.13498007895369;0
12.22;0.497265406437661;-1.14809002424227;0
12.23;0.485726857670666;-1.16083328584558;0
12.24;0.47406253813432;-1.17320667404532;0
12.25;0.46227616048909;-1.1852071154787;0
12.26;0.450371467602801;-1.19683165385972;0
12.27;0.438352231376763;-1.20807745066415;0
12.28;0.426222251565201;-1.21894178577799;0
12.29;0.41398535458837;-1.22942205810938;0
12.3;0.401645392339717;-1.2395157861637;0
12.31;0.389206240987451;-1.24922060858191;0
12.32;0.376671799770906;-1.25853428464192;0
12.33;0.364045989792048;-1.26745469472291;0
12.34;0.35133275280251;-1.27597984073257;0
12.35;0.338536049986521;-1.28410784649725;0
12.36;0.3256598607401;-1.29183695811472;0
12.37;0.312708181446893;-1.29916554426987;0
12.38;0.299685024251016;-1.30609209651297;0
12.39;0.286594415827285;-1.31261522950071;0
12.4;0.273440396149211;-1.31873368119987;0
12.41;0.260227017255109;-1.32444631305371;0
12.42;0.246958342012734;-1.32975211011104;0
12.43;0.233638442882769;-1.33465018111805;0
12.44;0.220271400681584;-1.33913975857284;0
12.45;0.206861303343607;-1.34322019874284;0
12.46;0.193412244683684;-1.34689098164501;0
12.47;0.179928323159812;-1.35015171098907;0
12.48;0.166413640636605;-1.35300211408367;0
12.49;0.15287230114986;-1.35544204170574;0
12.5;0.139308409672595;-1.357471467933;0
12.51;0.125726070882936;-1.3590904899398;0
12.52;0.112129387934198;-1.36029932775647;0
12.53;0.0985224612275451;-1.36109832399218;0
12.54;0.0849093871875808;-1.3614879435216;0
12.55;0.0712942570412376;-1.36146877313536;0
12.56;0.0576811556003208;-1.36104152115468;0
12.57;0.0440741600480693;-1.36020701701015;0
12.58;0.0304773387300882;-1.35896621078494;0
12.59;0.0168947499500082;-1.35732017272265;0
12.6;0.00333044077022547;-1.35527009269998;0
12.61;-0.0102115541819275;-1.35281727966445;0
12.62;-0.0237272139022324;-1.34996316103735;0
12.63;-0.0372125321915093;-1.34670928208229;0
12.64;-0.0506635188310722;-1.34305730523943;0
12.65;-0.0640762007513735;-1.33900900942575;0
12.66;-0.0774466231934998;-1.33456628930163;0
12.67;-0.0907708508631822;-1.32973115450399;0
12.68;-0.104044969076989;-1.32450572884624;0
12.69;-0.117265084900369;-1.31889224948547;0
12.7;-0.130427328277222;-1.31289306605697;0
12.71;-0.143527853150668;-1.30651063977664;0
12.72;-0.156562838574692;-1.29974754251142;0
12.73;-0.169528489816364;-1.29260645581818;0
12.74;-0.18242103944829;-1.28509016995139;0
12.75;-0.195236748431012;-1.27720158283986;0
12.76;-0.207971907185036;-1.26894369903305;0
12.77;-0.220622836652185;-1.26031962861711;0
12.78;-0.233185889345977;-1.2513325861013;0
12.79;-0.245657450390738;-1.24198588927486;0
12.8;-0.25803393854915;-1.23228295803502;0
12.81;-0.270311807237955;-1.22222731318633;0
12.82;-0.282487545531517;-1.21182257521184;0
12.83;-0.294557679152978;-1.20107246301652;0
12.84;-0.306518771452721;-1.18998079264332;0
12.85;-0.318367424373873;-1.17855147596231;0
12.86;-0.330100279404578;-1.16678851933337;0
12.87;-0.341714018516787;-1.15469602224285;0
12.88;-0.353205365091287;-1.14227817591465;0
12.89;-0.364571084828738;-1.12953926189619;0
12.9;-0.375807986646451;-1.11648365061972;0
12.91;-0.386912923560678;-1.10311579993949;0
12.92;-0.397882793554158;-1.08944025364523;0
12.93;-0.408714540428695;-1.07546163995235;0
12.94;-0.419405154642546;-1.06118466996954;0
12.95;-0.429951674132365;-1.04661413614408;0
12.96;-0.440351185119521;-1.03175491068545;0
12.97;-0.450600822900545;-1.01661194396776;0
12.98;-0.46069777262151;-1.00119026291148;0
12.99;-0.47063927003614;-0.985494969345025;0
13;-0.480422602247442;-0.969531238346651;0
13.01;-0.490045108432678;-0.953304316567317;0
13.02;-0.499504180551467;-0.936819520534913;0
13.03;-0.508797264036867;-0.920082234940492;0
13.04;-0.517921858469222;-0.903097910906994;0
13.05;-0.526875518232634;-0.885872064241047;0
13.06;-0.535655853153867;-0.86841027366837;0
13.07;-0.544260529123542;-0.850718179053359;0
13.08;-0.552687268699456;-0.832801479603402;0
13.09;-0.560933851691876;-0.814665932058484;0
13.1;-0.568998115730666;-0.796317348866672;0
13.11;-0.576877956814106;-0.777761596346027;0
13.12;-0.584571329839277;-0.759004592833525;0
13.13;-0.592076249113868;-0.740052306821575;0
13.14;-0.599390788849308;-0.720910755082697;0
13.15;-0.60651308363508;-0.701586000782956;0
13.16;-0.613441328894133;-0.682084151584728;0
13.17;-0.620173781319266;-0.662411357739389;0
13.18;-0.626708759290403;-0.64257381017052;0
13.19;-0.633044643272653;-0.622577738548203;0
13.2;-0.639179876195086;-0.60242940935503;0
13.21;-0.645112963810115;-0.58213512394438;0
13.22;-0.650842475033451;-0.561701216591601;0
13.23;-0.656367042264521;-0.541134052538653;0
13.24;-0.661685361687319;-0.520440026032846;0
13.25;-0.666796193551608;-0.499625558360243;0
13.26;-0.671698362434445;-0.478697095874342;0
13.27;-0.676390757481966;-0.457661108020632;0
13.28;-0.680872332631406;-0.436524085357622;0
13.29;-0.685142106813309;-0.415292537574939;0
13.3;-0.689199164133917;-0.393972991509102;0
13.31;-0.693042654037697;-0.372571989157567;0
13.32;-0.696671791450016;-0.351096085691632;0
13.33;-0.70008585689993;-0.329551847468821;0
13.34;-0.703284196623102;-0.307945850045317;0
13.35;-0.706266222644853;-0.286284676189068;0
13.36;-0.709031412843334;-0.264574913894132;0
13.37;-0.711579310992865;-0.242823154396879;0
13.38;-0.713909526787438;-0.221035990194626;0
13.39;-0.716021735844419;-0.199220013067297;0
13.4;-0.717915679688487;-0.177381812102703;0
13.41;-0.719591165715841;-0.15552797172602;0
13.42;-0.721048067138723;-0.133665069734052;0
13.43;-0.72228632291031;-0.111799675334861;0
13.44;-0.723305937630024;-0.0899383471933366;0
13.45;-0.724106981429331;-0.0680876314832881;0
13.46;-0.72468958983809;-0.0462540599466302;0
13.47;-0.725053963631526;-0.0244441479602271;0
13.48;-0.725200368657914;-0.00266439261096617;0
13.49;-0.725129135647047;0.0190787292203774;0
13.5;-0.724840659999586;0.0407787627659259;0
13.51;-0.72433540155739;0.0624292772675788;0
13.52;-0.723613884354915;0.0840238678634348;0
13.53;-0.722676696351808;0.10555615746321;0
13.54;-0.721524489146791;0.127019798612106;0
13.55;-0.720157977672964;0.148408475342594;0
13.56;-0.718577939874646;0.169715905013575;0
13.57;-0.716785216365882;0.190935840136392;0
13.58;-0.71478071007075;0.212062070187162;0
13.59;-0.712565385845613;0.233088423404917;0
13.6;-0.710140270083448;0.254008768575034;0
13.61;-0.707506450300418;0.274817016797444;0
13.62;-0.704665074704823;0.29550712323912;0
13.63;-0.701617351748602;0.316073088870341;0
13.64;-0.698364549661553;0.336508962184245;0
13.65;-0.694907995968424;0.356808840899178;0
13.66;-0.69124907698907;0.376966873643363;0
13.67;-0.687389237321834;0.396977261621416;0
13.68;-0.683329979310359;0.41683426026223;0
13.69;-0.679072862493994;0.436532180847777;0
13.7;-0.674619503042005;0.456065392122371;0
13.71;-0.66997157317179;0.475428321881938;0
13.72;-0.665130800551279;0.494615458542845;0
13.73;-0.660098967685748;0.513621352689879;0
13.74;-0.65487791128925;0.532440618602909;0
13.75;-0.649469521640869;0.55106793576185;0
13.76;-0.643875741926034;0.569498050329481;0
13.77;-0.638098567563096;0.587725776611737;0
13.78;-0.632140045515409;0.605745998495055;0
13.79;-0.626002273589147;0.623553670860401;0
13.8;-0.619687399717078;0.641143820973577;0
13.81;-0.613197621228549;0.658511549851451;0
13.82;-0.606535184105919;0.675652033603715;0
13.83;-0.599702382227681;0.692560524749848;0
13.84;-0.592701556598531;0.709232353510892;0
13.85;-0.585535094566634;0.725662929075727;0
13.86;-0.578205429028343;0.741847740841495;0
13.87;-0.570715037620626;0.757782359627849;0
13.88;-0.56306644190148;0.773462438864708;0
13.89;-0.555262206518578;0.788883715753205;0
13.9;-0.547304938366433;0.804042012399535;0
13.91;-0.539197285732345;0.818933236921395;0
13.92;-0.53094193743141;0.833553384526744;0
13.93;-0.522541621930867;0.847898538564605;0
13.94;-0.513999106464056;0.861964871547633;0
13.95;-0.505317196134292;0.875748646146202;0
13.96;-0.496498733008916;0.889246216153761;0
13.97;-0.487546595203829;0.902454027423209;0
13.98;-0.478463695958787;0.915368618774067;0
13.99;-0.469252982703764;0.92798662287023;0
14;-0.459917436116669;0.940304767068067;0
14.01;-0.450460069172707;0.952319874234689;0
14.02;-0.440883926185707;0.964028863536177;0
14.03;-0.431192081841694;0.975428751195585;0
14.04;-0.421387640225019;0.986516651220554;0
14.05;-0.411473733837351;0.997289776100355;0
14.06;-0.401453522609839;1.00774543747222;0
14.07;-0.391330192908743;1.0178810467568;0
14.08;-0.38110695653486;1.02769411576263;0
14.09;-0.370787049717035;1.03718225725946;0
14.1;-0.360373732100084;1.04634318552032;0
14.11;-0.34987028572744;1.05517471683224;0
14.12;-0.339280014018828;1.06367476997554;0
14.13;-0.328606240743289;1.07184136667151;0
14.14;-0.317852308987879;1.07967263199853;0
14.15;-0.307021580122333;1.08716679477641;0
14.16;-0.296117432760046;1.09432218791911;0
14.17;-0.285143261715655;1.10113724875546;0
14.18;-0.27410247695957;1.10761051931822;0
14.19;-0.262998502569743;1.11374064660111;0
14.2;-0.251834775681029;1.11952638278401;0
14.21;-0.240614745432418;1.12496658542627;0
14.22;-0.229341871912496;1.13006021762799;0
14.23;-0.218019625103426;1.13480634815948;0
14.24;-0.206651483823778;1.13920415155881;0
14.25;-0.195240934670534;1.14325290819745;0
14.26;-0.183791470960572;1.14695200431412;0
14.27;-0.172306591671961;1.15030093201676;0
14.28;-0.160789800385376;1.15329928925289;0
14.29;-0.149244604225948;1.1559467797482;0
14.3;-0.13767451280588;1.15824321291357;0
14.31;-0.126083037168129;1.16018850372051;0
14.32;-0.114473688731472;1.16178267254534;0
14.33;-0.102849978237276;1.16302584498179;0
14.34;-0.0912154146982837;1.16391825162263;0
14.35;-0.0795735043497195;1.16446022781002;0
14.36;-0.0679277496030307;1.16465221335499;0
14.37;-0.0562816480025769;1.16449475222604;0
14.38;-0.0446386911855683;1.16398849220707;0
14.39;-0.0330023638455634;1.1631341845248;0
14.4;-0.0213761426998298;1.16193268344575;0
14.41;-0.00976349546086972;1.16038494584311;0
14.42;0.00183212018758635;1.15849203073355;0
14.43;0.0134072576098209;1.15625509878423;0
14.44;0.0249584822323067;1.15367541179015;0
14.45;0.0364823725525249;1.15075433212211;0
14.46;0.0479755211421321;1.14749332214549;0
14.47;0.0594345356441835;1.14389394361004;0
14.48;0.0708560397641249;1.13995785701088;0
14.49;0.0822366742542662;1.13568682092106;0
14.5;0.0935730978914538;1.13108269129586;0
14.51;0.104861988447658;1.12614742074905;0
14.52;0.116100043653201;1.12088305780149;0
14.53;0.127283982152343;1.11529174610219;0
14.54;0.138410544450961;1.10937572362226;0
14.55;0.149476493856041;1.10313732182194;0
14.56;0.160478617406726;1.09657896479103;0
14.57;0.171413726796644;1.08970316836307;0
14.58;0.182278659287266;1.08251253920351;0
14.59;0.193070278612026;1.07500977387219;0
14.6;0.203785475870953;1.06719765786058;0
14.61;0.214421170415562;1.05907906460389;0
14.62;0.224974310723758;1.05065695446863;0
14.63;0.235441875264501;1.04193437371579;0
14.64;0.245820873351997;1.03291445344005;0
14.65;0.256108345989175;1.02360040848542;0
14.66;0.266301366700215;1.01399553633762;0
14.67;0.276397042351898;1.00410321599356;0
14.68;0.286392513963545;0.993926906808422;0
14.69;0.296284957505331;0.983470147320497;0
14.7;0.306071584684751;0.972736554054434;0
14.71;0.315749643721015;0.961729820303099;0
14.72;0.325316420107175;0.950453714888533;0
14.73;0.334769237359763;0.938912080902398;0
14.74;0.344105457755746;0.927108834426327;0
14.75;0.353322483056598;0.91504796323259;0
14.76;0.362417755219283;0.902733525465507;0
14.77;0.371388757093975;0.890169648304029;0
14.78;0.38023301310832;0.877360526605925;0
14.79;0.388948089938053;0.864310421534011;0
14.8;0.397531597163807;0.85102365916487;0
14.81;0.405981187913919;0.837504629080493;0
14.82;0.414294559493096;0.823757782943315;0
14.83;0.422469453996738;0.809787633055089;0
14.84;0.430503658910794;0.795598750900051;0
14.85;0.43839500769697;0.781195765672859;0
14.86;0.44614138036316;0.766583362791758;0
14.87;0.453740704018935;0.751766282397446;0
14.88;0.461190953415962;0.736749317838117;0
14.89;0.468490151473213;0.72153731414116;0
14.9;0.47563636978683;0.706135166471989;0
14.91;0.482627729124529;0.690547818580499;0
14.92;0.489462399904403;0.674780261235621;0
14.93;0.496138602658034;0.658837530648479;0
14.94;0.50265460847777;0.642724706884631;0
14.95;0.509008739448093;0.626446912265897;0
14.96;0.515199369060952;0.610009309762261;0
14.97;0.521224922614968;0.593417101374359;0
14.98;0.527083877598436;0.576675526507044;0
14.99;0.532774764056012;0.559789860334533;0
15;0.538296164939023;0.542765412157642;0
15.01;0.543646716439313;0.525607523753616;0
15.02;0.548825108306553;0.508321567719059;0
15.03;0.55383008414896;0.490912945806472;0
15.04;0.558660441717342;0.473387087254914;0
15.05;0.563315033172436;0.45574944711529;0
15.06;0.56779276533547;0.438005504570778;0
15.07;0.572092599921914;0.420160761252914;0
15.08;0.576213553758367;0.402220739553836;0
15.09;0.580154698982562;0.384190980935211;0
15.1;0.583915163226435;0.366077044234347;0
15.11;0.587494129782254;0.347884503968015;0
15.12;0.590890837751772;0.329618948634474;0
15.13;0.594104582178399;0.311285979014237;0
15.14;0.59713471416237;0.292891206470065;0
15.15;0.599980640958921;0.27444025124672;0
15.16;0.602641826059456;0.255938740770964;0
15.17;0.605117789255723;0.237392307952344;0
15.18;0.607408106686994;0.218806589485239;0
15.19;0.609512410870285;0.200187224152703;0
15.2;0.611430390713614;0.181539851132582;0
15.21;0.613161791512337;0.162870108306443;0
15.22;0.614706414928592;0.14418363057178;0
15.23;0.616064118953869;0.125486048158027;0
15.24;0.617234817854774;0.106782984946857;0
15.25;0.618218482102006;0.0880800567972804;0
15.26;0.619015138282615;0.0693828698760141;0
15.27;0.619624868995586;0.0506970189936356;0
15.28;0.620047812730811;0.0320280859469965;0
15.29;0.620284163731521;0.0133816378683866;0
15.3;0.620334171840234;-0.00523677441806871;0
15.31;0.62019814232831;-0.0238216180322979;0
15.32;0.619876435709172;-0.0423673796659824;0
15.33;0.619369467535305;-0.060868567201591;0
15.34;0.618677708179086;-0.0793197113222796;0
15.35;0.617801682597575;-0.0977153671121899;0
15.36;0.616741970081336;-0.116050115646682;0
15.37;0.615499203987409;-0.134318565572046;0
15.38;0.614074071456535;-0.152515354674226;0
15.39;0.612467313114735;-0.170635151436126;0
15.4;0.610679722759383;-0.188672656583023;0
15.41;0.60871214702987;-0.206622604615673;0
15.42;0.606565485062996;-0.224479765330644;0
15.43;0.604240688133221;-0.242238945327467;0
15.44;0.601738759277901;-0.25989498950216;0
15.45;0.599060752907656;-0.277442782526702;0
15.46;0.596207774402002;-0.29487725031405;0
15.47;0.593180979690409;-0.312193361468263;0
15.48;0.589981574818913;-0.329386128719351;0
15.49;0.586610815502465;-0.346450610342419;0
15.5;0.583070006663145;-0.363381911560727;0
15.51;0.579360501954435;-0.380175185932257;0
15.52;0.575483703271689;-0.396825636719421;0
15.53;0.571441060248989;-0.413328518241502;0
15.54;0.567234069742554;-0.429679137209474;0
15.55;0.562864275300887;-0.445872854042819;0
15.56;0.558333266621825;-0.461905084167986;0
15.57;0.553642678996702;-0.477771299298123;0
15.58;0.548794192741787;-0.493467028693742;0
15.59;0.543789532617211;-0.508987860403963;0
15.6;0.538630467233569;-0.524329442488009;0
15.61;0.533318808446394;-0.539487484216603;0
15.62;0.527856410738712;-0.554457757252959;0
15.63;0.522245170591878;-0.569236096813039;0
15.64;0.516487025844903;-0.583818402804764;0
15.65;0.51058395504249;-0.598200640945876;0
15.66;0.504537976771982;-0.612378843860148;0
15.67;0.498351148989451;-0.626349112151662;0
15.68;0.492025568335139;-0.640107615456856;0
15.69;0.485563369438488;-0.65365059347407;0
15.7;0.478966724212966;-0.666974356970325;0
15.71;0.472237841140939;-0.680075288765067;0
15.72;0.465378964548801;-0.692949844690614;0
15.73;0.458392373872615;-0.705594554529083;0
15.74;0.45128038291448;-0.718006022925518;0
15.75;0.444045339089886;-0.730180930277026;0
15.76;0.436689622666278;-0.742116033597667;0
15.77;0.429215645993086;-0.753808167358895;0
15.78;0.421625852723459;-0.765254244305334;0
15.79;0.413922717027953;-0.776451256245688;0
15.8;0.406108742800424;-0.787396274818597;0
15.81;0.398186462856374;-0.798086452233239;0
15.82;0.390158438124009;-0.808519021984513;0
15.83;0.382027256828254;-0.818691299542623;0
15.84;0.373795533667992;-0.828600683016909;0
15.85;0.365465908986783;-0.838244653793755;0
15.86;0.357041047937316;-0.847620777148453;0
15.87;0.348523639639865;-0.856726702830851;0
15.88;0.339916396335003;-0.865560165624689;0
15.89;0.331222052530843;-0.87411898588047;0
15.9;0.322443364145073;-0.882401070021778;0
15.91;0.31358310764204;-0.890404411024911;0
15.92;0.304644079165167;-0.898127088871758;0
15.93;0.295629093664956;-0.90556727097581;0
15.94;0.286540984022854;-0.912723212581226;0
15.95;0.277382600171251;-0.919593257134896;0
15.96;0.268156808209874;-0.926175836631415;0
15.97;0.258866489518864;-0.932469471930929;0
15.98;0.249514539868782;-0.938472773049786;0
15.99;0.240103868527847;-0.944184439423973;0
16;0.230637397366648;-0.94960326014529;0
16.01;0.221118059960628;-0.954728114170242;0
16.02;0.211548800690592;-0.959557970501638;0
16.03;0.201932573841535;-0.964091888342883;0
16.04;0.192272342700032;-0.968329017224964;0
16.05;0.1825710786505;-0.972268597106147;0
16.06;0.172831760270573;-0.975909958444392;0
16.07;0.163057372425878;-0.979252522242516;0
16.08;0.153250905364485;-0.982295800066137;0
16.09;0.143415353811298;-0.985039394034438;0
16.1;0.133553716062663;-0.987482996783807;0
16.11;0.123668993081454;-0.989626391404402;0
16.12;0.113764187592923;-0.991469451349713;0
16.13;0.103842303181573;-0.993012140319188;0
16.14;0.0939063433893246;-0.994254512114015;0
16.15;0.0839593108152456;-0.995196710466138;0
16.16;0.0740042062171119;-0.99583896884061;0
16.17;0.0640440276150627;-0.996181610211389;0
16.18;0.0540817693976175;-0.996225046810686;0
16.19;0.0441204214303191;-0.995969779851988;0
16.2;0.0341629681672627;-0.995416399226889;0
16.21;0.0242123877657756;-0.994565583175847;0
16.22;0.0142716512045049;-0.993418097933043;0
16.23;0.0043437214051736;-0.991974797345451;0
16.24;-0.0055684476417392;-0.990236622466319;0
16.25;-0.0154619117471381;-0.988204601123194;0
16.26;-0.0253337373890174;-0.985879847460691;0
16.27;-0.0351810025734824;-0.983263561458156;0
16.28;-0.045000797690834;-0.980357028422448;0
16.29;-0.054790226366471;-0.977161618455997;0
16.3;-0.0645464063063616;-0.973678785900372;0
16.31;-0.0742664701368415;-0.969910068755542;0
16.32;-0.0839475662384963;-0.965857088075069;0
16.33;-0.0935868595738877;-0.961521547337435;0
16.34;-0.103181532508887;-0.956905231793744;0
16.35;-0.112728785627379;-0.952010007792039;0
16.36;-0.122225838539108;-0.946837822078463;0
16.37;-0.131669930680426;-0.94139070107552;0
16.38;-0.14105832210773;-0.935670750137704;0
16.39;-0.150388294283344;-0.929680152784732;0
16.4;-0.159657150853646;-0.923421169912676;0
16.41;-0.168862218419196;-0.916896138983248;0
16.42;-0.178000847296667;-0.910107473191531;0
16.43;-0.187070412272354;-0.903057660612438;0
16.44;-0.196068313347057;-0.895749263326194;0
16.45;-0.204991976472119;-0.888184916523131;0
16.46;-0.213838854276427;-0.880367327588113;0
16.47;-0.222606426784161;-0.872299275164888;0
16.48;-0.231292202123099;-0.863983608200694;0
16.49;-0.239893717223285;-0.855423244971422;0
16.5;-0.248408538505855;-0.846621172087687;0
16.51;-0.256834262561841;-0.83758044348211;0
16.52;-0.265168516820773;-0.828304179378167;0
16.53;-0.273408960208872;-0.818795565240937;0
16.54;-0.281553283796684;-0.809057850710098;0
16.55;-0.289599211435961;-0.799094348515516;0
16.56;-0.297544500385617;-0.788908433375791;0
16.57;-0.305386941926598;-0.778503540880109;0
16.58;-0.313124361965499;-0.767883166353775;0
16.59;-0.320754621626758;-0.757050863707781;0
16.6;-0.328275617833281;-0.746010244272801;0
16.61;-0.335685283875333;-0.734764975617965;0
16.62;-0.342981589967554;-0.723318780354815;0
16.63;-0.35016254379395;-0.711675434926813;0
16.64;-0.357226191040707;-0.699838768384792;0
16.65;-0.36417061591671;-0.687812661148746;0
16.66;-0.370993941661612;-0.675601043756342;0
16.67;-0.377694331041328;-0.663207895598569;0
16.68;-0.384269986830838;-0.650637243642908;0
16.69;-0.390719152284158;-0.637893161144442;0
16.7;-0.397040111591376;-0.624979766345296;0
16.71;-0.403231190322624;-0.611901221162838;0
16.72;-0.409290755858891;-0.598661729867035;0
16.73;-0.415217217809558;-0.58526553774739;0
16.74;-0.421009028416558;-0.571716929769873;0
16.75;-0.426664682945059;-0.558020229224263;0
16.76;-0.432182720060582;-0.544179796362338;0
16.77;-0.437561722192465;-0.53020002702731;0
16.78;-0.442800315883572;-0.516085351274963;0
16.79;-0.447897172126191;-0.50184023198689;0
16.8;-0.452851006684019;-0.487469163476286;0
16.81;-0.457660580400181;-0.472976670086707;0
16.82;-0.462324699491205;-0.458367304784239;0
16.83;-0.466842215826885;-0.443645647743508;0
16.84;-0.471212027195984;-0.42881630492796;0
16.85;-0.475433077557717;-0.413883906664851;0
16.86;-0.479504357278954;-0.398853106215389;0
16.87;-0.483424903357111;-0.383728578340451;0
16.88;-0.487193799628676;-0.368515017862324;0
16.89;-0.490810176963341;-0.353217138222907;0
16.9;-0.494273213443695;-0.3378396700388;0
16.91;-0.497582134530462;-0.322387359653741;0
16.92;-0.500736213213245;-0.306864967688806;0
16.93;-0.503734770146776;-0.291277267590827;0
16.94;-0.506577173772628;-0.275629044179455;0
16.95;-0.509262840426409;-0.259925092193319;0
16.96;-0.511791234430403;-0.2441702148357;0
16.97;-0.514161868171671;-0.228369222320175;0
16.98;-0.516374302165616;-0.21252693041666;0
16.99;-0.518428145105;-0.196648158998275;0
17;-0.520323053894445;-0.180737730589492;0
17.01;-0.522058733670421;-0.164800468915972;0
17.02;-0.523634937806734;-0.148841197456539;0
17.03;-0.525051467905556;-0.132864737997717;0
17.04;-0.526308173774008;-0.116875909191255;0
17.05;-0.527404953386329;-0.100879525115076;0
17.06;-0.52834175283168;-0.0848803938380643;0
17.07;-0.52911856624761;-0.0688833159891285;0
17.08;-0.529735435739234;-0.0528930833309453;0
17.09;-0.53019245128417;-0.0369144773388186;0
17.1;-0.530489750623291;-0.0209522677850622;0
17.11;-0.530627519137347;-0.00501121132932401;0
17.12;-0.530605989709518;0.0109039498847358;0
17.13;-0.530425442573962;0.0267884896260043;0
17.14;-0.530086205150435;0.0426376989653046;0
17.15;-0.529588651865041;0.0584468876572106;0
17.16;-0.528933203957214;0.0742113855138855;0
17.17;-0.52812032927298;0.0899265437705481;0
17.18;-0.527150542044624;0.105587736442169;0
17.19;-0.526024402656815;0.121190361671007;0
17.2;-0.524742517399304;0.136729843064599;0
17.21;-0.523305538206289;0.152201631023812;0
17.22;-0.521714162382544;0.167601204060588;0
17.23;-0.519969132316413;0.182924070104993;0
17.24;-0.518071235179792;0.198165767801198;0
17.25;-0.516021302615196;0.213321867792036;0
17.26;-0.513820210410036;0.228387973991749;0
17.27;-0.51146887815822;0.243359724846579;0
17.28;-0.508968268909209;0.258232794582842;0
17.29;-0.506319388804644;0.273002894442126;0
17.3;-0.503523286702688;0.287665773903281;0
17.31;-0.500581053790199;0.302217221890833;0
17.32;-0.497493823182888;0.316653067969508;0
17.33;-0.494262769513597;0.330969183524516;0
17.34;-0.49088910850883;0.345161482927269;0
17.35;-0.487374096553707;0.359225924686216;0
17.36;-0.483719030245464;0.373158512582462;0
17.37;-0.479925245935679;0.386955296789868;0
17.38;-0.475994119261356;0.400612374979322;0
17.39;-0.471927064665052;0.414125893406867;0
17.4;-0.467725534904181;0.427492047985404;0
17.41;-0.46339102054969;0.440707085339658;0
17.42;-0.458925049474254;0.45376730384414;0
17.43;-0.454329186330171;0.466669054643805;0
17.44;-0.449605032017127;0.479408742657137;0
17.45;-0.444754223140017;0.4919828275614;0
17.46;-0.439778431456984;0.504387824759767;0
17.47;-0.434679363317881;0.516620306330095;0
17.48;-0.429458759093318;0.528676901955076;0
17.49;-0.424118392594501;0.540554299833517;0
17.5;-0.418660070484038;0.552249247572522;0
17.51;-0.413085631677913;0.563758553060323;0
17.52;-0.40739694673882;0.57507908531955;0
17.53;-0.401595917261049;0.586207775340702;0
17.54;-0.395684475247132;0.597141616895614;0
17.55;-0.389664582476444;0.607877667330704;0
17.56;-0.383538229865961;0.618413048339799;0
17.57;-0.377307436823383;0.62874494671635;0
17.58;-0.370974250592835;0.63887061508483;0
17.59;-0.364540745593332;0.648787372611152;0
17.6;-0.358009022750258;0.658492605691912;0
17.61;-0.351381208820025;0.667983768622294;0
17.62;-0.344659455708167;0.677258384242483;0
17.63;-0.337845939781057;0.686314044562406;0
17.64;-0.330942861171483;0.69514841136468;0
17.65;-0.323952443078284;0.703759216785593;0
17.66;-0.31687693106028;0.712144263874013;0
17.67;-0.309718592324717;0.720301427128064;0
17.68;-0.302479715010435;0.728228653009478;0
17.69;-0.295162607466008;0.735923960435478;0
17.7;-0.287769597523051;0.7433854412481;0
17.71;-0.280303031764946;0.750611260660854;0
17.72;-0.272765274791202;0.757599657682617;0
17.73;-0.265158708477678;0.764348945518678;0
17.74;-0.257485731232894;0.770857511948855;0
17.75;-0.249748757250674;0.777123819682606;0
17.76;-0.241950215759335;0.783146406691065;0
17.77;-0.234092550267658;0.788923886515957;0
17.78;-0.226178217807882;0.794454948555317;0
17.79;-0.218209688175936;0.799738358325986;0
17.8;-0.210189443169158;0.804772957702839;0
17.81;-0.202119975821722;0.809557665134709;0
17.82;-0.194003789638017;0.814091475836991;0
17.83;-0.185843397824191;0.818373461960896;0
17.84;-0.177641322518129;0.822402772739359;0
17.85;-0.169400094018053;0.826178634609587;0
17.86;-0.161122250010025;0.829700351312254;0
17.87;-0.152810334794543;0.832967303967352;0
17.88;-0.144466898512496;0.835978951126719;0
17.89;-0.136094496370695;0.838734828803261;0
17.9;-0.127695687867214;0.841234550476912;0
17.91;-0.119273036016783;0.843477807077351;0
17.92;-0.110829106576447;0.845464366943544;0
17.93;-0.102366467271747;0.847194075760144;0
17.94;-0.0938876870236283;0.848666856470814;0
17.95;-0.0853953351763291;0.849882709168549;0
17.96;-0.0768919807264632;0.850841710963048;0
17.97;-0.0683801915535341;0.851544015825236;0
17.98;-0.0598625336521064;0.85198985440901;0
17.99;-0.0513415703658615;0.852179533850307;0
18;-0.0428198616237642;0.852113437543588;0
18.01;-0.0342999631785662;0.851792024895846;0
18.02;-0.02578442584787;0.851215831058259;0
18.03;-0.0172757947579761;0.850385466635588;0
18.04;-0.00877660859073642;0.849301617373466;0
18.05;-0.000289398833633718;0.847965043823694;0
18.06;0.00818331096669373;0.846376580987694;0
18.07;0.0166390059472639;0.844537137938248;0
18.08;0.0250751806676835;0.842447697419695;0
18.09;0.0334893398449852;0.840109315426725;0
18.1;0.041878999084158;0.837523120761939;0
18.11;0.0502416856041579;0.834690314572347;0
18.12;0.0585749389591892;0.831612169864976;0
18.13;0.0668763117550487;0.828290031001767;0
18.14;0.0751433703603265;0.824725313173954;0
18.15;0.083373695612259;0.820919501856116;0
18.16;0.0915648835170312;0.816874152240091;0
18.17;0.0997145459443286;0.812590888648977;0
18.18;0.107820311315941;0.808071403931404;0
18.19;0.115879825288218;0.803317458836315;0
18.2;0.123890751428193;0.798330881368466;0
18.21;0.131850771883163;0.793113566124869;0
18.22;0.139757588043562;0.78766747361242;0
18.23;0.147608921198921;0.781994629546936;0
18.24;0.15540251318673;0.776097124133855;0
18.25;0.163136127034037;0.769977111330836;0
18.26;0.170807547591582;0.763636808092523;0
18.27;0.178414582160304;0.757078493597715;0
18.28;0.185955061110044;0.750304508459217;0
18.29;0.193426838490263;0.743317253916631;0
18.3;0.200827792632618;0.736119191012364;0
18.31;0.208155826745221;0.72871283975112;0
18.32;0.215408869498419;0.721100778243168;0
18.33;0.222584875601935;0.713285641831663;0
18.34;0.229681826373215;0.705270122204307;0
18.35;0.236697730296817;0.697056966489652;0
18.36;0.243630623574698;0.688648976338333;0
18.37;0.250478570667246;0.68004900698954;0
18.38;0.257239664824911;0.671259966323031;0
18.39;0.263912028610295;0.662284813896986;0
18.4;0.27049381441055;0.653126559972038;0
18.41;0.276983204939968;0.643788264521772;0
18.42;0.283378413732604;0.634273036230023;0
18.43;0.28967768562482;0.624584031475303;0
18.44;0.295879297227617;0.614724453302669;0
18.45;0.301981557388627;0.604697550383376;0
18.46;0.307982807643651;0.594506615962631;0
18.47;0.313881422657618;0.584154986795807;0
18.48;0.319675810654863;0.573646042073432;0
18.49;0.325364413838597;0.562983202335311;0
18.5;0.330945708799476;0.552169928374116;0
18.51;0.336418206913158;0.541209720128798;0
18.52;0.34178045472675;0.530106115568162;0
18.53;0.347031034334046;0.518862689564964;0
18.54;0.35216856373947;0.507483052760879;0
18.55;0.357191697210622;0.495970850422699;0
18.56;0.362099125619353;0.484329761290117;0
18.57;0.366889576771275;0.472563496415458;0
18.58;0.371561815723645;0.460675797995715;0
18.59;0.376114645091521;0.448670438197261;0
18.6;0.380546905342148;0.436551217973595;0
18.61;0.38485747507748;0.42432196587649;0
18.62;0.389045271304792;0.411986536860911;0
18.63;0.393109249695311;0.399548811084077;0
18.64;0.397048404830817;0.387012692699026;0
18.65;0.400861770438148;0.374382108643064;0
18.66;0.404548419611579;0.361661007421464;0
18.67;0.408107465023008;0.348853357886797;0
18.68;0.411538059119923;0.335963148014251;0
18.69;0.414839394311103;0.322994383673332;0
18.7;0.41801070314002;0.309951087396304;0
18.71;0.421051258445918;0.29683729714376;0
18.72;0.42396037351253;0.283657065067682;0
18.73;0.426737402204413;0.270414456272375;0
18.74;0.429381739090899;0.257113547573651;0
18.75;0.43189281955761;0.243758426256629;0
18.76;0.434270119905567;0.23035318883254;0
18.77;0.436513157437847;0.216901939794893;0
18.78;0.438621490533812;0.203408790375396;0
18.79;0.440594718710889;0.189877857299985;0
18.8;0.442432482673921;0.176313261545355;0
18.81;0.444134464352078;0.162719127096345;0
18.82;0.445700386923352;0.149099579704561;0
18.83;0.447130014826646;0.135458745648602;0
18.84;0.448423153761469;0.12180075049626;0
18.85;0.449579650675269;0.108129717869059;0
18.86;0.450599393738419;0.0944497682095;0
18.87;0.451482312306891;0.0807650175513804;0
18.88;0.452228376872648;0.0670795762935461;0
18.89;0.45283759900179;0.0533975479774412;0
18.9;0.453310031260494;0.0397230280688137;0
18.91;0.45364576712879;0.0260601027439365;0
18.92;0.453844940902227;0.0124128476806985;0
18.93;0.45390772758146;-0.00121467314507928;0
18.94;0.45383434274984;-0.0148184086577509;0
18.95;0.453625042439039;-0.0283943218740269;0
18.96;0.453280122982786;-0.0419383910888826;0
18.97;0.45279992085877;-0.0554466110548475;0
18.98;0.452184812518786;-0.0689149941543353;0
18.99;0.451435214207186;-0.0823395715646745;0
19;0.450551581767713;-0.095716394415502;0
19.01;0.449534410438803;-0.109041534938187;0
19.02;0.448384234637421;-0.122311087606954;0
19.03;0.447101627731533;-0.135521170271377;0
19.04;0.445687201801288;-0.148667925279921;0
19.05;0.444141607389004;-0.161747520594206;0
19.06;0.442465533238062;-0.174756150893682;0
19.07;0.44065970602079;-0.187690038670395;0
19.08;0.43872489005545;-0.200545435313532;0
19.09;0.436661887012422;-0.213318622183444;0
19.1;0.434471535609701;-0.226005911674834;0
19.11;0.432154711297809;-0.238603648268819;0
19.12;0.429712325934241;-0.251108209573566;0
19.13;0.427145327447549;-0.263516007353206;0
19.14;0.424454699491202;-0.275823488544739;0
19.15;0.421641461087324;-0.288027136262659;0
19.16;0.418706666260443;-0.300123470790992;0
19.17;0.415651403661381;-0.312109050562502;0
19.18;0.412476796181408;-0.323980473124768;0
19.19;0.409184000556791;-0.335734376092879;0
19.2;0.405774206963891;-0.347367438088483;0
19.21;0.402248638604913;-0.35887637966493;0
19.22;0.398608551284484;-0.370257964218249;0
19.23;0.394855232977178;-0.381508998883724;0
19.24;0.390990003386141;-0.392626335417819;0
19.25;0.387014213492967;-0.403606871065201;0
19.26;0.382929245098971;-0.414447549410648;0
19.27;0.378736510358007;-0.425145361215601;0
19.28;0.374437451300996;-0.435697345239128;0
19.29;0.370033539352315;-0.446100589043098;0
19.3;0.365526274838202;-0.45635222978134;0
19.31;0.360917186487345;-0.466449454972576;0
19.32;0.356207830923817;-0.476389503256934;0
19.33;0.351399792152517;-0.486169665135832;0
19.34;0.346494681037288;-0.495787283695048;0
19.35;0.341494134771887;-0.50523975531078;0
19.36;0.336399816343961;-0.514524530338523;0
19.37;0.331213413992221;-0.52363911378458;0
19.38;0.325936640656975;-0.532581065960032;0
19.39;0.320571233424204;-0.541348003117014;0
19.4;0.315118952963353;-0.549937598067122;0
19.41;0.309581582959019;-0.558347580781806;0
19.42;0.303960929536717;-0.566575738974595;0
19.43;0.298258820682909;-0.574619918665014;0
19.44;0.292477105659472;-0.582478024724054;0
19.45;0.286617654412797;-0.590148021401062;0
19.46;0.280682356977704;-0.597627932831927;0
19.47;0.274673122876359;-0.604915843528441;0
19.48;0.26859188051238;-0.61200989884872;0
19.49;0.262440576560332;-0.618908305448581;0
19.5;0.256221175350781;-0.625609331713757;0
19.51;0.249935658251131;-0.632111308172883;0
19.52;0.243586023042398;-0.638412627891127;0
19.53;0.237174283292149;-0.644511746844412;0
19.54;0.230702467723784;-0.650407184274124;0
19.55;0.224172619582352;-0.656097523022259;0
19.56;0.217586795997114;-0.661581409846919;0
19.57;0.210947067341032;-0.666857555718108;0
19.58;0.20425551658739;-0.671924736093778;0
19.59;0.197514238663748;-0.676781791176062;0
19.6;0.19072533980342;-0.681427626147663;0
19.61;0.183890936894675;-0.685861211388354;0
19.62;0.177013156827868;-0.69008158267157;0
19.63;0.170094135840689;-0.694087841341049;0
19.64;0.163136018861741;-0.697879154467526;0
19.65;0.156140958852639;-0.701454754985446;0
19.66;0.149111116148827;-0.704813941809702;0
19.67;0.142048657799327;-0.707956079932395;0
19.68;0.134955756905601;-0.710880600499618;0
19.69;0.127834591959738;-0.713587000868282;0
19.7;0.120687346182168;-0.71607484464299;0
19.71;0.113516206859089;-0.718343761692996;0
19.72;0.106323364679818;-0.72039344814927;0
19.73;0.0991110130742611;-0.7222236663817;0
19.74;0.0918813475506976;-0.723834244956482;0
19.75;0.084636565034083;-0.725225078573742;0
19.76;0.0773788632050625;-0.726396127985438;0
19.77;0.0701104398398943;-0.727347419893601;0
19.78;0.0628334921514789;-0.728079046828988;0
19.79;0.0555502161316896;-0.728591167010204;0
19.8;0.0482628058951995;-0.728884004183381;0
19.81;0.040973453024999;-0.728957847442485;0
19.82;0.0336843459197967;-0.728813051030349;0
19.83;0.026397669143497;-0.728450034120514;0
19.84;0.0191156027769447;-0.727869280579981;0
19.85;0.0118403217721278;-0.727071338712983;0
19.86;0.00457399530902754;-0.72605682098588;0
19.87;-0.0026812138446954;-0.724826403733286;0
19.88;-0.0099231499709931;-0.72338082684557;0
19.89;-0.0171496650355132;-0.721720893437828;0
19.9;-0.0243586193182892;-0.719847469500483;0
19.91;-0.0315478820408539;-0.717761483531633;0
19.92;-0.0387153319895957;-0.71546392615129;0
19.93;-0.0458588581351752;-0.712955849697669;0
19.94;-0.0529763602478254;-0.710238367805664;0
19.95;-0.0600657495083567;-0.707312654967673;0
19.96;-0.0671249491146909;-0.70417994607694;0
19.97;-0.0741518948837514;-0.700841535953575;0
19.98;-0.0811445358485358;-0.697298778853421;0
19.99;-0.0881008348502006;-0.693553087959952;0
20;-0.0950187691249891;-0.68960593485938;0
