0;0.521202952672418;0.186156330389756;0
0.01;0.522992655116085;0.170182487576576;0
0.02;0.52462250912024;0.154185084531833;0
0.03;0.526092300845665;0.138168957137096;0
0.04;0.527401864801006;0.122138938575474;0
0.05;0.528551083809289;0.106099857887454;0
0.06;0.529539888960007;0.0900565385304665;0
0.07;0.530368259546824;0.0740137969426009;0
0.08;0.531036222990935;0.0579764411108881;0
0.09;0.53154385475013;0.041949269144583;0
0.1;0.531891278213614;0.0259370678538565;0
0.11;0.532078664582646;0.00994461133431907;0
0.12;0.532106232737041;-0.00602334044221315;0
0.13;0.531974249087622;-0.0219620430302951;0
0.14;0.531683027414662;-0.0378667689063654;0
0.15;0.531232928692419;-0.0537328088567885;0
0.16;0.530624360899818;-0.0695554733580216;0
0.17;0.529857778817367;-0.0853300939485079;0
0.18;0.528933683810397;-0.101052024591898;0
0.19;0.527852623598711;-0.116716643031208;0
0.2;0.526615192012726;-0.132319352133519;0
0.21;0.525222028736223;-0.147855581224835;0
0.22;0.523673819035782;-0.16332078741472;0
0.23;0.521971293477033;-0.178710456910323;0
0.24;0.520115227627796;-0.194020106319425;0
0.25;0.518106441748262;-0.209245283942139;0
0.26;0.515945800468298;-0.224381571050878;0
0.27;0.513634212452002;-0.239424583158254;0
0.28;0.511172630049651;-0.254369971272521;0
0.29;0.508562048937135;-0.269213423140227;0
0.3;0.505803507743031;-0.283950664475718;0
0.31;0.502898087663445;-0.298577460177143;0
0.32;0.499846912064749;-0.313089615528628;0
0.33;0.496651146074366;-0.327482977388278;0
0.34;0.493311996159736;-0.341753435361666;0
0.35;0.489830709695617;-0.355896922960507;0
0.36;0.48620857451986;-0.369909418746163;0
0.37;0.48244691847783;-0.38378694745769;0
0.38;0.478547108955606;-0.397525581124099;0
0.39;0.474510552402137;-0.411121440160532;0
0.4;0.47033869384051;-0.424570694448043;0
0.41;0.466033016368489;-0.437869564396709;0
0.42;0.461595040648505;-0.451014321991753;0
0.43;0.457026324387261;-0.464001291822417;0
0.44;0.452328461805125;-0.476826852093295;0
0.45;0.447503083095492;-0.48948743561786;0
0.46;0.44255185387429;-0.501979530793907;0
0.47;0.437476474619814;-0.514299682560664;0
0.48;0.432278680103073;-0.526444493337306;0
0.49;0.426960238808839;-0.538410623942626;0
0.5;0.421522952347579;-0.550194794495622;0
0.51;0.415968654858471;-0.561793785296754;0
0.52;0.410299212403699;-0.573204437689656;0
0.53;0.404516522354213;-0.584423654903059;0
0.54;0.398622512767165;-0.595448402872723;0
0.55;0.392619141755211;-0.606275711043158;0
0.56;0.386508396847894;-0.616902673148923;0
0.57;0.380292294345303;-0.627326447975324;0
0.58;0.373972878664217;-0.637544260098292;0
0.59;0.367552221676946;-0.647553400603272;0
0.6;0.361032422043082;-0.657351227782947;0
0.61;0.354415604534362;-0.666935167813605;0
0.62;0.347703919352869;-0.676302715410001;0
0.63;0.340899541442777;-0.685451434458549;0
0.64;0.334004669795872;-0.694378958628688;0
0.65;0.327021526751042;-0.703082991962283;0
0.66;0.31995235728799;-0.711561309440912;0
0.67;0.312799428315361;-0.719811757530918;0
0.68;0.305565027953525;-0.727832254706097;0
0.69;0.298251464812233;-0.735620791947898;0
0.7;0.290861067263373;-0.743175433223029;0
0.71;0.283396182709049;-0.750494315938371;0
0.72;0.275859176845221;-0.757575651373084;0
0.73;0.268252432921117;-0.764417725087839;0
0.74;0.260578350994663;-0.771018897311069;0
0.75;0.252839347184151;-0.777377603302181;0
0.76;0.24503785291638;-0.78349235369165;0
0.77;0.237176314171502;-0.789361734797933;0
0.78;0.229257190724797;-0.794984408921157;0
0.79;0.221282955385624;-0.800359114613513;0
0.8;0.213256093233769;-0.805484666926346;0
0.81;0.205179100853426;-0.810359957633872;0
0.82;0.197054485565047;-0.814983955433522;0
0.83;0.188884764655296;-0.819355706122878;0
0.84;0.180672464605338;-0.823474332753199;0
0.85;0.172420120317694;-0.827339035759518;0
0.86;0.164130274341907;-0.830949093067327;0
0.87;0.155805476099242;-0.834303860175842;0
0.88;0.147448281106661;-0.837402770217879;0
0.89;0.139061250200302;-0.840245333996347;0
0.9;0.130646948758701;-0.842831139997407;0
0.91;0.122207945925986;-0.845159854380311;0
0.92;0.113746813835276;-0.847231220943981;0
0.93;0.10526612683252;-0.849045061070372;0
0.94;0.096768460701011;-0.850601273644675;0
0.95;0.0882563918867901;-0.851899834952424;0
0.96;0.0797324967251969;-0.852940798553579;0
0.97;0.0711993506687738;-0.853724295133661;0
0.98;0.0626595275167644;-0.854250532332029;0
0.99;0.0541155986464321;-0.854519794547371;0
1;0.0455701322464251;-0.854532442720539;0
1.01;0.0370256925524152;-0.854288914094792;0
1.02;0.0284848390852351;-0.853789721953599;0
1.03;0.0199501258917385;-0.85303545533608;0
1.04;0.0114241007886055;-0.852026778730245;0
1.05;0.00290930460931586;-0.850764431744127;0
1.06;-0.00559172954549106;-0.849249228754975;0
1.07;-0.0140764770540494;-0.847482058536634;0
1.08;-0.0225424225156764;-0.845463883865255;0
1.09;-0.0309870604889418;-0.843195741103517;0
1.1;-0.039407896225584;-0.840678739763488;0
1.11;-0.0478024463999587;-0.83791406204832;0
1.12;-0.0561682398338102;-0.834902962372941;0
1.13;-0.0645028182161554;-0.83164676686392;0
1.14;-0.0728037368180741;-0.8281468728387;0
1.15;-0.081068565202199;-0.824404748264383;0
1.16;-0.0892948879267019;-0.820421931196267;0
1.17;-0.0974803052435758;-0.816200029196342;0
1.18;-0.105622433791012;-0.811740718731947;0
1.19;-0.113718907279675;-0.807045744554803;0
1.2;-0.121767377172682;-0.802116919060649;0
1.21;-0.129765513359087;-0.796956121629701;0
1.22;-0.137711004820693;-0.79156529794816;0
1.23;-0.145601560291988;-0.785946459311021;0
1.24;-0.153434908913023;-0.780101681906397;0
1.25;-0.161208800875065;-0.774033106081638;0
1.26;-0.168921008058811;-0.767742935591468;0
1.27;-0.17656932466502;-0.761233436828409;0
1.28;-0.18415156783736;-0.754506938035754;0
1.29;-0.191665578277311;-0.74756582850335;0
1.3;-0.199109220850953;-0.740412557746465;0
1.31;-0.206480385187458;-0.733049634668012;0
1.32;-0.213776986269142;-0.72547962670441;0
1.33;-0.220996965012891;-0.717705158955373;0
1.34;-0.228138288842828;-0.709728913297897;0
1.35;-0.235198952254033;-0.701553627484767;0
1.36;-0.242176977367193;-0.693182094227847;0
1.37;-0.249070414474014;-0.684617160266483;0
1.38;-0.255877342573246;-0.675861725421305;0
1.39;-0.262595869897188;-0.666918741633752;0
1.4;-0.269224134428519;-0.65779121199161;0
1.41;-0.275760304407334;-0.648482189740907;0
1.42;-0.282202578828219;-0.638994777284464;0
1.43;-0.288549187927277;-0.62933212516743;0
1.44;-0.294798393658928;-0.619497431050137;0
1.45;-0.300948490162403;-0.609493938668588;0
1.46;-0.306997804217771;-0.599324936782928;0
1.47;-0.31294469569141;-0.58899375811422;0
1.48;-0.318787557970787;-0.578503778269872;0
1.49;-0.324524818388448;-0.567858414658057;0
1.5;-0.330154938635099;-0.557061125391468;0
1.51;-0.335676415161681;-0.546115408180753;0
1.52;-0.341087779570332;-0.535024799217986;0
1.53;-0.346387598994145;-0.523792872050516;0
1.54;-0.351574476465614;-0.512423236445562;0
1.55;-0.356647051273694;-0.500919537245893;0
1.56;-0.361603999309374;-0.489285453216969;0
1.57;-0.366444033399685;-0.477524695885887;0
1.58;-0.371165903630066;-0.465641008372508;0
1.59;-0.375768397655;-0.453638164213117;0
1.6;-0.380250340996862;-0.441519966176994;0
1.61;-0.384610597332896;-0.429290245076249;0
1.62;-0.388848068770266;-0.416952858569303;0
1.63;-0.392961696109111;-0.40451168995837;0
1.64;-0.396950459093553;-0.391970646981326;0
1.65;-0.400813376650593;-0.379333660598328;0
1.66;-0.404549507116863;-0.366604683773552;0
1.67;-0.408157948453159;-0.353787690252438;0
1.68;-0.411637838446742;-0.340886673334796;0
1.69;-0.414988354901344;-0.327905644644171;0
1.7;-0.418208715814856;-0.314848632893821;0
1.71;-0.42129817954466;-0.301719682649697;0
1.72;-0.42425604496058;-0.288522853090796;0
1.73;-0.427081651585425;-0.275262216767264;0
1.74;-0.429774379723107;-0.26194185835663;0
1.75;-0.432333650574308;-0.248565873418533;0
1.76;-0.434758926339698;-0.235138367148332;0
1.77;-0.437049710310679;-0.221663453129977;0
1.78;-0.439205546947654;-0.208145252088492;0
1.79;-0.441226021945827;-0.19458789064248;0
1.8;-0.443110762288529;-0.180995500056993;0
1.81;-0.444859436288065;-0.167372214997154;0
1.82;-0.446471753614117;-0.153722172282908;0
1.83;-0.447947465309692;-0.140049509645261;0
1.84;-0.449286363794641;-0.12635836448439;0
1.85;-0.450488282856772;-0.112652872629975;0
1.86;-0.451553097630575;-0.0989371671041464;0
1.87;-0.45248072456359;-0.0852153768873918;0
1.88;-0.453271121370451;-0.0714916256877956;0
1.89;-0.453924286974636;-0.0577700307139772;0
1.9;-0.454440261437965;-0.0440547014520844;0
1.91;-0.454819125877887;-0.0303497384472044;0
1.92;-0.455061002372605;-0.0166592320895489;0
1.93;-0.455166053854085;-0.00298726140577003;0
1.94;-0.455134483988996;0.0106621071442408;0
1.95;-0.454966537047655;0.0242848208647188;0
1.96;-0.454662497761018;0.0378768420152075;0
1.97;-0.454222691165788;0.0514341489952112;0
1.98;-0.453647482437714;0.064952737521972;0
1.99;-0.452937276713137;0.0784286218010325;0
2;-0.452092518898869;0.0918578356892438;0
2.01;-0.451113693470473;0.105236433849885;0
2.02;-0.450001324259032;0.11856049289956;0
2.03;-0.448755974226487;0.13182611254654;0
2.04;-0.447378245229628;0.145029416720234;0
2.05;-0.445868777772836;0.158166554691449;0
2.06;-0.44422825074966;0.171233702183139;0
2.07;-0.442457381173338;0.184227062471301;0
2.08;-0.440556923896343;0.197142867475736;0
2.09;-0.43852767131908;0.209977378840339;0
2.1;-0.436370453087822;0.222726889002622;0
2.11;-0.434086135782001;0.235387722252174;0
2.12;-0.431675622590965;0.24795623577775;0
2.13;-0.42913985298032;0.260428820702695;0
2.14;-0.426479802347963;0.272801903108428;0
2.15;-0.423696481669949;0.285071945045673;0
2.16;-0.420790937136283;0.29723544553318;0
2.17;-0.417764249776803;0.309288941543647;0
2.18;-0.414617535077244;0.321229008976564;0
2.19;-0.411351942585642;0.333052263617725;0
2.2;-0.407968655509208;0.344755362085127;0
2.21;-0.404468890301796;0.356335002761009;0
2.22;-0.400853896242119;0.367787926709766;0
2.23;-0.39712495500285;0.379110918581495;0
2.24;-0.393283380210751;0.390300807500917;0
2.25;-0.389330516997986;0.401354467941448;0
2.26;-0.385267741544749;0.412268820584161;0
2.27;-0.381096460613386;0.423040833161438;0
2.28;-0.376818111074134;0.433667521285051;0
2.29;-0.372434159422666;0.444145949258478;0
2.3;-0.367946101289576;0.454473230873223;0
2.31;-0.363355460941969;0.464646530188935;0
2.32;-0.358663790777336;0.474663062297115;0
2.33;-0.353872670809857;0.484520094068216;0
2.34;-0.348983708149311;0.494214944881934;0
2.35;-0.343998536472761;0.503744987340508;0
2.36;-0.338918815489178;0.51310764796484;0
2.37;-0.333746230397192;0.522300407873248;0
2.38;-0.328482491336122;0.5313208034427;0
2.39;-0.323129332830481;0.540166426952331;0
2.4;-0.317688513228125;0.548834927209114;0
2.41;-0.312161814132224;0.557324010155495;0
2.42;-0.30655103982724;0.565631439458867;0
2.43;-0.300858016699094;0.573755037082726;0
2.44;-0.295084592649697;0.581692683839362;0
2.45;-0.289232636506051;0.589442319923975;0
2.46;-0.283304037424078;0.597001945430056;0
2.47;-0.277300704287393;0.604369620845938;0
2.48;-0.271224565101184;0.611543467532386;0
2.49;-0.265077566381417;0.618521668181119;0
2.5;-0.258861672539526;0.625302467254159;0
2.51;-0.252578865262806;0.63188417140391;0
2.52;-0.246231142890694;0.638265149873872;0
2.53;-0.239820519787121;0.644443834879902;0
2.54;-0.233349025709144;0.650418721971949;0
2.55;-0.226818705172057;0.656188370376175;0
2.56;-0.22023161681115;0.661751403317404;0
2.57;-0.213589832740356;0.667106508321834;0
2.58;-0.206895437907939;0.672252437499952;0
2.59;-0.200150529449453;0.677188007809599;0
2.6;-0.193357216038161;0.681912101299154;0
2.61;-0.186517617233104;0.686423665330777;0
2.62;-0.179633862825035;0.6907217127837;0
2.63;-0.172708092180407;0.694805322237523;0
2.64;-0.165742453583616;0.698673638135501;0
2.65;-0.158739103577703;0.702325870927808;0
2.66;-0.151700206303717;0.705761297194773;0
2.67;-0.144627932838929;0.708979259750071;0
2.68;-0.137524460534111;0.711979167723893;0
2.69;-0.130391972350068;0.714760496626086;0
2.7;-0.123232656193629;0.717322788389292;0
2.71;-0.116048704253304;0.719665651392096;0
2.72;-0.108842312334788;0.721788760462228;0
2.73;-0.101615679196532;0.723691856859822;0
2.74;-0.0943710058855654;0.725374748240809;0
2.75;-0.0871104950737781;0.726837308600458;0
2.76;-0.0798363503948509;0.728079478197133;0
2.77;-0.0725507757820418;0.729101263456316;0
2.78;-0.0652559748070192;0.729902736854963;0
2.79;-0.0579541500199391;0.730484036786255;0
2.8;-0.0506475022909634;0.730845367404827;0
2.81;-0.0433382301534136;0.730986998452549;0
2.82;-0.0360285291487531;0.730909265064944;0
2.83;-0.028720591173593;0.730612567558336;0
2.84;-0.0214166038289125;0.730097371197831;0
2.85;-0.0141187497716851;0.729364205946219;0
2.86;-0.00682920606910137;0.728413666193921;0
2.87;0.000449856444422613;0.727246410470083;0
2.88;0.00771627380726361;0.725863161134943;0
2.89;0.0149678895674494;0.72426470405359;0
2.9;0.0222025554161713;0.722451888251249;0
2.91;0.0294181318177667;0.720425625550227;0
2.92;0.0366124886359893;0.718186890188656;0
2.93;0.0437835057563853;0.715736718421183;0
2.94;0.0509290737045959;0.713076208101755;0
2.95;0.0580470942604071;0.710206518248659;0
2.96;0.0651354810673717;0.70712886859197;0
2.97;0.072192160237826;0.703844539103583;0
2.98;0.0792150709531304;0.700354869509993;0
2.99;0.0862021660589593;0.696661258787997;0
3;0.093151412655473;0.692765164643503;0
3.01;0.100060792682202;0.688668102973637;0
3.02;0.106928303497478;0.684371647312322;0
3.03;0.113751958452247;0.679877428259536;0
3.04;0.1205297874581;0.675187132894443;0
3.05;0.127259837549371;0.67030250417261;0
3.06;0.133940173439122;0.665225340307499;0
3.07;0.140568878068891;0.659957494136468;0
3.08;0.147144053152015;0.654500872471478;0
3.09;0.153663819710401;0.648857435434749;0
3.1;0.160126318604585;0.643029195779562;0
3.11;0.166529711056932;0.637018218196464;0
3.12;0.172872179167832;0.630826618605094;0
3.13;0.179151926424756;0.624456563431865;0
3.14;0.185367178204017;0.61791026887375;0
3.15;0.191516182265117;0.611190000148417;0
3.16;0.197597209237528;0.604298070730956;0
3.17;0.203608553099782;0.597236841577449;0
3.18;0.209548531650743;0.590008720335648;0
3.19;0.215415486972921;0.582616160543008;0
3.2;0.221207785887717;0.575061660812343;0
3.21;0.226923820402468;0.567347764005375;0
3.22;0.23256200814917;0.559477056394429;0
3.23;0.238120792814775;0.55145216681257;0
3.24;0.243598644562925;0.543275765792429;0
3.25;0.248994060447037;0.534950564694016;0
3.26;0.254305564814613;0.526479314821795;0
3.27;0.259531709702667;0.517864806531298;0
3.28;0.264671075224185;0.509109868325574;0
3.29;0.269722269945493;0.500217365941747;0
3.3;0.274683931254452;0.491190201427993;0
3.31;0.279554725719384;0.482031312211213;0
3.32;0.284333349438628;0.472743670155702;0
3.33;0.289018528380646;0.463330280613119;0
3.34;0.293609018714591;0.453794181464043;0
3.35;0.298103607131254;0.444138442151432;0
3.36;0.302501111154306;0.434366162706282;0
3.37;0.306800379441772;0.424480472765786;0
3.38;0.311000292077645;0.414484530584312;0
3.39;0.315099760853578;0.404381522037499;0
3.4;0.319097729540599;0.394174659619782;0
3.41;0.322993174150758;0.383867181435671;0
3.42;0.32678510318867;0.373462350185073;0
3.43;0.33047255789288;0.362963452142998;0
3.44;0.334054612467005;0.352373796133941;0
3.45;0.337530374300593;0.341696712501275;0
3.46;0.34089898417966;0.330935552071962;0
3.47;0.344159616486845;0.320093685116901;0
3.48;0.347311479391163;0.309174500307236;0
3.49;0.350353815027293;0.298181403666945;0
3.5;0.353285899664381;0.287117817522024;0
3.51;0.356107043864319;0.275987179446589;0
3.52;0.358816592629477;0.264792941206222;0
3.53;0.361413925539849;0.25353856769888;0
3.54;0.363898456879605;0.242227535893681;0
3.55;0.366269635753023;0.230863333767902;0
3.56;0.368526946189776;0.219449459242502;0
3.57;0.370669907239579;0.207989419116493;0
3.58;0.37269807305617;0.196486728000481;0
3.59;0.374611032970623;0.184944907249703;0
3.6;0.376408411553993;0.173367483896867;0
3.61;0.378089868669291;0.16175798958513;0
3.62;0.379655099512786;0.150119959501532;0
3.63;0.381103834644646;0.138456931311189;0
3.64;0.382435840008931;0.126772444092587;0
3.65;0.383650916942935;0.115070037274275;0
3.66;0.384748902175913;0.103353249573281;0
3.67;0.385729667817192;0.0916256179355721;0
3.68;0.386593121333704;0.0798906764788553;0
3.69;0.387339205516953;0.0681519554380547;0
3.7;0.387967898439455;0.0564129801137572;0
3.71;0.388479213400672;0.0446772698239481;0
3.72;0.388873198862486;0.0329483368593403;0
3.73;0.38914994667408;0.0212379845526079;0.00415028746255057
3.74;0.389309927957847;0.00961189727345604;0.0124508623876517
3.75;0.389354095823639;-0.0019141503937603;0.0207514373127528
3.76;0.389283465471438;-0.0133368753303961;0.029052012237854
3.77;0.389099084768403;-0.0246530310324737;0.0373525871629551
3.78;0.388802033878616;-0.0358594085209279;0.0456531620880562
3.79;0.388393424883782;-0.0469528372390381;0.0539537370131573
3.8;0.38787440139502;-0.0579301859368005;0.0622543119382585
3.81;0.38724613815586;-0.0687883635419985;0.0705548868633596
3.82;0.386509840636599;-0.0795243200177306;0.0788554617884607
3.83;0.385666744620137;-0.090135047206166;0.0871560367135619
3.84;0.384718115779439;-0.100617579658294;0.095456611638663
3.85;0.38366524924677;-0.110968995449448;0.103757186563764
3.86;0.382509469174833;-0.121186416980375;0.112057761488865
3.87;0.381252128289959;-0.131267011763652;0.120358336413966
3.88;0.379894607437513;-0.141207993195215;0.128658911339068
3.89;0.378438315119636;-0.151006621310819;0.136959486264169
3.9;0.376884687025504;-0.160660203527208;0.14526006118927
3.91;0.375235185554236;-0.170166095367818;0.153560636114371
3.92;0.373491299330622;-0.179521701172805;0.161861211039472
3.93;0.371654542713818;-0.18872447479322;0.170161785964573
3.94;0.36972645529917;-0.197771920269152;0.178462360889674
3.95;0.367708601413334;-0.206661592491659;0.186762935814775
3.96;0.365602569602847;-0.215391097848324;0.195063510739877
3.97;0.363409972116316;-0.223958094852251;0.203364085664978
3.98;0.361132444380398;-0.232360294754372;0.211664660590079
3.99;0.358771644469722;-0.240595462138879;0.21996523551518
4;0.356329252570944;-0.248661415501655;0.228265810440281
4.01;0.353806970441089;-0.256556027811545;0.236566385365382
4.02;0.351206520860359;-0.264277227054332;0.244866960290483
4.03;0.348529647079579;-0.271822996759294;0.253167535215584
4.04;0.345778112262457;-0.279191376508199;0.261468110140686
4.05;0.342953698922837;-0.286380462426624;0.269768685065787
4.06;0.340058208357109;-0.293388407657484;0.278069259990888
4.07;0.337093460071977;-0.300213422816649;0.286369834915989
4.08;0.33406129120774;-0.306853776430559;0.29467040984109
4.09;0.330963555957287;-0.313307795355716;0.302970984766191
4.1;0.327802124980975;-0.319573865179981;0.311271559691292
4.11;0.324578884817574;-0.325650430605571;0.319572134616393
4.12;0.321295737291473;-0.331535995813674;0.327872709541495
4.13;0.317954598916311;-0.337229124810615;0.336173284466596
4.14;0.314557400295241;-0.342728441755489;0.344473859391697
4.15;0.311106085517992;-0.348032631269202;0.352774434316798
4.16;0.307602611554932;-0.353140438724857;0.361075009241899
4.17;0.304048947648308;-0.358050670519424;0.369375584167
4.18;0.300447074700852;-0.362762194326661;0.377676159092101
4.19;0.296798984661943;-0.367273939331221;0.385976734017203
4.2;0.293106679911518;-0.371584896443928;0.394277308942304
4.21;0.289372172641908;-0.375694118498171;0.402577883867405
4.22;0.285597484237797;-0.379600720427406;0.410878458792506
4.23;0.281784644654494;-0.383303879423731;0.419179033717607
4.24;0.277935691794705;-0.386802835077533;0.427479608642708
4.25;0.274052670883983;-0.390096889498184;0.435780183567809
4.26;0.270137633845076;-0.393185407415793;0.44408075849291
4.27;0.26619263867132;-0.396067816264011;0.452381333418012
4.28;0.262219748799311;-0.398743606243895;0.460681908343113
4.29;0.258221032481004;-0.401212330368849;0.468982483268214
4.3;0.254198562155463;-0.403473604490664;0.477283058193315
4.31;0.250154413820429;-0.405527107306666;0.485583633118416
4.32;0.246090666403895;-0.407372580348023;0.493884208043517
4.33;0.2420094011359;-0.409009827949231;0.502184782968618
4.34;0.237912700920692;-0.41043871719883;0.51048535789372
4.35;0.233802649709486;-0.411659177871392;0.518785932818821
4.36;0.229681331873973;-0.412671202340835;0.527086507743922
4.37;0.225550831580788;-0.413474845475122;0.535387082669023
4.38;0.22141323216711;-0.414070224512404;0.543687657594124
4.39;0.217270615517586;-0.414457518918688;0.551988232519225
4.4;0.213125061442762;-0.414636970227088;0.560288807444326
4.41;0.2089786470592;-0.41460888185875;0.568589382369427
4.42;0.204833446171474;-0.414373618925534;0.576889957294529
4.43;0.200691528656213;-0.413931608014543;0.58519053221963
4.44;0.196554959848389;-0.41328333695459;0.593491107144731
4.45;0.192425799930015;-0.412429354564717;0.601791682069832
4.46;0.188306103321438;-0.411370270384853;0.610092256994933
4.47;0.184197918075412;-0.410106754388744;0.618392831920034
4.48;0.180103285274113;-0.408639536679253;0.626693406845135
4.49;0.176024238429283;-0.406969407166161;0.634993981770236
4.5;0.171962802885678;-0.405097215226598;0.643294556695338
4.51;0.167920995227982;-0.403023869348226;0.651595131620439
4.52;0.163900822691373;-0.400750336755319;0.65989570654554
4.53;0.159904282575902;-0.398277643017881;0.668196281470641
4.54;0.155933361664853;-0.395606871643941;0.676496856395742
4.55;0.151990035647264;-0.392739163655184;0.684797431320843
4.56;0.148076268544756;-0.389675717146072;0.693098006245944
4.57;0.144194012142853;-0.386417786826615;0.701398581171045
4.58;0.140345205426942;-0.382966683548949;0.709699156096147
4.59;0.13653177402304;-0.379323773817912;0.717999731021248
4.6;0.13275562964353;-0.375490479285766;0.726300305946349
4.61;0.129018669538017;-0.371468276231264;0.73460088087145
4.62;0.125322775949462;-0.367258695023235;0.742901455796551
4.63;0.121669815575758;-0.362863319568876;0.751202030721652
4.64;0.118061639036877;-0.358283786746945;0.759502605646753
4.65;0.114500080347763;-0.353521785826049;0.767803180571854
4.66;0.110986956397106;-0.348579057868227;0.776103755496956
4.67;0.107524066432146;-0.343457395118033;0.784404330422057
4.68;0.104113191549646;-0.338158640377325;0.792704905347158
4.69;0.100756094193186;-0.332684686365975;0.801005480272259
4.7;0.0974545176569126;-0.327037475068715;0.80930605519736
4.71;0.0942101855958765;-0.321218997068334;0.817606630122461
4.72;0.0910248015431045;-0.315231290865461;0.825907205047562
4.73;0.0879000484335295;-0.309076442185141;0.834207779972663
4.74;0.0848375881349147;-0.302756583270461;0.842508354897765
4.75;0.0818390609858989;-0.296273892163432;0.850808929822866
4.76;0.0789060853412892;-0.289630591973392;0.859109504747967
4.77;0.0760402571247248;-0.282828950133142;0.867410079673068
4.78;0.0732431493888344;-0.27587127764309;0.875710654598169
4.79;0.0705163118830047;-0.268759928303619;0.88401122952327
4.8;0.067861270628877;-0.261497297935955;0.892311804448371
4.81;0.0652795275036872;-0.254085823591776;0.900612379373473
4.82;0.0627725598315574;-0.246527982751815;0.908912954298574
4.83;0.0603418199828524;-0.238826292513727;0.917213529223675
4.84;0.0579887349817028;-0.230983308769476;0.925514104148776
4.85;0.0557147061218019;-0.2230016253725;0.933814679073877
4.86;0.0535211085905749;-0.214883873294939;0.942115253998978
4.87;0.0514092911018207;-0.206632719775173;0.950415828924079
4.88;0.0493805755369194;-0.198250867455965;0.958716403849181
4.89;0.0474362565947013;-0.189741053513463;0.967016978774282
4.9;0.0455776014500647;-0.181106048777353;0.975317553699383
4.91;0.0438058494214316;-0.172348656842434;0.983618128624484
4.92;0.0421222116471252;-0.1634717131719;0.991918703549585
4.93;0.0405278707707505;-0.154478084192607;1.00021927847469
4.94;0.0390239806356578;-0.145370666382615;1.00851985339979
4.95;0.0376116659885638;-0.136152385351294;1.01682042832489
4.96;0.0362920221924049;-0.126826194912268;1.02512100324999
4.97;0.0350661149484912;-0.117395076149513;1.03342157817509
4.98;0.0339349800280303;-0.107862036476871;1.04172215310019
4.99;0.0328996230130837;-0.0982301086912936;1.05002272802529
5;0.0319610190470183;-0.0885023500201095;1.05832330295039
5.01;0.0311201125945111;-0.0786818411625957;1.0666238778755
5.02;0.0303778172111623;-0.068771685326167;1.0749244528006
5.03;0.0297350153227699;-0.0587750072574728;1.0832250277257
5.04;0.0291925580143156;-0.048694952268703;1.0915256026508
5.05;0.0287512648287071;-0.0385346852594019;1.0998261775759
5.06;0.0284119235753222;-0.0282973897340921;1.108126752501
5.07;0.028175290148394;-0.0179862668160104;1.1164273274261
5.08;0.0280420883552754;-0.00760453425725634;1.1247279023512
5.09;0.0280130097546171;0.00284457455434223;1.1330284772763
5.1;0.0280887135044899;0.0133578115913435;1.14132905220141
5.11;0.0282698262204817;0.0239319151854828;1.14962962712651
5.12;0.0285569418437925;0.034563611028836;1.15793020205161
5.13;0.0289506215193505;0.0452496131770506;1.16623077697671
5.14;0.0294513934839693;0.0559866250543418;1.17453135190181
5.15;0.0300597529645613;0.0667713404599473;1.18283192682691
5.16;0.0307761620864215;0.0776004445757376;1.19113250175201
5.17;0.0316010497915914;0.0884706149746781;1.19943307667711
5.18;0.0325348117673098;0.0993785226298388;1.20773365160221
5.19;0.0335778103845558;0.110320832923648;1.21603422652732
5.2;0.0347303746466839;0.121294206657086;1.22433480145242
5.21;0.0359928001481493;0.132295301058523;1.23263537637752
5.22;0.0373653490433198;0.143320770791885;1.24093595130262
5.23;0.0388482500253642;0.154367268963863;1.24923652622772
5.24;0.0404416983152082;0.165431448129857;1.25753710115282
5.25;0.0421458556605427;0.176509961298354;1.26583767607792
5.26;0.0439608503448671;0.187599462933446;1.27413825100302
5.27;0.0458867772065495;0.198696609955183;1.28243882592812
5.28;0.0479236976678784;0.209798062737484;1.29073940085323
5.29;0.0500716397740827;0.220900486103281;1.29903997577833
5.3;0.0523305982422882;0.23200055031663;1.30734055070343
5.31;0.0547005345203816;0.243094932071485;1.31564112562853
5.32;0.0571813768557457;0.254180315476839;1.32394170055363
5.33;0.0597730203738284;0.265253393037955;1.33224227547873
5.34;0.0624753271665062;0.27631086663339;1.34054285040383
5.35;0.0652881263901967;0.287349448487538;1.34884342532893
5.36;0.0682112143736763;0.298365862138384;1.35714400025403
5.37;0.0712443547355527;0.309356843400225;1.36544457517914
5.38;0.0743872785113404;0.320319141321033;1.37374515010424
5.39;0.0776396842900855;0.33124951913423;1.38204572502934
5.4;0.0810012383604812;0.342144755204551;1.39034629995444
5.41;0.0844715748664151;0.353001643967767;1.39864687487954
5.42;0.0880502959718847;0.363816996863958;1.40694744980464
5.43;0.0917369720352158;0.374587643264099;1.41524802472974
5.44;0.0955311417925154;0.385310431389665;1.42354859965484
5.45;0.0994323125502886;0.39598222922502;1.43184917457994
5.46;0.103439960387146;0.406599925422298;1.44014974950505
5.47;0.107553530364523;0.417160430198547;1.44845032443015
5.48;0.111772436746342;0.427660676224856;1.45675089935525
5.49;0.116096063227518;0.438097619507233;1.46505147428035
5.5;0.120523763171241;0.448468240258965;1.47335204920545
5.51;0.125054859854948;0.458769543764226;1.48165262413055
5.52;0.129688646724878;0.468998561232693;1.48995319905565
5.53;0.134424387659144;0.479152350644903;1.49825377398075
5.54;0.139261317239208;0.489227997588156;1.50655434890586
5.55;0.144198641029675;0.499222616082684;1.51485492383096
5.56;0.149235535866308;0.509133349397894;1.52315549875606
5.57;0.154371150152147;0.518957370858429;1.53145607368116
5.58;0.159604604161659;0.52869188463984;1.53975664860626
5.59;0.164934990352783;0.538334126553642;1.54805722353136
5.6;0.170361373686787;0.547881364821536;1.55635779845646
5.61;0.175882791955809;0.557330900838584;1.56465837338156
5.62;0.181498256117986;0.566680069925133;1.57295894830666
5.63;0.187206750640049;0.575926242067275;1.58125952323177
5.64;0.19300723384727;0.585066822645636;1.58956009815687
5.65;0.19889863828064;0.594099253152318;1.59786067308197
5.66;0.204879871061169;0.603021011895766;1.60616124800707
5.67;0.210949814261175;0.611829614693404;1.61446182293217
5.68;0.217107325282449;0.620522615551824;1.62276239785727
5.69;0.223351237241152;0.629097607334365;1.63106297278237
5.7;0.229680359359349;0.637552222415897;1.63936354770747
5.71;0.236093477363021;0.645884133324633;1.64766412263257
5.72;0.242589353886432;0.654091053370804;1.65596469755768
5.73;0.24916672888274;0.662170737262022;1.66426527248278
5.74;0.255824320040682;0.670120981705193;1.67256584740788
5.75;0.262560823207227;0.67793962599478;1.68086642233298
5.76;0.269374912816053;0.685624552587316;1.68916699725808
5.77;0.276265242321697;0.693173687661969;1.69746757218318
5.78;0.283230444639254;0.700585001667053;1.70576814710828
5.79;0.290269132589474;0.70785650985232;1.71406872203338
5.8;0.297379899349122;0.714986272786913;1.72236929695848
5.81;0.304561318906449;0.72197239686284;1.73066987188359
5.82;0.311811946521628;0.72881303478385;1.73897044680869
5.83;0.319130319192025;0.735506386039582;1.74727102173379
5.84;0.326514956122129;0.742050697364881;1.75557159665889
5.85;0.333964359198025;0.748444263184157;1.76387217158399
5.86;0.341477013466224;0.754685426040686;1.77217274650909
5.87;0.349051387616736;0.760772577010752;1.78047332143419
5.88;0.356685934470204;0.766704156102523;1.78877389635929
5.89;0.364379091468962;0.77247865263958;1.79707447128439
5.9;0.372129281171858;0.778094605628999;1.8053750462095
5.91;0.379934911752688;0.783550604113913;1.8136756211346
5.92;0.387794377502087;0.788845287510462;1.8219761960597
5.93;0.395706059332717;0.793977345929069;1.8302767709848
5.94;0.403668325287599;0.798945520479967;1.8385773459099
5.95;0.411679531051424;0.803748603562911;1.846877920835
5.96;0.419738020464699;0.808385439141023;1.8551784957601
5.97;0.42784212604055;0.812854922998701;1.8634790706852
5.98;0.43599016948404;0.817156002983558;1.8717796456103
5.99;0.444180462213828;0.821287679232335;1.88008022053541
6;0.45241130588602;0.825249004380756;1.88838079546051
6.01;0.460680992920043;0.829039083757277;1.89668137038561
6.02;0.468987807026386;0.832657075560717;1.90498194531071
6.03;0.477330023736043;0.836102191021726;1.91328252023581
6.04;0.485705910931497;0.839373694548085;1.92158309516091
6.05;0.494113729379088;0.84247090385381;1.92988367008601
6.06;0.502551733262596;0.845393190072067;1.93818424501111
6.07;0.51101817071788;0.848139977851861;1.94648481993621
6.08;0.519511284368415;0.850710745438533;1.95478539486132
6.09;0.528029311861553;0.85310502473805;1.96308596978642
6.1;0.536570486405363;0.855322401365089;1.97138654471152
6.11;0.545133036475817;0.857359194590242;1.97553683217407
6.12;0.553714770676363;0.859105605982503;1.96723625724897
6.13;0.562312423292132;0.860508550477234;1.95893568232387
6.14;0.570922560333308;0.861568197833133;1.95063510739877
6.15;0.579541749969628;0.862284820424057;1.94233453247366
6.16;0.588166563555401;0.862658792981013;1.93403395754856
6.17;0.596793576651809;0.86269059230391;1.92573338262346
6.18;0.605419370046182;0.862380796943209;1.91743280769836
6.19;0.614040530767966;0.861730086851626;1.90913223277326
6.2;0.622653653101066;0.860739243006025;1.90083165784816
6.21;0.631255339592281;0.859409146999693;1.89253108292306
6.22;0.639842202055519;0.857740780605138;1.88423050799796
6.23;0.648410862571518;0.855735225307625;1.87592993307286
6.24;0.656957954482768;0.853393661809613;1.86762935814775
6.25;0.665480123383345;0.850717369506302;1.85932878322265
6.26;0.673974028103372;0.847707725932509;1.85102820829755
6.27;0.682436341687824;0.844366206181061;1.84272763337245
6.28;0.690863752369387;0.840694382292952;1.83442705844735
6.29;0.699252964535089;0.836693922619488;1.82612648352225
6.3;0.707600699686432;0.832366591156651;1.81782590859715
6.31;0.715903697392746;0.827714246851948;1.80952533367205
6.32;0.724158716237478;0.822738842883974;1.80122475874695
6.33;0.732362534757167;0.817442425914978;1.79292418382184
6.34;0.740511952372818;0.811827135316689;1.78462360889674
6.35;0.748603790313411;0.805895202369675;1.77632303397164
6.36;0.756634892531297;0.799648949436538;1.76802245904654
6.37;0.764602126609197;0.793090789109216;1.75972188412144
6.38;0.772502384658568;0.786223223330713;1.75142130919634
6.39;0.780332584209064;0.779048842491548;1.74312073427124
6.4;0.788089669088858;0.771570324501248;1.73482015934614
6.41;0.795770610295562;0.763790433835199;1.72651958442104
6.42;0.803372406857503;0.755712020557188;1.71821900949593
6.43;0.810892086685125;0.747338019317968;1.70991843457083
6.44;0.818326707412264;0.738671448330189;1.70161785964573
6.45;0.825673357227066;0.729715408320042;1.69331728472063
6.46;0.832929155692324;0.72047308145597;1.68501670979553
6.47;0.840091254554995;0.710947730254806;1.67671613487043
6.48;0.847156838544677;0.701142696465711;1.66841555994533
6.49;0.854123126160835;0.69106139993227;1.66011498502023
6.5;0.860987370448541;0.680707337433145;1.65181441009512
6.51;0.867746859762534;0.670084081501648;1.64351383517002
6.52;0.874398918519374;0.659195279224643;1.63521326024492
6.53;0.880940907937503;0.64804465102116;1.62691268531982
6.54;0.887370226764992;0.636635989401125;1.61861211039472
6.55;0.893684311994796;0.624973157704617;1.61031153546962
6.56;0.899880639567311;0.613060088822056;1.60201096054452
6.57;0.90595672506005;0.600900783895745;1.59371038561942
6.58;0.91191012436425;0.588499311003182;1.58540981069432
6.59;0.917738434348235;0.575859803822572;1.57710923576921
6.6;0.923439293507354;0.562986460280971;1.56880866084411
6.61;0.92901038260032;0.549883541185484;1.56050808591901
6.62;0.934449425271797;0.53655536883798;1.55220751099391
6.63;0.939754188661047;0.523006325633744;1.54390693606881
6.64;0.944922483996507;0.509240852644527;1.53560636114371
6.65;0.949952167176118;0.495263448186445;1.52730578621861
6.66;0.95484113933327;0.481078666373177;1.51900521129351
6.67;0.959587347388215;0.466691115654921;1.51070463636841
6.68;0.964188784584809;0.452105457343582;1.5024040614433
6.69;0.968643491012439;0.437326404124637;1.4941034865182
6.7;0.972949554113018;0.422358718556167;1.4858029115931
6.71;0.97710510917291;0.407207211555517;1.477502336668
6.72;0.981108339799668;0.391876740874056;1.4692017617429
6.73;0.984957478383471;0.376372209560525;1.4609011868178
6.74;0.988650806543137;0.360698564413446;1.4526006118927
6.75;0.992186655556626;0.344860794423076;1.4443000369676
6.76;0.995563406775901;0.328863929203388;1.4359994620425
6.77;0.998779492026081;0.312713037414577;1.42769888711739
6.78;1.00183339398877;0.296413225176566;1.41939831219229
6.79;1.00472364656947;0.279969634474012;1.41109773726719
6.8;1.00744883524904;0.263387441553303;1.40279716234209
6.81;1.01000759741908;0.246671855312041;1.39449658741699
6.82;1.01239862270114;0.229828115681502;1.38619601249189
6.83;1.01462065324976;0.212861492002573;1.37789543756679
6.84;1.01667248403926;0.19577728139567;1.36959486264169
6.85;1.01855296313415;0.178580807125125;1.36129428771659
6.86;1.02026099194322;0.161277416958551;1.35299371279148
6.87;1.02179552545714;0.143872481521676;1.34469313786638
6.88;1.02315557246965;0.126371392649158;1.33639256294128
6.89;1.0243401957822;0.108779561731874;1.32809198801618
6.9;1.02534851239208;0.0911024180611923;1.31979141309108
6.91;1.02617969366392;0.0733454071707136;1.31149083816598
6.92;1.02683296548472;0.0555139891760053;1.30319026324088
6.93;1.02730760840211;0.0376136371128112;1.29488968831578
6.94;1.02760295774612;0.0196498352742462;1.28658911339068
6.95;1.02771840373428;0.00162807754747438;1.27828853846557
6.96;1.02765339156001;-0.0164461342496301;1.26998796354047
6.97;1.02740742146452;-0.0345672920313414;1.26168738861537
6.98;1.02698004879196;-0.0527298831059602;1.25338681369027
6.99;1.02637088402802;-0.0709283918362174;1.24508623876517
7;1.02557959282192;-0.0891573012977065;1.23678566384007
7.01;1.02460589599184;-0.107411094934852;1.22848508891497
7.02;1.02344956951378;-0.125684258213921;1.22018451398987
7.03;1.02211044449391;-0.143971280272586;1.21188393906476
7.04;1.02058840712444;-0.162266655565556;1.20358336413966
7.05;1.01888339862309;-0.180564885505782;1.19528278921456
7.06;1.01699541515612;-0.198860480100759;1.18698221428946
7.07;1.01492450774504;-0.217147959583434;1.17868163936436
7.08;1.01267078215704;-0.235421856037251;1.17038106443926
7.09;1.01023439877921;-0.253676715014853;1.16208048951416
7.1;1.00761557247655;-0.271907097149955;1.15377991458906
7.11;1.00481457243399;-0.290107579761935;1.14547933966396
7.12;1.00183172198228;-0.308272758452661;1.13717876473885
7.13;0.99866739840806;-0.326397248695095;1.12887818981375
7.14;0.995322032747994;-0.344475687413211;1.12057761488865
7.15;0.99179610956721;-0.362502734552763;1.11227703996355
7.16;0.988090166722038;-0.380473074642458;1.10397646503845
7.17;0.984204795107191;-0.398381418345072;1.09567589011335
7.18;0.980140638387485;-0.416222503998071;1.08737531518825
7.19;0.975898392714201;-0.433991099143284;1.07907474026315
7.2;0.971478806426195;-0.451682002045197;1.07077416533805
7.21;0.966882679735886;-0.469290043197421;1.06247359041294
7.22;0.96211086440023;-0.486810086816921;1.05417301548784
7.23;0.957164263376807;-0.504237032325554;1.04587244056274
7.24;0.952043830465156;-0.521565815818524;1.03757186563764
7.25;0.946750569933479;-0.538791411519301;1.02927129071254
7.26;0.941285536130867;-0.555908833220631;1.02097071578744
7.27;0.935649833085172;-0.572913135711189;1.01267014086234
7.28;0.929844614086682;-0.589799416187503;1.00436956593724
7.29;0.923871081257744;-0.606562815650736;0.996068991012136
7.3;0.917730485108492;-0.623198520287937;0.987768416087034
7.31;0.911424124078829;-0.639701762837367;0.979467841161933
7.32;0.904953344066827;-0.656067823937538;0.971167266236832
7.33;0.898319537943723;-0.672292033459559;0.962866691311731
7.34;0.891524145055651;-0.688369771822444;0.95456611638663
7.35;0.884568650712315;-0.704296471291008;0.946265541461529
7.36;0.877454585662752;-0.720067617255981;0.937964966536428
7.37;0.870183525558381;-0.73567874949601;0.929664391611327
7.38;0.862757090403508;-0.75112546342118;0.921363816686225
7.39;0.855176943993492;-0.766403411297722;0.913063241761124
7.4;0.847444793340735;-0.781508303453578;0.904762666836023
7.41;0.839562388088718;-0.796435909464483;0.896462091910922
7.42;0.831531519914254;-0.811182059320256;0.888161516985821
7.43;0.823354021918172;-0.825742644570968;0.87986094206072
7.44;0.815031768004636;-0.840113619452694;0.871560367135619
7.45;0.806566672249293;-0.854291001992535;0.863259792210518
7.46;0.797960688256464;-0.868270875092624;0.854959217285416
7.47;0.789215808505599;-0.882049387592812;0.846658642360315
7.48;0.780334063687196;-0.895622755311775;0.838358067435214
7.49;0.771317522028403;-0.908987262066244;0.830057492510113
7.5;0.762168288608538;-0.922139260668103;0.821756917585012
7.51;0.752888504664732;-0.935075173899097;0.813456342659911
7.52;0.743480346887923;-0.94779149546288;0.80515576773481
7.53;0.733946026709442;-0.960284790914174;0.796855192809709
7.54;0.724287789578403;-0.972551698564795;0.788554617884607
7.55;0.714507914230141;-0.984588930366305;0.780254042959506
7.56;0.704608711945931;-0.99639327276908;0.771953468034405
7.57;0.694592525804219;-1.00796158755756;0.763652893109304
7.58;0.684461729923611;-1.01929081266151;0.755352318184203
7.59;0.674218728697862;-1.03037796294299;0.747051743259102
7.6;0.663865956023095;-1.04122013095902;0.738751168334
7.61;0.653405874517517;-1.05181448769953;0.730450593408899
7.62;0.642840974733853;-1.06215828330065;0.722150018483798
7.63;0.63217377436477;-1.07224884773291;0.713849443558697
7.64;0.621406817441527;-1.08208359146445;0.705548868633596
7.65;0.610542673526109;-1.09166000609889;0.697248293708495
7.66;0.599583936897093;-1.10097566498782;0.688947718783394
7.67;0.588533225729506;-1.1100282238177;0.680647143858293
7.68;0.577393181268931;-1.1188154211711;0.672346568933192
7.69;0.566166467000116;-1.12733507906208;0.66404599400809
7.7;0.55485576781034;-1.13558510344573;0.655745419082989
7.71;0.543463789147813;-1.14356348470155;0.647444844157888
7.72;0.531993256175346;-1.15126829809082;0.639144269232787
7.73;0.520446912919575;-1.15869770418762;0.630843694307686
7.74;0.50882752141599;-1.16584994928363;0.622543119382585
7.75;0.497137860850032;-1.1727233657665;0.614242544457484
7.76;0.485380726694531;-1.17931637247173;0.605941969532382
7.77;0.473558929843739;-1.18562747500813;0.597641394607281
7.78;0.46167529574423;-1.19165526605656;0.58934081968218
7.79;0.449732663522936;-1.19739842564221;0.581040244757079
7.8;0.437733885112572;-1.20285572138015;0.572739669831978
7.81;0.425681824374735;-1.20802600869416;0.564439094906877
7.82;0.413579356220925;-1.21290823100899;0.556138519981776
7.83;0.401429365731773;-1.21750141991577;0.547837945056674
7.84;0.389234747274727;-1.22180469531083;0.539537370131574
7.85;0.376998403620478;-1.22581726550768;0.531236795206472
7.86;0.364723245058377;-1.22953842732246;0.522936220281371
7.87;0.352412188511128;-1.23296756613252;0.51463564535627
7.88;0.340068156649005;-1.23610415590853;0.506335070431169
7.89;0.327694077003877;-1.23894775921988;0.498034495506068
7.9;0.315292881083289;-1.24149802721348;0.489733920580967
7.91;0.302867503484883;-1.2437546995662;0.481433345655865
7.92;0.290420881011411;-1.24571760441063;0.473132770730764
7.93;0.277955951786605;-1.24738665823469;0.464832195805663
7.94;0.265475654372173;-1.24876186575472;0.456531620880562
7.95;0.252982926886185;-1.24984331976248;0.448231045955461
7.96;0.240480706123102;-1.25063120094594;0.43993047103036
7.97;0.227971926675716;-1.25112577768405;0.431629896105259
7.98;0.215459520059257;-1.25132740581562;0.423329321180158
7.99;0.202946413837933;-1.25123652838229;0.415028746255056
8;0.19043553075415;-1.25085367534584;0.406728171329955
8.01;0.17792978786068;-1.25017946328003;0.398427596404854
8.02;0.165432095656017;-1.2492145950368;0.390127021479753
8.03;0.152945357223194;-1.24795985938739;0.381826446554652
8.04;0.140472467372295;-1.2464161306382;0.373525871629551
8.05;0.128016311786926;-1.24458436822168;0.36522529670445
8.06;0.115579766174885;-1.24246561626245;0.356924721779349
8.07;0.103165695423284;-1.24006100311875;0.348624146854247
8.08;0.0907769527583658;-1.23737174089945;0.340323571929146
8.09;0.0784163789102629;-1.23439912495673;0.332022997004045
8.1;0.0660868012829323;-1.23114453335475;0.323722422078944
8.11;0.0537910331295167;-1.22760942631439;0.315421847153843
8.12;0.0415318727333627;-1.22379534563433;0.307121272228742
8.13;0.0293121025949337;-1.21970391408869;0.298820697303641
8.14;0.0171344886248524;-1.21533683480141;0.290520122378539
8.15;0.00500177934330207;-1.21069589059763;0.282219547453439
8.16;-0.00708329491398277;-1.20578294333227;0.273918972528337
8.17;-0.0191180227829098;-1.20059993319611;0.265618397603236
8.18;-0.0310997126511829;-1.19514887799956;0.257317822678135
8.19;-0.0430256934311944;-1.18943187243442;0.249017247753034
8.2;-0.0548933153254363;-1.18345108731378;0.240716672827933
8.21;-0.0666999505842144;-1.17720876879055;0.232416097902832
8.22;-0.0784429942554508;-1.17070723755459;0.224115522977731
8.23;-0.090119864926364;-1.16394888800902;0.215814948052629
8.24;-0.101728005456818;-1.15693618742574;0.207514373127528
8.25;-0.113264883704137;-1.14967167508061;0.199213798202427
8.26;-0.124727993239175;-1.14215796136853;0.190913223277326
8.27;-0.136114854053457;-1.13439772689875;0.182612648352225
8.28;-0.147423013257174;-1.12639372157057;0.174312073427124
8.29;-0.158650045767858;-1.11814876363004;0.166011498502023
8.3;-0.169793554989531;-1.10966573870763;0.157710923576922
8.31;-0.180851173482155;-1.10094759883742;0.14941034865182
8.32;-0.191820563621183;-1.09199736145812;0.141109773726719
8.33;-0.202699418247049;-1.08281810839613;0.132809198801618
8.34;-0.213485461304398;-1.07341298483102;0.124508623876517
8.35;-0.224176448470903;-1.06378519824392;0.116208048951416
8.36;-0.234770167775486;-1.05393801734894;0.107907474026315
8.37;-0.245264440205777;-1.04387477100807;0.0996068991012138
8.38;-0.255657120304651;-1.03359884713;0.0913063241761123
8.39;-0.265946096755681;-1.02311369155303;0.0830057492510112
8.4;-0.276129292957351;-1.01242280691259;0.0747051743259102
8.41;-0.286204667585875;-1.00152975149371;0.0664045994008091
8.42;-0.296170215146477;-0.990438138068687;0.0581040244757078
8.43;-0.306023966512974;-0.979151632720524;0.0498034495506068
8.44;-0.315763989455546;-0.967673953652324;0.0415028746255057
8.45;-0.325388389156522;-0.95600886998316;0.0332022997004044
8.46;-0.334895308714078;-0.944160200530729;0.0249017247753034
8.47;-0.344282929633691;-0.932131812581208;0.0166011498502023
8.48;-0.35354947230725;-0.919927620646691;0.00830057492510128
8.49;-0.362693196479674;-0.907551585210608;0
8.5;-0.371712302127167;-0.894970376822943;0
8.51;-0.380604482253817;-0.882142514616582;0
8.52;-0.389367289478382;-0.869072267794095;0
8.53;-0.397998319406742;-0.855763970878037;0
8.54;-0.406495211278764;-0.842222022299363;0
8.55;-0.414855648600969;-0.828450882969114;0
8.56;-0.423077359764845;-0.814455074833835;0
8.57;-0.431158118650648;-0.800239179415167;0
8.58;-0.439095745216518;-0.785807836334104;0
8.59;-0.446888106072782;-0.771165741820359;0
8.6;-0.454533115041276;-0.756317647207334;0
8.61;-0.462028733699563;-0.741268357413149;0
8.62;-0.469372971909891;-0.726022729408222;0
8.63;-0.476563888332772;-0.710585670669885;0
8.64;-0.483599590925053;-0.694962137624509;0
8.65;-0.490478237422353;-0.679157134077634;0
8.66;-0.497198035805742;-0.663175709632602;0
8.67;-0.50375724475257;-0.647022958098166;0
8.68;-0.51015417407131;-0.630704015885603;0
8.69;-0.516387185120335;-0.614224060395793;0
8.7;-0.522454691210523;-0.597588308396795;0
8.71;-0.528355157991594;-0.580802014392406;0
8.72;-0.53408710382209;-0.563870468982213;0
8.73;-0.539649100122929;-0.546798997213645;0
8.74;-0.545039771714437;-0.529592956926528;0
8.75;-0.5502577971368;-0.512257737090656;0
8.76;-0.555301908953852;-0.494798756136893;0
8.77;-0.56017089404016;-0.477221460282304;0
8.78;-0.564863593851326;-0.459531321849838;0
8.79;-0.569378904677467;-0.44173383758308;0
8.8;-0.57371577787982;-0.423834526956566;0
8.81;-0.577873220110436;-0.405838930482204;0
8.82;-0.581850293514916;-0.387752608012283;0
8.83;-0.58564611591817;-0.369581137039614;0
8.84;-0.589259860993164;-0.3513301109953;0
8.85;-0.592690758412637;-0.333005137544651;0
8.86;-0.595938093983766;-0.314611836881766;0
8.87;-0.599001209765778;-0.296155840023286;0
8.88;-0.601879504170498;-0.277642787101841;0
8.89;-0.604572432045827;-0.259078325659688;0
8.9;-0.607079504742163;-0.240468108943072;0
8.91;-0.609400290161771;-0.2218177941978;0
8.92;-0.611534412791114;-0.203133040966547;0
8.93;-0.613481553716166;-0.184419509388405;0
8.94;-0.615241450620736;-0.165682858501169;0
8.95;-0.616813897767828;-0.146928744546874;0
8.96;-0.618198745964068;-0.128162819281083;0
8.97;-0.61939590250725;-0.109390728286426;0
8.98;-0.620405331117034;-0.0906181092908842;0
8.99;-0.621227051848851;-0.0718505904913213;0
9;-0.621861140991066;-0.0530937888827559;0
9.01;-0.622307730945469;-0.0343533085938585;0
9.02;-0.622567010091141;-0.0156347392291692;0
9.03;-0.622639222631781;0.0030563457814835;0
9.04;-0.62252466842656;0.0217143908258771;0
9.05;-0.62222370280458;0.0403338597441259;0
9.06;-0.621736736363028;0.0589092374547706;0
9.07;-0.621064234749104;0.0774350315717555;0
9.08;-0.620206718425831;0.095905774011822;0
9.09;-0.619164762421825;0.114316022591856;0
9.1;-0.617938996065148;0.132660362615727;0
9.11;-0.616530102701335;0.150933408450155;0
9.12;-0.614938819395717;0.169129805089165;0
9.13;-0.613165936620152;0.187244229706667;0
9.14;-0.611212297924283;0.205271393196722;0
9.15;-0.609078799591451;0.223206041701052;0
9.16;-0.606766390279398;0.241042958123363;0
9.17;-0.604276070645878;0.258776963630039;0
9.18;-0.601608892959327;0.276402919136794;0
9.19;-0.59876596069474;0.293915726780848;0
9.2;-0.595748428114878;0.311310331378222;0
9.21;-0.592557499836984;0.328581721865726;0
9.22;-0.589194430385138;0.345724932727256;0
9.23;-0.585660523728433;0.362735045403972;0
9.24;-0.581957132805111;0.379607189687989;0
9.25;-0.57808565903285;0.39633654509917;0
9.26;-0.574047551805349;0.412918342244653;0
9.27;-0.569844307975405;0.429347864160721;0
9.28;-0.565477471324647;0.445620447636657;0
9.29;-0.560948632020119;0.461731484520201;0
9.3;-0.556259426057887;0.477676423004272;0
9.31;-0.551411534693869;0.493450768894575;0
9.32;-0.546406683862071;0.509050086857767;0
9.33;-0.54124664358044;0.524470001649836;0
9.34;-0.535933227344508;0.539706199324347;0
9.35;-0.530468291509061;0.554754428420246;0
9.36;-0.524853734658013;0.569610501128887;0
9.37;-0.519091496962709;0.584270294439975;0
9.38;-0.513183559528861;0.598729751266113;0
9.39;-0.507131943732343;0.612984881545659;0
9.4;-0.500938710544047;0.627031763323593;0
9.41;-0.494605959844033;0.640866543810108;0
9.42;-0.488135829725203;0.65448544041666;0
9.43;-0.481530495786703;0.667884741769176;0
9.44;-0.474792170417308;0.68106080869819;0
9.45;-0.467923102069003;0.694010075205626;0
9.46;-0.460925574521006;0.706729049407981;0
9.47;-0.453801906134468;0.719214314455682;0
9.48;-0.446554449098081;0.731462529428357;0
9.49;-0.43918558866485;0.743470430205819;0
9.5;-0.431697742380258;0.755234830314526;0
9.51;-0.424093359302086;0.766752621749306;0
9.52;-0.416374919212119;0.778020775770158;0
9.53;-0.408544931820002;0.789036343673918;0
9.54;-0.400605935959493;0.799796457540601;0
9.55;-0.392560498777367;0.810298330954257;0
9.56;-0.384411214915224;0.820539259698148;0
9.57;-0.376160705684463;0.830516622424092;0
9.58;-0.367811618234684;0.840227881295812;0
9.59;-0.359366624715765;0.849670582606157;0
9.6;-0.350828421433892;0.858842357368031;0
9.61;-0.342199728001799;0.867740921878917;0
9.62;-0.333483286483471;0.876364078258866;0
9.63;-0.324681860533607;0.884709714961835;0
9.64;-0.315798234532067;0.892775807260259;0
9.65;-0.306835212713613;0.900560417702782;0
9.66;-0.297795618293183;0.908061696545021;0
9.67;-0.288682292586982;0.915277882153313;0
9.68;-0.279498094129657;0.922207301381343;0
9.69;-0.270245897787832;0.928848369919617;0
9.7;-0.260928593870263;0.935199592617683;0
9.71;-0.251549087234901;0.941259563779091;0
9.72;-0.242110296393122;0.94702696742902;0
9.73;-0.23261515261141;0.952500577554554;0
9.74;-0.223066599010755;0.957679258317578;0
9.75;-0.213467589664049;0.962561964240277;0
9.76;-0.203821088691748;0.967147740363227;0
9.77;-0.194130069356079;0.971435722376086;0
9.78;-0.18439751315406;0.975425136720884;0
9.79;-0.174626408909612;0.979115300667928;0
9.8;-0.164819751865037;0.98250562236436;0
9.81;-0.15498054277213;0.985595600855377;0
9.82;-0.145111786983204;0.98838482607818;0
9.83;-0.135216493542298;0.990872978828675;0
9.84;-0.125297674276838;0.993059830701009;0
9.85;-0.115358342890026;0.994945243999978;0
9.86;-0.105401514054229;0.996529171626405;0
9.87;-0.0954302025056352;0.997811656935553;0
9.88;-0.0854474221404397;0.998792833568667;0
9.89;-0.0754561851128467;0.999472925257743;0
9.9;-0.065459500935136;0.999852245603624;0
9.91;-0.0554603755800714;0.999931197827542;0
9.92;-0.0454618105859122;0.999710274496219;0
9.93;-0.0354668021642916;0.99919005722066;0
9.94;-0.025478340311226;0.99837121632877;0
9.95;-0.0154994079215148;0.997254510511946;0
9.96;-0.00553297990679085;0.995840786445777;0
9.97;0.0044179776825197;0.994130978385034;0
9.98;0.014350508531073;0.992126107733092;0
9.99;0.0242616669280624;0.989827282585982;0
10;0.0341485186320006;0.987235697251221;0
10.01;0.0440081417305773;0.984352631741649;0
10.02;0.0538376274953432;0.981179451244421;0
10.03;0.0636340812309733;0.977717605565399;0
10.04;0.0733946231188639;0.973968628549124;0
10.05;0.0831163890548198;0.969934137474594;0
10.06;0.0927965314805926;0.965615832427071;0
10.07;0.102432220209028;0.961015495646149;0
10.08;0.11202064324259;0.956134990850311;0
10.09;0.121559007585024;0.950976262538224;0
10.1;0.13104454004593;0.945541335267021;0
10.11;0.140474488038016;0.939832312907828;0
10.12;0.149846120366805;0.933851377878785;0
10.13;0.15915672801257;0.927600790355853;0
10.14;0.168403624904285;0.921082887461663;0
10.15;0.177584148685355;0.914300082432686;0
10.16;0.186695661470935;0.907254863765034;0
10.17;0.195735550596599;0.899949794339157;0
10.18;0.204701229358171;0.892387510523749;0
10.19;0.213590137742499;0.884570721259169;0
10.2;0.222399743148973;0.876502207120681;0
10.21;0.231127541101584;0.86818481936183;0
10.22;0.239771055951334;0.859621478938277;0
10.23;0.248327841568789;0.850815175512417;0
10.24;0.256795482026599;0.841768966439109;0
10.25;0.265171592271792;0.832485975732868;0
10.26;0.273453818787653;0.822969393016835;0
10.27;0.281639840245018;0.813222472453899;0
10.28;0.289727368142795;0.803248531660304;0
10.29;0.297714147437545;0.793050950602105;0
10.3;0.305597957161954;0.782633170474827;0
10.31;0.313376611032026;0.771998692566695;0
10.32;0.321047958042832;0.761151077105814;0
10.33;0.328609883052667;0.750093942091648;0
10.34;0.336060307355448;0.7388309621112;0
10.35;0.343397189241204;0.727365867140261;0
10.36;0.350618524544522;0.715702441330113;0
10.37;0.357722347180784;0.703844521780084;0
10.38;0.364706729670076;0.691795997296336;0
10.39;0.371569783648623;0.679560807137284;0
10.4;0.378309660367613;0.667142939746055;0
10.41;0.3849245511793;0.654546431470379;0
10.42;0.39141268801024;0.641775365270316;0
10.43;0.397772343821559;0.628833869414236;0
10.44;0.404001833056124;0.615726116163456;0
10.45;0.410099512072514;0.602456320445957;0
10.46;0.416063779565678;0.589028738519577;0
10.47;0.421893076974184;0.575447666625127;0
10.48;0.427585888873949;0.561717439629829;0
10.49;0.433140743358366;0.547842429661505;0
10.5;0.438556212404728;0.533827044733952;0
10.51;0.443830912226878;0.519675727363912;0
10.52;0.448963503613977;0.505392953180087;0
10.53;0.453952692255343;0.490983229524612;0
10.54;0.458797229051262;0.476451094047425;0
10.55;0.463495910409717;0.461801113293973;0
10.56;0.468047578528963;0.447037881286677;0
10.57;0.472451121665896;0.432166018100605;0
10.58;0.476705474390147;0.41719016843378;0
10.59;0.480809617823858;0.402115000172559;0
10.6;0.484762579867099;0.386945202952539;0
10.61;0.488563435408861;0.371685486715408;0
10.62;0.492211306523618;0.356340580262186;0
10.63;0.495705362653391;0.340915229803312;0
10.64;0.499044820775312;0.325414197505991;0
10.65;0.502228945554644;0.309842260039262;0
10.66;0.505257049483245;0.29420420711722;0
10.67;0.508128493003459;0.278504840040823;0
10.68;0.510842684617419;0.262748970238743;0
10.69;0.513399080981753;0.246941417807681;0
10.7;0.515797186987699;0.231087010052596;0
10.71;0.518036555826619;0.21519058002728;0
10.72;0.520116789040919;0.199256965075721;0
10.73;0.522037536560397;0.183291005374683;0
10.74;0.523798496724014;0.167297542477945;0
10.75;0.525399416287123;0.151281417862626;0
10.76;0.526840090414166;0.135247471478037;0
10.77;0.528120362656885;0.119200540297476;0
10.78;0.529240124918046;0.103145456873415;0
10.79;0.530199317400752;0.0870870478964844;0
10.8;0.530997928543352;0.0710301327586997;0
10.81;0.531635994940005;0.0549795221213412;0
10.82;0.532113601246948;0.0389400164879129;0
10.83;0.532430880074517;0.0229164047825997;0
10.84;0.532588011864979;0.00691346293463716;0
10.85;0.532585224756232;-0.00906404753098829;0
10.86;0.532422794431449;-0.025011380896101;0
10.87;0.532101043954722;-0.0409238086447477;0
10.88;0.53162034359279;-0.0567966208510553;0
10.89;0.530981110622919;-0.07262512755913;0
10.9;0.530183809127027;-0.0884046601545991;0
10.91;0.529228949772127;-0.104130572727398;0
10.92;0.528117089577183;-0.119798243425409;0
10.93;0.526848831666476;-0.135403075798563;0
10.94;0.525424825009574;-0.150940500133016;0
10.95;0.523845764147997;-0.166405974775017;0
10.96;0.522112388908704;-0.181794987444091;0
10.97;0.520225484104489;-0.197103056535158;0
10.98;0.518185879221409;-0.212325732409223;0
10.99;0.515994448093357;-0.227458598672261;0
11;0.513652108563907;-0.242497273441942;0
11.01;0.511159822135537;-0.257437410601827;0
11.02;0.508518593606375;-0.2722747010427;0
11.03;0.505729470694592;-0.28700487389066;0
11.04;0.502793543650569;-0.301623697721645;0
11.05;0.499711944856984;-0.316126981762052;0
11.06;0.49648584841696;-0.330510577075092;0
11.07;0.49311646973041;-0.34477037773258;0
11.08;0.48960506505873;-0.358902321971809;0
11.09;0.485952931077998;-0.372902393337201;0
11.1;0.482161404420822;-0.386766621806415;0
11.11;0.478231861206995;-0.400491084900597;0
11.12;0.474165716563126;-0.414071908778474;0
11.13;0.469964424131401;-0.427505269313987;0
11.14;0.465629475567641;-0.440787393157169;0
11.15;0.461162400028833;-0.453914558777978;0
11.16;0.456564763650294;-0.466883097492803;0
11.17;0.451838169012653;-0.479689394473366;0
11.18;0.446984254598823;-0.492329889737745;0
11.19;0.442004694241147;-0.504801079123252;0
11.2;0.436901196558889;-0.51709951524091;0
11.21;0.431675504386279;-0.529221808411266;0
11.22;0.426329394191267;-0.541164627581302;0
11.23;0.420864675485209;-0.55292470122219;0
11.24;0.415283190223654;-0.56449881820767;0
11.25;0.409586812198438;-0.575883828672803;0
11.26;0.40377744642128;-0.587076644852886;0
11.27;0.397857028499075;-0.598074241902319;0
11.28;0.391827524001097;-0.60887365869319;0
11.29;0.3856909278183;-0.619471998593399;0
11.3;0.379449263514938;-0.629866430224105;0
11.31;0.373104582672695;-0.640054188196312;0
11.32;0.366658964227554;-0.650032573826412;0
11.33;0.360114513799601;-0.659798955830495;0
11.34;0.353473363015976;-0.669350770997269;0
11.35;0.346737668827207;-0.678685524839413;0
11.36;0.339909612817113;-0.687800792223215;0
11.37;0.332991400506515;-0.696694217976331;0
11.38;0.325985260650972;-0.705363517473538;0
11.39;0.31889344453275;-0.713806477200321;0
11.4;0.311718225247265;-0.722020955294185;0
11.41;0.304461896984208;-0.730004882063555;0
11.42;0.297126774303583;-0.737756260484147;0
11.43;0.289715191406883;-0.745273166672708;0
11.44;0.282229501403631;-0.752553750338016;0
11.45;0.274672075573518;-0.75959623520904;0
11.46;0.267045302624353;-0.766398919440184;0
11.47;0.259351587946075;-0.772960175993518;0
11.48;0.251593352861036;-0.779278452997928;0
11.49;0.243773033870804;-0.785352274085125;0
11.5;0.23589308189971;-0.791180238702431;0
11.51;0.227955961535368;-0.796761022402311;0
11.52;0.219964150266403;-0.802093377108588;0
11.53;0.211920137717631;-0.807176131359313;0
11.54;0.203826424882908;-0.812008190526247;0
11.55;0.195685523355889;-0.816588537010932;0
11.56;0.187499954558935;-0.820916230417347;0
11.57;0.1792722489704;-0.824990407701105;0
11.58;0.171004945350525;-0.828810283295226;0
11.59;0.16270058996619;-0.832375149212457;0
11.6;0.154361735814736;-0.835684375124168;0
11.61;0.145990941847116;-0.838737408415826;0
11.62;0.137590772190585;-0.841533774219083;0
11.63;0.129163795371184;-0.844073075420508;0
11.64;0.120712583536232;-0.846354992646981;0
11.65;0.11223971167708;-0.848379284227831;0
11.66;0.10374775685234;-0.850145786133722;0
11.67;0.0952392974118294;-0.851654411892392;0
11.68;0.0867169122214685;-0.852905152481274;0
11.69;0.0781831798893483;-0.853898076197094;0
11.7;0.0696406779932101;-0.854633328502507;0
11.71;0.0610919823095601;-0.855111131849875;0
11.72;0.0525396660446495;-0.855331785482262;0
11.73;0.0439862990675456;-0.855295665211757;0
11.74;0.0354344471455228;-0.855003223175221;0
11.75;0.0268866711819963;-0.85445498756758;0
11.76;0.0183455264572238;-0.853651562352771;0
11.77;0.009813561871998;-0.852593626952479;0
11.78;0.0012933191945506;-0.851281935912785;0
11.79;-0.0072126676891104;-0.849717318548867;0
11.8;-0.0157018735212129;-0.847900678567906;0
11.81;-0.024171782414364;-0.845832993670327;0
11.82;-0.0326198885896093;-0.843515315129561;0
11.83;-0.0410436971101929;-0.840948767350463;0
11.84;-0.0494407246108072;-0.83813454740657;0
11.85;-0.0578085000221199;-0.835073924556377;0
11.86;-0.0661445652903701;-0.831768239738796;0
11.87;-0.0744464760918268;-0.828218905048005;0
11.88;-0.0827118025419025;-0.824427403187862;0
11.89;-0.090938129898721;-0.820395286906097;0
11.9;-0.099123059260936;-0.816124178408475;0
11.91;-0.107264208259602;-0.811615768753149;0
11.92;-0.115359211743902;-0.806871817225415;0
11.93;-0.123405722460532;-0.801894150693082;0
11.94;-0.131401411726557;-0.796684662942703;0
11.95;-0.139343970095539;-0.791245313996879;0
11.96;-0.147231108016759;-0.785578129412885;0
11.97;-0.155060556487341;-0.779685199562851;0
11.98;-0.16283006769709;-0.773568678895764;0
11.99;-0.170537415665876;-0.767230785181516;0
12;-0.178180396873377;-0.760673798737275;0
12.01;-0.185756830881006;-0.753900061636447;0
12.02;-0.19326456094585;-0.746911976900466;0
12.03;-0.200701454626448;-0.73971200767372;0
12.04;-0.208065404380255;-0.732302676381864;0
12.05;-0.215354328152596;-0.724686563873813;0
12.06;-0.22256616995699;-0.716866308547692;0
12.07;-0.229698900446641;-0.708844605461045;0
12.08;-0.236750517476977;-0.700624205425579;0
12.09;-0.243719046659059;-0.692207914086762;0
12.1;-0.250602541903727;-0.683598590988557;0
12.11;-0.257399085956314;-0.67479914862361;0
12.12;-0.264106790921817;-0.665812551469199;0
12.13;-0.270723798780344;-0.656641815009258;0
12.14;-0.277248281892736;-0.647290004742787;0
12.15;-0.283678443496203;-0.637760235178981;0
12.16;-0.290012518189858;-0.628055668819388;0
12.17;-0.296248772410014;-0.618179515127435;0
12.18;-0.302385504895119;-0.608135029485645;0
12.19;-0.30842104714021;-0.597925512140881;0
12.2;-0.314353763840768;-0.587554307137957;0
12.21;-0.320182053325858;-0.577024801241951;0
12.22;-0.32590434798044;-0.566340422849564;0
12.23;-0.331519114656749;-0.555504640889874;0
12.24;-0.337024855074631;-0.544520963714821;0
12.25;-0.342420106210746;-0.53339293797979;0
12.26;-0.347703440676527;-0.522124147514635;0
12.27;-0.352873467084813;-0.510718212185494;0
12.28;-0.357928830405055;-0.499178786747763;0
12.29;-0.362868212307016;-0.487509559690583;0
12.3;-0.367690331492882;-0.475714252073197;0
12.31;-0.37239394401769;-0.463796616353549;0
12.32;-0.376977843598027;-0.45176043520948;0
12.33;-0.381440861908888;-0.439609520352892;0
12.34;-0.385781868868665;-0.427347711337249;0
12.35;-0.389999772912164;-0.414978874358778;0
12.36;-0.394093521251624;-0.402506901051748;0
12.37;-0.398062100125651;-0.389935707278193;0
12.38;-0.401904535036032;-0.377269231912448;0
12.39;-0.40561989097237;-0.364511435620883;0
12.4;-0.409207272624497;-0.351666299637198;0
12.41;-0.412665824582619;-0.338737824533656;0
12.42;-0.415994731525164;-0.325730028988636;0
12.43;-0.419193218394278;-0.31264694855087;0
12.44;-0.42226055055896;-0.299492634400753;0
12.45;-0.425196033965797;-0.286271152109093;0
12.46;-0.42799901527727;-0.272986580393681;0
12.47;-0.430668881997625;-0.259643009874057;0
12.48;-0.433205062586279;-0.246244541824849;0
12.49;-0.43560702655876;-0.23279528692806;0
12.5;-0.43787428457516;-0.219299364024681;0
12.51;-0.440006388516108;-0.205760898865999;0
12.52;-0.442002931546254;-0.19218402286499;0
12.53;-0.443863548165267;-0.178572871848147;0
12.54;-0.445587914246357;-0.16493158480814;0
12.55;-0.447175747062331;-0.151264302657672;0
12.56;-0.448626805299185;-0.137575166984888;0
12.57;-0.449940889057271;-0.123868318810739;0
12.58;-0.451117839840037;-0.110147897348638;0
12.59;-0.452157540530384;-0.0964180387667906;0
12.6;-0.45305991535465;-0.0826828749535771;0
12.61;-0.453824929834274;-0.0689465322863241;0
12.62;-0.454452590725154;-0.0552131304038549;0
12.63;-0.454942945944757;-0.0414867809831642;0
12.64;-0.455296084487009;-0.0277715865205847;0
12.65;-0.455512136325025;-0.0140716391177986;0
12.66;-0.455591272301714;-0.000391019273052156;0
12.67;-0.455533704008329;0.0132662053220734;0
12.68;-0.455339683651006;0.0268959809799852;0
12.69;-0.455009503905359;0.0404942692081456;0
12.7;-0.454543497759195;0.0540570478935377;0
12.71;-0.45394203834341;0.0675803124801844;0
12.72;-0.453205538751153;0.0810600771393819;0
12.73;-0.45233445184531;0.0944923759323072;0
12.74;-0.451329270054403;0.107873263964666;0
12.75;-0.450190525156981;0.121198818533047;0
12.76;-0.448918788054584;0.134465140262656;0
12.77;-0.447514668533369;0.147668354236098;0
12.78;-0.44597881501449;0.160804611112893;0
12.79;-0.444311914293326;0.173870088239394;0
12.8;-0.442514691267656;0.186860990748807;0
12.81;-0.440587908654877;0.199773552650979;0
12.82;-0.438532366698371;0.212604037911671;0
12.83;-0.436348902863131;0.225348741520983;0
12.84;-0.434038391520748;0.238003990550653;0
12.85;-0.43160174362388;0.250566145199914;0
12.86;-0.429039906370315;0.263031599829633;0
12.87;-0.426353862856742;0.275396783984421;0
12.88;-0.423544631722362;0.287658163402449;0
12.89;-0.420613266782453;0.299812241012673;0
12.9;-0.41756085665202;0.311855557919199;0
12.91;-0.414388524359667;0.323784694372515;0
12.92;-0.411097426951808;0.335596270727317;0
12.93;-0.407688755087364;0.347286948386662;0
12.94;-0.404163732623086;0.358853430732208;0
12.95;-0.400523616189628;0.370292464040254;0
12.96;-0.396769694758542;0.38160083838336;0
12.97;-0.392903289200299;0.392775388517287;0
12.98;-0.388925751833532;0.403812994753013;0
12.99;-0.384838465965609;0.414710583813597;0
13;-0.380642845424712;0.425465129675665;0
13.01;-0.376340334083578;0.436073654395274;0
13.02;-0.371932405375039;0.446533228917951;0
13.03;-0.367420561799548;0.456840973872681;0
13.04;-0.362806334424823;0.466994060349642;0
13.05;-0.358091282377805;0.476989710661474;0
13.06;-0.353276992329061;0.486825199087883;0
13.07;-0.34836507796983;0.496497852603393;0
13.08;-0.343357179481858;0.506005051588046;0
13.09;-0.338254963000211;0.515344230520875;0
13.1;-0.333060120069229;0.524512878655968;0
13.11;-0.327774367091794;0.533508540680952;0
13.12;-0.322399444772099;0.54232881735772;0
13.13;-0.316937117552088;0.550971366145264;0
13.14;-0.311389173041749;0.559433901804425;0
13.15;-0.305757421443439;0.567714196984438;0
13.16;-0.300043694970429;0.575810082791114;0
13.17;-0.294249847259851;0.583719449336517;0
13.18;-0.288377752780227;0.591440246270016;0
13.19;-0.282429306233779;0.598970483290573;0
13.2;-0.276406421953694;0.606308230640153;0
13.21;-0.270311033296544;0.613451619578134;0
13.22;-0.264145092030049;0.620398842836612;0
13.23;-0.257910567716369;0.627148155056499;0
13.24;-0.251609447091127;0.633697873204312;0
13.25;-0.245243733438345;0.640046376969562;0
13.26;-0.238815445961502;0.646192109142659;0
13.27;-0.232326619150892;0.652133575973252;0
13.28;-0.225779302147493;0.657869347508933;0
13.29;-0.219175558103539;0.663398057914228;0
13.3;-0.21251746353998;0.668718405769831;0
13.31;-0.205807107701054;0.673829154352003;0
13.32;-0.199046591906145;0.678729131892105;0
13.33;-0.192238028899136;0.683417231816211;0
13.34;-0.185383542195455;0.687892412964767;0
13.35;-0.178485265427023;0.692153699792263;0
13.36;-0.171545341685282;0.696200182546895;0
13.37;-0.164565922862526;0.700031017430195;0
13.38;-0.157549168991721;0.703645426736618;0
13.39;-0.150497247585025;0.707042698973073;0
13.4;-0.143412332971197;0.710222188958402;0
13.41;-0.136296605632101;0.713183317902816;0
13.42;-0.129152251538514;0.715925573467287;0
13.43;-0.12198146148542;0.718448509802916;0
13.44;-0.114786430427008;0.720751747570312;0
13.45;-0.107569356811563;0.722834973938993;0
13.46;-0.10033244191645;0.724697942566851;0
13.47;-0.0930778891833982;0.726340473559728;0
13.48;-0.0858079035542771;0.727762453411137;0
13.49;-0.0785246908075618;0.728963834922188;0
13.5;-0.0712304568956909;0.729944637101776;0
13.51;-0.06392740728351;0.730704945047096;0
13.52;-0.0566177462879988;0.731244909804545;0
13.53;-0.0493036764194762;0.731564748211103;0
13.54;-0.0419873977244802;0.731664742716263;0
13.55;-0.0346711071305152;0.731545241184594;0
13.56;-0.0273569977928605;0.73120665667904;0
13.57;-0.0200472584436322;0.730649467225045;0
13.58;-0.0127440727432898;0.729874215555611;0
13.59;-0.00544961863477764;0.728881508837398;0
13.6;0.00183393229951;0.727672018377977;0
13.61;0.00910441547775167;0.726246479314366;0
13.62;0.0163596739555232;0.724605690282957;0
13.63;0.0235975590592384;0.722750513070986;0
13.64;0.0308159310160213;0.720681872249669;0
13.65;0.0380126595798286;0.718400754789143;0
13.66;0.0451856246536394;0.715908209655371;0
13.67;0.052332716907534;0.713205347389154;0
13.68;0.0594518383924821;0.710293339667405;0
13.69;0.0665409031496659;0.707173418846856;0
13.7;0.0735978378151598;0.703846877490356;0
13.71;0.0806205822197977;0.700315067875939;0
13.72;0.0876070899840518;0.696579401488835;0
13.73;0.0945553291077571;0.692641348496599;0
13.74;0.101463282554512;0.688502437207564;0
13.75;0.108328948830586;0.684164253512787;0
13.76;0.115150342558178;0.679628440311697;0
13.77;0.121925495042858;0.674896696921636;0
13.78;0.128652454835024;0.669970778471512;0
13.79;0.135329288285239;0.664852495279758;0
13.8;0.141954080093264;0.659543712216816;0
13.81;0.148524933850658;0.654046348052366;0
13.82;0.155039972576773;0.648362374787522;0
13.83;0.161497339248014;0.642493816972212;0
13.84;0.167895197320197;0.636442751007989;0
13.85;0.174231731243876;0.630211304436489;0
13.86;0.180505146972492;0.623801655213787;0
13.87;0.186713672463199;0.617216030970884;0
13.88;0.192855558170236;0.610456708260578;0
13.89;0.198929077530708;0.603526011790963;0
13.9;0.204932527442638;0.596426313645809;0
13.91;0.210864228735172;0.589160032492085;0
13.92;0.216722526630794;0.581729632774872;0
13.93;0.222505791199444;0.574137623899948;0
13.94;0.228212417804399;0.566386559404291;0
13.95;0.233840827539807;0.558479036114782;0
13.96;0.239389467659762;0.550417693295382;0
13.97;0.244856811998793;0.542205211783046;0
13.98;0.250241361383666;0.533844313112664;0
13.99;0.255541644036386;0.525337758631309;0
14;0.260756215968292;0.516688348602067;0
14.01;0.265883661365152;0.507898921297746;0
14.02;0.270922592963143;0.498972352084749;0
14.03;0.275871652415627;0.4899115524974;0
14.04;0.280729510650636;0.480719469303019;0
14.05;0.285494868218955;0.471399083558047;0
14.06;0.29016645563274;0.461953409655511;0
14.07;0.294743033694563;0.452385494364129;0
14.08;0.299223393816817;0.442698415859371;0
14.09;0.303606358331392;0.432895282746764;0
14.1;0.307890780789556;0.422979233077756;0
14.11;0.31207554625196;0.412953433358444;0
14.12;0.316159571568692;0.402821077551476;0
14.13;0.320141805649336;0.39258538607144;0
14.14;0.324021229722941;0.382249604774046;0
14.15;0.327796857587866;0.371817003939426;0
14.16;0.331467735851423;0.361290877249852;0
14.17;0.335032944159286;0.350674540762202;0
14.18;0.338491595414589;0.339971331875481;0
14.19;0.341842835986688;0.329184608293721;0
14.2;0.345085845909523;0.318317746984577;0
14.21;0.348219839069561;0.307374143133939;0
14.22;0.351244063383253;0.296357209096874;0
14.23;0.354157800963996;0.285270373345234;0
14.24;0.356960368278556;0.274117079412231;0
14.25;0.359651116292916;0.262900784834321;0
14.26;0.362229430607544;0.251624960090701;0
14.27;0.364694731582038;0.240293087540754;0
14.28;0.367046474449141;0.228908660359755;0
14.29;0.369284149418101;0.217475181473169;0
14.3;0.371407281767379;0.205996162489854;0
14.31;0.373415431926677;0.194475122634493;0
14.32;0.37530819554829;0.182915587679584;0
14.33;0.377085203567775;0.171321088877298;0
14.34;0.378746122253948;0.15969516189153;0
14.35;0.380290653248192;0.148041345730466;0
14.36;0.381718533593101;0.13636318167998;0
14.37;0.38302953575046;0.124664212238183;0
14.38;0.384223467608583;0.112947980051435;0
14.39;0.385300172479007;0.101218026852148;0
14.4;0.386259529082584;0.0894778923986853;0
14.41;0.387101451524979;0.0777311134176732;0
14.42;0.387825889261602;0.0659812225490415;0
14.43;0.388432827052006;0.0542317472941005;0
14.44;0.388922284903777;0.0424862089669683;0
14.45;0.389294318005958;0.0307481216496525;0
14.46;0.389549016652042;0.0190209911510977;0
14.47;0.38968650615257;0.00730831397050066;0
14.48;0.389706946737385;-0.00438642373480119;0
14.49;0.38961053344759;-0.0160597471765681;0
14.5;0.389397496017249;-0.0277081939577224;0
14.51;0.389068098744901;-0.0393283150889419;0
14.52;0.388622640354923;-0.0509166759994871;0
14.53;0.388061453848823;-0.0624698575419693;0
14.54;0.387384906346504;-0.073984456990768;0
14.55;0.386593398917581;-0.0854570890338099;0
14.56;0.385687366402807;-0.0968843867574238;0
14.57;0.384667277225682;-0.108263002623987;0
14.58;0.38353363319432;-0.119589609442086;0
14.59;0.382286969293655;-0.130860901328904;0
14.6;0.380927853468047;-0.142073594664576;0
14.61;0.379456886394391;-0.153224429038224;0
14.62;0.377874701245803;-0.16431016818541;0
14.63;0.376181963445967;-0.175327600916743;0
14.64;0.374379370414242;-0.186273542037367;0
14.65;0.372467651301609;-0.197144833257083;0
14.66;0.370447566717569;-0.20793834409084;0
14.67;0.368319908448071;-0.218650972749342;0
14.68;0.366085499164588;-0.229279647019523;0
14.69;0.363745192124428;-0.239821325134644;0
14.7;0.361299870862394;-0.250272996633766;0
14.71;0.358750448873901;-0.260631683210364;0
14.72;0.35609786928965;-0.270894439549845;0
14.73;0.353343104541984;-0.28105835415573;0
14.74;0.350487156023032;-0.291120550164287;0
14.75;0.347531053734755;-0.301078186147376;0
14.76;0.344475855931026;-0.310928456903299;0
14.77;0.341322648751847;-0.320668594235423;0
14.78;0.338072545849847;-0.33029586771838;0
14.79;0.334726688009158;-0.33980758545162;0
14.8;0.331286242756833;-0.349201094800131;0
14.81;0.327752403966897;-0.358473783122105;0
14.82;0.324126391457194;-0.367623078483369;0
14.83;0.320409450579145;-0.376646450358392;0
14.84;0.316602851800554;-0.385541410317662;0
14.85;0.312707890281607;-0.394305512701275;0
14.86;0.308725885444197;-0.402936355278537;0
14.87;0.304658180534712;-0.411431579893419;0
14.88;0.300506142180442;-0.41978887309569;0
14.89;0.29627115993973;-0.428005966757559;0
14.9;0.291954645846026;-0.436080638675683;0
14.91;0.287558033945992;-0.444010713158361;0
14.92;0.283082779831793;-0.451794061597784;0
14.93;0.278530360167741;-0.459428603027187;0
14.94;0.273902272211436;-0.46691230466276;0
14.95;0.269200033329547;-0.474243182430186;0
14.96;0.264425180508412;-0.481419301475673;0
14.97;0.259579269859587;-0.488438776661353;0
14.98;0.254663876120516;-0.495299773044926;0
14.99;0.249680592150473;-0.502000506343433;0
15;0.244631028421944;-0.50853924338105;0
15.01;0.239516812507599;-0.514914302520785;0
15.02;0.234339588563018;-0.521124054079991;0
15.03;0.229101016805338;-0.527166920729588;0
15.04;0.223802772987984;-0.533041377876903;0
15.05;0.21844654787164;-0.53874595403205;0
15.06;0.213034046691634;-0.544279231157756;0
15.07;0.207566988621898;-0.549639845002565;0
15.08;0.202047106235672;-0.554826485417348;0
15.09;0.196476144963121;-0.559837896655047;0
15.1;0.19085586254602;-0.564672877653605;0
15.11;0.185188028489702;-0.569330282302005;0
15.12;0.179474423512405;-0.57380901968939;0
15.13;0.173716838992216;-0.578108054337203;0
15.14;0.167917076411763;-0.582226406414313;0
15.15;0.16207694680084;-0.58616315193509;0
15.16;0.156198270177117;-0.5899174229404;0
15.17;0.150282874985129;-0.593488407661492;0
15.18;0.144332597533694;-0.596875350666763;0
15.19;0.138349281431947;-0.600077552991384;0
15.2;0.132334777024149;-0.603094372249767;0
15.21;0.126290940823453;-0.605925222730896;0
15.22;0.120219634944793;-0.608569575476485;0
15.23;0.114122726537066;-0.611026958342008;0
15.24;0.108002087214786;-0.613296956040579;0
15.25;0.101859592489369;-0.615379210169723;0
15.26;0.0956971212002341;-0.617273419221043;0
15.27;0.0895165549458822;-0.618979338572821;0
15.28;0.0833197775151226;-0.620496780465572;0
15.29;0.0771086743186254;-0.621825613960606;0
15.3;0.0708851318209617;-0.622965764881616;0
15.31;0.0646510369733045;-0.62391721573936;0
15.32;0.0584082766469596;-0.624680005639477;0
15.33;0.0521587370678928;-0.625254230173497;0
15.34;0.0459043032524235;-0.625640041293106;0
15.35;0.0396468584442498;-0.625837647167732;0
15.36;0.0333882835529734;-0.625847312025524;0
15.37;0.0271304565942887;-0.625669355977801;0
15.38;0.0208752521320014;-0.625304154827051;0
15.39;0.0146245407220409;-0.624752139858563;0
15.4;0.00838018835863032;-0.624013797615794;0
15.41;0.0021440559227745;-0.623089669659544;0
15.42;-0.00408200136677012;-0.621980352311068;0
15.43;-0.0102961344998855;-0.620686496379202;0
15.44;-0.0164965012186815;-0.619208806871633;0
15.45;-0.0226812665581272;-0.617548042690416;0
15.46;-0.0288486033835668;-0.615705016311857;0
15.47;-0.0349966929249647;-0.613680593450889;0
15.48;-0.0411237253077249;-0.611475692710064;0
15.49;-0.0472279000799312;-0.609091285213299;0
15.5;-0.0533074267358575;-0.606528394224501;0
15.51;-0.0593605252355966;-0.603788094751224;0
15.52;-0.0653854265206577;-0.600871513133493;0
15.53;-0.0713803730253878;-0.597779826617949;0
15.54;-0.0773436191840675;-0.594514262917462;0
15.55;-0.0832734319335386;-0.591076099756383;0
15.56;-0.0891680912112208;-0.587466664401572;0
15.57;-0.0950258904483741;-0.583687333179396;0
15.58;-0.10084513705847;-0.579739530978836;0
15.59;-0.10662415292053;-0.575624730740906;0
15.6;-0.1123612748573;-0.571344452934531;0
15.61;-0.11805485510812;-0.566900265019093;0
15.62;-0.123703261796365;-0.562293780893801;0
15.63;-0.129304879391313;-0.557526660334096;0
15.64;-0.134858109164327;-0.552600608415271;0
15.65;-0.140361369639214;-0.547517374923498;0
15.66;-0.145813097036636;-0.542278753754471;0
15.67;-0.151211745712454;-0.536886582299856;0
15.68;-0.156555788589886;-0.53134274082176;0
15.69;-0.161843717585349;-0.52564915181542;0
15.7;-0.167074044027882;-0.51980777936033;0
15.71;-0.172245299072025;-0.513820628460022;0
15.72;-0.177356034104052;-0.507689744370707;0
15.73;-0.18240482114143;-0.501417211919004;0
15.74;-0.187390253225419;-0.495005154808993;0
15.75;-0.192310944806686;-0.488455734918782;0
15.76;-0.197165532123845;-0.481771151586864;0
15.77;-0.20195267357481;-0.474953640888452;0
15.78;-0.206671050080872;-0.468005474902059;0
15.79;-0.211319365443396;-0.460928960966539;0
15.8;-0.215896346693044;-0.453726440928837;0
15.81;-0.220400744431443;-0.446400290382687;0
15.82;-0.224831333165188;-0.438952917898507;0
15.83;-0.229186911632117;-0.431386764244722;0
15.84;-0.233466303119755;-0.423704301600788;0
15.85;-0.237668355775851;-0.415908032762139;0
15.86;-0.241791942910933;-0.408000490337334;0
15.87;-0.245835963292801;-0.399984235937637;0
15.88;-0.249799341432874;-0.391861859359305;0
15.89;-0.253681027864341;-0.383635977758828;0
15.9;-0.257479999412022;-0.375309234821385;0
15.91;-0.261195259453891;-0.366884299922778;0
15.92;-0.264825838174187;-0.358363867285103;0
15.93;-0.268370792808056;-0.34975065512643;0
15.94;-0.271829207877665;-0.341047404804744;0
15.95;-0.275200195419723;-0.332256879956427;0
15.96;-0.278482895204374;-0.323381865629537;0
15.97;-0.281676474945395;-0.314425167412164;0
15.98;-0.284780130501653;-0.305389610556121;0
15.99;-0.287793086069788;-0.296278039096252;0
16;-0.29071459436806;-0.287093314965621;0
16.01;-0.293543936811338;-0.277838317106854;0
16.02;-0.296280423677181;-0.268515940579914;0
16.03;-0.29892339426299;-0.259129095666577;0
16.04;-0.301472217034177;-0.249680706971881;0
16.05;-0.303926289763349;-0.240173712522827;0
16.06;-0.306285039660462;-0.230611062864612;0
16.07;-0.308547923493927;-0.220995720154651;0
16.08;-0.310714427702649;-0.211330657254686;0
16.09;-0.312784068498976;-0.201618856821243;0
16.1;-0.314756391962552;-0.191863310394709;0
16.11;-0.316630974125051;-0.182067017487326;0
16.12;-0.318407421045789;-0.17223298467035;0
16.13;-0.320085368878202;-0.16236422466067;0
16.14;-0.321664483927194;-0.152463755407149;0
16.15;-0.323144462697342;-0.142534599176974;0
16.16;-0.324525031931972;-0.132579781642276;0
16.17;-0.325805948643099;-0.122602330967299;0
16.18;-0.326987000132241;-0.112605276896399;0
16.19;-0.328068004002124;-0.102591649843123;0
16.2;-0.329048808159277;-0.092564479980667;0
16.21;-0.32992929080754;-0.0825267963339593;0
16.22;-0.330709360432509;-0.0724816258736532;0
16.23;-0.331388955776914;-0.0624319926122912;0
16.24;-0.331968045806991;-0.0523809167029098;0
16.25;-0.332446629669831;-0.0423314135403497;0
16.26;-0.332824736641769;-0.0322864928655377;0
16.27;-0.333102426067827;-0.0222491578730027;0
16.28;-0.333279787292243;-0.012222404321887;0
16.29;-0.333356939580133;-0.00220921965071587;0
16.3;-0.333334032030317;0.0077874179038186;0
16.31;-0.333211243479345;0.0177645401838001;0
16.32;-0.332988782396789;0.0277191899825024;0
16.33;-0.332666886771813;0.0376484219120219;0
16.34;-0.332245823991104;0.0475493032658755;0
16.35;-0.331725890708197;0.0574189148763153;0
16.36;-0.331107412704244;0.0672543519661108;0
16.37;-0.330390744740303;0.0770527249945542;0
16.38;-0.329576270401185;0.0868111604974435;0
16.39;-0.32866440193093;0.0965268019208038;0
16.4;-0.327655580059982;0.106196810448106;0
16.41;-0.326550273824112;0.115818365820747;0
16.42;-0.325348980375173;0.125388667151556;0
16.43;-0.324052224783755;0.1349049337311;0
16.44;-0.322660559833799;0.144364405826547;0
16.45;-0.321174565809274;0.153764345472877;0
16.46;-0.319594850272957;0.1631020372562;0
16.47;-0.317922047837436;0.172374789088977;0
16.48;-0.31615681992838;0.181579932976907;0
16.49;-0.314299854540194;0.19071482577728;0
16.5;-0.312351865984118;0.199776849948574;0
16.51;-0.310313594628877;0.208763414291092;0
16.52;-0.308185806633961;0.217671954678426;0
16.53;-0.305969293675639;0.226499934779553;0
16.54;-0.303664872665788;0.235244846771356;0
16.55;-0.301273385463642;0.243904212041371;0
16.56;-0.298795698580564;0.252475581880579;0
16.57;-0.296232702877928;0.260956538166033;0
16.58;-0.293585313258224;0.269344694033152;0
16.59;-0.29085446834949;0.277637694537484;0
16.6;-0.288041130183171;0.285833217305765;0
16.61;-0.285146283865515;0.293928973176098;0
16.62;-0.282170937242625;0.301922706827071;0
16.63;-0.279116120559257;0.309812197395653;0
16.64;-0.275982886111503;0.317595259083701;0
16.65;-0.272772307893452;0.32526974175291;0
16.66;-0.269485481237959;0.332833531508048;0
16.67;-0.266123522451633;0.340284551268335;0
16.68;-0.262687568444164;0.347620761326792;0
16.69;-0.259178776352115;0.354840159897436;0
16.7;-0.255598323157294;0.361940783650159;0
16.71;-0.251947405299832;0.368920708233166;0
16.72;-0.248227238286096;0.375778048782829;0
16.73;-0.244439056291564;0.382510960420827;0
16.74;-0.240584111758773;0.389117638738444;0
16.75;-0.236663674990501;0.395596320267909;0
16.76;-0.232679033738278;0.401945282940647;0
16.77;-0.228631492786381;0.40816284653234;0
16.78;-0.224522373531441;0.41424737309467;0
16.79;-0.220353013557787;0.420197267373655;0
16.8;-0.216124766208668;0.426010977214467;0
16.81;-0.211839000153494;0.431686993952633;0
16.82;-0.20749709895122;0.437223852791525;0
16.83;-0.203100460610018;0.442620133166056;0
16.84;-0.198650497143379;0.447874459092492;0
16.85;-0.194148634122775;0.452985499504291;0
16.86;-0.189596310227028;0.457951968573911;0
16.87;-0.184994976788522;0.4627726260205;0
16.88;-0.180346097336407;0.467446277403399;0
16.89;-0.175651147136924;0.471971774401409;0
16.9;-0.170911612731011;0.476348015077745;0
16.91;-0.166128991469315;0.480573944130635;0
16.92;-0.161304791044772;0.484648553129505;0
16.93;-0.15644052902288;0.488570880736717;0
16.94;-0.151537732369829;0.492340012914794;0
16.95;-0.146597936978619;0.495955083119127;0
16.96;-0.141622687193315;0.4994152724761;0
16.97;-0.136613535331595;0.502719809946632;0
16.98;-0.131572041205718;0.505867972475084;0
16.99;-0.126499771642073;0.508859085123543;0
17;-0.121398299999454;0.511692521191437;0
17.01;-0.116269205686202;0.514367702320495;0
17.02;-0.11111407367636;0.516884098585029;0
17.03;-0.105934494024999;0.519241228567548;0
17.04;-0.100732061382848;0.521438659419694;0
17.05;-0.095508374510381;0.523476006908525;0
17.06;-0.0902650357915113;0.525352935448132;0
17.07;-0.0850036507470307;0.52706915811663;0
17.08;-0.0797258275479468;0.528624436658529;0
17.09;-0.0744331765288624;0.530018581472511;0
17.1;-0.0691273097015422;0.531251451584645;0
17.11;-0.0638098402688125;0.532322954607068;0
17.12;-0.0584823821389405;0.533233046682183;0
17.13;-0.0531465494406351;0.53398173241239;0
17.14;-0.0478039560388167;0.534569064775426;0
17.15;-0.0424562150512969;0.534995145025338;0
17.16;-0.0371049383665145;0.535260122579164;0
17.17;-0.0317517361624671;0.535364194889369;0
17.18;-0.0263982164269834;0.535307607302091;0
17.19;-0.0210459844794761;0.535090652901293;0
17.2;-0.0156966424943168;0.534713672338855;0
17.21;-0.0103517890259725;0.534177053650711;0
17.22;-0.00501301853604381;0.533481232059089;0
17.23;0.000318079077657573;0.532626689760956;0
17.24;0.00563991894985365;0.531613955702739;0
17.25;0.0109509217142309;0.530443605341416;0
17.26;0.0162495139674208;0.529116260392089;0
17.27;0.0215341287303961;0.527632588562109;0
17.28;0.0268032059071473;0.52599330327188;0
17.29;0.0320551927405087;0.524199163362441;0
17.3;0.0372885442650003;0.522250972789929;0
17.31;0.0425017237565562;0.520149580307048;0
17.32;0.0476932031790092;0.517895879131656;0
17.33;0.0528614636272045;0.515490806602592;0
17.34;0.0580049957666141;0.512935343822872;0
17.35;0.0631223002693265;0.510230515290372;0
17.36;0.0682118882462886;0.50737738851615;0
17.37;0.0732722816756742;0.504377073630514;0
17.38;0.0783020138272599;0.501230722977008;0
17.39;0.083299629682686;0.497939530694431;0
17.4;0.0882636863514849;0.494504732287047;0
17.41;0.0931927534827584;0.490927604183143;0
17.42;0.0980854136723898;0.487209463282063;0
17.43;0.102940262865674;0.483351666489903;0
17.44;0.107755910755253;0.479355610244003;0
17.45;0.11253098117425;0.475222730026412;0
17.46;0.117264112484489;0.470954499866477;0
17.47;0.121953957959683;0.466552431832745;0
17.48;0.126599186163507;0.46201807551432;0
17.49;0.131198481322431;0.457353017491876;0
17.5;0.135750543693215;0.452558880798487;0
17.51;0.140254089924972;0.447637324370453;0
17.52;0.144707853415692;0.442590042488315;0
17.53;0.149110584663134;0.437418764208228;0
17.54;0.153461051609988;0.432125252783892;0
17.55;0.157758039983215;0.426711305079224;0
17.56;0.162000353627473;0.421178750971963;0
17.57;0.166186814832541;0.415529452748409;0
17.58;0.170316264654644;0.409765304489477;0
17.59;0.174387563231609;0.403888231448289;0
17.6;0.178399590091755;0.397900189419479;0
17.61;0.18235124445644;0.391803164100435;0
17.62;0.186241445536185;0.385599170444673;0
17.63;0.190069132820296;0.37929025200755;0
17.64;0.193833266359915;0.37287848028453;0
17.65;0.197532827044412;0.366365954042213;0
17.66;0.20116681687106;0.359754798642338;0
17.67;0.204734259207923;0.353047165358972;0
17.68;0.20823419904988;0.346245230689112;0
17.69;0.211665703267728;0.339351195656906;0
17.7;0.215027860850301;0.332367285111718;0
17.71;0.218319783139542;0.32529574702026;0
17.72;0.221540604058467;0.318138851753007;0
17.73;0.224689480331976;0.310898891365128;0
17.74;0.227765591700438;0.303578178872146;0
17.75;0.230768141126025;0.296179047520569;0
17.76;0.233696354991715;0.288703850053698;0
17.77;0.23654948329294;0.281154957972863;0
17.78;0.239326799821829;0.273534760794301;0
17.79;0.242027602343998;0.26584566530191;0
17.8;0.244651212767842;0.258090094796117;0
17.81;0.247196977306318;0.250270488339077;0
17.82;0.249664266631144;0.242389299996452;0
17.83;0.252052476019414;0.234448998075994;0
17.84;0.254361025492582;0.226452064363163;0
17.85;0.256589359947786;0.218400993354026;0
17.86;0.258736949281497;0.210298291485658;0
17.87;0.260803288505455;0.202146476364287;0
17.88;0.262787897854882;0.193948075991423;0
17.89;0.26469032288894;0.185705627988196;0
17.9;0.266510134583439;0.17742167881814;0
17.91;0.268246929415751;0.169098783008673;0
17.92;0.269900329441949;0.160739502371488;0
17.93;0.271469982366131;0.152346405222104;0
17.94;0.272955561601948;0.143922065598809;0
17.95;0.274356766326315;0.135469062481231;0
17.96;0.275673321525308;0.126989979008766;0
17.97;0.276904978032242;0.118487401699108;0
17.98;0.278051512557942;0.109963919667107;0
17.99;0.279112727713198;0.101422123844189;0
18;0.280088452023425;0.0928646061985789;0
18.01;0.280978539935523;0.0842939589565442;0
18.02;0.281782871816955;0.0757127738249081;0
18.03;0.282501353947067;0.0671236412150493;0
18.04;0.283133918500639;0.0585291494686257;0
18.05;0.283680523523717;0.0499318840852496;0
18.06;0.284141152901721;0.0413344269523408;0
18.07;0.284515816319871;0.0327393555773875;0
18.08;0.284804549215936;0.0241492423228387;0
18.09;0.285007412725354;0.0155666536438545;0
18.1;0.285124493618744;0.0069941493291369;0
18.11;0.285155904231831;-0.00156571825493665;0
18.12;0.285101782387838;-0.0101104049166549;0
18.13;0.284962291312364;-0.0186373753875714;0
18.14;0.284737619540804;-0.0271441040671421;0
18.15;0.284427980818327;-0.0356280757631841;0
18.16;0.284033613992479;-0.0440867864279428;0
18.17;0.283554782898445;-0.0525177438895526;0
18.18;0.282991776237013;-0.060918468578681;0
18.19;0.282344907445301;-0.0692864942501457;0
18.2;0.281614514560284;-0.0776193686992982;0
18.21;0.280800960075186;-0.0859146544729659;0
18.22;0.279904630788786;-0.0941699295747522;0
18.23;0.278925937647701;-0.10238278816449;0
18.24;0.277865315581693;-0.11055084125165;0
18.25;0.276723223332079;-0.118671717382506;0
18.26;0.275500143273295;-0.126743063320866;0
18.27;0.274196581227677;-0.134762544722167;0
18.28;0.272813066273541;-0.142727846800749;0
18.29;0.271350150546615;-0.150636674990126;0
18.3;0.269808409034902;-0.158486755596052;0
18.31;0.268188439367047;-0.166275836442214;0
18.32;0.266490861594277;-0.174001687508365;0
18.33;0.264716317966003;-0.181662101560711;0
18.34;0.262865472699142;-0.189254894774398;0
18.35;0.260939011741256;-0.196777907347898;0
18.36;0.25893764252759;-0.204229004109147;0
18.37;0.256862093732075;-0.211606075113255;0
18.38;0.2547131150124;-0.218907036231626;0
18.39;0.252491476749231;-0.226129829732329;0
18.4;0.250197969779662;-0.233272424851557;0
18.41;0.247833405125002;-0.240332818356017;0
18.42;0.245398613712966;-0.247309035096114;0
18.43;0.242894446094386;-0.254199128549743;0
18.44;0.240321772154526;-0.261001181356591;0
18.45;0.237681480819089;-0.267713305842756;0
18.46;0.234974479755037;-0.274333644535583;0
18.47;0.23220169506629;-0.280860370668552;0
18.48;0.229364070984434;-0.287291688676096;0
18.49;0.22646256955452;-0.293625834678219;0
18.5;0.223498170316069;-0.299861076954778;0
18.51;0.220471869979373;-0.305995716409313;0
18.52;0.217384682097214;-0.312028087022302;0
18.53;0.214237636732089;-0.317956556293715;0
18.54;0.21103178011907;-0.323779525674767;0
18.55;0.207768174324383;-0.329495430988748;0
18.56;0.204447896899836;-0.33510274284083;0
18.57;0.201072040533198;-0.340599967016734;0
18.58;0.19764171269464;-0.345985644870179;0
18.59;0.194158035279352;-0.351258353698994;0
18.6;0.190622144246453;-0.356416707109813;0
18.61;0.187035189254303;-0.361459355371256;0
18.62;0.183398333292336;-0.366384985755519;0
18.63;0.179712752309532;-0.371192322868277;0
18.64;0.175979634839639;-0.375880128966834;0
18.65;0.172200181623268;-0.380447204266443;0
18.66;0.168375605226982;-0.38489238723471;0
18.67;0.164507129659488;-0.389214554874036;0
18.68;0.160595989985063;-0.393412622992021;0
18.69;0.156643431934332;-0.397485546459762;0
18.7;0.152650711512512;-0.401432319458011;0
18.71;0.148619094605257;-0.405251975711117;0
18.72;0.144549856582208;-0.408943588708714;0
18.73;0.140444281898393;-0.412506271915109;0
18.74;0.136303663693583;-0.415939178966329;0
18.75;0.132129303389729;-0.419241503854782;0
18.76;0.127922510286619;-0.422412481101512;0
18.77;0.123684601155858;-0.425451385916;0
18.78;0.119416899833312;-0.428357534343497;0
18.79;0.115120736810132;-0.431130283399868;0
18.8;0.11079744882249;-0.433769031193914;0
18.81;0.10644837844014;-0.436273217037172;0
18.82;0.102074873653948;-0.438642321541173;0
18.83;0.097678287462497;-0.440875866702153;0
18.84;0.0932599774579074;-0.442973415973212;0
18.85;0.0888213054109875;-0.444934574323926;0
18.86;0.0843636368558478;-0.446758988287405;0
18.87;0.0798883406740996;-0.448446345994815;0
18.88;0.0753967886787656;-0.449996377197373;0
18.89;0.070890355198026;-0.451408853275823;0
18.9;0.0663704166589266;-0.452683587237422;0
18.91;0.061838351171173;-0.453820433700449;0
18.92;0.0572955381111361;-0.454819288866269;0
18.93;0.0527433577061924;-0.455680090478983;0
18.94;0.0481831906195238;-0.456402817772688;0
18.95;0.0436164175355004;-0.456987491406395;0
18.96;0.0390444187457692;-0.457434173386644;0
18.97;0.0344685737361725;-0.457742966977849;0
18.98;0.0298902607746175;-0.457914016600439;0
18.99;0.0253108565000187;-0.457947507716829;0
19;0.0207317355124364;-0.457843666705292;0
19.01;0.0161542699645295;-0.457602760721776;0
19.02;0.0115798291544448;-0.45722509754974;0
19.03;0.00700977912026171;-0.456711025438066;0
19.04;0.0024454822361105;-0.456060932927121;0
19.05;-0.00211170318991613;-0.455275248663041;0
19.06;-0.00666042331594209;-0.454354441200311;0
19.07;-0.0111993291644603;-0.453299018792722;0
19.08;-0.0157270770183424;-0.452109529172785;0
19.09;-0.0202423288145916;-0.450786559319693;0
19.1;-0.0247437525357231;-0.449330735215917;0
19.11;-0.0292300225986602;-0.447742721592524;0
19.12;-0.0336998202410332;-0.446023221663324;0
19.13;-0.0381518339047695;-0.444172976847934;0
19.14;-0.0425847596168656;-0.442192766483866;0
19.15;-0.0469973013672297;-0.440083407527746;0
19.16;-0.0513881714834891;-0.437845754245763;0
19.17;-0.055756091002654;-0.435480697893479;0
19.18;-0.060099790039531;-0.432989166385086;0
19.19;-0.064418008151783;-0.430372123952254;0
19.2;-0.0687094947015309;-0.427630570792671;0
19.21;-0.0729730092133946;-0.424765542708415;0
19.22;-0.0772073217288731;-0.421778110734265;0
19.23;-0.0814112131569614;-0.418669380756094;0
19.24;-0.0855834756209093;-0.415440493119473;0
19.25;-0.0897229128010208;-0.412092622228614;0
19.26;-0.0938283402734008;-0.408626976135793;0
19.27;-0.097898585844554;-0.405044796121399;0
19.28;-0.101932489881742;-0.401347356264731;0
19.29;-0.105928905639007;-0.397535963005718;0
19.3;-0.109886699578774;-0.393611954697674;0
19.31;-0.113804751688938;-0.389576701151271;0
19.32;-0.117681955795357;-0.385431603169855;0
19.33;-0.121517219869651;-0.381178092076275;0
19.34;-0.125309466332242;-0.376817629231378;0
19.35;-0.129057632350536;-0.372351705544324;0
19.36;-0.132760670132169;-0.367781840974884;0
19.37;-0.136417547213251;-0.363109584027892;0
19.38;-0.140027246741508;-0.358336511240005;0
19.39;-0.143588767754267;-0.353464226658937;0
19.4;-0.147101125451193;-0.348494361315351;0
19.41;-0.150563351461715;-0.343428572687566;0
19.42;-0.153974494107073;-0.338268544159252;0
19.43;-0.1573336186569;-0.333015984470299;0
19.44;-0.160639807580291;-0.327672627161023;0
19.45;-0.163892160791283;-0.322240230009897;0
19.46;-0.167089795888683;-0.31672057446498;0
19.47;-0.170231848390182;-0.31111546506923;0
19.48;-0.173317471960696;-0.305426728879879;0
19.49;-0.176345838634874;-0.299656214882061;0
19.5;-0.17931613903372;-0.293805793396871;0
19.51;-0.182227582575268;-0.28787735548405;0
19.52;-0.185079397679261;-0.281872812339472;0
19.53;-0.187870831965781;-0.27579409468764;0
19.54;-0.190601152447788;-0.269643152169366;0
19.55;-0.193269645717507;-0.263421952724836;0
19.56;-0.19587561812663;-0.257132481972247;0
19.57;-0.198418395960286;-0.250776742582217;0
19.58;-0.200897325604731;-0.244356753648151;0
19.59;-0.203311773708735;-0.237874550052779;0
19.6;-0.205661127338605;-0.231332181831035;0
19.61;-0.207944794126829;-0.224731713529499;0
19.62;-0.210162202414299;-0.218075223562587;0
19.63;-0.212312801386082;-0.211364803565688;0
19.64;-0.214396061200706;-0.204602557745454;0
19.65;-0.216411473112937;-0.197790602227438;0
19.66;-0.21835854959003;-0.190931064401272;0
19.67;-0.220236824421409;-0.184026082263609;0
19.68;-0.222045852821775;-0.177077803758996;0
19.69;-0.223785211527612;-0.17008838611892;0
19.7;-0.225454498887073;-0.163059995199183;0
19.71;-0.227053334943243;-0.155994804815849;0
19.72;-0.228581361510742;-0.148894996079933;0
19.73;-0.230038242245677;-0.14176275673106;0
19.74;-0.231423662708932;-0.134600280470267;0
19.75;-0.232737330422771;-0.127409766292176;0
19.76;-0.233978974920772;-0.120193417816725;0
19.77;-0.235148347791066;-0.112953442620661;0
19.78;-0.236245222712905;-0.10569205156899;0
19.79;-0.237269395486527;-0.0984114581466031;0
19.8;-0.238220684056357;-0.0911138777902527;0
19.81;-0.239098928527514;-0.0838015272211003;0
19.82;-0.239903991175662;-0.0764766237780228;0
19.83;-0.240635756450184;-0.0691413847518804;0
19.84;-0.241294130970714;-0.0617980267209428;0
19.85;-0.241879043517021;-0.0544487648876717;0
19.86;-0.24239044501228;-0.0470958124170545;0
19.87;-0.242828308499717;-0.0397413797766875;0
19.88;-0.24319262911268;-0.0323876740788002;0
19.89;-0.243483424038127;-0.0250368984244177;0
19.9;-0.243700732473574;-0.0176912512498513;0
19.91;-0.243844615577514;-0.010352925675712;0
19.92;-0.243915156413345;-0.00302410885863489;0
19.93;-0.243912459886817;0.00429301865409352;0
19.94;-0.243836652677052;0.011596283566818;0
19.95;-0.243687883161143;0.0188835204745197;0
19.96;-0.243466321332393;0.0261525724983575;0
19.97;-0.243172158712197;0.0334012919175614;0
19.98;-0.24280560825564;0.0406275407974947;0
19.99;-0.242366904250819;0.0478291916137033;0
20;-0.241856302211951;0.0550041278717715;0
