0;0.454741828039112;0.12334359881904;0
0.01;0.45591288812566;0.109480256045875;0
0.02;0.456945270877939;0.095607921919921;0
0.03;0.457838905168875;0.0817307702719687;0
0.04;0.458593761584943;0.0678529692034766;0
0.05;0.459209852363293;0.0539786798469858;0
0.06;0.459687231316499;0.040112055130754;0
0.07;0.460025993744974;0.0262572385479721;0
0.08;0.460226276337097;0.0124183629309245;0
0.09;0.460288257057109;-0.0014004507695479;0
0.1;0.460212155020824;-0.0151950946989262;0
0.11;0.459998230359225;-0.0289614753078773;0
0.12;0.45964678406999;-0.0426955145547523;0
0.13;0.459158157857035;-0.0563931511013703;0
0.14;0.458532733958119;-0.0700503415017384;0
0.15;0.457770934960601;-0.0836630613833671;0
0.16;0.456873223605419;-0.0972273066208367;0
0.17;0.455840102579366;-0.110739094501278;0
0.18;0.454672114295752;-0.124194464881432;0
0.19;0.453369840663533;-0.137589481335951;0
0.2;0.451933902844997;-0.150920232296627;0
0.21;0.4503649610021;-0.164182832182197;0
0.22;0.44866371403155;-0.177373422518427;0
0.23;0.446830899288733;-0.190488173048144;0
0.24;0.444867292300582;-0.203523282830895;0
0.25;0.442773706467506;-0.216474981331938;0
0.26;0.440550992754465;-0.22933952950024;0
0.27;0.438200039371332;-0.242113220835184;0
0.28;0.435721771442624;-0.254792382441693;0
0.29;0.433117150666747;-0.267373376073458;0
0.3;0.430387174964856;-0.279852599163993;0
0.31;0.427532878119462;-0.29222648584522;0
0.32;0.424555329402913;-0.304491507953302;0
0.33;0.421455633195872;-0.316644176021444;0
0.34;0.418234928595928;-0.328681040259397;0
0.35;0.414894389016473;-0.340598691519369;0
0.36;0.411435221775981;-0.352393762248109;0
0.37;0.407858667677831;-0.364062927424873;0
0.38;0.404166000580811;-0.375602905485041;0
0.39;0.400358526960458;-0.387010459229108;0
0.4;0.396437585461366;-0.398282396716824;0
0.41;0.392404546440633;-0.409415572146222;0
0.42;0.388260811502568;-0.420406886717311;0
0.43;0.384007813024853;-0.431253289480193;0
0.44;0.379647013676274;-0.441951778167378;0
0.45;0.375179905926218;-0.452499400010076;0
0.46;0.370608011546067;-0.462893252538249;0
0.47;0.365932881102672;-0.473130484364209;0
0.48;0.361156093444066;-0.483208295949561;0
0.49;0.356279255177581;-0.493123940355277;0
0.5;0.351304000140538;-0.502874723974723;0
0.51;0.346231988863695;-0.512458007249432;0
0.52;0.341064908027603;-0.521871205367453;0
0.53;0.335804469912062;-0.531111788944078;0
0.54;0.330452411838856;-0.540177284684797;0
0.55;0.325010495607928;-0.549065276030287;0
0.56;0.319480506927195;-0.557773403783298;0
0.57;0.313864254836175;-0.566299366717257;0
0.58;0.308163571123604;-0.574640922166454;0
0.59;0.302380309739245;-0.582795886597655;0
0.6;0.296516346200058;-0.590762136163015;0
0.61;0.290573576990923;-0.598537607234139;0
0.62;0.284553918960121;-0.606120296917181;0
0.63;0.27845930870973;-0.613508263548852;0
0.64;0.272291701981168;-0.620699627173215;0
0.65;0.266053073036035;-0.627692569999168;0
0.66;0.259745414032487;-0.634485336838509;0
0.67;0.253370734397301;-0.641076235524472;0
0.68;0.246931060193849;-0.647463637310665;0
0.69;0.240428433486176;-0.653645977250299;0
0.7;0.233864911699368;-0.659621754555653;0
0.71;0.227242566976413;-0.665389532937677;0
0.72;0.220563485531764;-0.670947940925687;0
0.73;0.213829767001791;-0.676295672167075;0
0.74;0.207043523792318;-0.681431485706984;0
0.75;0.200206880423469;-0.686354206247902;0
0.76;0.193321972871995;-0.691062724389126;0
0.77;0.186390947911305;-0.695555996846063;0
0.78;0.17941596244939;-0.699833046649328;0
0.79;0.172399182864853;-0.703892963323636;0
0.8;0.165342784341232;-0.707734903046437;0
0.81;0.15824895019984;-0.711358088786313;0
0.82;0.151119871231298;-0.714761810421103;0
0.83;0.143957745025991;-0.71794542483578;0
0.84;0.136764775303628;-0.720908356000068;0
0.85;0.12954317124212;-0.723650095025812;0
0.86;0.122295146805976;-0.726170200204133;0
0.87;0.115022920074415;-0.728468297022372;0
0.88;0.107728712569405;-0.730544078160868;0
0.89;0.100414748583817;-0.732397303469597;0
0.9;0.093083254509913;-0.734027799924717;0
0.91;0.0857364581683494;-0.735435461565068;0
0.92;0.0783765881379109;-0.736620249408673;0
0.93;0.0710058730861677;-0.737582191349311;0
0.94;0.063626541101256;-0.738321382033215;0
0.95;0.0562408190249816;-0.738837982715981;0
0.96;0.0488509317874424;-0.739132221099745;0
0.97;0.0414591017433678;-0.739204391150728;0
0.98;0.0340675480103712;-0.739054852897234;0
0.99;0.0266784858093092;-0.738684032208186;0
1;0.0192941258069435;-0.73809242055231;0
1.01;0.0119166734610975;-0.737280574738066;0
1.02;0.00454832836849901;-0.736249116634444;0
1.03;-0.00280871638449796;-0.734998732872733;0
1.04;-0.0101522748681251;-0.733530174529394;0
1.05;-0.0174801689521551;-0.731844256790152;0
1.06;-0.0247902289454145;-0.729941858595455;0
1.07;-0.0320802942316671;-0.727823922267432;0
1.08;-0.0393482139016847;-0.725491453118487;0
1.09;-0.0465918473813214;-0.722945519041687;0
1.1;-0.053809065055411;-0.720187250083094;0
1.11;-0.060997748887306;-0.717217837996202;0
1.12;-0.068155793033882;-0.714038535778643;0
1.13;-0.0752811044558298;-0.710650657191327;0
1.14;-0.0823716035230598;-0.707055576260197;0
1.15;-0.0894252246150474;-0.703254726760777;0
1.16;-0.0964399167159465;-0.699249601685691;0
1.17;-0.103413644004302;-0.695041752695345;0
1.18;-0.110344386437196;-0.690632789551978;0
1.19;-0.117230140328656;-0.686024379537252;0
1.2;-0.124068918922171;-0.681218246853619;0
1.21;-0.130858752957146;-0.676216172009636;0
1.22;-0.137597691229137;-0.671019991189476;0
1.23;-0.144283801143717;-0.665631595606817;0
1.24;-0.1509151692638;-0.660052930843358;0
1.25;-0.157489901850295;-0.65428599617217;0
1.26;-0.164006125395917;-0.648332843866112;0
1.27;-0.170461987152019;-0.642195578491555;0
1.28;-0.176855655648295;-0.635876356187638;0
1.29;-0.183185321205215;-0.629377383931308;0
1.3;-0.189449196439039;-0.622700918788381;0
1.31;-0.195645516759289;-0.61584926715088;0
1.32;-0.201772540858528;-0.608824783960887;0
1.33;-0.207828551194322;-0.601629871921192;0
1.34;-0.213811854463241;-0.594266980692965;0
1.35;-0.219720782066793;-0.586738606080744;0
1.36;-0.225553690569137;-0.579047289204983;0
1.37;-0.231308962146481;-0.571195615662442;0
1.38;-0.236985005028017;-0.563186214674689;0
1.39;-0.2425802539283;-0.555021758224985;0
1.4;-0.248093170470932;-0.546704960183835;0
1.41;-0.253522243603467;-0.538238575423488;0
1.42;-0.258865990003398;-0.529625398921666;0
1.43;-0.264122954475141;-0.520868264854813;0
1.44;-0.269291710337907;-0.511970045681151;0
1.45;-0.274370859804355;-0.502933651213836;0
1.46;-0.279359034349932;-0.49376202768451;0
1.47;-0.284254895072817;-0.484458156797547;0
1.48;-0.289057133044353;-0.475025054775289;0
1.49;-0.293764469649899;-0.465465771394578;0
1.5;-0.29837565692001;-0.455783389014883;0
1.51;-0.302889477851862;-0.445981021598333;0
1.52;-0.307304746720833;-0.436061813721956;0
1.53;-0.311620309382187;-0.426028939582449;0
1.54;-0.315835043562762;-0.415885601993767;0
1.55;-0.319947859142606;-0.405635031377862;0
1.56;-0.323957698426492;-0.395280484748887;0
1.57;-0.327863536405248;-0.384825244691163;0
1.58;-0.331664381006832;-0.374272618331246;0
1.59;-0.335359273337116;-0.363625936304398;0
1.6;-0.338947287910295;-0.352888551715797;0
1.61;-0.342427532868898;-0.342063839096782;0
1.62;-0.345799150193334;-0.331155193356484;0
1.63;-0.349061315900935;-0.320166028729139;0
1.64;-0.35221324023446;-0.309099777717427;0
1.65;-0.355254167840004;-0.29795989003214;0
1.66;-0.358183377934301;-0.286749831528524;0
1.67;-0.361000184461368;-0.275473083139606;0
1.68;-0.363703936238473;-0.26413313980683;0
1.69;-0.366294017091399;-0.25273350940834;0
1.7;-0.368769845978979;-0.241277711685222;0
1.71;-0.371130877106892;-0.229769277166035;0
1.72;-0.373376600030685;-0.218211746089956;0
1.73;-0.375506539748036;-0.206608667328874;0
1.74;-0.377520256780225;-0.194963597308732;0
1.75;-0.379417347242818;-0.183280098930477;0
1.76;-0.381197442905564;-0.171561740490908;0
1.77;-0.382860211241495;-0.159812094603773;0
1.78;-0.384405355465243;-0.148034737121416;0
1.79;-0.385832614560578;-0.136233246057318;0
1.8;-0.387141763297175;-0.124411200509829;0
1.81;-0.388332612236621;-0.112572179587436;0
1.82;-0.389405007727692;-0.100719761335869;0
1.83;-0.390358831890903;-0.0888575216673688;0
1.84;-0.391194002592363;-0.0769890332924398;0
1.85;-0.391910473406961;-0.0651178646543931;0
1.86;-0.392508233570914;-0.0532475788670026;0
1.87;-0.392987307923697;-0.0413817326555844;0
1.88;-0.393347756839414;-0.0295238753018101;0
1.89;-0.393589676147621;-0.0176775475925662;0
1.9;-0.393713197043672;-0.00584628077316524;0
1.91;-0.393718485988601;0.00596640449478269;0
1.92;-0.39360574459862;0.0177569991705357;0
1.93;-0.39337520952426;0.0295220068661192;0
1.94;-0.39302715231922;0.0412579448726589;0
1.95;-0.392561879298978;0.0529613451808499;0
1.96;-0.391979731389228;0.0646287554952645;0
1.97;-0.391281083964199;0.0762567402422075;0
1.98;-0.390466346674927;0.0878418815708259;0
1.99;-0.389535963267547;0.0993807803471864;0
2;-0.388490411391679;0.110870057141033;0
2.01;-0.387330202398977;0.122306353204941;0
2.02;-0.386055881131922;0.133686331445594;0
2.03;-0.384668025702945;0.145006677386892;0
2.04;-0.383167247263946;0.156264100124629;0
2.05;-0.381554189766315;0.167455333272469;0
2.06;-0.379829529711526;0.178577135898934;0
2.07;-0.377993975892409;0.189626293455164;0
2.08;-0.376048269125181;0.200599618693169;0
2.09;-0.373993181972344;0.211493952574313;0
2.1;-0.371829518456537;0.222306165167793;0
2.11;-0.369558113765454;0.233033156538839;0
2.12;-0.367179833947922;0.243671857626398;0
2.13;-0.364695575601261;0.254219231110058;0
2.14;-0.362106265550008;0.264672272265963;0
2.15;-0.359412860516148;0.275028009811486;0
2.16;-0.356616346780938;0.285283506738433;0
2.17;-0.353717739838459;0.295435861134531;0
2.18;-0.350718084041004;0.305482206992989;0
2.19;-0.34761845223642;0.315419715009907;0
2.2;-0.344419945397545;0.325245593369306;0
2.21;-0.341123692243832;0.334957088515575;0
2.22;-0.337730848855327;0.344551485913124;0
2.23;-0.334242598279087;0.354026110793029;0
2.24;-0.330660150128211;0.363378328886479;0
2.25;-0.326984740173581;0.372605547144815;0
2.26;-0.323217629928477;0.381705214445986;0
2.27;-0.319360106226175;0.39067482228721;0
2.28;-0.315413480790693;0.399511905463682;0
2.29;-0.311379089800808;0.408214042733124;0
2.3;-0.307258293447494;0.416778857466026;0
2.31;-0.303052475484919;0.425204018281387;0
2.32;-0.298763042775154;0.433487239667806;0
2.33;-0.294391424826737;0.441626282589753;0
2.34;-0.289939073327242;0.449618955078864;0
2.35;-0.285407461669998;0.45746311281012;0
2.36;-0.280798084475124;0.46515665966274;0
2.37;-0.276112457105015;0.472697548265675;0
2.38;-0.27135211517445;0.480083780527538;0
2.39;-0.266518614055465;0.487313408150862;0
2.4;-0.261613528377162;0.494384533130542;0
2.41;-0.256638451520597;0.501295308236345;0
2.42;-0.251594995108921;0.508043937479374;0
2.43;-0.246484788492928;0.514628676562362;0
2.44;-0.241309478232168;0.52104783331371;0
2.45;-0.236070727571801;0.527299768105141;0
2.46;-0.230770215915343;0.533382894252894;0
2.47;-0.225409638293478;0.539295678402352;0
2.48;-0.219990704829095;0.54503664089603;0
2.49;-0.214515140198723;0.550604356124827;0
2.5;-0.208984683090529;0.555997452862477;0
2.51;-0.203401085659045;0.561214614583123;0
2.52;-0.197766112976798;0.566254579761946;0
2.53;-0.192081542483009;0.571116142158794;0
2.54;-0.186349163429534;0.575798151084746;0
2.55;-0.180570776324212;0.580299511651572;0
2.56;-0.174748192371802;0.584619185004033;0
2.57;-0.168883232912669;0.588756188534984;0
2.58;-0.162977728859398;0.592709596083254;0
2.59;-0.157033520131508;0.596478538114258;0
2.6;-0.151052455088437;0.600062201883325;0
2.61;-0.145036389960973;0.603459831581725;0
2.62;-0.138987188281297;0.606670728465379;0
2.63;-0.132906720311825;0.609694250966236;0
2.64;-0.126796862473006;0.612529814786325;0
2.65;-0.120659496770268;0.615176892974475;0
2.66;-0.114496510220263;0.617635015985714;0
2.67;-0.108309794276601;0.619903771723362;0
2.68;-0.102101244255247;0.621982805563817;0
2.69;-0.0958727587597363;0.623871820364092;0
2.7;-0.0896262391063992;0.625570576452086;0
2.71;-0.0833635887497611;0.627078891599662;0
2.72;-0.077086712708286;0.628396640978541;0
2.73;-0.0707975169906386;0.629523757099069;0
2.74;-0.0644979080226377;0.630460229731904;0
2.75;-0.0581897920750671;0.63120610581267;0
2.76;-0.0518750746925181;0.631761489329637;0
2.77;-0.04555566012343;0.632126541194501;0
2.78;-0.0392334507514999;0.632301479096309;0
2.79;-0.0329103465286277;0.632286577338627;0
2.8;-0.0265882444095653;0.632082166660016;0
2.81;-0.0202690377884355;0.631688634037889;0
2.82;-0.0139546159372867;0.631106422475861;0
2.83;-0.00764686344684848;0.63033603077466;0
2.84;-0.0013476596696514;0.629378013286712;0
2.85;0.0049411218343261;0.62823297965449;0
2.86;0.0112176138493213;0.626901594532744;0
2.87;0.0174799560526011;0.625384577294717;0
2.88;0.0237262955602666;0.623682701722458;0
2.89;0.0299547874698893;0.621796795681367;0
2.9;0.0361635953998227;0.619727740779079;0
2.91;0.0423508920250323;0.617476472008829;0
2.92;0.0485148596092906;0.615043977377426;0
2.93;0.0546536905335819;0.612431297517974;0
2.94;0.0607655878205674;0.609639525287484;0
2.95;0.0668487656549585;0.606669805349524;0
2.96;0.0729014498996495;0.603523333742055;0
2.97;0.0789218786074632;0.600201357430611;0
2.98;0.0849083025283621;0.596705173846979;0
2.99;0.0908589856119828;0.593036130413548;0
3;0.0967722055053492;0.589195624053486;0
3.01;0.102646254045624;0.585185100686921;0
3.02;0.108479437747763;0.581006054713304;0
3.03;0.114270078286923;0.576660028480125;0
3.04;0.120016512975508;0.572148611738175;0
3.05;0.1257170952347;0.567473441083527;0
3.06;0.131370195060349;0.562636199386438;0
3.07;0.136974199483104;0.557638615207364;0
3.08;0.142527513022634;0.552482462200277;0
3.09;0.148028558135838;0.547169558503492;0
3.1;0.153475775658895;0.54170176611821;0
3.11;0.158867625243059;0.536080990274976;0
3.12;0.164202585784053;0.53030917878827;0
3.13;0.169479155844963;0.524388321399439;0
3.14;0.174695854072506;0.518320449108197;0
3.15;0.179851219606568;0.512107633492898;0
3.16;0.184943812482885;0.505751986019821;0
3.17;0.189972214028781;0.499255657341679;0
3.18;0.194935027251832;0.492620836585589;0
3.19;0.19983087722137;0.485849750630738;0
3.2;0.204658411442716;0.478944663375964;0
3.21;0.209416300224044;0.471907874997508;0
3.22;0.214103237035778;0.46474172119716;0
3.23;0.218717938862433;0.457448572441055;0
3.24;0.223259146546798;0.450030833189347;0
3.25;0.227725625126375;0.442490941117029;0
3.26;0.232116164161992;0.434831366326123;0
3.27;0.236429578058496;0.427054610549515;0
3.28;0.240664706377451;0.419163206346667;0
3.29;0.24482041414175;0.411159716291477;0
3.3;0.248895592132084;0.403046732152536;0
3.31;0.252889157175168;0.39482687406604;0
3.32;0.25680005242367;0.386502789701627;0
3.33;0.260627247627769;0.378077153421382;0
3.34;0.264369739398266;0.369552665432302;0
3.35;0.2680265514612;0.360932050932454;0
3.36;0.271596734903895;0.352218059251122;0
3.37;0.275079368412375;0.343413462983191;0
3.38;0.278473558500113;0.334521057118047;0
3.39;0.281778439728031;0.325543658163261;0
3.4;0.284993174915722;0.31648410326333;0
3.41;0.288116955343837;0.307345249313742;0
3.42;0.291149000947589;0.298129972070649;0
3.43;0.294088560501342;0.288841165256413;0
3.44;0.296934911794232;0.279481739661304;0
3.45;0.299687361796789;0.270054622241625;0
3.46;0.302345246818528;0.260562755214545;0
3.47;0.304907932656475;0.251009095149908;0
3.48;0.307374814734592;0.241396612059301;0
3.49;0.309745318234092;0.231728288482666;0
3.5;0.312018898214599;0.222007118572713;0
3.51;0.31419503972615;0.212236107177437;0
3.52;0.316273257912017;0.202418268921002;0
3.53;0.318253098102319;0.192556627283271;0
3.54;0.320134135898444;0.182654213678269;0
3.55;0.321915977248229;0.172714066531847;0
3.56;0.323598258511934;0.16273923035883;0
3.57;0.325180646518977;0.152732754839931;0
3.58;0.326662838615434;0.142697693898694;0
3.59;0.32804456270232;0.132637104778759;0
3.6;0.329325577264636;0.122554047121714;0
3.61;0.330505671391206;0.112451582045816;0
3.62;0.331584664785298;0.102332771225847;0
3.63;0.332562407766054;0.092200675974392;0
3.64;0.333438781260743;0.0820583563247992;0
3.65;0.334213696787847;0.0719088701161021;0
3.66;0.334887096431007;0.0617552720801713;0
3.67;0.335458952803855;0.0516006129313665;0
3.68;0.335929269005751;0.041447938458958;0
3.69;0.336298078568458;0.0313002886225841;0
3.7;0.33656544539379;0.0211606966510102;0
3.71;0.33673146368226;0.0110321881444549;0
3.72;0.336796257852766;0.000917780180745955;0
3.73;0.336759982453363;-0.00917951957443397;0
3.74;0.336622822063153;-0.0192567137529497;0
3.75;0.33638499118534;-0.0293108161650081;0
3.76;0.336046734131503;-0.0393388526750883;0
3.77;0.335608324897131;-0.0493378620727522;0
3.78;0.33507006702847;-0.0593048969380844;0
3.79;0.334432293480747;-0.0692370245015115;0
3.8;0.333695366467814;-0.0791313274977508;0
3.81;0.332859677303293;-0.0889849050136447;0
3.82;0.331925646233255;-0.0987948733296357;0
3.83;0.330893722260525;-0.108558366754642;0
3.84;0.329764382960664;-0.118272538454093;0
3.85;0.328538134289707;-0.127934561270889;0
3.86;0.327215510383714;-0.137541628539054;0
3.87;0.325797073350233;-0.147090954889845;0
3.88;0.324283413051722;-0.156579777050091;0
3.89;0.322675146881035;-0.166005354632541;0
3.9;0.320972919529032;-0.175364970917987;0
3.91;0.319177402744414;-0.184655933628956;0
3.92;0.317289295085852;-0.193875575694736;0
3.93;0.315309321666512;-0.20302125600754;0
3.94;0.313238233891055;-0.212090360169585;0
3.95;0.311076809185211;-0.221080301230873;0
3.96;0.308825850718013;-0.229988520417492;0
3.97;0.306486187116795;-0.238812487850203;0
3.98;0.304058672175051;-0.247549703253138;0
3.99;0.301544184553246;-0.25619769665241;0
4;0.298943627472691;-0.264754029064431;0
4.01;0.29625792840258;-0.273216293173759;0
4.02;0.293488038740301;-0.281582114000295;0
4.03;0.290634933485115;-0.289849149555628;0
4.04;0.287699610905329;-0.298015091488374;0
4.05;0.284683092199062;-0.306077665718313;0
4.06;0.281586421148722;-0.31403463305917;0
4.07;0.278410663769306;-0.321883789829865;0
4.08;0.275156907950639;-0.329622968454065;0
4.09;0.271826263093675;-0.337250038047887;0
4.1;0.268419859740968;-0.344762904995589;0
4.11;0.264938849201448;-0.352159513513106;0
4.12;0.261384403169613;-0.359437846199265;0
4.13;0.257757713339264;-0.366595924574564;0
4.14;0.254059991011909;-0.37363180960734;0
4.15;0.250292466699966;-0.380543602227223;0
4.16;0.246456389724888;-0.387329443825718;0
4.17;0.242553027810335;-0.393987516743802;0
4.18;0.238583666670535;-0.400516044746409;0
4.19;0.234549609593961;-0.406913293483681;0
4.2;0.230452177022446;-0.413177570938872;0
4.21;0.226292706125892;-0.419307227862786;0
4.22;0.222072550372685;-0.42530065819466;0
4.23;0.21779307909597;-0.431156299469367;0
4.24;0.213455677055911;-0.436872633210854;0
4.25;0.209061743998079;-0.442448185311722;0
4.26;0.204612694208114;-0.447881526398849;0
4.27;0.200109956062781;-0.453171272184974;0
4.28;0.19555497157759;-0.458316083806165;0
4.29;0.190949195951087;-0.463314668145091;0
4.3;0.186294097105993;-0.468165778140025;0
4.31;0.181591155227307;-0.472868213079504;0
4.32;0.176841862297527;-0.477420818882601;0
4.33;0.172047721629146;-0.481822488364727;0
4.34;0.167210247394535;-0.486072161488921;0
4.35;0.162330964153395;-0.490168825602578;0
4.36;0.157411406377905;-0.494111515659563;0
4.37;0.152453117975702;-0.497899314427675;0
4.38;0.147457651810873;-0.501531352681421;0
4.39;0.142426569223065;-0.505006809380063;0
4.4;0.137361439544898;-0.508324911830928;0
4.41;0.132263839617798;-0.511484935837929;0
4.42;0.127135353306423;-0.514486205835307;0
4.43;0.121977571011805;-0.517328095006552;0
4.44;0.116792089183383;-0.520010025388523;0
4.45;0.111580509830053;-0.522531467960727;0
4.46;0.106344440030393;-0.524891942719789;0
4.47;0.101085491442214;-0.52709101873909;0
4.48;0.0958052798115765;-0.529128314213597;0
4.49;0.0905054244814267;-0.531003496489886;0
4.5;0.0851875479000018;-0.532716282081388;0
4.51;0.0798532751291455;-0.534266436668863;0
4.52;0.0745042333526874;-0.535653775086135;0
4.53;0.0691420513850306;-0.536878161291123;0
4.54;0.0637683591800947;-0.537939508322194;0
4.55;0.0583847873407621;-0.538837778239871;0
4.56;0.0529929666289718;-0.53957298205396;0
4.57;0.0475945274766084;-0.54014517963612;0
4.58;0.0421910994973301;-0.540554479617936;0
4.59;0.0367843109994815;-0.540801039274557;0
4.6;0.0313757885002341;-0.540885064393944;0
4.61;0.0259671562410992;-0.540806809131813;0
4.62;0.020560035704956;-0.540566575852312;0
4.63;0.0151560451347358;-0.540164714954538;0
4.64;0.00975679905390525;-0.539601624684939;0
4.65;0.00436390778888879;-0.538877750935705;0
4.66;-0.00102102300643063;-0.537993587029219;0
4.67;-0.00639639282399236;-0.53694967348866;0
4.68;-0.0117606067724832;-0.535746597794857;0
4.69;-0.0171120760457695;-0.534384994129475;0
4.7;-0.0224492183887001;-0.532865543104656;0
4.71;-0.0277704585601446;-0.531188971479193;0
4.72;-0.0330742287931342;-0.529356051861371;0
4.73;-0.0383589692519702;-0.527367602398564;0
4.74;-0.04362312848617;-0.525224486453727;0
4.75;-0.0488651638811194;-0.522927612268877;0
4.76;-0.0540835421053013;-0.520477932615709;0
4.77;-0.0592767395539735;-0.517876444433459;0
4.78;-0.0644432427891682;-0.515124188454155;0
4.79;-0.0695815489758874;-0.512222248815377;0
4.8;-0.0746901663143704;-0.509171752660678;0
4.81;-0.0797676144683106;-0.505973869727798;0
4.82;-0.0848124249888999;-0.502629811924815;0
4.83;-0.0898231417345813;-0.499140832894391;0
4.84;-0.0947983212863897;-0.495508227566248;0
4.85;-0.0997365333587668;-0.491733331698037;0
4.86;-0.104636361205732;-0.48781752140477;0
4.87;-0.109496402022296;-0.483762212676946;0
4.88;-0.114315267341007;-0.479568860887564;0
4.89;-0.119091583423518;-0.475238960288174;0
4.9;-0.123823991647063;-0.470774043494137;0
4.91;-0.12851114888574;-0.466175680959277;0
4.92;-0.133151727886495;-0.461445480440089;0
4.93;-0.137744417639696;-0.456585086449682;0
4.94;-0.14228792374421;-0.451596179701649;0
4.95;-0.146780968766863;-0.44648047654404;0
4.96;-0.151222292596207;-0.441239728383625;0
4.97;-0.155610652790479;-0.435875721100632;0
4.98;-0.159944824919666;-0.43039027445417;0
4.99;-0.164223602901587;-0.424785241478504;0
5;-0.168445799331893;-0.419062507870402;0
5.01;-0.172610245807907;-0.413223991367744;0
5.02;-0.176715793246199;-0.407271641119587;0
5.03;-0.180761312193844;-0.401207437047905;0
5.04;-0.184745693133236;-0.395033389201199;0
5.05;-0.188667846780428;-0.388751537100182;0
5.06;-0.192526704376872;-0.382363949075763;0
5.07;-0.196321217974517;-0.375872721599526;0
5.08;-0.200050360714178;-0.369279978606924;0
5.09;-0.203713127097102;-0.36258787081341;0
5.1;-0.207308533249665;-0.35579857502371;0
5.11;-0.210835617181129;-0.34891429343446;0
5.12;-0.214293439034405;-0.341937252930442;0
5.13;-0.217681081329741;-0.334869704374613;0
5.14;-0.220997649201289;-0.327713921892182;0
5.15;-0.224242270626481;-0.32047220214893;0
5.16;-0.22741409664817;-0.313146863624028;0
5.17;-0.230512301589472;-0.305740245877551;0
5.18;-0.23353608326126;-0.298254708812945;0
5.19;-0.236484663162258;-0.290692631934654;0
5.2;-0.239357286671697;-0.283056413601155;0
5.21;-0.242153223234478;-0.275348470273617;0
5.22;-0.244871766538798;-0.267571235760429;0
5.23;-0.247512234686214;-0.25972716045783;0
5.24;-0.250073970354085;-0.251818710586864;0
5.25;-0.25255634095038;-0.243848367426911;0
5.26;-0.254958738760795;-0.235818626546011;0
5.27;-0.257280581088168;-0.22773199702824;0
5.28;-0.259521310384151;-0.219591000698353;0
5.29;-0.261680394373118;-0.211398171343945;0
5.3;-0.263757326168289;-0.203156053935359;0
5.31;-0.265751624380032;-0.194867203843588;0
5.32;-0.267662833216351;-0.186534186056398;0
5.33;-0.269490522575517;-0.178159574392921;0
5.34;-0.271234288130841;-0.169745950716942;0
5.35;-0.27289375140758;-0.16129590414914;0
5.36;-0.274468559851955;-0.152812030278492;0
5.37;-0.275958386892285;-0.144296930373107;0
5.38;-0.277362931992224;-0.135753210590705;0
5.39;-0.278681920696103;-0.12718348118899;0
5.4;-0.279915104666383;-0.118590355736152;0
5.41;-0.281062261713199;-0.109976450321736;0
5.42;-0.282123195816032;-0.101344382768102;0
5.43;-0.283097737137488;-0.0926967718427339;0
5.44;-0.28398574202921;-0.084036236471606;0
5.45;-0.284787093029928;-0.0753653949538648;0
5.46;-0.28550169885566;-0.0666868641780412;0
5.47;-0.286129494382089;-0.0580032588400363;0
5.48;-0.28667044061912;-0.0493171906631063;0
5.49;-0.287124524677656;-0.0406312676200807;0
5.5;-0.287491759728602;-0.0319480931580407;0
5.51;-0.287772184954124;-0.0232702654256868;0
5.52;-0.287965865491207;-0.0146003765036228;0
5.53;-0.288072892367513;-0.00594101163778151;0
5.54;-0.288093382429603;0.00270525152378363;0
5.55;-0.288027478263534;0.0113358436905169;0
5.56;-0.287875348107882;0.0199482046851685;0
5.57;-0.28763718575922;0.0285397841955718;0
5.58;-0.287313210470101;0.0371080425221713;0
5.59;-0.286903621605096;0.0456775887607845;0.00904849714940248
5.6;-0.286407946261606;0.0543401307644664;0.0219749216485489
5.61;-0.285825202274784;0.0631006567421233;0.0349013461476953
5.62;-0.285154422360027;0.0719563722321741;0.0478277706468417
5.63;-0.284394667284864;0.0809044590417381;0.0607541951459881
5.64;-0.283545026102292;0.0899420761322049;0.0736806196451345
5.65;-0.28260461637523;0.0990663605101295;0.0866070441442809
5.66;-0.281572584392035;0.108274428123178;0.0995334686434273
5.67;-0.280448105373047;0.117563374760843;0.112459893142574
5.68;-0.279230383668094;0.126930276959664;0.12538631764172
5.69;-0.27791865294494;0.136372192912645;0.138312742140866
5.7;-0.276512176368609;0.145886163382627;0.151239166640013
5.71;-0.275010246771562;0.155469212619304;0.164165591139159
5.72;-0.273412186814692;0.165118349279615;0.177092015638306
5.73;-0.2717173491391;0.174830567351231;0.190018440137452
5.74;-0.269925116508614;0.18460284707885;0.202944864636598
5.75;-0.26803490194305;0.194432155893018;0.215871289135745
5.76;-0.266046148842159;0.2043154493412;0.228797713634891
5.77;-0.263958331100265;0.214249672020808;0.241724138134038
5.78;-0.261770953211558;0.224231758513908;0.254650562633184
5.79;-0.259483550366035;0.234258634323328;0.26757698713233
5.8;-0.257095688536081;0.24432721680987;0.280503411631477
5.81;-0.25460696455366;0.254434416130363;0.293429836130623
5.82;-0.252017006178142;0.26457713617625;0.30635626062977
5.83;-0.249325472154722;0.274752275512454;0.319282685128916
5.84;-0.246532052263468;0.284956728316215;0.332209109628062
5.85;-0.243636467358969;0.295187385315638;0.345135534127209
5.86;-0.240638469400606;0.305441134727655;0.358061958626355
5.87;-0.23753784147345;0.315714863195129;0.370988383125502
5.88;-0.234334397799782;0.326005456722826;0.383914807624648
5.89;-0.231027983741276;0.336309801611962;0.396841232123794
5.9;-0.227618475791827;0.346624785393053;0.409767656622941
5.91;-0.224105781561074;0.356947297756804;0.422694081122087
5.92;-0.220489839748613;0.367274231482743;0.435620505621234
5.93;-0.216770620108941;0.37760248336533;0.44854693012038
5.94;-0.212948123407147;0.387928955137279;0.461473354619526
5.95;-0.209022381365391;0.398250554389807;0.474399779118673
5.96;-0.204993456600183;0.408564195489551;0.487326203617819
5.97;-0.200861442550521;0.418866800491867;0.500252628116966
5.98;-0.196626463396906;0.429155300050269;0.513179052616112
5.99;-0.192288673971283;0.439426634321716;0.526105477115258
6;-0.187848259657951;0.4496777538675;0.539031901614405
6.01;-0.183305436285479;0.459905620549467;0.551958326113551
6.02;-0.178660450009687;0.470107208421307;0.564884750612697
6.03;-0.17391357718774;0.480279504614659;0.577811175111844
6.04;-0.169065124243392;0.490419510219776;0.59073759961099
6.05;-0.164115427523466;0.500524241160487;0.603664024110137
6.06;-0.159064853145599;0.510590729063211;0.616590448609283
6.07;-0.153913796837328;0.520616022119772;0.62951687310843
6.08;-0.148662683766578;0.530597185943764;0.642443297607576
6.09;-0.143311968363614;0.54053130442022;0.655369722106722
6.1;-0.137862134134531;0.550415480548347;0.668296146605869
6.11;-0.132313693466344;0.560246837277081;0.681222571105015
6.12;-0.126667187423756;0.570022518333226;0.694148995604162
6.13;-0.120923185537685;0.579739689041943;0.707075420103308
6.14;-0.115082285585615;0.58939553713935;0.720001844602454
6.15;-0.10914511336386;0.598987273577015;0.732928269101601
6.16;-0.103112322451819;0.608512133318098;0.745854693600747
6.17;-0.0969845939683085;0.617967376124936;0.758781118099894
6.18;-0.0907626363200608;0.627350287337832;0.77170754259904
6.19;-0.0844471849424711;0.636658178644849;0.784633967098186
6.2;-0.07803900203269;0.645888388842368;0.797560391597333
6.21;-0.0715388762751526;0.655038284586231;0.810486816096479
6.22;-0.064947622559639;0.664105261133225;0.823413240595625
6.23;-0.0582660816919643;0.673086743072727;0.836339665094772
6.24;-0.051495120097397;0.681980185048301;0.849266089593918
6.25;-0.0446356295169079;0.690783072469038;0.862192514093065
6.26;-0.0376885266963516;0.699492922210456;0.875118938592211
6.27;-0.0306547530686876;0.708107283304766;0.888045363091358
6.28;-0.0235352744293466;0.716623737620302;0.900971787590504
6.29;-0.0163310806048524;0.725039900529952;0.91389821208965
6.3;-0.00904318511480954;0.73335342156839;0.926824636588797
6.31;-0.00167262482736938;0.74156198507794;0.939751061087943
6.32;0.00577954039171028;0.749663310842895;0.95267748558709
6.33;0.0133122280362964;0.757655154712125;0.965603910086236
6.34;0.0209243333232846;0.765535309209797;0.978530334585382
6.35;0.0286147295620561;0.773301604134063;0.991456759084529
6.36;0.036382268529867;0.780951907143534;1.00438318358367
6.37;0.0442257808530467;0.788484124331402;1.01730960808282
6.38;0.0521440763938811;0.795896200787058;1.03023603258197
6.39;0.0601359446430558;0.803186121145049;1.04316245708111
6.4;0.0682001551175304;0.810351910121238;1.05608888158026
6.41;0.0763354577637178;0.817391633036034;1.06901530607941
6.42;0.0845405833658354;0.824303396324544;1.08194173057855
6.43;0.0928142439592995;0.831085348033526;1.0948681550777
6.44;0.101155133249029;0.837735678305015;1.10779457957685
6.45;0.109561927032527;0.8442526198465;1.12072100407599
6.46;0.118033283627597;0.850634448387534;1.13364742857514
6.47;0.126567844304573;0.856879483122657;1.14657385307429
6.48;0.135164233722909;0.862986087140536;1.15950027757343
6.49;0.143821060372;0.868952667839208;1.17242670207258
6.5;0.152536917016096;0.874777677327322;1.18535312657172
6.51;0.161310381143158;0.880459612811298;1.19827955107087
6.52;0.170140015417527;0.885997016968293;1.21120597557002
6.53;0.179024368136262;0.8913884783049;1.22413240006916
6.54;0.187961973688987;0.896632631501496;1.23705882456831
6.55;0.196951353021133;0.901728157742147;1.24998524906746
6.56;0.205991014100403;0.906673785030021;1.2629116735666
6.57;0.215079452386329;0.911468288488206;1.27583809806575
6.58;0.224215151302771;0.916110490645904;1.2887645225649
6.59;0.233396582713213;0.920599261709911;1.30169094706404
6.6;0.242622207398704;0.924933519821344;1.31461737156319
6.61;0.251890475538307;0.929112231297555;1.32754379606234
6.62;0.261199827191888;0.933134410859189;1.34047022056148
6.63;0.270548692785124;0.936999121842345;1.35339664506063
6.64;0.279935493596551;0.940705476395793;1.36632306955977
6.65;0.289358642246527;0.944252635663229;1.37924949405892
6.66;0.298816543187943;0.947639809950518;1.39217591855807
6.67;0.308307593198548;0.950866258877929;1.40510234305721
6.68;0.317830181874714;0.953931291517306;1.41802876755636
6.69;0.327382692126522;0.956834266514198;1.43095519205551
6.7;0.336963500673988;0.959574592194907;1.44388161655465
6.71;0.3465709785443;0.962151726658463;1.4568080410538
6.72;0.356203491569902;0.964565177853528;1.46973446555295
6.73;0.36585940088728;0.966814503640208;1.48266089005209
6.74;0.375537063436303;0.968899311836818;1.49558731455124
6.75;0.385234832459955;0.970819260251574;1.50851373905038
6.76;0.394951058004326;0.972574056699256;1.52144016354953
6.77;0.404684087418695;0.974163459002848;1.53436658804868
6.78;0.414432265855567;0.975587274980184;1.54729301254782
6.79;0.424193936770499;0.976845362415635;1.56021943704697
6.8;0.433967442421595;0.97793762901686;1.57314586154612
6.81;0.443751124368477;0.978864032356675;1.58607228604526
6.82;0.45354332397063;0.979624579800063;1.59899871054441
6.83;0.463342382884935;0.980219328416395;1.61192513504356
6.84;0.473146643562267;0.980648384876896;1.6248515595427
6.85;0.482954449742997;0.980911905337418;1.63777798404185
6.86;0.492764146951255;0.981010095306587;1.65070440854099
6.87;0.502574082987815;0.980943209499374;1.66363083304014
6.88;0.512382608421442;0.980711551676176;1.67655725753929
6.89;0.522188077078571;0.980315474467465;1.68948368203843
6.9;0.531988846531168;0.979755379184093;1.70241010653758
6.91;0.541783278582622;0.979031715613328;1.71533653103673
6.92;0.551569739751546;0.978144981800715;1.72826295553587
6.93;0.561346601753321;0.977095723817836;1.74118938003502
6.94;0.571112241979262;0.975884535516081;1.75411580453417
6.95;0.580865043973259;0.974512058266517;1.76704222903331
6.96;0.590603397905746;0.972978980685962;1.77996865353246
6.97;0.600325701044884;0.97128603834936;1.79289507803161
6.98;0.610030358224791;0.969434013488582;1.80582150253075
6.99;0.61971578231071;0.967423734677758;1.8187479270299
7;0.629380394660965;0.965256076505252;1.83167435152904
7.01;0.639022625585579;0.962931959232416;1.84460077602819
7.02;0.64864091480142;0.960452348439232;1.85752720052734
7.03;0.658233711883747;0.957818254656981;1.87045362502648
7.04;0.667799476714018;0.955030732988074;1.88338004952563
7.05;0.677336679923847;0.952090882713165;1.89630647402478
7.06;0.686843803334974;0.948999846885708;1.90923289852392
7.07;0.696319340395118;0.945758811914077;1.92215932302307
7.08;0.705761796609604;0.942369007131423;1.93508574752222
7.09;0.715169689968631;0.938831704353388;1.94801217202136
7.1;0.724541551370058;0.935148217423855;1.96093859652051
7.11;0.733875925037605;0.931319901748877;1.97386502101965
7.12;0.743171368934329;0.927348153818946;1.9867914455188
7.13;0.752426455171282;0.923234410719772;1.99971787001795
7.14;0.761639770411212;0.918980149631731;2.01264429451709
7.15;0.770809916267225;0.914586887318155;2.02557071901624
7.16;0.779935509696266;0.910056179602637;2.03849714351539
7.17;0.789015183387329;0.905389620835522;2.05142356801453
7.18;0.798047586144289;0.900588843349773;2.06434999251368
7.19;0.807031383263236;0.895655516906382;2.07727641701283
7.2;0.815965256904227;0.890591348129513;2.09020284151197
7.21;0.824847906457335;0.885398079931567;2.10312926601112
7.22;0.833678048902909;0.880077490928363;2.11605569051027
7.23;0.84245441916594;0.874631394844612;2.12898211500941
7.24;0.851175770464441;0.869061639909898;2.14190853950856
7.25;0.859840874651742;0.863370108245344;2.1548349640077
7.26;0.868448522552613;0.857558715241183;2.16776138850685
7.27;0.87699752429312;0.851629408925417;2.180687813006
7.28;0.885486709624132;0.845584169323787;2.19361423750514
7.29;0.893914928238384;0.83942500781124;2.20654066200429
7.3;0.902281050081021;0.833153966455122;2.21946708650344
7.31;0.910583965653537;0.826773117350299;2.23239351100258
7.32;0.918822586311033;0.820284561946412;2.24531993550173
7.33;0.9269958445527;0.8136904303675;2.25824636000088
7.34;0.935102694305483;0.806992880724189;2.27117278450002
7.35;0.943142111200822;0.800194098418675;2.28409920899917
7.36;0.951113092844412;0.79329629544272;2.29702563349831
7.37;0.959014395396193;0.786197026875713;2.28538530089613
7.38;0.966843127428731;0.778746346400917;2.27245159800481
7.39;0.974595775875908;0.770945800029275;2.25951789511349
7.4;0.982268855224884;0.762798327360152;2.24658419222217
7.41;0.989858909804938;0.754306966935506;2.23365048933085
7.42;0.997362514772049;0.745474855159009;2.22071678643953
7.43;1.00477627708255;0.736305225187684;2.20778308354821
7.44;1.01209683645556;0.726801405796442;2.19484938065689
7.45;1.01932086632399;0.716966820215917;2.18191567776557
7.46;1.02644507477374;0.706804984943972;2.16898197487425
7.47;1.03346620547093;0.696319508531302;2.15604827198293
7.48;1.04038103857689;0.685514090341523;2.14311456909161
7.49;1.0471863916506;0.674392519286168;2.1301808662003
7.5;1.05387912053839;0.662958672535023;2.11724716330898
7.51;1.06045612025065;0.651216514202217;2.10431346041766
7.52;1.06691432582522;0.639170094008504;2.09137975752634
7.53;1.07325071317742;0.626823545920193;2.07844605463502
7.54;1.07946229993624;0.614181086765156;2.0655123517437
7.55;1.08554614626666;0.601247014826374;2.05257864885238
7.56;1.09149935567783;0.588025708413496;2.03964494596106
7.57;1.09731907581676;0.574521624412847;2.02671124306974
7.58;1.10300249924754;0.560739296816386;2.01377754017842
7.59;1.10854686421568;0.546683335230075;2.0008438372871
7.6;1.11394945539747;0.532358423362146;1.98791013439578
7.61;1.11920760463409;0.517769317491752;1.97497643150446
7.62;1.12431869165045;0.502920844918497;1.96204272861314
7.63;1.12928014475823;0.487817902393343;1.94910902572182
7.64;1.13408944154336;0.472465454531395;1.93617532283051
7.65;1.13874410953741;0.456868532207063;1.92324161993919
7.66;1.1432417268729;0.441032230932136;1.91030791704787
7.67;1.14757992292234;0.424961709217249;1.89737421415655
7.68;1.15175637892075;0.408662186917301;1.88444051126523
7.69;1.15576882857161;0.39213894356131;1.87150680837391
7.7;1.15961505863607;0.375397316667263;1.85857310548259
7.71;1.16329290950513;0.358442700042475;1.84563940259127
7.72;1.1668002757549;0.341280542069992;1.83270569969995
7.73;1.17013510668456;0.323916343981592;1.81977199680863
7.74;1.17329540683705;0.306355658117892;1.80683829391731
7.75;1.17627923650224;0.288604086176148;1.79390459102599
7.76;1.17908471220264;0.27066727744625;1.78097088813467
7.77;1.18171000716128;0.2525509270355;1.76803718524335
7.78;1.18415335175188;0.234260774082693;1.75510348235203
7.79;1.18641303393112;0.215802599962078;1.74216977946072
7.8;1.18848739965282;0.197182226477739;1.7292360765694
7.81;1.19037485326413;0.178405514048967;1.71630237367808
7.82;1.19207385788345;0.159478359887164;1.70336867078676
7.83;1.19358293576015;0.140406696164867;1.69043496789544
7.84;1.19490066861588;0.121196488177423;1.67750126500412
7.85;1.19602569796754;0.101853732497906;1.6645675621128
7.86;1.19695672543167;0.0823844551258263;1.65163385922148
7.87;1.19769251301045;0.062794709630195;1.63870015633016
7.88;1.19823188335894;0.0430905752875249;1.62576645343884
7.89;1.1985737200338;0.0232781552153185;1.61283275054752
7.9;1.19871696772329;0.00336357450162081;1.5998990476562
7.91;1.1986606324585;-0.0166470216688009;1.58696534476488
7.92;1.19840378180594;-0.0367474698910797;1.57403164187356
7.93;1.19794554504124;-0.0569315904191087;1.56109793898224
7.94;1.19728511330413;-0.0771931890460704;1.54816423609092
7.95;1.19642173973453;-0.0975260589860675;1.53523053319961
7.96;1.19535473958996;-0.117923982756292;1.52229683030829
7.97;1.19408349034395;-0.138380734059165;1.50936312741697
7.98;1.19260743176577;-0.158890079663885;1.49642942452565
7.99;1.19092606598128;-0.179445781286819;1.48349572163433
8;1.18903895751501;-0.200041597470178;1.47056201874301
8.01;1.18694573331348;-0.220671285458415;1.45762831585169
8.02;1.18464608274967;-0.241328603071788;1.44469461296037
8.03;1.18213975760894;-0.262007310576527;1.43176091006905
8.04;1.17942657205608;-0.282701172551055;1.41882720717773
8.05;1.17650640258389;-0.303403959747716;1.40589350428641
8.06;1.173379187943;-0.324109450949438;1.39295980139509
8.07;1.17004492905328;-0.344811434820811;1.38002609850377
8.08;1.16650368889672;-0.365503711753018;1.36709239561245
8.09;1.16275559239184;-0.386180095702073;1.35415869272113
8.1;1.15880082624986;-0.406834416019844;1.34122498982982
8.11;1.15463963881247;-0.427460519277309;1.3282912869385
8.12;1.15027233987151;-0.448052271079513;1.31535758404718
8.13;1.14569930047045;-0.468603557871707;1.30242388115586
8.14;1.14092095268794;-0.489108288736134;1.28949017826454
8.15;1.13593778940337;-0.509560397178935;1.27655647537322
8.16;1.13075036404461;-0.529953842906674;1.2636227724819
8.17;1.12535929031809;-0.550282613591944;1.25068906959058
8.18;1.11976524192121;-0.570540726627562;1.23775536669926
8.19;1.11396895223728;-0.590722230868842;1.22482166380794
8.2;1.10797121401313;-0.610821208363438;1.21188796091662
8.21;1.10177287901943;-0.630831776068262;1.1989542580253
8.22;1.0953748576939;-0.650748087552996;1.18602055513398
8.23;1.08877811876763;-0.670564334689691;1.17308685224266
8.24;1.08198368887444;-0.690274749327987;1.16015314935134
8.25;1.07499265214364;-0.709873604955471;1.14721944646003
8.26;1.06780614977627;-0.729355218342691;1.13428574356871
8.27;1.06042537960487;-0.748713951172382;1.12135204067739
8.28;1.05285159563712;-0.767944211652413;1.10841833778607
8.29;1.04508610758341;-0.787040456112034;1.09548463489475
8.3;1.03713028036844;-0.805997190580935;1.08255093200343
8.31;1.02898553362725;-0.824808972350709;1.06961722911211
8.32;1.02065334118558;-0.843470411518256;1.05668352622079
8.33;1.01213523052498;-0.86197617251071;1.04374982332947
8.34;1.00343278223269;-0.880320975591455;1.03081612043815
8.35;0.994547629436605;-0.898499598346817;1.01788241754683
8.36;0.985481457225376;-0.916506877153023;1.00494871465551
8.37;0.976236002054025;-0.934337708623003;0.992015011764193
8.38;0.966813051135128;-0.951987051032664;0.979081308872874
8.39;0.957214441815845;-0.96944992572622;0.966147605981555
8.4;0.94744206094099;-0.986721418500197;0.953213903090235
8.41;0.937497844202363;-1.00379668096575;0.940280200198916
8.42;0.92738377547455;-1.02067093188891;0.927346497307597
8.43;0.917101886137429;-1.03733945850838;0.914412794416277
8.44;0.906654254385594;-1.05379761783056;0.901479091524958
8.45;0.896043004524938;-1.07004083790142;0.888545388633639
8.46;0.885270306256618;-1.08606461905491;0.87561168574232
8.47;0.874338373948644;-1.10186453513754;0.862677982851
8.48;0.863249465895334;-1.11743623470879;0.849744279959681
8.49;0.852005883564872;-1.13277544221714;0.836810577068361
8.5;0.840609970835214;-1.14787795915127;0.823876874177042
8.51;0.829064113218599;-1.16273966516618;0.810943171285723
8.52;0.817370737074913;-1.17735651918399;0.798009468394403
8.53;0.805532308814156;-1.19172456046903;0.785075765503084
8.54;0.79355133408828;-1.20583990967708;0.772142062611765
8.55;0.781430356972645;-1.21969876987831;0.759208359720445
8.56;0.769171959137372;-1.23329742755383;0.746274656829126
8.57;0.756778759008848;-1.24663225356549;0.733340953937807
8.58;0.74425341092165;-1.25969970409876;0.720407251046487
8.59;0.73159860426117;-1.27249632157833;0.707473548155168
8.6;0.718817062597197;-1.28501873555639;0.694539845263848
8.61;0.705911542808756;-1.29726366357318;0.681606142372529
8.62;0.692884834200446;-1.30922791198972;0.66867243948121
8.63;0.679739757610597;-1.32090837679251;0.65573873658989
8.64;0.666479164511493;-1.33230204436993;0.642805033698571
8.65;0.653105936101965;-1.34340599226023;0.629871330807252
8.66;0.639622982392632;-1.35421738987094;0.616937627915933
8.67;0.626033241284076;-1.36473349916944;0.604003925024613
8.68;0.612339677638241;-1.37495167534465;0.591070222133294
8.69;0.598545282343351;-1.38486936743963;0.578136519241975
8.7;0.584653071372624;-1.39448411895495;0.565202816350655
8.71;0.570666084837091;-1.40379356842269;0.552269113459336
8.72;0.556587386032809;-1.41279544995102;0.539335410568016
8.73;0.542420060482756;-1.42148759373913;0.526401707676697
8.74;0.528167214973711;-1.42986792656254;0.513468004785378
8.75;0.513831976588421;-1.43793447222852;0.500534301894058
8.76;0.499417491733338;-1.4456853520018;0.487600599002739
8.77;0.484926925162244;-1.45311878500017;0.47466689611142
8.78;0.470363458996047;-1.46023308856017;0.461733193220101
8.79;0.455730291739059;-1.46702667857269;0.448799490328781
8.8;0.441030637292054;-1.47349806978841;0.435865787437462
8.81;0.426267723962407;-1.47964587609314;0.422932084546142
8.82;0.411444793471613;-1.48546881075293;0.409998381654823
8.83;0.396565099960491;-1.490965686629;0.397064678763504
8.84;0.381631908992381;-1.49613541636238;0.384130975872184
8.85;0.366648496554623;-1.50097701252842;0.371197272980865
8.86;0.351618148058629;-1.50548958776098;0.358263570089546
8.87;0.336544157338852;-1.50967235484652;0.345329867198226
8.88;0.321429825650945;-1.51352462678788;0.332396164306907
8.89;0.306278460669426;-1.51704581683802;0.319462461415588
8.9;0.291093375485129;-1.52023543850359;0.306528758524268
8.91;0.275877887602766;-1.52309310551845;0.293595055632949
8.92;0.260635317938883;-1.52561853178723;0.28066135274163
8.93;0.245368989820517;-1.52781153129891;0.26772764985031
8.94;0.23008222798485;-1.52967201801055;0.254793946958991
8.95;0.214778357580162;-1.5312000057013;0.241860244067671
8.96;0.199460703168373;-1.5323956077967;0.228926541176352
8.97;0.184132587729486;-1.53325903716342;0.215992838285033
8.98;0.168797331668197;-1.53379060587452;0.203059135393714
8.99;0.153458251823005;-1.53399072494544;0.190125432502394
9;0.138118660478079;-1.53385990404072;0.177191729611075
9.01;0.122781864378192;-1.5333987511517;0.164258026719756
9.02;0.107451163747015;-1.53260797224522;0.151324323828436
9.03;0.0921298513090426;-1.53148837088369;0.138390620937117
9.04;0.0768212113154571;-1.53004084781643;0.125456918045797
9.05;0.0615285185742006;-1.52826640054263;0.112523215154478
9.06;0.0462550374845467;-1.52616612284608;0.0995895122631589
9.07;0.0310040210764524;-1.52374120430179;0.0866558093718397
9.08;0.0157787100549679;-1.52099292975481;0.0737221064805205
9.09;0.000582331849983788;-1.51792267877128;0.0607884035892008
9.1;-0.0145819003284092;-1.51453192506217;0.0478547006978816
9.11;-0.0297107884286746;-1.51082223587967;0.0349209978065623
9.12;-0.0448011504904271;-1.50679527138661;0.0219872949152427
9.13;-0.0598498215706031;-1.50245278399919;0.00905359202392342
9.14;-0.0748536533695683;-1.49779273781853;0
9.15;-0.0898091518733604;-1.49272789193804;0
9.16;-0.104712025585482;-1.4872242900135;0
9.17;-0.119557897657871;-1.48128433588388;0
9.18;-0.134342415851662;-1.47491056005785;0
9.19;-0.149061253799514;-1.4681056187376;0
9.2;-0.163710112258027;-1.46087229280658;0
9.21;-0.178284720349862;-1.45321348678156;0
9.22;-0.192780836795232;-1.44513222772957;0
9.23;-0.207194251132403;-1.43663166414981;0
9.24;-0.221520784926856;-1.42771506482118;0
9.25;-0.235756292968772;-1.41838581761573;0
9.26;-0.249896664458503;-1.40864742827838;0
9.27;-0.263937824179684;-1.39850351917349;0
9.28;-0.277875733659668;-1.38795782799859;0
9.29;-0.291706392316948;-1.37701420646571;0
9.3;-0.305425838595256;-1.36567661895088;0
9.31;-0.319030151084002;-1.35394914111208;0
9.32;-0.332515449624767;-1.34183595847633;0
9.33;-0.345877896403522;-1.32934136499616;0
9.34;-0.359113697028271;-1.3164697615761;0
9.35;-0.37221910159184;-1.30322565456969;0
9.36;-0.38519040571949;-1.28961365424738;0
9.37;-0.398023951601089;-1.27563847323595;0
9.38;-0.410716129007551;-1.26130492493;0
9.39;-0.423263376291263;-1.24661792187581;0
9.4;-0.435662181370229;-1.23158247412839;0
9.41;-0.447909082695671;-1.2162036875821;0
9.42;-0.460000670202809;-1.20048676227533;0
9.43;-0.471933586244583;-1.18443699066998;0
9.44;-0.483704526508056;-1.16805975590612;0
9.45;-0.495310240913248;-1.1513605300325;0
9.46;-0.506747534494176;-1.13434487221344;0
9.47;-0.518013268261855;-1.11701842691269;0
9.48;-0.529104360049039;-1.09938692205484;0
9.49;-0.540017785336471;-1.08145616716487;0
9.5;-0.55075057806044;-1.06323205148644;0
9.51;-0.561299831401424;-1.04472054207953;0
9.52;-0.571662698553615;-1.02592768189799;0
9.53;-0.58183639347514;-1.00685958784768;0
9.54;-0.591818191618768;-0.987522448825772;0
9.55;-0.601605430642937;-0.9679225237418;0
9.56;-0.611195511102907;-0.948066139521194;0
9.57;-0.620585897121867;-0.927959689091804;0
9.58;-0.629774117041848;-0.907609629354118;0
9.59;-0.638757764054249;-0.887022479135794;0
9.6;-0.64753449680985;-0.866204817131138;0
9.61;-0.656102040008158;-0.84516327982618;0
9.62;-0.66445818496593;-0.823904559409996;0
9.63;-0.67260079016476;-0.802435401672914;0
9.64;-0.680527781777585;-0.780762603892277;0
9.65;-0.688237154173999;-0.75889301270639;0
9.66;-0.695726970404254;-0.73683352197734;0
9.67;-0.702995362661842;-0.714591070643325;0
9.68;-0.710040532724551;-0.692172640561161;0
9.69;-0.716860752373917;-0.669585254339637;0
9.7;-0.723454363792954;-0.646835973164372;0
9.71;-0.72981977994211;-0.623931894614856;0
9.72;-0.735955484913354;-0.600880150474319;0
9.73;-0.741860034262334;-0.577687904533126;0
9.74;-0.747532055318544;-0.554362350386342;0
9.75;-0.752970247473435;-0.530910709226155;0
9.76;-0.758173382446442;-0.507340227629814;0
9.77;-0.763140304528863;-0.483658175343765;0
9.78;-0.767869930805568;-0.459871843064649;0
9.79;-0.772361251354506;-0.435988540217833;0
9.8;-0.776613329423989;-0.412015592734139;0
9.81;-0.780625301587738;-0.387960340825461;0
9.82;-0.784396377877681;-0.363830136759909;0
9.83;-0.787925841894504;-0.339632342637168;0
9.84;-0.79121305089596;-0.31537432816474;0
9.85;-0.794257435862943;-0.291063468435716;0
9.86;-0.797058501543355;-0.266707141708761;0
9.87;-0.79961582647378;-0.242312727190962;0
9.88;-0.801929062979004;-0.217887602824205;0
9.89;-0.803997937149416;-0.193439143075732;0
9.9;-0.805822248796339;-0.16897471673354;0
9.91;-0.807401871385334;-0.144501684707269;0
9.92;-0.808736751947545;-0.120027397835235;0
9.93;-0.80982691096914;-0.0955591946982458;0
9.94;-0.810672442258926;-0.0711043994408526;0
9.95;-0.811273512794213;-0.046670319600671;0
9.96;-0.811630362545005;-0.0222642439464125;0
9.97;-0.81174330427662;0.00210655967474311;0
9.98;-0.811612723330822;0.0264348464798038;0
9.99;-0.811239077385575;0.0507133968820256;0
10;-0.810622896193529;0.0749350186117548;0
10.01;-0.809764781299349;0.0990925488254377;0
10.02;-0.808665405736007;0.123178856202184;0
10.03;-0.807325513700169;0.147186843027279;0
10.04;-0.805745920206809;0.171109447262039;0
10.05;-0.803927510723184;0.194939644599414;0
10.06;-0.801871240782325;0.218670450504756;0
10.07;-0.799578135576183;0.242294922241143;0
10.08;-0.797049289528596;0.265806160878705;0
10.09;-0.794285865848241;0.289197313287362;0
10.1;-0.791289096061728;0.312461574112402;0
10.11;-0.788060279527023;0.335592187732352;0
10.12;-0.78460078292737;0.35858245019857;0
10.13;-0.780912039745907;0.381425711156014;0
10.14;-0.776995549721155;0.404115375744646;0
10.15;-0.772852878283583;0.426644906480937;0
10.16;-0.768485655973455;0.44900782511893;0
10.17;-0.763895577840153;0.471197714490355;0
10.18;-0.759084402823203;0.493208220323268;0
10.19;-0.754053953115199;0.515033053038716;0
10.2;-0.748806113506883;0.536665989524916;0
10.21;-0.743342830714562;0.558100874888461;0
10.22;-0.737666112690138;0.579331624182076;0
10.23;-0.731778027913957;0.600352224108423;0
10.24;-0.72568070467073;0.62115673469951;0
10.25;-0.719376330308775;0.641739290971231;0
10.26;-0.712867150482827;0.662094104552583;0
10.27;-0.706155468380668;0.682215465289118;0
10.28;-0.699243643933843;0.702097742820196;0
10.29;-0.69213409301272;0.721735388129599;0
10.3;-0.684829286606171;0.74112293506911;0
10.31;-0.677331749986135;0.760255001854622;0
10.32;-0.669644061857342;0.779126292534389;0
10.33;-0.661768853492495;0.797731598429028;0
10.34;-0.653708807853165;0.816065799542884;0
10.35;-0.645466658696708;0.834123865946379;0
10.36;-0.637045189669497;0.851900859128999;0
10.37;-0.628447233386748;0.86939193332254;0
10.38;-0.619675670499254;0.886592336794288;0
10.39;-0.610733428747321;0.903497413109781;0
10.4;-0.60162348200222;0.920102602364844;0
10.41;-0.592348849295447;0.936403442386557;0
10.42;-0.582912593836128;0.952395569902876;0
10.43;-0.573317822016859;0.968074721680588;0
10.44;-0.563567682408317;0.98343673563133;0
10.45;-0.55366536474295;0.998477551885381;0
10.46;-0.543614098888078;1.01319321383297;0
10.47;-0.533417153808732;1.02757986913285;0
10.48;-0.523077836520546;1.04163377068785;0
10.49;-0.51259949103305;1.05535127758727;0
10.5;-0.501985497283689;1.06872885601573;0
10.51;-0.491239270062903;1.08176308012847;0
10.52;-0.480364257930605;1.09445063289263;0
10.53;-0.4693639421244;1.10678830689465;0
10.54;-0.458241835459891;1.11877300511327;0
10.55;-0.447001481223395;1.13040174165816;0
10.56;-0.435646452057445;1.14167164247401;0
10.57;-0.424180348839393;1.15257994600984;0
10.58;-0.412606799553487;1.16312400385341;0
10.59;-0.400929458156755;1.17330128133072;0
10.6;-0.389152003439053;1.18310935807029;0
10.61;-0.377278137877634;1.19254592853224;0
10.62;-0.365311586486578;1.20160880250206;0
10.63;-0.353256095661445;1.21029590554895;0
10.64;-0.341115432019509;1.21860527944863;0
10.65;-0.32889338123592;1.22653508257063;0
10.66;-0.316593746876154;1.23408359022997;0
10.67;-0.304220349225103;1.24124919500313;0
10.68;-0.291777024113177;1.24803040700839;0
10.69;-0.279267621739749;1.25442585415039;0
10.7;-0.266696005494324;1.26043428232904;0
10.71;-0.254066050775779;1.26605455561259;0
10.72;-0.241381643810033;1.2712856563751;0
10.73;-0.228646680466497;1.27612668539815;0
10.74;-0.215865065073677;1.28057686193684;0
10.75;-0.203040709234269;1.28463552375028;0
10.76;-0.190177530640115;1.28830212709638;0
10.77;-0.177279451887368;1.29157624669118;0
10.78;-0.164350399292225;1.29445757563281;0
10.79;-0.151394301707576;1.29694592528993;0
10.8;-0.138415089340933;1.2990412251551;0
10.81;-0.125416692573976;1.30074352266282;0
10.82;-0.112403040784088;1.30205298297266;0
10.83;-0.0993780611682021;1.30296988871741;0
10.84;-0.0863456775693335;1.30349463971645;0
10.85;-0.0733098093061304;1.3036277526545;0
10.86;-0.0602743700057932;1.30336986072588;0
10.87;-0.0472432664407047;1.30272171324447;0
10.88;-0.0342203973691162;1.30168417521954;0
10.89;-0.0212096523802265;1.30025822689756;0
10.9;-0.00821491074399614;1.29844496327036;0
10.91;0.00475995973396956;1.29624559354967;0
10.92;0.0177111038521322;1.29366144060833;0
10.93;0.0306346801469952;1.2906939403884;0
10.94;0.0435268620210115;1.2873446412764;0
10.95;0.056383838864097;1.28361520344592;0
10.96;0.0692018171684232;1.27950739816779;0
10.97;0.0819770216361683;1.27502310708827;0
10.98;0.0947056962799051;1.27016432147523;0
10.99;0.10738410551531;1.26493314143287;0
11;0.120008535245875;1.25933177508516;0
11.01;0.132575293939321;1.25336253772826;0
11.02;0.145080713695389;1.24702785095226;0
11.03;0.157521151304717;1.24033024173269;0
11.04;0.169892989298497;1.23327234149179;0
11.05;0.182192636988605;1.22585688513033;0
11.06;0.194416531497926;1.21808671002983;0
11.07;0.206561138780561;1.209964755026;0
11.08;0.218622954631646;1.20149405935334;0
11.09;0.230598505686485;1.1926777615616;0
11.1;0.242484350408727;1.18351909840427;0
11.11;0.254277080067295;1.17402140369951;0
11.12;0.265973319701813;1.16418810716405;0
11.13;0.27756972907624;1.15402273322021;0
11.14;0.289063003620465;1.14352889977668;0
11.15;0.300449875359588;1.13271031698336;0
11.16;0.311727113830632;1.12157078596063;0
11.17;0.322891526986441;1.11011419750362;0
11.18;0.333939962086502;1.09834453076174;0
11.19;0.344869306574462;1.08626585189407;0
11.2;0.355676488942079;1.07388231270093;0
11.21;0.366358479579398;1.06119814923215;0
11.22;0.376912291610895;1.04821768037246;0
11.23;0.387334981717377;1.03494530640451;0
11.24;0.397623650943417;1.02138550754993;0
11.25;0.407775445490098;1.00754284248898;0
11.26;0.417787557492859;0.993421946859139;0
11.27;0.427657225784239;0.979027531733295;0
11.28;0.437381736641305;0.964364382077904;0
11.29;0.446958424517581;0.949437355191634;0
11.3;0.456384672759272;0.934251379125034;0
11.31;0.465657914305603;0.918811451081695;0
11.32;0.474775632373092;0.903122635801433;0
11.33;0.483735361123566;0.887190063926014;0
11.34;0.492534686315768;0.87101893034792;0
11.35;0.501171245940373;0.854614492542704;0
11.36;0.509642730838253;0.837982068885445;0
11.37;0.517946885301844;0.821127036951846;0
11.38;0.526081507659446;0.804054831804498;0
11.39;0.534044450842336;0.786770944264865;0
11.4;0.54183362293452;0.769280919171524;0
11.41;0.549446987705028;0.7515903536252;0
11.42;0.556882565122581;0.733704895221155;0
11.43;0.564138431852545;0.715630240269483;0
11.44;0.571212721736026;0.69737213200385;0
11.45;0.578103626251002;0.678936358779261;0
11.46;0.584809394955392;0.660328752259385;0
11.47;0.591328335911944;0.641555185594023;0
11.48;0.597658816094866;0.622621571587266;0
11.49;0.603799261778088;0.60353386085692;0
11.5;0.60974815890509;0.584298039985755;0
11.51;0.615504053440205;0.564920129665153;0
11.52;0.62106555170132;0.545406182831721;0
11.53;0.626431320673923;0.525762282797441;0
11.54;0.631600088306422;0.505994541373928;0
11.55;0.636570643786678;0.486109096991367;0
11.56;0.641341837799707;0.466112112812711;0
11.57;0.645912582766509;0.446009774843694;0
11.58;0.650281853063978;0.425808290039257;0
11.59;0.654448685225857;0.405513884406942;0
11.6;0.658412178124725;0.385132801107834;0
11.61;0.662171493134977;0.364671298555629;0
11.62;0.66572585427679;0.344135648514393;0
11.63;0.669074548341068;0.323532134195592;0
11.64;0.672216924995345;0.302867048354957;0
11.65;0.675152396870673;0.282146691389763;0
11.66;0.67788043962947;0.261377369437083;0
11.67;0.680400592014374;0.240565392473595;0
11.68;0.682712455878087;0.219717072417502;0
11.69;0.684815696194267;0.198838721233127;0
11.7;0.686710041049465;0.177936649038761;0
11.71;0.688395281616168;0.15701716221831;0
11.72;0.689871272106972;0.136086561537307;0
11.73;0.691137929709935;0.11515114026385;0
11.74;0.692195234505173;0.0942171822950105;0
11.75;0.693043229362736;0.0732909602892816;0
11.76;0.693682019821843;0.0523787338055925;0
11.77;0.694111773951539;0.0314867474494564;0
11.78;0.694332722192844;0.0106212290267839;0
11.79;0.694345157182483;-0.0102116122940939;0
11.8;0.694149433558268;-0.0310055878116571;0
11.81;0.693745967746234;-0.0517545311111493;0
11.82;0.693135237729614;-0.0724522998747217;0
11.83;0.692317782799769;-0.0930927776812426;0
11.84;0.691294203289153;-0.113669875795251;0
11.85;0.690065160286454;-0.134177534944536;0
11.86;0.688631375334003;-0.154609727085829;0
11.87;0.686993630107586;-0.174960457158105;0
11.88;0.685152766078774;-0.195223764822971;0
11.89;0.683109684159922;-0.215393726191672;0
11.9;0.680865344331946;-0.235464455538189;0
11.91;0.678420765255041;-0.255430106997958;0
11.92;0.675777023862476;-0.275284876251722;0
11.93;0.672935254937621;-0.295023002194035;0
11.94;0.669896650674358;-0.314638768585942;0
11.95;0.666662460221041;-0.334126505691367;0
11.96;0.663233989208158;-0.353480591896762;0
11.97;0.659612599259889;-0.37269545531353;0
11.98;0.655799707489704;-0.391765575362798;0
11.99;0.651796785980203;-0.410685484342088;0
12;0.647605361247372;-0.429449768973434;0
12.01;0.643227013689437;-0.448053071932539;0
12.02;0.638663377020519;-0.466490093358516;0
12.03;0.633916137689279;-0.484755592343823;0
12.04;0.628987034282754;-0.502844388403952;0
12.05;0.623877856915588;-0.520751362926492;0
12.06;0.618590446604869;-0.538471460599146;0
12.07;0.613126694630778;-0.555999690816322;0
12.08;0.607488541883274;-0.573331129063912;0
12.09;0.60167797819503;-0.590460918281875;0
12.1;0.595697041660841;-0.607384270204261;0
12.11;0.589547817943736;-0.624096466676311;0
12.12;0.583232439568031;-0.640592860948275;0
12.13;0.576753085199537;-0.656868878945599;0
12.14;0.570111978913181;-0.672920020515154;0
12.15;0.563311389448277;-0.688741860647149;0
12.16;0.55635362945168;-0.704330050672435;0
12.17;0.549241054709085;-0.719680319434858;0
12.18;0.541976063364713;-0.734788474438361;0
12.19;0.534561095129644;-0.749650402968538;0
12.2;0.526998630479049;-0.764262073188349;0
12.21;0.519291189838575;-0.778619535207702;0
12.22;0.511441332760168;-0.792718922126632;0
12.23;0.50345165708757;-0.806556451051814;0
12.24;0.495324798111778;-0.820128424086147;0
12.25;0.48706342771673;-0.833431229291155;0
12.26;0.478670253515486;-0.846461341621968;0
12.27;0.470148017977189;-0.859215323834652;0
12.28;0.461499497545073;-0.871689827365659;0
12.29;0.452727501745805;-0.883881593183177;0
12.3;0.443834872290441;-0.895787452610189;0
12.31;0.43482448216728;-0.907404328119023;0
12.32;0.425699234726899;-0.918729234097222;0
12.33;0.416462062759657;-0.929759277584535;0
12.34;0.407115927565973;-0.940491658980878;0
12.35;0.397663818019635;-0.950923672725089;0
12.36;0.38810874962447;-0.961052707944321;0
12.37;0.378453763564646;-0.970876249073948;0
12.38;0.368701925748909;-0.980391876447821;0
12.39;0.35885632584905;-0.989597266858777;0
12.4;0.348920076332906;-0.99849019408926;0
12.41;0.338896311492182;-1.00706852941196;0
12.42;0.328788186465409;-1.01533024206037;0
12.43;0.318598876256328;-1.02327339966917;0
12.44;0.30833157474801;-1.03089616868433;0
12.45;0.297989493713005;-1.03819681474298;0
12.46;0.287575861819837;-1.04517370302272;0
12.47;0.277093923636134;-1.0518252985607;0
12.48;0.266546938628714;-1.05815016654207;0
12.49;0.255938180160918;-1.06414697255796;0
12.5;0.245270934487497;-1.0698144828329;0
12.51;0.234548499747372;-1.07515156442176;0
12.52;0.223774184954556;-1.080157185376;0
12.53;0.21295130898755;-1.08483041487949;0
12.54;0.202083199577521;-1.08917042335365;0
12.55;0.191173192295565;-1.09317648253222;0
12.56;0.180224629539364;-1.09684796550534;0
12.57;0.169240859519527;-1.10018434673336;0
12.58;0.158225235245945;-1.10318520203011;0
12.59;0.14718111351444;-1.10585020851587;0
12.6;0.136111853894025;-1.10817914454005;0
12.61;0.125020817715068;-1.11017188957366;0
12.62;0.113911367058674;-1.11182842407161;0
12.63;0.102786863747578;-1.11314882930505;0
12.64;0.0916506683388406;-1.11413328716374;0
12.65;0.080506139118667;-1.11478207992854;0
12.66;0.0693566310996259;-1.11509559001433;0
12.67;0.0582054950205758;-1.11507429968323;0
12.68;0.0470560763495912;-1.11471879072845;0
12.69;0.0359117142901823;-1.11402974412882;0
12.7;0.0247757407911;-1.11300793967421;0
12.71;0.0136514795600186;-1.11165425556193;0
12.72;0.00254224508138225;-1.10996966796439;0
12.73;-0.00854865836129384;-1.10795525056806;0
12.74;-0.0196179376583857;-1.10561217408402;0
12.75;-0.0306623118421001;-1.10294170573034;0
12.76;-0.0416785130491117;-1.09994520868625;0
12.77;-0.0526632874776165;-1.09662414151869;0
12.78;-0.0636133963385267;-1.09298005758109;0
12.79;-0.0745256168005289;-1.08901460438483;0
12.8;-0.0853967429287363;-1.08472952294358;0
12.81;-0.0962235866166614;-1.0801266470907;0
12.82;-0.107002978511244;-1.07520790277001;0
12.83;-0.117731768930664;-1.06997530730015;0
12.84;-0.12840682877469;-1.06443096861282;0
12.85;-0.139025050427279;-1.0585770844652;0
12.86;-0.149583348651198;-1.05241594162673;0
12.87;-0.160078661474391;-1.04594991504068;0
12.88;-0.170507951067856;-1.03918146696067;0
12.89;-0.18086820461477;-1.03211314606253;0
12.9;-0.191156435170622;-1.02474758653181;0
12.91;-0.201369682514121;-1.01708750712712;0
12.92;-0.21150501398862;-1.00913571021987;0
12.93;-0.221559525333839;-1.0008950808105;0
12.94;-0.23153034150764;-0.992368585521647;0
12.95;-0.241414617497639;-0.983559271568615;0
12.96;-0.251209539122417;-0.974470265707404;0
12.97;-0.260912323822105;-0.965104773160738;0
12.98;-0.27052022143815;-0.955466076522408;0
12.99;-0.280030514982005;-0.945557534640301;0
13;-0.289440521392575;-0.935382581478498;0
13.01;-0.298747592282181;-0.924944724958807;0
13.02;-0.307949114670844;-0.914247545782116;0
13.03;-0.317042511708709;-0.903294696229957;0
13.04;-0.326025243386377;-0.892089898946676;0
13.05;-0.33489480723299;-0.880636945702597;0
13.06;-0.343648739001854;-0.868939696138597;0
13.07;-0.352284613343426;-0.857002076492491;0
13.08;-0.360800044465492;-0.844828078307641;0
13.09;-0.369192686780341;-0.832421757124213;0
13.1;-0.377460235538786;-0.819787231153494;0
13.11;-0.385600427450847;-0.806928679935707;0
13.12;-0.39361104129294;-0.793850342981744;0
13.13;-0.401489898501417;-0.780556518399258;0
13.14;-0.409234863752292;-0.767051561503555;0
13.15;-0.416843845527013;-0.753339883413716;0
13.16;-0.424314796664131;-0.739425949634417;0
13.17;-0.43164571489672;-0.725314278623866;0
13.18;-0.438834643375421;-0.711009440348349;0
13.19;-0.445879671176972;-0.696516054823803;0
13.2;-0.452778933798089;-0.6818387906449;0
13.21;-0.459530613634598;-0.666982363502096;0
13.22;-0.46613294044567;-0.651951534687114;0
13.23;-0.472584191803071;-0.636751109587318;0
13.24;-0.478882693525305;-0.621385936169466;0
13.25;-0.485026820096542;-0.605860903453302;0
13.26;-0.49101499507025;-0.590180939975462;0
13.27;-0.496845691457411;-0.574351012244175;0
13.28;-0.502517432099256;-0.558376123185246;0
13.29;-0.508028790024415;-0.542261310579781;0
13.3;-0.513378388790409;-0.526011645494156;0
13.31;-0.518564902809416;-0.509632230702708;0
13.32;-0.523587057658222;-0.493128199103626;0
13.33;-0.528443630372311;-0.476504712128538;0
13.34;-0.533133449724017;-0.459766958146281;0
13.35;-0.537655396484702;-0.442920150861335;0
13.36;-0.542008403670876;-0.425969527707417;0
13.37;-0.546191456774252;-0.408920348236722;0
13.38;-0.550203593975665;-0.391777892505305;0
13.39;-0.554043906342836;-0.374547459455087;0
13.4;-0.557711538011932;-0.357234365292982;0
13.41;-0.56120568635292;-0.339843941867642;0
13.42;-0.564525602118667;-0.322381535044287;0
13.43;-0.567670589577791;-0.304852503078143;0
13.44;-0.570640006631237;-0.287262214986953;0
13.45;-0.573433264912575;-0.269616048923059;0
13.46;-0.576049829872023;-0.251919390545545;0
13.47;-0.578489220844188;-0.23417763139293;0
13.48;-0.580751011099543;-0.21639616725689;0
13.49;-0.582834827879646;-0.198580396557505;0
13.5;-0.584740352416118;-0.180735718720508;0
13.51;-0.586467319933407;-0.162867532557022;0
13.52;-0.588015519635364;-0.144981234646268;0
13.53;-0.589384794675653;-0.127082217721715;0
13.54;-0.59057504211205;-0.109175869061167;0
13.55;-0.591586212844657;-0.0912675688812412;0
13.56;-0.592418311538082;-0.0733626887367321;0
13.57;-0.593071396527636;-0.055466589925315;0
13.58;-0.593545579709608;-0.0375846218980706;0
13.59;-0.593841026415666;-0.0197221206762917;0
13.6;-0.593957955271463;-0.00188440727503585;0
13.61;-0.5938966380395;0.0159232138661141;0
13.62;-0.593657399446346;0.0336954564446233;0
13.63;-0.593240616994264;0.0514270538484582;0
13.64;-0.59264672075735;0.0691127607009672;0
13.65;-0.59187619316226;0.0867473543967404;0
13.66;-0.590929568753618;0.104325636628005;0
13.67;-0.58980743394421;0.121842434901111;0
13.68;-0.588510426750056;0.139292604042678;0
13.69;-0.587039236510467;0.156671027694955;0
13.7;-0.585394603593205;0.173972619799985;0
13.71;-0.583577319084843;0.191192326072122;0
13.72;-0.581588224466464;0.208325125458503;0
13.73;-0.579428211274807;0.225366031587046;0
13.74;-0.577098220748986;0.24231009420156;0
13.75;-0.574599243462926;0.259152400583569;0
13.76;-0.571932318943637;0.27588807696043;0
13.77;-0.56909853527547;0.292512289899368;0
13.78;-0.566099028690498;0.309020247687014;0
13.79;-0.562934983145168;0.325407201694072;0
13.8;-0.559607629883378;0.341668447724721;0
13.81;-0.556118246986125;0.357799327350379;0
13.82;-0.552468158907889;0.373795229227463;0
13.83;-0.548658735999915;0.389651590398759;0
13.84;-0.544691394020552;0.405363897578056;0
13.85;-0.540567593632828;0.420927688417686;0
13.86;-0.536288839889421;0.436338552758611;0
13.87;-0.531856681705216;0.451592133862719;0
13.88;-0.527272711317616;0.466684129626992;0
13.89;-0.522538563734791;0.481610293779201;0
13.9;-0.517655916172065;0.496366437054823;0
13.91;-0.512626487476608;0.510948428354835;0
13.92;-0.507452037540644;0.525352195884087;0
13.93;-0.502134366703364;0.539573728269944;0
13.94;-0.496675315141736;0.553609075660889;0
13.95;-0.491076762250427;0.567454350804798;0
13.96;-0.485340626011033;0.581105730106598;0
13.97;-0.479468862350825;0.594559454665023;0
13.98;-0.473463464491226;0.607811831288198;0
13.99;-0.467326462286218;0.620859233487778;0
14;-0.461059921550922;0.633698102451385;0
14.01;-0.454665943380538;0.646324947993088;0
14.02;-0.448146663459885;0.658736349481676;0
14.03;-0.44150425136376;0.670928956746484;0
14.04;-0.434740909848338;0.682899490960547;0
14.05;-0.427858874133848;0.694644745500846;0
14.06;-0.420860411178744;0.70616158678543;0
14.07;-0.413747818945616;0.717446955087207;0
14.08;-0.406523425659061;0.7284978653242;0
14.09;-0.39918958905577;0.739311407826064;0
14.1;-0.391748695627043;0.749884749076681;0
14.11;-0.384203159853998;0.760215132432658;0
14.12;-0.376555423435698;0.770299878817535;0
14.13;-0.368807954510449;0.780136387391555;0
14.14;-0.360963246870506;0.789722136196834;0
14.15;-0.353023819170446;0.799054682777769;0
14.16;-0.344992214129442;0.808131664776552;0
14.17;-0.336870997727699;0.816950800503653;0
14.18;-0.328662758397296;0.825509889483131;0
14.19;-0.320370106207685;0.83380681297268;0
14.2;-0.311995672046117;0.841839534458263;0
14.21;-0.303542106793217;0.849606100123261;0
14.22;-0.295012080494;0.857104639292014;0
14.23;-0.286408281524555;0.864333364847693;0
14.24;-0.277733415754674;0.871290573624389;0
14.25;-0.268990205706672;0.877974646773373;0
14.26;-0.260181389710664;0.884384050103451;0
14.27;-0.251309721056548;0.890517334395358;0
14.28;-0.242377967142974;0.89637313569013;0
14.29;-0.233388908623536;0.901950175551438;0
14.3;-0.224345338550456;0.907247261301827;0
14.31;-0.215250061516038;0.912263286232838;0
14.32;-0.20610589279212;0.916997229789007;0
14.33;-0.196915657467815;0.921448157725717;0
14.34;-0.18768218958579;0.92561522224091;0
14.35;-0.178408331277343;0.929497662080655;0
14.36;-0.169096931896539;0.933094802618596;0
14.37;-0.159750847153678;0.936406055909296;0
14.38;-0.150372938248339;0.9394309207155;0
14.39;-0.140966071002271;0.942168982509367;0
14.4;-0.13153311499239;0.944619913447702;0
14.41;-0.122076942684138;0.94678347232125;0
14.42;-0.112600428565467;0.948659504478103;0
14.43;-0.103106448281709;0.950247941721301;0
14.44;-0.0935978777715742;0.951548802180678;0
14.45;-0.0840775924045615;0.952562190159069;0
14.46;-0.0745484661200106;0.953288295952938;0
14.47;-0.0650133705680678;0.953727395647537;0
14.48;-0.0554751742528127;0.953879850886708;0
14.49;-0.0459367416778013;0.953746108617431;0
14.5;-0.0364009324942766;0.953326700809232;0
14.51;-0.0268706006522975;0.9526222441486;0
14.52;-0.017348593555036;0.951633439708528;0
14.53;-0.00783775121648997;0.950361072593324;0
14.54;0.00165909457714112;0.948806011558845;0
14.55;0.011139121102173;0.946969208608314;0
14.56;0.0205995155280023;0.944851698563866;0
14.57;0.0300374757432787;0.942454598614017;0
14.58;0.0394502111774449;0.939779107837209;0
14.59;0.0488349436174039;0.936826506701636;0
14.6;0.0581889080190799;0.933598156541526;0
14.61;0.0675093533136355;0.930095499010086;0
14.62;0.0767935432081148;0.926320055509307;0
14.63;0.0860387569802811;0.922273426596851;0
14.64;0.0952422902674209;0.917957291370218;0
14.65;0.104401455848888;0.913373406828442;0
14.66;0.113513584422167;0.90852360721152;0
14.67;0.122576025372224;0.903409803317829;0
14.68;0.131586147533944;0.898033981799768;0
14.69;0.14054133994742;0.892398204437864;0
14.7;0.149439012605891;0.886504607393619;0
14.71;0.158276597196108;0.880355400441332;0
14.72;0.167051547830935;0.87395286617918;0
14.73;0.175761341773956;0.867299359219828;0
14.74;0.184403480155909;0.860397305360838;0
14.75;0.192975488682724;0.853249200735167;0
14.76;0.201474918334985;0.845857610942042;0
14.77;0.20989934605861;0.838225170158506;0
14.78;0.218246375446558;0.830354580231934;0
14.79;0.226513637411383;0.82224860975382;0
14.8;0.23469879084844;0.813910093115155;0
14.81;0.24279952328956;0.805341929543698;0
14.82;0.250813551547019;0.796547082123472;0
14.83;0.25873862234763;0.787528576796796;0
14.84;0.266572512956765;0.778289501349202;0
14.85;0.27431303179216;0.768833004377544;0
14.86;0.281958019027328;0.759162294241661;0
14.87;0.289505347184405;0.749280637999925;0
14.88;0.296952921716293;0.739191360329023;0
14.89;0.304298681577922;0.728897842428322;0
14.9;0.311540599786491;0.718403520909175;0
14.91;0.318676683970539;0.70771188666953;0
14.92;0.32570497690769;0.69682648375419;0
14.93;0.332623557050944;0.685750908201111;0
14.94;0.339430539043363;0.674488806874089;0
14.95;0.346124074221031;0.663043876282227;0
14.96;0.352702351104149;0.65141986138654;0
14.97;0.359163595876131;0.639620554394088;0
14.98;0.365506072850602;0.627649793540029;0
14.99;0.371728084926147;0.615511461857955;0
15;0.377827974028726;0.603209485938923;0
15.01;0.383804121541621;0.59074783467955;0
15.02;0.38965494872282;0.578130518019593;0
15.03;0.395378917109732;0.565361585669384;0
15.04;0.400974528911126;0.552445125827536;0
15.05;0.406440327386211;0.539385263889311;0
15.06;0.41177489721076;0.526186161146064;0
15.07;0.416976864830184;0.512852013476159;0
15.08;0.42204489879948;0.499387050027764;0
15.09;0.426977710109975;0.48579553189394;0
15.1;0.431774052502788;0.472081750780435;0
15.11;0.436432722768932;0.458250027666582;0
15.12;0.440952561036002;0.444304711459733;0
15.13;0.44533245104138;0.430250177643624;0
15.14;0.44957132039189;0.416090826921107;0
15.15;0.453668140809868;0.401831083851648;0
15.16;0.457621928365576;0.387475395484017;0
15.17;0.461431743695924;0.373028229984586;0
15.18;0.465096692209465;0.358494075261657;0
15.19;0.468615924277603;0.343877437586233;0
15.2;0.471988635412006;0.329182840209657;0
15.21;0.475214066428178;0.314414821978539;0
15.22;0.478291503595171;0.299577935947379;0
15.23;0.481220278771411;0.284676747989332;0
15.24;0.483999769526631;0.269715835405501;0
15.25;0.486629399249884;0.254699785533205;0
15.26;0.489108637243646;0.239633194353628;0
15.27;0.49143699880398;0.224520665099269;0
15.28;0.493614045286793;0.209366806861611;0
15.29;0.495639384160153;0.194176233199432;0
15.3;0.49751266904271;0.178953560748159;0
15.31;0.499233599728206;0.163703407830697;0
15.32;0.500801922196107;0.148430393070141;0
15.33;0.502217428608371;0.133139134004778;0
15.34;0.503479957292374;0.117834245705792;0
15.35;0.504589392710034;0.102520339398096;0
15.36;0.505545665413151;0.0872020210846697;0
15.37;0.506348751985015;0.0718838901748458;0
15.38;0.506998674968309;0.0565705381169151;0
15.39;0.507495502779366;0.0412665470354765;0
15.4;0.507839349608817;0.0259764883739212;0
15.41;0.50803037530869;0.0107049215424516;0
15.42;0.508068785266017;-0.00454360742796828;0
15.43;0.507954830263006;-0.0197645672253388;0
15.44;0.507688806323849;-0.0349534425896359;0
15.45;0.507271054548227;-0.05010573563872;0
15.46;0.506701960931597;-0.0652169671867561;0
15.47;0.505981956172317;-0.0802826780547639;0
15.48;0.505111515465717;-0.0952984303729187;0
15.49;0.504091158285176;-0.110259808874225;0
15.5;0.502921448150304;-0.125162422179195;0
15.51;0.501602992382324;-0.140001904071152;0
15.52;0.500136441846735;-0.154773914761806;0
15.53;0.498522490683374;-0.169474142146727;0
15.54;0.496761876023966;-0.184098303050367;0
15.55;0.494855377697272;-0.198642144460266;0
15.56;0.49280381792194;-0.213101444750094;0
15.57;0.490608060987192;-0.227472014891191;0
15.58;0.488269012921429;-0.241749699652243;0
15.59;0.485787621148911;-0.255930378786772;0
15.6;0.483164874134606;-0.270009968208095;0
15.61;0.480401801017355;-0.283984421151424;0
15.62;0.477499471231467;-0.297849729322785;0
15.63;0.474458994116899;-0.311601924034426;0
15.64;0.471281518518127;-0.3252370773264;0
15.65;0.467968232371875;-0.33875130307402;0
15.66;0.464520362283834;-0.352140758080861;0
15.67;0.460939173094513;-0.36540164315702;0
15.68;0.457225967434375;-0.378530204182329;0
15.69;0.453382085268417;-0.391522733154235;0
15.7;0.44940890343033;-0.404375569220047;0
15.71;0.445307835146416;-0.417085099693287;0
15.72;0.441080329549412;-0.42964776105384;0
15.73;0.436727871182385;-0.442060039931663;0
15.74;0.432251979492866;-0.454318474073761;0
15.75;0.427654208317394;-0.466419653294178;0
15.76;0.422936145356627;-0.478360220406753;0
15.77;0.418099411641216;-0.490136872140382;0
15.78;0.4131456609886;-0.501746360036543;0
15.79;0.408076579450908;-0.513185491328857;0
15.8;0.402893884754141;-0.524451129804431;0
15.81;0.397599325728838;-0.535540196646776;0
15.82;0.392194681732378;-0.546449671260069;0
15.83;0.386681762063139;-0.557176592074548;0
15.84;0.381062405366684;-0.567718057332824;0
15.85;0.375338479034163;-0.578071225856918;0
15.86;0.369511878593146;-0.588233317795816;0
15.87;0.363584527091059;-0.59820161535336;0
15.88;0.357558374471431;-0.607973463496284;0
15.89;0.351435396943154;-0.617546270642216;0
15.9;0.345217596342952;-0.626917509327485;0
15.91;0.338906999491266;-0.636084716854553;0
15.92;0.332505657541749;-0.645045495918925;0
15.93;0.326015645324596;-0.653797515215375;0
15.94;0.319439060683898;-0.662338510023351;0
15.95;0.312778023809236;-0.670666282771409;0
15.96;0.306034676561729;-0.678778703580552;0
15.97;0.299211181794743;-0.686673710786343;0
15.98;0.292309722669475;-0.694349311439671;0
15.99;0.285332501965621;-0.701803581786064;0
16;0.278281741387357;-0.709034667723423;0
16.01;0.271159680864831;-0.71604078523811;0
16.02;0.263968577851399;-0.722820220819255;0
16.03;0.256710706616812;-0.729371331851238;0
16.04;0.249388357536576;-0.735692546984226;0
16.05;0.242003836377713;-0.741782366482728;0
16.06;0.234559463581121;-0.747639362552065;0
16.07;0.227057573540788;-0.753262179642734;0
16.08;0.219500513880046;-0.758649534732575;0
16.09;0.211890644725111;-0.763800217586725;0
16.1;0.204230337976122;-0.768713090995296;0
16.11;0.196521976575905;-0.773387090988766;0
16.12;0.188767953776678;-0.777821227031035;0
16.13;0.180970672404936;-0.782014582190141;0
16.14;0.173132544124719;-0.785966313286621;0
16.15;0.165255988699504;-0.789675651019502;0
16.16;0.157343433252934;-0.793141900069942;0
16.17;0.149397311528612;-0.796364439182502;0
16.18;0.141420063149186;-0.799342721224084;0
16.19;0.13341413287494;-0.802076273220551;0
16.2;0.125381969862121;-0.804564696371049;0
16.21;0.117326026921226;-0.806807666040073;0
16.22;0.109248759775465;-0.808804931727314;0
16.23;0.101152626319626;-0.810556317015336;0
16.24;0.0930400858795604;-0.812061719495134;0
16.25;0.0849135984725203;-0.813321110669635;0
16.26;0.0767756240685495;-0.814334535835214;0
16.27;0.0686286218531652;-0.815102113941285;0
16.28;0.0604750494915388;-0.815624037428065;0
16.29;0.052317362394398;-0.815900572042573;0
16.3;0.0441580129858669;-0.815932056632988;0
16.31;0.0359994499734584;-0.815718902921436;0
16.32;0.0278441176204365;-0.815261595255322;0
16.33;0.0196944550207612;-0.81456069033733;0
16.34;0.0115528953768279;-0.813616816934184;0
16.35;0.00342186528021615;-0.812430675564318;0
16.36;-0.00469621600434538;-0.811003038164571;0
16.37;-0.0127989372515863;-0.809334747736044;0
16.38;-0.0208838959846675;-0.807426717969269;0
16.39;-0.0289486991803129;-0.805279932848824;0
16.4;-0.0369909639698958;-0.802895446237566;0
16.41;-0.0450083183362765;-0.800274381440624;0
16.42;-0.0529984018061888;-0.797417930749329;0
16.43;-0.0609588661379768;-0.794327354965248;0
16.44;-0.0688873760044827;-0.791003982904497;0
16.45;-0.07678160967089;-0.787449210882525;0
16.46;-0.0846392596673271;-0.783664502179539;0
16.47;-0.0924580334560386;-0.779651386486783;0
16.48;-0.100235654092935;-0.775411459333859;0
16.49;-0.107969860883328;-0.770946381497293;0
16.5;-0.115658410031673;-0.766257878390565;0
16.51;-0.123299075285126;-0.761347739435809;0
16.52;-0.130889648570733;-0.7562178174174;0
16.53;-0.138427940626081;-0.750870027817671;0
16.54;-0.145911781623222;-0.745306348134964;0
16.55;-0.1533390217857;-0.739528817184273;0
16.56;-0.160707531998508;-0.733539534380704;0
16.57;-0.168015204410803;-0.727340659005999;0
16.58;-0.175259953031207;-0.72093440945838;0
16.59;-0.182439714315541;-0.714323062485962;0
16.6;-0.189552447746807;-0.707508952403983;0
16.61;-0.196596136407289;-0.700494470296136;0
16.62;-0.203568787542573;-0.693282063200246;0
16.63;-0.21046843311738;-0.685874233278581;0
16.64;-0.217293130363011;-0.67827353697306;0
16.65;-0.224040962316293;-0.670482584145646;0
16.66;-0.230710038349858;-0.662504037204199;0
16.67;-0.237298494693611;-0.654340610214083;0
16.68;-0.243804494947261;-0.645995067995814;0
16.69;-0.250226230583758;-0.637470225209047;0
16.7;-0.256561921443518;-0.628768945423192;0
16.71;-0.262809816219282;-0.619894140174971;0
16.72;-0.268968192931509;-0.610848768013215;0
16.73;-0.27503535939415;-0.601635833531207;0
16.74;-0.281009653670692;-0.592258386386892;0
16.75;-0.286889444520352;-0.582719520311258;0
16.76;-0.292673131834306;-0.573022372105206;0
16.77;-0.29835914706183;-0.563170120625247;0
16.78;-0.30394595362625;-0.553165985758317;0
16.79;-0.309432047330599;-0.543013227386073;0
16.8;-0.314815956752862;-0.532715144338965;0
16.81;-0.320096243630723;-0.52227507334044;0
16.82;-0.325271503235706;-0.511696387941599;0
16.83;-0.330340364736626;-0.500982497446644;0
16.84;-0.335301491552251;-0.490136845829455;0
16.85;-0.340153581693092;-0.47916291064164;0
16.86;-0.344895368092236;-0.468064201912388;0
16.87;-0.349525618925143;-0.456844261040489;0
16.88;-0.354043137918325;-0.445506659678843;0
16.89;-0.358446764646848;-0.434054998611828;0
16.9;-0.362735374820562;-0.422492906625855;0
16.91;-0.366907880559019;-0.410824039373479;0
16.92;-0.370963230655002;-0.399052078231401;0
16.93;-0.3749004108266;-0.387180729152728;0
16.94;-0.378718443957795;-0.375213721513837;0
16.95;-0.382416390327482;-0.363154806956193;0
16.96;-0.38599334782689;-0.351007758223495;0
16.97;-0.389448452165361;-0.338776367994487;0
16.98;-0.392780877064426;-0.3264644477118;0
16.99;-0.395989834440166;-0.314075826407182;0
17;-0.399074574573803;-0.301614349523478;0
17.01;-0.402034386270496;-0.289083877733713;0
17.02;-0.404868597006325;-0.276488285757637;0
17.03;-0.407576573063418;-0.263831461176098;0
17.04;-0.410157719653228;-0.251117303243592;0
17.05;-0.41261148102791;-0.238349721699361;0
17.06;-0.414937340579823;-0.225532635577385;0
17.07;-0.417134820929117;-0.212669972015637;0
17.08;-0.419203483999411;-0.199765665064953;0
17.09;-0.421142931081563;-0.18682365449788;0
17.1;-0.422952802885527;-0.173847884617853;0
17.11;-0.424632779580308;-0.160842303069062;0
17.12;-0.426182580822014;-0.147810859647362;0
17.13;-0.427601965770029;-0.134757505112581;0
17.14;-0.428890733091315;-0.121686190002588;0
17.15;-0.430048720952862;-0.108600863449448;0
17.16;-0.431075807002311;-0.095505471998056;0
17.17;-0.431971908336777;-0.0824039584275577;0
17.18;-0.432736981459902;-0.0693002605759353;0
17.19;-0.433371022227161;-0.0561983101680907;0
17.2;-0.433874065779478;-0.043102031647776;0
17.21;-0.434246186465167;-0.0300153410137147;0
17.22;-0.434487497750266;-0.0169421446602538;0
17.23;-0.434598152117293;-0.00388633822288804;0
17.24;-0.434578340952477;0.00914819457100674;0
17.25;-0.434428294421533;0.0221575830458956;0
17.26;-0.43414828133401;0.0351379707159283;0
17.27;-0.433738608996302;0.0480855164165737;0
17.28;-0.433199623053366;0.0609963954297173;0
17.29;-0.432531707319217;0.0738668006018944;0
17.3;-0.431735283596278;0.0866929434553363;0
17.31;-0.430810811483653;0.0994710552915091;0
17.32;-0.429758788174391;0.112197388286827;0
17.33;-0.428579748241841;0.124868216580223;0
17.34;-0.427274263415161;0.137479837352271;0
17.35;-0.425842942344081;0.150028571895542;0
17.36;-0.424286430352996;0.162510766675896;0
17.37;-0.422605409184491;0.1749227943844;0
17.38;-0.420800596732395;0.187261054979582;0
17.39;-0.418872746764449;0.199521976719717;0
17.4;-0.416822648634703;0.211702017184856;0
17.41;-0.414651126985736;0.223797664288309;0
17.42;-0.412359041440813;0.235805437277296;0
17.43;-0.409947286286083;0.247721887722487;0
17.44;-0.407416790142932;0.259543600496153;0
17.45;-0.404768515630612;0.271267194738651;0
17.46;-0.40200345901925;0.282889324812976;0
17.47;-0.399122649873372;0.294406681247113;0
17.48;-0.396127150686062;0.305815991663937;0
17.49;-0.39301805650387;0.31711402169838;0
17.5;-0.389796494542616;0.328297575901642;0
17.51;-0.386463623794202;0.339363498632171;0
17.52;-0.383020634624586;0.35030867493319;0
17.53;-0.379468748363029;0.361130031396509;0
17.54;-0.375809216882778;0.371824537012406;0
17.55;-0.372043322173307;0.382389204005335;0
17.56;-0.368172375904265;0.392821088655235;0
17.57;-0.364197718981284;0.403117292104227;0
17.58;-0.360120721093778;0.413274961148475;0
17.59;-0.355942780254894;0.423291289014994;0
17.6;-0.351665322333766;0.433163516123217;0
17.61;-0.347289800580219;0.442888930831094;0
17.62;-0.342817695142085;0.45246487016555;0
17.63;-0.338250512575282;0.46188872053709;0
17.64;-0.333589785346825;0.471157918438376;0
17.65;-0.328837071330917;0.480269951126593;0
17.66;-0.323993953298294;0.489222357289418;0
17.67;-0.319062038398985;0.498012727694437;0
17.68;-0.314042957638653;0.506638705821827;0
17.69;-0.30893836534868;0.515097988480153;0
17.7;-0.303749938650179;0.523388326405119;0
17.71;-0.298479376912089;0.531507524841124;0
17.72;-0.293128401203535;0.539453444105487;0
17.73;-0.287698753740624;0.547224000135178;0
17.74;-0.282192197327853;0.554817165015955;0
17.75;-0.276610514794306;0.562230967493745;0
17.76;-0.270955508424814;0.569463493468169;0
17.77;-0.265228999386268;0.57651288646809;0
17.78;-0.259432827149247;0.583377348109056;0
17.79;-0.253568848905166;0.590055138532562;0
17.8;-0.2476389389791;0.596544576826996;0
17.81;-0.241644988238495;0.602844041430205;0
17.82;-0.235588903497925;0.60895197051357;0
17.83;-0.2294726069201;0.614866862347521;0
17.84;-0.223298035413297;0.620587275648402;0
17.85;-0.217067140025407;0.62611182990663;0
17.86;-0.210781885334793;0.631439205696061;0
17.87;-0.204444248838124;0.636568144964523;0
17.88;-0.198056220335406;0.641497451305448;0
17.89;-0.191619801312366;0.646225990210557;0
17.9;-0.185137004320406;0.650752689303562;0
17.91;-0.1786098523543;0.655076538554835;0
17.92;-0.17204037822783;0.659196590477021;0
17.93;-0.165430623947559;0.66311196030157;0
17.94;-0.158782640084909;0.666821826136162;0
17.95;-0.152098485146771;0.670325429103015;0
17.96;-0.145380224944798;0.673622073458061;0
17.97;-0.13862993196361;0.676711126691005;0
17.98;-0.131849684728071;0.67959201960624;0
17.99;-0.125041567169849;0.682264246384658;0
18;-0.118207667993447;0.684727364626349;0
18.01;-0.111350080041883;0.686980995374219;0
18.02;-0.104470899662231;0.689024823118549;0
18.03;-0.0975722260711926;0.690858595782527;0
18.04;-0.0906561607209051;0.692482124688792;0
18.05;-0.0837248066651671;0.693895284507028;0
18.06;-0.0767802679262725;0.695098013182657;0
18.07;-0.0698246488626439;0.6960903118467;0
18.08;-0.062860053537451;0.696872244706831;0
18.09;-0.0558885850884033;0.697443938919733;0
18.1;-0.0489123450989028;0.697805584444784;0
18.11;-0.0419334329707441;0.697957433879184;0
18.12;-0.0349539452985456;0.697899802274579;0
18.13;-0.0279759752460985;0.697633066935283;0
18.14;-0.021001611924815;0.697157667198188;0
18.15;-0.0140329397744601;0.696474104194451;0
18.16;-0.00707203794634787;0.695582940593073;0
18.17;-0.000120979689183398;0.694484800326469;0
18.18;0.00681816826227095;0.693180368298146;0
18.19;0.0137433462955255;0.691670390072607;0
18.2;0.0206525025255128;0.689955671547606;0
18.21;0.0275435933963809;0.688037078608876;0
18.22;0.0344145842797555;0.685915536767472;0
18.23;0.0412634500692977;0.683592030779862;0
18.24;0.0480881757713856;0.681067604250917;0
18.25;0.0548867570917494;0.678343359219933;0
18.26;0.0616572010178912;0.675420455729859;0
18.27;0.0683975263971213;0.672300111379867;0
18.28;0.0751057645100465;0.668983600861449;0
18.29;0.0817799596393463;0.66547225547819;0
18.3;0.0884181696336725;0.661767462649396;0
18.31;0.0950184664665146;0.657870665397761;0
18.32;0.10157893678987;0.653783361821237;0
18.33;0.108097682482562;0.649507104549313;0
18.34;0.114572821193052;0.645043500183871;0
18.35;0.121002486876593;0.640394208724829;0
18.36;0.127384830326567;0.635560942980773;0
18.37;0.133718019699867;0.630545467964755;0
18.38;0.140000241036169;0.625349600275493;0
18.39;0.146229698770948;0.61997520746417;0
18.4;0.152404616242108;0.614424207387042;0
18.41;0.158523236190061;0.608698567544085;0
18.42;0.164583821251138;0.602800304403895;0
18.43;0.170584654444194;0.596731482715066;0
18.44;0.176524039650254;0.590494214804289;0
18.45;0.182400302085087;0.584090659861383;0
18.46;0.188211788764578;0.577523023211517;0
18.47;0.193956868962756;0.570793555574845;0
18.48;0.199633934662368;0.563904552313817;0
18.49;0.205241400997869;0.556858352668385;0
18.5;0.210777706690714;0.54965733897939;0
18.51;0.216241314476828;0.542303935900349;0
18.52;0.221630711526147;0.534800609597917;0
18.53;0.226944409854104;0.527149866941284;0
18.54;0.232180946724973;0.519354254680759;0
18.55;0.237338885046944;0.511416358615813;0
18.56;0.242416813758831;0.503338802752843;0
18.57;0.247413348208315;0.495124248452938;0
18.58;0.252327130521619;0.486775393569903;0
18.59;0.257156829964526;0.478294971578836;0
18.6;0.26190114329463;0.469685750695511;0
18.61;0.266558795104751;0.460950532986878;0
18.62;0.271128538157414;0.452092153472926;0
18.63;0.275609153710302;0.443113479220227;0
18.64;0.279999451832617;0.434017408427423;0
18.65;0.284298271712256;0.424806869502953;0
18.66;0.288504481953728;0.415484820135317;0
18.67;0.29261698086675;0.406054246356146;0
18.68;0.296634696745433;0.396518161596405;0
18.69;0.300556588138004;0.386879605735988;0
18.7;0.304381644106995;0.377141644147028;0
18.71;0.308108884479841;0.367307366731208;0
18.72;0.311737360089819;0.357379886951368;0
18.73;0.315266153007283;0.347362340857723;0
18.74;0.318694376761137;0.337257886108977;0
18.75;0.322021176550498;0.327069700988642;0
18.76;0.325245729446498;0.31680098341687;0
18.77;0.328367244584192;0.306454949958092;0
18.78;0.331384963344519;0.296034834824776;0
18.79;0.334298159526285;0.285543888877607;0
18.8;0.337106139508134;0.274985378622396;0
18.81;0.339808242400477;0.264362585204018;0
18.82;0.342403840187343;0.253678803397699;0
18.83;0.344892337858133;0.242937340597946;0
18.84;0.34727317352926;0.232141515805427;0
18.85;0.349545818555641;0.221294658612127;0
18.86;0.351709777632041;0.210400108185059;0
18.87;0.353764588884241;0.199461212248857;0
18.88;0.35570982395004;0.188481326067559;0
18.89;0.357545088050058;0.177463811425867;0
18.9;0.359270020048361;0.166412035610211;0
18.91;0.360884292502894;0.155329370389918;0
18.92;0.362387611705725;0.144219190998779;0
18.93;0.363779717713107;0.133084875117338;0
18.94;0.365060384365375;0.121929801856187;0
18.95;0.366229419296672;0.110757350740587;0
18.96;0.367286663934534;0.0995709006967074;0
18.97;0.368231993489341;0.0883738290397857;0
18.98;0.369065316933667;0.0771695104645115;0
18.99;0.369786576971539;0.0659613160379298;0
19;0.370395749997634;0.0547526121951631;0
19.01;0.370892846046462;0.0435467597382478;0
19.02;0.371277908731531;0.0323471128383806;0
19.03;0.371551015174569;0.0211570180418657;0
19.04;0.371712275924817;0.00997981328005789;0
19.05;0.371761834868435;-0.00118117311641133;0
19.06;0.371699869128078;-0.0123226233988354;0
19.07;0.371526588952683;-0.0234412313767757;0
19.08;0.371242237597503;-0.0345337033892622;0
19.09;0.37084709119447;-0.0455967592705684;0
19.1;0.370341458612912;-0.0566271333102821;0
19.11;0.369725681310705;-0.0676215752073919;0
19.12;0.369000133175906;-0.0785768510181159;0
19.13;0.36816522035894;-0.0894897440971971;0
19.14;0.367221381095404;-0.100357056032397;0
19.15;0.366169085519558;-0.111175607571914;0
19.16;0.365008835468574;-0.121942239544471;0
19.17;0.363741164277618;-0.132653813771797;0
19.18;0.362366636565841;-0.143307213973245;0
19.19;0.360885848013364;-0.153899346662301;0
19.2;0.359299425129331;-0.164427142034711;0
19.21;0.357608025011126;-0.174887554847983;0
19.22;0.355812335094823;-0.185277565292018;0
19.23;0.353913072896982;-0.195594179850624;0
19.24;0.351910985747868;-0.205834432153657;0
19.25;0.34980685051619;-0.215995383819569;0
19.26;0.347601473325458;-0.226074125288117;0
19.27;0.345295689262062;-0.236067776643;0
19.28;0.342890362075168;-0.245973488424191;0
19.29;0.340386383868537;-0.255788442429755;0
19.3;0.337784674784377;-0.265509852506908;0
19.31;0.335086182679331;-0.275134965332116;0
19.32;0.332291882792715;-0.284661061180008;0
19.33;0.329402777407119;-0.294085454680897;0
19.34;0.326419895501483;-0.303405495566708;0
19.35;0.323344292396767;-0.312618569405087;0
19.36;0.320177049394336;-0.321722098321521;0
19.37;0.316919273407176;-0.33071354170925;0
19.38;0.313572096584065;-0.339590396926787;0
19.39;0.310136675926833;-0.348350199982868;0
19.4;0.306614192900818;-0.356990526208625;0
19.41;0.303005853038669;-0.365508990916828;0
19.42;0.299312885537611;-0.373903250048003;0
19.43;0.295536542850307;-0.382171000803263;0
19.44;0.291678100269454;-0.390309982263686;0
19.45;0.287738855506246;-0.398317975996064;0
19.46;0.283720128262843;-0.406192806644891;0
19.47;0.279623259798981;-0.413932342510407;0
19.48;0.275449612492864;-0.421534496112568;0
19.49;0.271200569396479;-0.428997224740795;0
19.5;0.266877533785487;-0.436318530989348;0
19.51;0.26248192870381;-0.44349646327821;0
19.52;0.258015196503091;-0.450529116359332;0
19.53;0.253478798377147;-0.457414631808123;0
19.54;0.248874213891575;-0.464151198500057;0
19.55;0.244202940508669;-0.470737053072285;0
19.56;0.239466493107771;-0.477170480370132;0
19.57;0.234666403501247;-0.483449813878384;0
19.58;0.229804219946199;-0.489573436137241;0
19.59;0.224881506652102;-0.495539779142864;0
19.6;0.219899843284493;-0.501347324732399;0
19.61;0.214860824464892;-0.506994604953402;0
19.62;0.209766059267088;-0.512480202417581;0
19.63;0.204617170709968;-0.517802750638765;0
19.64;0.199415795247028;-0.522960934355042;0
19.65;0.194163582252743;-0.527953489834984;0
19.66;0.188862193505943;-0.532779205167903;0
19.67;0.183513302670356;-0.537436920538064;0
19.68;0.178118594772486;-0.541925528482826;0
19.69;0.172679765676976;-0.546243974134631;0
19.7;0.167198521559632;-0.550391255446824;0
19.71;0.161676578378255;-0.554366423403242;0
19.72;0.156115661341455;-0.558168582211549;0
19.73;0.150517504375598;-0.561796889480288;0
19.74;0.144883849590064;-0.565250556379614;0
19.75;0.139216446740968;-0.568528847785704;0
19.76;0.133517052693507;-0.571631082408813;0
19.77;0.127787430883106;-0.574556632904973;0
19.78;0.122029350775517;-0.577304925971335;0
19.79;0.116244587326037;-0.579875442425138;0
19.8;0.110434920438015;-0.582267717266332;0
19.81;0.104602134420799;-0.58448133972384;0
19.82;0.0987480174473038;-0.586515953285488;0
19.83;0.0928743610113422;-0.588371255711625;0
19.84;0.0869829593849005;-0.590046999032442;0
19.85;0.0810756090755122;-0.591542989529032;0
19.86;0.075154108283893;-0.592859087698222;0
19.87;0.0692202563620016;-0.593995208201212;0
19.88;0.0632758532716868;-0.594951319796059;0
19.89;0.0573226990440811;-0.595727445254079;0
19.9;0.0513625932399043;-0.596323661260178;0
19.91;0.0453973344108342;-0.596740098297214;0
19.92;0.0394287195621062;-0.596976940514418;0
19.93;0.0334585436165;-0.597034425579961;0
19.94;0.0274885988798717;-0.596912844517728;0
19.95;0.0215206745083892;-0.596612541528378;0
19.96;0.0155565559776266;-0.596133913794776;0
19.97;0.0095980245536754;-0.595477411271875;0
19.98;0.00364685676642593;-0.594643536461134;0
19.99;-0.0022951761148264;-0.593632844169584;0
20;-0.00822630860329618;-0.59244594125362;0
