0;0.762585539373227;0.441243153700149;0
0.01;0.766891439413234;0.417553339144629;0
0.02;0.770960055283818;0.393779073554685;0
0.03;0.77479057518773;0.369927628659144;0
0.04;0.778382260094694;0.346006286824439;0
0.05;0.78173444383788;0.322022338853367;0
0.06;0.784846533188363;0.297983081785089;0
0.07;0.787718007907592;0.273895816697052;0
0.08;0.790348420777896;0.249767846509472;0
0.09;0.79273739761104;0.225606473793039;0
0.1;0.794884637234877;0.201418998580501;0
0.11;0.796789911458142;0.177212716182756;0
0.12;0.798453065013418;0.152994915010128;0
0.13;0.799874015478352;0.128772874399449;0
0.14;0.801052753175165;0.10455386244759;0
0.15;0.801989341048528;0.0803451338520981;0
0.16;0.802683914521878;0.0561539277595485;0
0.17;0.80313668133226;0.031987465622264;0
0.18;0.80334792134377;0.00785294906401825;0
0.19;0.803317986339701;-0.0162424422446472;0
0.2;0.803047299793487;-0.040291552700874;0
0.21;0.80253635661855;-0.0642872528730902;0
0.22;0.801785722897165;-0.0882224415931518;0
0.23;0.800796035588452;-0.112090048036417;0
0.24;0.79956800221563;-0.135883033789149;0
0.25;0.798102400532649;-0.159594394902653;0
0.26;0.796400078170354;-0.183217163933546;0
0.27;0.794461952262293;-0.206744411969583;0
0.28;0.792289009050356;-0.230169250640447;0
0.29;0.789882303470355;-0.253484834112934;0
0.3;0.787242958717739;-0.276684361069954;0
0.31;0.784372165793586;-0.29976107667279;0
0.32;0.781271183031054;-0.322708274506051;0
0.33;0.777941335602461;-0.345519298504765;0
0.34;0.774384015007175;-0.368187544863071;0
0.35;0.770600678540502;-0.390706463923961;0
0.36;0.766592848743772;-0.413069562049543;0
0.37;0.762362112835794;-0.435270403471304;0
0.38;0.75791012212592;-0.457302612119836;0
0.39;0.753238591408895;-0.479159873433527;0
0.4;0.748349298341717;-0.500835936145709;0
0.41;0.743244082802726;-0.522324614049753;0
0.42;0.737924846233149;-0.543619787741636;0
0.43;0.732393550961308;-0.564715406339483;0
0.44;0.726652219509755;-0.585605489179618;0
0.45;0.720702933885539;-0.606284127488645;0
0.46;0.714547834853873;-0.626745486031112;0
0.47;0.70818912119543;-0.646983804732296;0
0.48;0.701629048947524;-0.666993400275669;0
0.49;0.694869930629436;-0.686768667674609;0
0.5;0.68791413445214;-0.706304081817933;0
0.51;0.680764083512687;-0.725594198988824;0
0.52;0.673422254973528;-0.744633658356756;0
0.53;0.665891179227039;-0.763417183442;0
0.54;0.65817343904552;-0.781939583552338;0
0.55;0.650271668716964;-0.800195755191586;0
0.56;0.64218855316686;-0.818180683439556;0
0.57;0.633926827066329;-0.835889443303103;0
0.58;0.625489273926883;-0.853317201037884;0
0.59;0.616878725182096;-0.870459215440499;0
0.6;0.608098059256491;-0.887310839110672;0
0.61;0.599150200621941;-0.903867519683134;0
0.62;0.590038118841886;-0.920124801028917;0
0.63;0.580764827603677;-0.936078324425721;0
0.64;0.57133338373936;-0.95172382969708;0
0.65;0.561746886235208;-0.967057156320026;0
0.66;0.55200847523031;-0.982074244500976;0
0.67;0.542121331004565;-0.996771136219581;0
0.68;0.532088672956362;-1.01114397624027;0
0.69;0.521913758570304;-1.02518901309123;0
0.7;0.511599882375283;-1.03890260001064;0
0.71;0.501150374893247;-1.05228119585984;0
0.72;0.490568601578976;-1.06532136600331;0
0.73;0.479857961751219;-1.07801978315519;0
0.74;0.469021887515506;-1.09037322819214;0
0.75;0.458063842678994;-1.10237859093247;0
0.76;0.446987321657667;-1.11403287088117;0
0.77;0.435795848376241;-1.12533317794084;0
0.78;0.424492975161118;-1.13627673308828;0
0.79;0.413082281626723;-1.14686086901664;0
0.8;0.401567373555578;-1.15708303074298;0
0.81;0.389951881772458;-1.16694077618109;0
0.82;0.378239461012975;-1.17643177667948;0
0.83;0.366433788786933;-1.18555381752452;0
0.84;0.35453856423682;-1.19430479840843;0
0.85;0.342557506991768;-1.20268273386231;0
0.86;0.330494356017349;-1.21068575365389;0
0.87;0.318352868461544;-1.21831210315011;0
0.88;0.306136818497251;-1.22556014364442;0
0.89;0.293849996161677;-1.23242835264875;0
0.9;0.281496206192969;-1.23891532415016;0
0.91;0.269079266864436;-1.24501976883212;0
0.92;0.256603008816723;-1.25074051426044;0
0.93;0.244071273888277;-1.25607650503381;0
0.94;0.231487913944471;-1.26102680289908;0
0.95;0.218856789705738;-1.26559058683112;0
0.96;0.206181769575055;-1.26976715307747;0
0.97;0.193466728465146;-1.27355591516778;0
0.98;0.180715546625754;-1.27695640388798;0
0.99;0.167932108471314;-1.27996826721944;0
1;0.155120301409409;-1.2825912702431;0
1.01;0.142284014670328;-1.28482529500856;0
1.02;0.129427138138103;-1.28667034036849;0
1.03;0.116553561183346;-1.28812652177817;0
1.04;0.103667171498252;-1.28919407106048;0
1.05;0.0907718539341123;-1.28987333613645;0
1.06;0.0778714893416671;-1.29016478072142;0
1.07;0.0649699534146573;-1.29006898398699;0
1.08;0.0520711155369075;-1.28958664018902;0
1.09;0.0391788376332828;-1.28871855826171;0
1.1;0.0262969730248551;-1.287465661378;0
1.11;0.0134293652886174;-1.28582898647655;0
1.12;0.000579847122077679;-1.28380968375532;0
1.13;-0.0122477607869339;-1.28140901613218;0
1.14;-0.0250496508849157;-1.27862835867258;0
1.15;-0.0378220298714749;-1.27546919798464;0
1.16;-0.0505611198119129;-1.27193313158179;0
1.17;-0.0632631592432925;-1.26802186721332;0
1.18;-0.0759244042736657;-1.26373722216296;0
1.19;-0.0885411296741467;-1.25908112251593;0
1.2;-0.101109629963512;-1.25405560239454;0
1.21;-0.113626220485018;-1.2486628031628;0
1.22;-0.126087238475124;-1.24290497260017;0
1.23;-0.1384880047679;-1.23470593409476;1.03935591871355
1.24;-0.150759465677629;-1.21784414747106;1.03935591871355
1.25;-0.162860791661056;-1.20064627912858;1.03935591871355
1.26;-0.174788647624496;-1.18311806192205;1.03935591871355
1.27;-0.186539756205643;-1.16526531787884;1.03935591871355
1.28;-0.198110898656775;-1.14709395630052;1.03935591871355
1.29;-0.209498915708869;-1.12860997184147;1.03935591871355
1.3;-0.220700708416398;-1.10981944256522;1.03935591871355
1.31;-0.231713238982598;-1.09072852797914;1.03935591871355
1.32;-0.242533531564985;-1.0713434670481;1.03935591871355
1.33;-0.253158673060916;-1.05167057618771;1.03935591871355
1.34;-0.263585813872993;-1.03171624723776;1.03935591871355
1.35;-0.273812168654113;-1.01148694541664;1.03935591871355
1.36;-0.283835017031986;-0.990989207257132;1.03935591871355
1.37;-0.293651704312916;-0.970229638524515;1.03935591871355
1.38;-0.303259642164702;-0.949214912117386;1.03935591871355
1.39;-0.312656309278459;-0.927951765952031;1.03935591871355
1.4;-0.321839252009219;-0.906447000830911;1.03935591871355
1.41;-0.330806084995142;-0.884707478295973;1.03935591871355
1.42;-0.339554491755198;-0.862740118467439;1.03935591871355
1.43;-0.348082225265175;-0.84055189786875;1.03935591871355
1.44;-0.356387108511874;-0.818149847238342;1.03935591871355
1.45;-0.364467035025363;-0.795541049328932;1.03935591871355
1.46;-0.372319969389176;-0.772732636694992;1.03935591871355
1.47;-0.379943947728334;-0.749731789469097;1.03935591871355
1.48;-0.387337078175076;-0.726545733127836;1.03935591871355
1.49;-0.394497541312215;-0.703181736247968;1.03935591871355
1.5;-0.401423590594005;-0.679647108253514;1.03935591871355
1.51;-0.408113552744446;-0.655949197154478;1.03935591871355
1.52;-0.414565828132942;-0.632095387277888;1.03935591871355
1.53;-0.420778891127229;-0.608093096991848;1.03935591871355
1.54;-0.426751290423526;-0.583949776423301;1.03935591871355
1.55;-0.43248164935383;-0.559672905170191;1.03935591871355
1.56;-0.437968666170314;-0.535269990008725;1.03935591871355
1.57;-0.443211114306774;-0.510748562596427;1.03935591871355
1.58;-0.448207842617094;-0.486116177171682;1.03935591871355
1.59;-0.452957775590695;-0.461380408250466;1.03935591871355
1.6;-0.457459913544932;-0.436548848320952;1.03935591871355
1.61;-0.461713332794442;-0.411629105536697;1.03935591871355
1.62;-0.465717185797409;-0.386628801409093;1.03935591871355
1.63;-0.469470701278764;-0.361555568499783;1.03935591871355
1.64;-0.472973184330299;-0.336417048113724;1.03935591871355
1.65;-0.476224016487729;-0.311220887993607;1.03935591871355
1.66;-0.479222655784698;-0.285974740016292;1.03935591871355
1.67;-0.481968636783764;-0.260686257891981;1.03935591871355
1.68;-0.484461570584397;-0.235363094866781;1.03935591871355
1.69;-0.486701144808004;-0.210012901429367;1.03935591871355
1.7;-0.488687123560062;-0.184643323022399;1.03935591871355
1.71;-0.490419347369373;-0.159261997759399;1.03935591871355
1.72;-0.491897733104523;-0.133876554147742;1.03935591871355
1.73;-0.493122273867596;-0.108494608818437;1.03935591871355
1.74;-0.494093038865227;-0.0831237642633786;1.03935591871355
1.75;-0.494810173257051;-0.0577716065807162;1.03935591871355
1.76;-0.495273897981658;-0.0324457032290201;1.03935591871355
1.77;-0.495484509560121;-0.0071536007908905;1.03935591871355
1.78;-0.495442379877214;0.018097177253331;1.03935591871355
1.79;-0.495147955940405;0.043299132741098;1.03935591871355
1.8;-0.494601759616752;0.0684447950317994;1.03935591871355
1.81;-0.493804387347812;0.0935267231988611;1.03935591871355
1.82;-0.492756509842676;0.118537508209173;1.03935591871355
1.83;-0.491458871749283;0.143469775089212;1.03935591871355
1.84;-0.489912291304122;0.168316185077225;1.03935591871355
1.85;-0.488117659960485;0.193069437760871;1.03935591871355
1.86;-0.486075941995408;0.217722273199681;1.03935591871355
1.87;-0.483788174095461;0.242267474031747;1.03935591871355
1.88;-0.481255464921539;0.266697867564017;1.03935591871355
1.89;-0.478478994652832;0.291006327845625;1.03935591871355
1.9;-0.475460014510137;0.315185777723624;1.03935591871355
1.91;-0.472199846258692;0.339229190880576;1.03935591871355
1.92;-0.468699881690726;0.363129593853393;1.03935591871355
1.93;-0.464961582087895;0.386880068032865;1.03935591871355
1.94;-0.460986477663821;0.410473751643315;1.03935591871355
1.95;-0.456776166986926;0.433903841701802;1.03935591871355
1.96;-0.452332316383759;0.457163595956349;1.03935591871355
1.97;-0.447656659323049;0.480246334802624;1.03935591871355
1.98;-0.442750995780681;0.50314544317855;1.03935591871355
1.99;-0.437617191585832;0.525854372436314;1.03935591871355
2;-0.432257177748487;0.548366642191249;1.03935591871355
2.01;-0.426672949768577;0.570675842147073;1.03935591871355
2.02;-0.420866566926971;0.592775633896985;1.03935591871355
2.03;-0.414840151558561;0.614659752700118;1.03935591871355
2.04;-0.408595888307707;0.636322009232848;1.03935591871355
2.05;-0.402136023366274;0.657756291314495;1.03935591871355
2.06;-0.395462863694533;0.678956565606928;1.03935591871355
2.07;-0.388578776225187;0.699916879287619;1.03935591871355
2.08;-0.381486187050782;0.720631361695682;1.03935591871355
2.09;-0.374187580594786;0.741094225950459;1.03935591871355
2.1;-0.366685498766606;0.761299770542205;1.03935591871355
2.11;-0.358982540100824;0.781242380894454;1.03935591871355
2.12;-0.351081358880937;0.800916530897635;1.03935591871355
2.13;-0.342984664247897;0.820316784413536;1.03935591871355
2.14;-0.334695219293736;0.839437796750216;1.03935591871355
2.15;-0.326215840140571;0.858274316106961;1.03935591871355
2.16;-0.317549395005306;0.876821184988922;1.03935591871355
2.17;-0.30869880325032;0.895073341591044;1.03935591871355
2.18;-0.299667034420451;0.913025821150939;1.03935591871355
2.19;-0.290457107266601;0.930673757270339;1.03935591871355
2.2;-0.281072088756264;0.948012383204795;1.03935591871355
2.21;-0.271515093071299;0.965037033121287;1.03935591871355
2.22;-0.261789280593279;0.981743143323425;1.03935591871355
2.23;-0.25189785687673;0.998126253443922;1.03935591871355
2.24;-0.241844071610597;1.01418200760405;1.03935591871355
2.25;-0.231631217568258;1.02990615553977;1.03935591871355
2.26;-0.221262629546438;1.04529455369431;1.03935591871355
2.27;-0.210741683293344;1.06034316627678;1.03935591871355
2.28;-0.200071794426363;1.07504806628681;1.03935591871355
2.29;-0.189256417339677;1.08940543650467;1.03935591871355
2.3;-0.178299044102125;1.10341157044686;1.03935591871355
2.31;-0.167203203345672;1.11706287328687;1.03935591871355
2.32;-0.15597245914482;1.13035586274086;1.03935591871355
2.33;-0.144610409887329;1.14328716991807;1.03935591871355
2.34;-0.133120687136588;1.15585354013579;1.03935591871355
2.35;-0.121506954485996;1.16805183369875;1.03935591871355
2.36;-0.109772906405717;1.17987902664257;1.03935591871355
2.37;-0.0979222670821524;1.1913322114414;1.03935591871355
2.38;-0.0859587892505067;1.20240859767932;1.03935591871355
2.39;-0.0738862530208;1.21310551268554;1.03935591871355
2.4;-0.0617084646976917;1.22342040213316;1.03935591871355
2.41;-0.0494292555944805;1.23335083060152;1.03935591871355
2.42;-0.0370524808416473;1.24289448210185;1.03935591871355
2.43;-0.0245820181903047;1.25204916056624;1.03935591871355
2.44;-0.0120217668109237;1.26081279029984;1.03935591871355
2.45;0.000624353912296766;1.2691834163962;1.03935591871355
2.46;0.0133524055910468;1.27715920511567;1.03935591871355
2.47;0.0261584320461406;1.28473844422683;1.03935591871355
2.48;0.0390384605239993;1.29191954331092;1.03935591871355
2.49;0.0519885029160115;1.29870103402925;1.03935591871355
2.5;0.0650045569804006;1.30508157035349;1.03935591871355
2.51;0.0780826075662293;1.31105992875899;1.03935591871355
2.52;0.0912186278391695;1.31663500838099;1.03935591871355
2.53;0.104408580508668;1.32180583113378;1.03935591871355
2.54;0.117648419056139;1.32657154179289;1.03935591871355
2.55;0.130934088963807;1.33093140804032;1.03935591871355
2.56;0.144261528943841;1.33488482047277;1.03935591871355
2.57;0.157626672167406;1.33843129257312;1.03935591871355
2.58;0.171025447493256;1.34157046064503;1.03935591871355
2.59;0.184453780695517;1.34430208371089;1.03935591871355
2.6;0.197907595690277;1.34662604337316;1.03935591871355
2.61;0.21138281576063;1.34854234363914;1.03935591871355
2.62;0.224875364779805;1.35005111070942;1.03935591871355
2.63;0.238381168432007;1.35115259273007;1.03935591871355
2.64;0.251896155430631;1.35184715950862;1.03935591871355
2.65;0.26541625873346;1.35213530219414;1.03935591871355
2.66;0.278937416754515;1.35201763292147;1.03935591871355
2.67;0.292455574572174;1.35149488441976;1.03935591871355
2.68;0.305966685133229;1.35056790958561;1.03935591871355
2.69;0.319466710452507;1.34923768102086;1.03935591871355
2.7;0.332951622807714;1.34750529053527;1.03935591871355
2.71;0.346417405929148;1.34537194861443;1.03935591871355
2.72;0.359860056183934;1.34283898385287;1.03935591871355
2.73;0.373275583754438;1.33990784235288;1.03935591871355
2.74;0.386660013810513;1.336580087089;1.03935591871355
2.75;0.400009387675237;1.33285739723869;1.03935591871355
2.76;0.413319763983804;1.32874156747921;1.03935591871355
2.77;0.426587219835237;1.32423450725122;1.03935591871355
2.78;0.439807851936588;1.31933823998908;1.03935591871355
2.79;0.452977777739288;1.31405490231844;1.03935591871355
2.8;0.466093136567329;1.30838674322122;1.03935591871355
2.81;0.479150090736951;1.30233612316833;1.03935591871355
2.82;0.492144826667515;1.29590551322049;1.03935591871355
2.83;0.505073555983232;1.28909749409746;1.03935591871355
2.84;0.517932516605457;1.28191475521592;1.03935591871355
2.85;0.530717973835208;1.27436009369654;1.03935591871355
2.86;0.543426221425632;1.26643641334037;1.03935591871355
2.87;0.556053582644084;1.25814672357504;1.03935591871355
2.88;0.568596411323549;1.24949413837113;1.03935591871355
2.89;0.581051092903078;1.24048187512906;1.03935591871355
2.9;0.593414045456979;1.23111325353685;1.03935591871355
2.91;0.605681720712439;1.22139169439924;1.03935591871355
2.92;0.617850605055326;1.21132071843847;1.03935591871355
2.93;0.629917220523858;1.20090394506716;1.03935591871355
2.94;0.641878125789888;1.19014509113378;1.03935591871355
2.95;0.653729917127515;1.17904796964098;1.03935591871355
2.96;0.665469229368763;1.16761648843738;1.03935591871355
2.97;0.677092736846055;1.15585464888314;1.03935591871355
2.98;0.688597154321229;1.14376654448977;1.03935591871355
2.99;0.699979237900838;1.13135635953469;1.03935591871355
3;0.711235785937484;1.11862836765098;1.03935591871355
3.01;0.722363639916936;1.10558693039268;1.03935591871355
3.02;0.7333596853308;1.09223649577634;1.03935591871355
3.03;0.744220852534491;1.07858159679902;1.03935591871355
3.04;0.754944117590284;1.06462684993343;1.03935591871355
3.05;0.765526503095221;1.05037695360066;1.03935591871355
3.06;0.775965078993636;1.0358366866209;1.03935591871355
3.07;0.786256963374098;1.02101090664278;1.03935591871355
3.08;0.79639932325055;1.00590454855177;1.03935591871355
3.09;0.806389375327438;0.990522622858108;1.03935591871355
3.1;0.816224386748634;0.974870214064913;1.03935591871355
3.11;0.825901675829948;0.958952479016872;1.03935591871355
3.12;0.835418612775045;0.942774645230085;1.03935591871355
3.13;0.844772620374572;0.926342009203607;1.03935591871355
3.14;0.853961174688328;0.909659934713204;1.03935591871355
3.15;0.862981805710289;0.892733851087881;1.03935591871355
3.16;0.871832098016322;0.875569251469721;1.03935591871355
3.17;0.880509691394424;0.858171691057578;1.03935591871355
3.18;0.889012281457333;0.840546785335201;1.03935591871355
3.19;0.897337620237343;0.822700208284318;1.03935591871355
3.2;0.905483516763195;0.804637690583265;1.03935591871355
3.21;0.91344783761888;0.78636501779171;1.03935591871355
3.22;0.921228507484239;0.767888028522051;1.03935591871355
3.23;0.92882350965721;0.749212612598047;1.03935591871355
3.24;0.936230886557615;0.73034470920127;1.03935591871355
3.25;0.943448740212351;0.711290305005939;1.03935591871355
3.26;0.950475232721884;0.692055432302731;1.03935591871355
3.27;0.95730858670793;0.672646167112139;1.03935591871355
3.28;0.96394708574223;0.65306862728796;1.03935591871355
3.29;0.970389074756313;0.633328970611512;1.03935591871355
3.3;0.976632960432162;0.613433392877148;1.03935591871355
3.31;0.982677211573699;0.593388125969672;1.03935591871355
3.32;0.988520359459012;0.573199435934239;1.03935591871355
3.33;0.994160998173247;0.552873621039329;1.03935591871355
3.34;0.999597784922098;0.532417009833397;1.03935591871355
3.35;1.00482944032585;0.511835959195782;1.03935591871355
3.36;1.00985474869387;0.491136852382473;1.03935591871355
3.37;1.01467255827962;0.47032609706733;1.03935591871355
3.38;1.01928178151592;0.449410123379351;1.03935591871355
3.39;1.02368139523076;0.428395381936576;1.03935591871355
3.4;1.02787044084322;0.407288341877239;1.03935591871355
3.41;1.03184802453991;0.38609548888874;1.03935591871355
3.42;1.03561331743151;0.364823323235056;1.03935591871355
3.43;1.03916555568968;0.343478357783159;1.03935591871355
3.44;1.04250404066421;0.32206711602906;1.03935591871355
3.45;1.04562813898045;0.300596130124057;1.03935591871355
3.46;1.04853728261693;0.279071938901772;1.03935591871355
3.47;1.05123096896335;0.257501085906588;1.03935591871355
3.48;1.05370876085883;0.235890117424055;1.03935591871355
3.49;1.05597028661043;0.214245580513859;1.03935591871355
3.5;1.05801523999208;0.192574021045944;1.03935591871355
3.51;1.05984338022384;0.170881981740366;1.03935591871355
3.52;1.06145453193163;0.14917600021145;1.03935591871355
3.53;1.06284858508734;0.127462607016855;1.03935591871355
3.54;1.06402549492954;0.105748323712095;1.03935591871355
3.55;1.06498528186473;0.0840396609111044;1.03935591871355
3.56;1.06572803134919;0.0623431163534223;1.03935591871355
3.57;1.06625389375156;0.0406651729785505;1.03935591871355
3.58;1.06656308419628;0.0190122970080622;1.03935591871355
3.59;1.0666558823877;-0.00260906396398342;1.03935591871355
3.6;1.06653263241531;-0.0241924828717607;1.03935591871355
3.61;1.06619374253996;-0.0457315550689766;1.03935591871355
3.62;1.06563968496111;-0.0672199002101985;1.03935591871355
3.63;1.06487099556548;-0.088651164121665;1.03935591871355
3.64;1.06388827365688;-0.110019020661036;1.03935591871355
3.65;1.06269218166764;-0.131317173565541;1.03935591871355
3.66;1.06128344485147;-0.152539358288001;1.03935591871355
3.67;1.05966285095817;-0.173679343820181;1.03935591871355
3.68;1.05783124989;-0.194730934502956;1.03935591871355
3.69;1.05578955334015;-0.215687971822777;1.03935591871355
3.7;1.05353873441323;-0.236544336193901;1.03935591871355
3.71;1.05107982722804;-0.257293948725905;1.03935591871355
3.72;1.0484139265027;-0.27793077297595;1.03935591871355
3.73;1.04554218712235;-0.298448816685317;1.03935591871355
3.74;1.04246582368958;-0.318842133499712;1.03935591871355
3.75;1.03918611005766;-0.33910482467285;1.03935591871355
3.76;1.0357043788469;-0.359231040752848;1.03935591871355
3.77;1.03202202094416;-0.379214983250937;1.03935591871355
3.78;1.02814048498578;-0.39905090629203;1.03935591871355
3.79;1.02406127682409;-0.418733118246683;1.03935591871355
3.8;1.01978595897765;-0.438255983343994;1.03935591871355
3.81;1.01531615006554;-0.457613923264976;1.03935591871355
3.82;1.01065352422566;-0.476801418715981;1.03935591871355
3.83;1.00579981051756;-0.495813010981718;1.03935591871355
3.84;1.00075679230968;-0.514643303457446;1.03935591871355
3.85;0.995526306651436;-0.533286963159919;1.03935591871355
3.86;0.990110243630325;-0.551738722216655;1.03935591871355
3.87;0.984510545714153;-0.569993379333132;1.03935591871355
3.88;0.978729207078754;-0.588045801237511;1.03935591871355
3.89;0.972768272921343;-0.605890924102473;1.03935591871355
3.9;0.966629838759761;-0.623523754943805;1.03935591871355
3.91;0.960316049717832;-0.640939372995342;1.03935591871355
3.92;0.953829099797087;-0.658132931059902;1.03935591871355
3.93;0.947171231135082;-0.675099656835842;1.03935591871355
3.94;0.940344733250567;-0.691834854218884;1.03935591871355
3.95;0.933351942275741;-0.708333904578864;1.03935591871355
3.96;0.926195240175866;-0.724592268011063;1.03935591871355
3.97;0.918877053956469;-0.740605484561788;1.03935591871355
3.98;0.911399854858416;-0.756369175427879;1.03935591871355
3.99;0.903766157541104;-0.771879044129833;1.03935591871355
4;0.895978519254048;-0.787130877658227;1.03935591871355
4.01;0.888039538997112;-0.802120547593161;1.03935591871355
4.02;0.879951856669683;-0.816844011196407;1.03935591871355
4.03;0.871718152209041;-0.831297312476009;1.03935591871355
4.04;0.863341144718204;-0.845476583223041;1.03935591871355
4.05;0.854823591583535;-0.859378044020276;1.03935591871355
4.06;0.846168287582396;-0.8729980052225;1.03935591871355
4.07;0.837378063981116;-0.886332867908236;1.03935591871355
4.08;0.828455787623577;-0.899379124802632;1.03935591871355
4.09;0.819404360010705;-0.912133361171295;1.03935591871355
4.1;0.810226716371148;-0.924592255684845;1.03935591871355
4.11;0.800925824723443;-0.936752581253988;1.03935591871355
4.12;0.791504684929968;-0.948611205834902;1.03935591871355
4.13;0.781966327742973;-0.960165093204747;1.03935591871355
4.14;0.77231381384299;-0.971411303707121;1.03935591871355
4.15;0.762550232869923;-0.982346994967285;1.03935591871355
4.16;0.75267870244713;-0.992969422577005;1.03935591871355
4.17;0.742702367198781;-1.00327594074884;1.03935591871355
4.18;0.732624397760825;-1.01326400293975;1.03935591871355
4.19;0.722447989785851;-1.02293116244387;1.03935591871355
4.2;0.712176362942159;-1.03227507295438;1.03935591871355
4.21;0.70181275990736;-1.04129348909425;1.03935591871355
4.22;0.691360445356802;-1.04998426691585;1.03935591871355
4.23;0.680822704947143;-1.05834536436933;1.03935591871355
4.24;0.67020284429538;-1.06637484173959;1.03935591871355
4.25;0.659504187953651;-1.07407086205184;1.03935591871355
4.26;0.648730078380125;-1.08143169144571;1.03935591871355
4.27;0.637883874906284;-1.08845569951774;1.03935591871355
4.28;0.626968952700937;-1.09514135963235;1.03935591871355
4.29;0.615988701731252;-1.10148724920105;1.03935591871355
4.3;0.604946525721146;-1.10749204993012;1.03935591871355
4.31;0.593845841107341;-1.11315454803649;1.03935591871355
4.32;0.582690075993403;-1.118473634432;1.03935591871355
4.33;0.571482669102077;-1.1234483048759;1.03935591871355
4.34;0.560227068726245;-1.12807766009568;1.03935591871355
4.35;0.548926731678819;-1.13236090587626;1.03935591871355
4.36;0.537585122241875;-1.13629735311747;1.03935591871355
4.37;0.526205711115368;-1.13988641786;1.03935591871355
4.38;0.51479197436572;-1.14312762127968;1.03935591871355
4.39;0.503347392374609;-1.1460205896504;1.03935591871355
4.4;0.491875448788272;-1.14856505427544;1.03935591871355
4.41;0.480379629467636;-1.15076085138755;1.03935591871355
4.42;0.468863421439588;-1.15260792201768;1.03935591871355
4.43;0.457330311849697;-1.15410631183255;1.03935591871355
4.44;0.445783786916701;-1.15525617094112;1.03935591871355
4.45;0.434227330889072;-1.1560577536701;1.03935591871355
4.46;0.422664425003962;-1.1565114183086;1.03935591871355
4.47;0.411098546448837;-1.15661762682203;1.03935591871355
4.48;0.399533167326118;-1.15637694453546;1.03935591871355
4.49;0.387971753621121;-1.15579003978652;1.03935591871355
4.5;0.376417764173602;-1.15485768354797;1.03935591871355
4.51;0.364874649653216;-1.15358074902027;1.03935591871355
4.52;0.353345851539187;-1.15196021119407;1.03935591871355
4.53;0.341834801104479;-1.14999714638302;1.03935591871355
4.54;0.33034491840478;-1.14769273172701;1.03935591871355
4.55;0.318879611272582;-1.145048244666;1.03935591871355
4.56;0.307442274316657;-1.14206506238475;1.03935591871355
4.57;0.296036287927213;-1.13874466122851;1.03935591871355
4.58;0.284665017287023;-1.13508861609008;1.03935591871355
4.59;0.273331811388815;-1.13109859976836;1.03935591871355
4.6;0.262040002059199;-1.1267763822986;1.03935591871355
4.61;0.250792902989423;-1.12212383025474;1.03935591871355
4.62;0.239593808773224;-1.11714290602396;1.03935591871355
4.63;0.228445993952065;-1.11183566705372;1.03935591871355
4.64;0.21735271206802;-1.1062042650717;1.03935591871355
4.65;0.206317194724576;-1.10025094527872;1.03935591871355
4.66;0.195342650655639;-1.09397804551509;1.03935591871355
4.67;0.184432264802984;-1.0873879954006;1.03935591871355
4.68;0.173589197402424;-1.08048331544844;1.03935591871355
4.69;0.162816583078961;-1.0732666161535;1.03935591871355
4.7;0.152117529951164;-1.06574059705515;1.03935591871355
4.71;0.141495118745035;-1.05790804577498;1.03935591871355
4.72;0.130952401917605;-1.04977183702985;1.03935591871355
4.73;0.120492402790518;-1.04133493162042;1.03935591871355
4.74;0.110118114693827;-1.03260037539569;1.03935591871355
4.75;0.0998325001202613;-1.02357129819382;1.03935591871355
4.76;0.0896384898901867;-1.01425091275956;1.03935591871355
4.77;0.0795389823274948;-1.00464251363869;1.03935591871355
4.78;0.0695368424466515;-0.994749476049915;1.03935591871355
4.79;0.0596349011511262;-0.984575254734392;1.03935591871355
4.8;0.0498359544434251;-0.974123382783504;1.03935591871355
4.81;0.0401427626469426;-0.963397470445106;1.03935591871355
4.82;0.0305580496398463;-0.952401203908708;1.03935591871355
4.83;0.0210845021012033;-0.941138344069987;1.03935591871355
4.84;0.0117247687695528;-0.929612725275022;1.03935591871355
4.85;0.00248145971412628;-0.917828254044672;1.03935591871355
4.86;-0.00664285438108844;-0.905788907779509;1.03935591871355
4.87;-0.0156456429202464;-0.893498733445734;1.03935591871355
4.88;-0.0245244160853201;-0.880961846242495;1.03935591871355
4.89;-0.0332767255123645;-0.868182428251043;1.03935591871355
4.9;-0.0419001649541945;-0.855164727066162;1.03935591871355
4.91;-0.0503923709292976;-0.84191305441031;1.03935591871355
4.92;-0.0587510233568124;-0.828431784730923;1.03935591871355
4.93;-0.0669738461774058;-0.814725353781324;1.03935591871355
4.94;-0.075058607959887;-0.800798257185694;1.03935591871355
4.95;-0.0830031224934015;-0.786655048988563;1.03935591871355
4.96;-0.0908052493650521;-0.772300340189286;1.03935591871355
4.97;-0.0984628945227984;-0.757738797261955;1.03935591871355
4.98;-0.105974010823492;-0.742975140661238;1.03935591871355
4.99;-0.113336598565907;-0.728014143314594;1.03935591871355
5;-0.120548706008638;-0.712860629101355;1.03935591871355
5.01;-0.127608429872723;-0.697519471319151;1.03935591871355
5.02;-0.134513915828884;-0.681995591138152;1.03935591871355
5.03;-0.141263358969253;-0.666293956043617;1.03935591871355
5.04;-0.147855004263471;-0.650419578267243;1.03935591871355
5.05;-0.154287146999056;-0.634377513207785;1.03935591871355
5.06;-0.160558133205925;-0.618172857841464;1.03935591871355
5.07;-0.166666360064986;-0.601810749122633;1.03935591871355
5.08;-0.172610276300683;-0.58529636237521;1.03935591871355
5.09;-0.178388382557419;-0.568634909675382;1.03935591871355
5.1;-0.183999231759779;-0.55183163822606;1.03935591871355
5.11;-0.189441429456443;-0.534891828723607;1.03935591871355
5.12;-0.194713634147753;-0.517820793717326;1.03935591871355
5.13;-0.199814557596829;-0.500623875962229;1.03935591871355
5.14;-0.204742965124193;-0.483306446765569;1.03935591871355
5.15;-0.209497675885831;-0.465873904327668;1.03935591871355
5.16;-0.214077563134635;-0.448331672077529;1.03935591871355
5.17;-0.218481554465183;-0.430685197003743;1.03935591871355
5.18;-0.222708632041812;-0.412939947981212;1.03935591871355
5.19;-0.226757832809933;-0.395101414094172;1.03935591871355
5.2;-0.230628248690568;-0.37717510295606;1.03935591871355
5.21;-0.234319026758073;-0.359166539026696;1.03935591871355
5.22;-0.237829369401019;-0.341081261927315;1.03935591871355
5.23;-0.241158534466215;-0.322924824753955;1.03935591871355
5.24;-0.244305835385869;-0.304702792389696;1.03935591871355
5.25;-0.247270641287854;-0.28642073981627;1.03935591871355
5.26;-0.250052377089101;-0.268084250425546;1.03935591871355
5.27;-0.252650523572099;-0.249698914331395;1.03935591871355
5.28;-0.255064617444524;-0.231270326682443;1.03935591871355
5.29;-0.257294251382001;-0.212804085976214;1.03935591871355
5.3;-0.259339074054006;-0.194305792375161;1.03935591871355
5.31;-0.261198790132956;-0.175781046025104;1.03935591871355
5.32;-0.262873160286478;-0.157235445376554;1.03935591871355
5.33;-0.264362001152916;-0.138674585509428;1.03935591871355
5.34;-0.265665185300105;-0.120104056461665;1.03935591871355
5.35;-0.266782641167439;-0.101529441562212;1.03935591871355
5.36;-0.267714352991301;-0.0829563157688992;1.03935591871355
5.37;-0.268460360713894;-0.0643902440116725;1.03935591871355
5.38;-0.269020759875522;-0.0458367795416812;1.03935591871355
5.39;-0.269395701490402;-0.0273014622867058;1.03935591871355
5.4;-0.26958539190605;-0.00878981721340518;1.03935591871355
5.41;-0.269590092646329;0.00969264730313764;1.03935591871355
5.42;-0.269410120238225;0.0281404411020926;1.03935591871355
5.43;-0.26904584602243;0.046548093851312;1.03935591871355
5.44;-0.268497695947825;0.0649101566530406;1.03935591871355
5.45;-0.267766150349943;0.0832212036404418;1.03935591871355
5.46;-0.266851743713509;0.101475833564475;1.03935591871355
5.47;-0.26575506441916;0.119668671370667;1.03935591871355
5.48;-0.264476754474441;0.137794369765322;1.03935591871355
5.49;-0.263017509229193;0.155847610770714;1.03935591871355
5.5;-0.261378077075432;0.173823107268829;1.03935591871355
5.51;-0.259559259131852;0.191715604533187;1.03935591871355
5.52;-0.25756190891306;0.209519881748339;1.03935591871355
5.53;-0.255386931983675;0.227230753516576;1.03935591871355
5.54;-0.253035285597419;0.244843071351434;1.03935591871355
5.55;-0.250507978321336;0.26235172515757;1.03935591871355
5.56;-0.247806069645268;0.279751644696587;1.03935591871355
5.57;-0.244930669576746;0.297037801038385;1.03935591871355
5.58;-0.241882938221429;0.314205207997645;1.03935591871355
5.59;-0.238664085349248;0.331248923555025;1.03935591871355
5.6;-0.23527536994641;0.348164051262673;1.03935591871355
5.61;-0.231718099753415;0.36494574163367;1.03935591871355
5.62;-0.227993630789256;0.381589193515001;1.03935591871355
5.63;-0.224103366861961;0.398089655443684;1.03935591871355
5.64;-0.220048759065657;0.414442426985666;1.03935591871355
5.65;-0.215831305264318;0.43064286005713;1.03935591871355
5.66;-0.211452549562382;0.446686360227833;1.03935591871355
5.67;-0.206914081762418;0.462568388006119;1.03935591871355
5.68;-0.202217536810027;0.47828446010526;1.03935591871355
5.69;-0.197364594226165;0.493830150690773;1.03935591871355
5.7;-0.192356977527073;0.509201092608363;1.03935591871355
5.71;-0.187196453632028;0.524392978592177;1.03935591871355
5.72;-0.181884832259093;0.539401562453022;1.03935591871355
5.73;-0.176423965309077;0.554222660246233;1.03935591871355
5.74;-0.17081574623791;0.568852151418876;1.03935591871355
5.75;-0.165062109417641;0.583285979935981;1.03935591871355
5.76;-0.15916502948627;0.597520155385492;1.03935591871355
5.77;-0.153126520686621;0.611550754061653;1.03935591871355
5.78;-0.14694863619449;0.625373920026535;1.03935591871355
5.79;-0.140633467436267;0.638985866149419;1.03935591871355
5.8;-0.134183143396269;0.652382875123777;1.03935591871355
5.81;-0.127599829914007;0.665561300461562;1.03935591871355
5.82;-0.120885728971611;0.678517567464575;1.03935591871355
5.83;-0.114043077971642;0.691248174172632;1.03935591871355
5.84;-0.107074149005537;0.703749692288296;1.03935591871355
5.85;-0.0999812481128994;0.716018768077953;1.03935591871355
5.86;-0.092766714531902;0.728052123248969;1.03935591871355
5.87;-0.0854329199410128;0.73984655580274;1.03935591871355
5.88;-0.0779822676923072;0.751398940863398;1.03935591871355
5.89;-0.0704171920366018;0.76270623148198;1.03935591871355
5.9;-0.0627401573406568;0.773765459415846;1.03935591871355
5.91;-0.0549536572966975;0.784573735883178;1.03935591871355
5.92;-0.0470602141245028;0.795128252292351;1.03935591871355
5.93;-0.0390623777663138;0.80542628094602;1.03935591871355
5.94;-0.0309627250748165;0.815465175719742;1.03935591871355
5.95;-0.0227638589944527;0.825242372714986;1.03935591871355
5.96;-0.0144684077363173;0.83475539088637;1.03935591871355
5.97;-0.0060790239468993;0.844001832642978;1.03935591871355
5.98;0.0024016161290734;0.852979384423639;1.03935591871355
5.99;0.0109708134914236;0.861685817246016;1.03935591871355
6;0.0196258472326876;0.870118987229409;1.03935591871355
6.01;0.0283639753913875;0.878276836091138;1.03935591871355
6.02;0.0371824358101471;0.886157391616429;1.03935591871355
6.03;0.0460784469983881;0.893758768101674;1.03935591871355
6.04;0.0550492089993387;0.901079166771012;1.03935591871355
6.05;0.0640919042610864;0.908116876166131;1.03935591871355
6.06;0.07320369851141;0.914870272509224;1.03935591871355
6.07;0.0823817416361181;0.921337820039037;1.03935591871355
6.08;0.0916231685606287;0.927518071319966;1.03935591871355
6.09;0.100925100134517;0.933409667524131;1.03935591871355
6.1;0.110284644018762;0.939011338686413;1.03935591871355
6.11;0.119698895575424;0.944321903932416;1.03935591871355
6.12;0.129164938759475;0.949340271679328;1.03935591871355
6.13;0.138679847012523;0.954065439809672;1.03935591871355
6.14;0.148240684158144;0.958496495817938;1.03935591871355
6.15;0.157844505298563;0.962632616930103;1.03935591871355
6.16;0.167488357712409;0.966473070196052;1.03935591871355
6.17;0.177169281753266;0.970017212554904;1.03935591871355
6.18;0.186884311748764;0.973264490873288;1.03935591871355
6.19;0.196630476899926;0.976214441956598;1.03935591871355
6.2;0.206404802180506;0.97886669253326;1.03935591871355
6.21;0.216204309236051;0.981220959212082;1.03935591871355
6.22;0.226026017282412;0.983277048412725;1.03935591871355
6.23;0.235866944003443;0.985034856269376;1.03935591871355
6.24;0.245724106447616;0.986494368507695;1.03935591871355
6.25;0.255594521923279;0.987655660295112;1.03935591871355
6.26;0.265475208892307;0.98851889606458;1.03935591871355
6.27;0.275363187861865;0.989084329311861;1.03935591871355
6.28;0.285255482274028;0.989352302366471;1.03935591871355
6.29;0.29514911939299;0.989323246136386;1.03935591871355
6.3;0.305041131189604;0.988997679826639;1.03935591871355
6.31;0.314928555222992;0.988376210631925;1.03935591871355
6.32;0.324808435518962;0.987459533403365;1.03935591871355
6.33;0.334677823444978;0.986248430289565;1.03935591871355
6.34;0.344533778581427;0.984743770352124;1.03935591871355
6.35;0.354373369588926;0.982946509155745;1.03935591871355
6.36;0.36419367507141;0.980857688333129;1.03935591871355
6.37;0.373991784434771;0.978478435124811;1.03935591871355
6.38;0.383764798740767;0.975809961894124;1.03935591871355
6.39;0.393509831555978;0.972853565617484;1.03935591871355
6.4;0.403224009795555;0.969610627350186;1.03935591871355
6.41;0.412904474561515;0.966082611667915;1.03935591871355
6.42;0.422548381975342;0.962271066084178;1.03935591871355
6.43;0.432152904004656;0.958177620443881;1.03935591871355
6.44;0.441715229283712;0.953803986293262;1.03935591871355
6.45;0.451232563927492;0.949151956226422;1.03935591871355
6.46;0.460702132339155;0.94422340320868;1.03935591871355
6.47;0.470121178010625;0.939020279877003;1.03935591871355
6.48;0.479486964316072;0.933544617817751;1.03935591871355
6.49;0.488796775298073;0.927798526821999;1.03935591871355
6.5;0.498047916446231;0.921784194118699;1.03935591871355
6.51;0.507237715468015;0.915503883585946;1.03935591871355
6.52;0.516363523051631;0.908959934940619;1.03935591871355
6.53;0.525422713620678;0.902154762906687;1.03935591871355
6.54;0.534412686080403;0.895090856362458;1.03935591871355
6.55;0.543330864555328;0.887770777467061;1.03935591871355
6.56;0.552174699118052;0.880197160766473;1.03935591871355
6.57;0.560941666509026;0.872372712279371;1.03935591871355
6.58;0.569629270847088;0.86430020856314;1.03935591871355
6.59;0.57823504433058;0.855982495760337;1.03935591871355
6.6;0.586756547928833;0.847422488625936;1.03935591871355
6.61;0.595191372063849;0.838623169535678;1.03935591871355
6.62;0.603537137281977;0.829587587475854;1.03935591871355
6.63;0.611791494915402;0.820318857014861;1.03935591871355
6.64;0.619952127733274;0.810820157256857;1.03935591871355
6.65;0.627994930582053;0.793823166960009;0
6.66;0.63584188963341;0.773503664598847;0
6.67;0.643484762082639;0.752987218908278;0
6.68;0.650921607655962;0.732280318388506;0
6.69;0.658150551173001;0.711389497478984;0
6.7;0.665169782997019;0.690321334520685;0
6.71;0.671977559464724;0.669082449708732;0
6.72;0.678572203295562;0.647679503035985;0
6.73;0.684952103980418;0.626119192228244;0
6.74;0.691115718149616;0.60440825067168;0
6.75;0.697061569920174;0.582553445333149;0
6.76;0.702788251222228;0.560561574674004;0
6.77;0.708294422104565;0.538439466558059;0
6.78;0.713578811019219;0.516193976154331;0
6.79;0.718640215085062;0.493831983835204;0
6.8;0.72347750033037;0.471360393070646;0
6.81;0.728089601914306;0.448786128319128;0
6.82;0.732475524327307;0.426116132915869;0
6.83;0.736634341570341;0.403357366959059;0
6.84;0.740565197313018;0.380516805194685;0
6.85;0.744267305030547;0.357601434900602;0
6.86;0.747739948119531;0.334618253770488;0
6.87;0.750982479992608;0.311574267798305;0
6.88;0.753994324151935;0.288476489163922;0
6.89;0.75677497424154;0.2653319341205;0
6.9;0.759323994078555;0.242147620884303;0
6.91;0.761641017663365;0.218930567527535;0
6.92;0.763725749168696;0.19568778987485;0
6.93;0.76557796290769;0.172426299404146;0
6.94;0.767197503281009;0.149153101152275;0
6.95;0.768584284703021;0.125875191626273;0
6.96;0.769738291507122;0.102599556720751;0
6.97;0.770659577830267;0.0793331696420356;0
6.98;0.771348267476774;0.0560829888396828;0
6.99;0.771804553761473;0.0328559559459746;0
7;0.772028699332296;0.00965899372399411;0
7.01;0.772021035972383;-0.0135009959751156;0
7.02;0.771781964381805;-0.0366171342451126;0
7.03;0.771311953939009;-0.059682567147246;0
7.04;0.770611542442076;-0.0826904677218849;0
7.05;0.769681335829922;-0.105634037988603;0
7.06;0.768522007883551;-0.128506510934139;0
7.07;0.767134299907482;-0.151301152487658;0
7.08;0.765519020391486;-0.17401126348274;0
7.09;0.763677044652764;-0.196630181605541;0
7.1;0.761609314458704;-0.219151283328548;0
7.11;0.759316837630375;-0.241567985829397;0
7.12;0.756800687626892;-0.263873748894177;0
7.13;0.754062003110833;-0.286062076804704;0
7.14;0.751101987494842;-0.308126520209203;0
7.15;0.747921908469614;-0.330060677975882;0
7.16;0.744523097513417;-0.351858199028866;0
7.17;0.74090694938334;-0.373512784165964;0
7.18;0.737074921588439;-0.395018187857773;0
7.19;0.733028533844992;-0.416368220027591;0
7.2;0.728769367514025;-0.437556747811655;0
7.21;0.724299065021345;-0.4585776972992;0
7.22;0.719619329260247;-0.479425055251855;0
7.23;0.714731922977136;-0.500092870801903;0
7.24;0.709638668140254;-0.520575257128918;0
7.25;0.704341445291747;-0.540866393114324;0
7.26;0.698842192883278;-0.560960524973421;0
7.27;0.693142906595436;-0.580851967864413;0
7.28;0.687245638641144;-0.600535107474014;0
7.29;0.681152497053332;-0.620004401579175;0
7.3;0.674865644957095;-0.639254381584531;0
7.31;0.668387299826586;-0.658279654035124;0
7.32;0.6617197327269;-0.67707490210401;0
7.33;0.654865267541189;-0.695634887054329;0
7.34;0.647826280183282;-0.713954449675469;0
7.35;0.640605197796054;-0.732028511692905;0
7.36;0.633204497935816;-0.749852077151371;0
7.37;0.625626707743003;-0.767420233770963;0
7.38;0.617874403099414;-0.784728154275841;0
7.39;0.609950207772295;-0.801771097695163;0
7.4;0.60185679254554;-0.818544410635904;0
7.41;0.593596874338288;-0.835043528527248;0
7.42;0.585173215311207;-0.85126397683621;0
7.43;0.57658862196075;-0.867201372254175;0
7.44;0.567845944201683;-0.882851423854059;0
7.45;0.558948074438173;-0.898209934217786;0
7.46;0.549897946623726;-0.913272800533797;0
7.47;0.540698535310304;-0.928036015664312;0
7.48;0.531352854686889;-0.942495669182081;0
7.49;0.521863957607831;-0.956647948376362;0
7.5;0.512234934611266;-0.97048913922788;0
7.51;0.50246891292793;-0.984015627352524;0
7.52;0.492569055480676;-0.997223898913555;0
7.53;0.482538559875014;-1.01011054150211;0
7.54;0.472380657380983;-1.02267224498579;0
7.55;0.462098611906691;-1.03490580232511;0
7.56;0.451695718963826;-1.04680811035769;0
7.57;0.441175304625475;-1.05837617054991;0
7.58;0.430540724476579;-1.06960708971592;0
7.59;0.419795362557337;-1.08049808070387;0
7.6;0.408942630299896;-1.09104646304914;0
7.61;0.397985965458668;-1.10124966359447;0
7.62;0.386928831034581;-1.11110521707687;0
7.63;0.375774714193623;-1.12061076668117;0
7.64;0.36452712517999;-1.12976406456014;0
7.65;0.353189596224195;-1.13856297232098;0
7.66;0.341765680446457;-1.14700546147825;0
7.67;0.330258950755709;-1.15508961387301;0
7.68;0.318672998744576;-1.16281362205821;0
7.69;0.307011433580642;-1.17017578965021;0
7.7;0.295277880894364;-1.17717453164639;0
7.71;0.283475981663952;-1.18380837470887;0
7.72;0.271609391097571;-1.19007595741424;0
7.73;0.2596817775132;-1.19597603046929;0
7.74;0.24769682121648;-1.20150745689282;0
7.75;0.235658213376905;-1.20666921216342;0
7.76;0.223569654902681;-1.21146038433328;0
7.77;0.211434855314602;-1.21588017410811;0
7.78;0.199257531619282;-1.21992789489312;0
7.79;0.187041407182078;-1.2236029728051;0
7.8;0.17479021060004;-1.2269049466508;0
7.81;0.162507674575238;-1.22983346787144;0
7.82;0.150197534788788;-1.23238830045364;0
7.83;0.13786352877592;-1.23456932080677;0
7.84;0.12550939480243;-1.23637651760669;0
7.85;0.11313887074284;-1.2378099916063;0
7.86;0.1007556929606;-1.23886995541266;0
7.87;0.088363595190673;-1.23955673323099;0
7.88;0.0759663074248266;-1.23987076057578;0
7.89;0.0635675547999613;-1.23981258394883;0
7.9;0.0511710564898061;-1.23938286048474;0
7.91;0.0387805246003056;-1.23858235756379;0
7.92;0.0263996630690246;-1.2374119523924;0
7.93;0.0140321665688928;-1.23587263155145;0
7.94;0.0016817194166106;-1.23396549051256;0
7.95;-0.0106480055139646;-1.23169173312253;0
7.96;-0.0229533478731343;-1.22905267105627;0
7.97;-0.0352306609110623;-1.22604972323825;0
7.98;-0.0474763125475521;-1.22268441523286;0
7.99;-0.0596866864355898;-1.21895837860379;0
8;-0.0718581830183406;-1.21487335024283;0
8.01;-0.083987220579298;-1.21043117166814;0
8.02;-0.0960702362852787;-1.20563378829246;0
8.03;-0.108103687221965;-1.20048324866135;0
8.04;-0.120084051421697;-1.19498170366191;0
8.05;-0.132007828883219;-1.1891314057021;0
8.06;-0.143871542583088;-1.18293470786111;0
8.07;-0.155671739478456;-1.17639406301095;0
8.08;-0.167404991500943;-1.16951202290968;0
8.09;-0.179067896541314;-1.16229123726653;0
8.1;-0.190657079424677;-1.15473445277929;0
8.11;-0.202169192875943;-1.14684451214428;0
8.12;-0.213600918475251;-1.13862435303918;0
8.13;-0.224948967603106;-1.13007700707926;0
8.14;-0.236210082374965;-1.1212055987471;0
8.15;-0.247381036564995;-1.11201334429644;0
8.16;-0.258458636518759;-1.10250355063034;0
8.17;-0.269439722054567;-1.09267961415409;0
8.18;-0.280321167353244;-1.08254501960327;0
8.19;-0.291099881836071;-1.07210333884739;0
8.2;-0.301772811030654;-1.06135822966939;0
8.21;-0.312336937424471;-1.05031343452155;0
8.22;-0.322789281305893;-1.03897277925813;0
8.23;-0.333126901592405;-1.02734017184517;0
8.24;-0.343346896645845;-1.01541960104795;0
8.25;-0.353446405074401;-1.00321513509639;0
8.26;-0.363422606521179;-0.990730920329042;0
8.27;-0.373272722439107;-0.977971179815918;0
8.28;-0.382994016851975;-0.964940211960688;0
8.29;-0.392583797101409;-0.951642389082733;0
8.3;-0.402039414579573;-0.938082155979454;0
8.31;-0.41135826544741;-0.924264028469331;0
8.32;-0.42053779133823;-0.910192591916197;0
8.33;-0.429575480046447;-0.895872499735207;0
8.34;-0.438468866201313;-0.881308471880961;0
8.35;-0.447215531925438;-0.866505293318298;0
8.36;-0.455813107477953;-0.851467812476215;0
8.37;-0.464259271882131;-0.836200939685429;0
8.38;-0.472551753537318;-0.820709645600065;0
8.39;-0.480688330815004;-0.804998959603971;0
8.4;-0.488666832638898;-0.789073968202177;0
8.41;-0.496485139048843;-0.772939813397984;0
8.42;-0.50414118174845;-0.75660169105621;0
8.43;-0.511632944636297;-0.740064849253113;0
8.44;-0.518958464320569;-0.723334586613481;0
8.45;-0.526115830617014;-0.706416250635446;0
8.46;-0.533103187030101;-0.689315236003511;0
8.47;-0.539918731217241;-0.672036982890345;0
8.48;-0.546560715435997;-0.654586975247851;0
8.49;-0.553027446974141;-0.636970739088054;0
8.5;-0.559317288562487;-0.619193840754333;0
8.51;-0.565428658770393;-0.601261885183535;0
8.52;-0.571360032383836;-0.583180514159504;0
8.53;-0.577109940766005;-0.564955404558577;0
8.54;-0.582676972200291;-0.54659226658756;0
8.55;-0.588059772215644;-0.528096842014754;0
8.56;-0.593257043894201;-0.509474902394554;0
8.57;-0.598267548161137;-0.490732247286176;0
8.58;-0.603090104056677;-0.471874702467043;0
8.59;-0.60772358899022;-0.452908118141389;0
8.6;-0.612166938976531;-0.433838367144619;0
8.61;-0.61641914885396;-0.414671343143963;0
8.62;-0.620479272484646;-0.395412958835993;0
8.63;-0.624346422936694;-0.376069144141519;0
8.64;-0.628019772648289;-0.356645844398433;0
8.65;-0.63149855357372;-0.337149018553033;0
8.66;-0.63478205731133;-0.31758463735038;0
8.67;-0.637869635213356;-0.297958681524224;0
8.68;-0.640760698477666;-0.278277139987053;0
8.69;-0.643454718221411;-0.258546008020791;0
8.7;-0.645951225536576;-0.23877128546871;0
8.71;-0.648249811527468;-0.218958974929066;0
8.72;-0.650350127330141;-0.199115079951032;0
8.73;-0.6522518841138;-0.179245603233427;0
8.74;-0.653954853064201;-0.159356544826814;0
8.75;-0.655458865349096;-0.139453900339467;0
8.76;-0.65676381206575;-0.119543659147765;0
8.77;-0.657869644170586;-0.0996318026115184;0
8.78;-0.658776372391012;-0.0797243022947762;0
8.79;-0.659484067119473;-0.0598271181926203;0
8.8;-0.659992858289814;-0.0399461969644785;0
8.81;-0.660302935235989;-0.0200874701744704;0
8.82;-0.660414546533225;-0.000256852539302603;0
8.83;-0.660327999821689;0.0195397598157743;0
8.84;-0.660043661612758;0.0392964910924387;0
8.85;-0.659561957077972;0.059007487545695;0
8.86;-0.658883369820768;0.0786669192006923;0
8.87;-0.658008441631089;0.0982689815594677;0
8.88;-0.656937772222974;0.117807897297119;0
8.89;-0.655672018955235;0.137277917946918;0
8.9;-0.654211896535333;0.156673325573873;0
8.91;-0.652558176706577;0.17598843443627;0
8.92;-0.650711687918755;0.1952175926347;0
8.93;-0.648673314982345;0.214355183748113;0
8.94;-0.646443998706409;0.233395628456427;0
8.95;-0.644024735520341;0.252333386149214;0
8.96;-0.641416577079581;0.271162956520038;0
8.97;-0.638620629855452;0.289878881145953;0
8.98;-0.635638054709277;0.308475745051742;0
8.99;-0.632470066450921;0.326948178258437;0
9;-0.629117933381913;0.345290857315699;0
9.01;-0.625582976823333;0.363498506817603;0
9.02;-0.621866570628604;0.381565900901429;0
9.03;-0.617970140681378;0.39948786472902;0
9.04;-0.613895164378697;0.417259275950298;0
9.05;-0.609643170099584;0.434875066148534;0
9.06;-0.605215736659281;0.452330222266966;0
9.07;-0.600614492749296;0.469619788016366;0
9.08;-0.595841116363467;0.486738865263181;0
9.09;-0.590897334210228;0.503682615397845;0
9.1;-0.585784921111291;0.520446260682902;0
9.11;-0.580505699386928;0.537025085580565;0
9.12;-0.575061538228081;0.553414438059346;0
9.13;-0.569454353055496;0.569609730879405;0
9.14;-0.563686104866101;0.585606442856269;0
9.15;-0.557758799566847;0.601400120102576;0
9.16;-0.551674487296234;0.616986377247513;0
9.17;-0.545435261733733;0.63236089863362;0
9.18;-0.53904325939736;0.647519439490638;0
9.19;-0.532500658929601;0.662457827086096;0
9.2;-0.525809680371947;0.677171961852316;0
9.21;-0.518972584428256;0.69165781848956;0
9.22;-0.511991671717209;0.705911447045012;0
9.23;-0.504869282014062;0.719928973967323;0
9.24;-0.497607793481988;0.733706603136434;0
9.25;-0.490209621893213;0.747240616868434;0
9.26;-0.48267721984023;0.760527376895159;0
9.27;-0.475013075937327;0.773563325318318;0
9.28;-0.467219714012687;0.786344985537878;0
9.29;-0.459299692291324;0.79886896315449;0
9.3;-0.45125560256911;0.811131946845713;0
9.31;-0.443090069378165;0.823130709215844;0
9.32;-0.434805749143856;0.834862107619117;0
9.33;-0.426405329333696;0.846323084956087;0
9.34;-0.417891527598397;0.857510670443003;0
9.35;-0.409267090905346;0.868421980353983;0
9.36;-0.400534794664793;0.879054218735818;0
9.37;-0.391697441849004;0.889404678095234;0
9.38;-0.382757862104675;0.89947074005846;0
9.39;-0.373718910858866;0.909249876002946;0
9.4;-0.364583468418754;0.91873964766109;0
9.41;-0.355354439065467;0.927937707695847;0
9.42;-0.346034750142292;0.936841800248085;0
9.43;-0.336627351137539;0.945449761455583;0
9.44;-0.327135212762338;0.953759519943561;0
9.45;-0.317561326023665;0.961769097286639;0
9.46;-0.307908701292874;0.969476608442141;0
9.47;-0.298180367370023;0.976880262154667;0
9.48;-0.288379370544289;0.983978361331843;0
9.49;-0.278508773650754;0.990769303391214;0
9.5;-0.268571655123848;0.997251580578204;0
9.51;-0.258571108047746;1.0034237802551;0
9.52;-0.248510239204011;1.00928458516102;0
9.53;-0.238392168116754;1.01483277364288;0
9.54;-0.228220026095629;1.02006721985727;0
9.55;-0.217996955276936;1.02498689394325;0
9.56;-0.207726107663121;1.02959086216612;0
9.57;-0.197410644160974;1.03387828703212;0
9.58;-0.187053733618814;1.03784842737404;0
9.59;-0.176658551862942;1.04150063840787;0
9.6;-0.166228280733661;1.04483437176038;0
9.61;-0.155766107121151;1.04784917546788;0
9.62;-0.145275222001484;1.05054469394594;0
9.63;-0.134758819473076;1.05292066793036;0
9.64;-0.124220095793855;1.05497693438935;0
9.65;-0.113662248419437;1.05671342640697;0
9.66;-0.103088475042597;1.05813017303808;0
9.67;-0.0925019726343194;1.0592272991346;0
9.68;-0.0819059364867151;1.06000502514348;0
9.69;-0.0713035592580812;1.06046366687634;0
9.7;-0.0606980300203969;1.06060363525086;0
9.71;-0.0500925333095288;1.06042543600419;0
9.72;-0.0394902481784294;1.05992966937835;0
9.73;-0.0288943472536054;1.05911702977789;0
9.74;-0.0183079957951351;1.05798830539993;0
9.75;-0.00773435076050856;1.05654437783665;0
9.76;0.00282344012743403;1.05478622165051;0
9.77;0.0133622393081938;1.05271490392239;0
9.78;0.0238789203066643;1.05033158377261;0
9.79;0.034370368651273;1.04763751185539;0
9.8;0.0448334827869469;1.04463402982656;0
9.81;0.0552651749826367;1.04132256978502;0
9.82;0.0656623722331378;1.03770465368802;0
9.83;0.0760220171549469;1.03378189274048;0
9.84;0.0863410688758965;1.0295559867586;0
9.85;0.0966165039183101;1.02502872350811;0
9.86;0.106845317075427;1.02020197801714;0
9.87;0.117024522280841;1.01507771186419;0
9.88;0.127151153470712;1.00965797244142;0
9.89;0.137222265438494;1.00394489219342;0
9.9;0.147234934681947;0.997940687831766;0
9.91;0.157186260242183;0.991647659525773;0
9.92;0.167073364534517;0.985068190069521;0
9.93;0.176893394170879;0.978204744025598;0
9.94;0.186643520773559;0.971059866845782;0
9.95;0.196320941780063;0.963636183968993;0
9.96;0.205922881238837;0.955936399896825;0
9.97;0.21544659059566;0.947963297246956;0
9.98;0.224889349470455;0.939719735784772;0
9.99;0.234248466424338;0.931208651433534;0
10;0.24352127971666;0.922433055263415;0
10.01;0.252705158051853;0.913396032459744;0
10.02;0.261797501315861;0.904100741270812;0
10.03;0.270795741301962;0.894550411935581;0
10.04;0.279697342425776;0.88474834559166;0
10.05;0.288499802429267;0.874697913163905;0
10.06;0.297200653073543;0.864402554234;0
10.07;0.305797460820271;0.853865775891417;0
10.08;0.314287827501514;0.843091151566099;0
10.09;0.322669390977818;0.832082319843274;0
10.1;0.330939825784368;0.820842983260767;0
10.11;0.339096843765039;0.809376907089216;0
10.12;0.347138194694171;0.797687918095569;0
10.13;0.35506166688591;0.785779903290288;0
10.14;0.362865087790946;0.773656808658631;0
10.15;0.370546324580497;0.761322637876445;0
10.16;0.378103284717376;0.748781451010872;0
10.17;0.385533916514007;0.736037363206384;0
10.18;0.392836209677229;0.723094543356564;0
10.19;0.400008195839763;0.70995721276206;0
10.2;0.407047949078194;0.696629643775136;0
10.21;0.413953586417336;0.683116158431248;0
10.22;0.420723268320861;0.669421127068078;0
10.23;0.427355199168066;0.655548966932469;0
10.24;0.433847627716648;0.641504140775683;0
10.25;0.440198847551388;0.627291155437438;0
10.26;0.446407197518623;0.612914560419163;0
10.27;0.452471062146406;0.598378946446918;0
10.28;0.458388872050246;0.583688944024418;0
10.29;0.464159104324341;0.568849221976634;0
10.3;0.469780282918202;0.553864485984397;0
10.31;0.475250978998588;0.538739477110478;0
10.32;0.48056981129666;0.523478970317598;0
10.33;0.485735446440285;0.508087772978818;0
10.34;0.490746599271409;0.492570723380774;0
10.35;0.495602033148434;0.476932689220224;0
10.36;0.500300560233528;0.461178566094354;0
10.37;0.504841041764817;0.445313275985325;0
10.38;0.509222388313393;0.429341765739504;0
10.39;0.513443560025097;0.413269005541867;0
10.4;0.517503566847022;0.39709998738602;0
10.41;0.521401468738701;0.380839723540313;0
10.42;0.525136375867938;0.364493245010519;0
10.43;0.528707448791252;0.34806559999953;0
10.44;0.532113898618913;0.331561852364552;0
10.45;0.535354987164527;0.314987080072252;0
10.46;0.538430027079178;0.298346373652339;0
10.47;0.541338381970095;0.281644834650032;0
10.48;0.544079466503838;0.264887574077882;0
10.49;0.546652746494006;0.248079710867426;0
10.5;0.54905773897346;0.231226370321124;0
10.51;0.551294012251067;0.21433268256504;0
10.52;0.553361185952979;0.19740378100275;0
10.53;0.555258931048455;0.180444800770914;0
10.54;0.556986969860252;0.163460877196985;0
10.55;0.5585450760596;0.146457144259517;0
10.56;0.559933074645794;0.129438733051515;0
10.57;0.561150841910442;0.112410770247298;0
10.58;0.562198305386386;0.0953783765733183;0
10.59;0.563075443781363;0.0783466652833928;0
10.6;0.563782286896436;0.0613207406387933;0
10.61;0.564318915529241;0.0443056963936473;0
10.62;0.564685461362129;0.027306614286089;0
10.63;0.564882106835235;0.0103285625356073;0
10.64;0.564909085004554;-0.00662340565297237;0
10.65;0.564766679385088;-0.0235442535784341;0
10.66;0.564455223779137;-0.0404289625246111;0
10.67;0.563975102089813;-0.057272533233888;0
10.68;0.563326748119851;-0.0740699873723381;0
10.69;0.562510645355815;-0.0908163689860705;0
10.7;0.561527326737772;-0.107506745948365;0
10.71;0.560377374414552;-0.124136211397177;0
10.72;0.55906141948466;-0.140699885162602;0
10.73;0.557580141722975;-0.15719291518388;0
10.74;0.55593426929332;-0.17361047891554;0
10.75;0.554124578447025;-0.189947784722288;0
10.76;0.552151893207586;-0.206200073262218;0
10.77;0.550017085041555;-0.222362618857977;0
10.78;0.547721072515768;-0.238430730855478;0
10.79;0.545264820941047;-0.254399754969778;0
10.8;0.542649342002498;-0.270265074617742;0
10.81;0.539875693376547;-0.286022112237119;0
10.82;0.536944978334846;-0.301666330591645;0
10.83;0.533858345335195;-0.317193234061822;0
10.84;0.530616987599616;-0.332598369921005;0
10.85;0.52722214267974;-0.34787732959643;0
10.86;0.523675092009647;-0.363025749914846;0
10.87;0.519977160446329;-0.378039314332396;0
10.88;0.516129715797913;-0.392913754148405;0
10.89;0.512134168339833;-0.40764484970274;0
10.9;0.507991970319097;-0.422228431556416;0
10.91;0.503704615446824;-0.436660381655112;0
10.92;0.499273638379226;-0.450936634475291;0
10.93;0.494700614187206;-0.465053178152596;0
10.94;0.489987157814758;-0.479006055592231;0
10.95;0.48513492352634;-0.492791365561008;0
10.96;0.480145604343411;-0.506405263760774;0
10.97;0.475020931470322;-0.51984396388293;0
10.98;0.469762673709743;-0.533103738643751;0
10.99;0.464372636867828;-0.546180920800233;0
11;0.458852663149309;-0.559071904146196;0
11.01;0.45320463054272;-0.571773144488386;0
11.02;0.447430452195947;-0.584281160602297;0
11.03;0.441532075782314;-0.596592535167487;0
11.04;0.435511482857417;-0.608703915682124;0
11.05;0.429370688206888;-0.620612015356531;0
11.06;0.42311173918534;-0.632313613985502;0
11.07;0.416736715046671;-0.643805558799149;0
11.08;0.410247726265964;-0.655084765292086;0
11.09;0.403646913853187;-0.666148218030712;0
11.1;0.39693644865893;-0.676992971438411;0
11.11;0.390118530672377;-0.687616150558457;0
11.12;0.38319538831176;-0.698014951794438;0
11.13;0.376169277707506;-0.708186643628025;0
11.14;0.369042481978313;-0.718128567313886;0
11.15;0.361817310500372;-0.72783813755161;0
11.16;0.354496098169984;-0.73731284313444;0
11.17;0.347081204659787;-0.746550247574701;0
11.18;0.33957501366884;-0.755547989705737;0
11.19;0.331979932166786;-0.764303784260249;0
11.2;0.324298389632348;-0.77281542242488;0
11.21;0.316532837286379;-0.781080772370931;0
11.22;0.308685747319716;-0.789097779761086;0
11.23;0.300759612116073;-0.796864468232044;0
11.24;0.292756943470222;-0.804378939852938;0
11.25;0.28468027180169;-0.811639375559463;0
11.26;0.276532145364233;-0.818644035563613;0
11.27;0.268315129451315;-0.825391259738952;0
11.28;0.260031805597855;-0.831879467981341;0
11.29;0.251684770778467;-0.83810716054506;0
11.3;0.243276636602452;-0.844072918354261;0
11.31;0.234810028505793;-0.849775403289711;0
11.32;0.226287584940388;-0.855213358450763;0
11.33;0.217711956560775;-0.860385608392542;0
11.34;0.209085805408599;-0.8652910593383;0
11.35;0.200411804095068;-0.869928699366927;0
11.36;0.191692634981641;-0.874297598575599;0
11.37;0.182930989359207;-0.878396909217569;0
11.38;0.174129566625996;-0.882225865815085;0
11.39;0.165291073464468;-0.88578378524746;0
11.4;0.156418223017444;-0.889070066814295;0
11.41;0.147513734063704;-0.892084192273898;0
11.42;0.138580330193322;-0.894825725856908;0
11.43;0.12962073898297;-0.897294314255183;0
11.44;0.120637691171447;-0.89948968658598;0
11.45;0.111633919835677;-0.901411654331497;0
11.46;0.102612159567425;-0.903060111253823;0
11.47;0.0935751456509636;-0.904435033285373;0
11.48;0.084525613241961;-0.905536478394875;0
11.49;0.0754662965478047;-0.906364586429008;0
11.5;0.0663999280096267;-0.906919578929751;0
11.51;0.0573292374862601;-0.907201758927574;0
11.52;0.0482569514403737;-0.907211510710545;0
11.53;0.0391857921270234;-0.906949299569483;0
11.54;0.0301184767848587;-0.906415671519262;0
11.55;0.0210577168302237;-0.905611252996405;0
11.56;0.0120062170543885;-0.90453675053308;0
11.57;0.00296667482414537;-0.903192950407653;0
11.58;-0.00605822071399453;-0.901580718271936;0
11.59;-0.0150657894257733;-0.899700998755283;0
11.6;-0.0240533609770953;-0.897554815045689;0
11.61;-0.033018275617645;-0.895143268448062;0
11.62;-0.0419578849599847;-0.892467537919841;0
11.63;-0.0508695527539073;-0.889528879584132;0
11.64;-0.0597506556558204;-0.886328626220544;0
11.65;-0.0685985839929387;-0.882868186733936;0
11.66;-0.0774107425220651;-0.879149045601243;0
11.67;-0.0861845511827424;-0.875172762296603;0
11.68;-0.0949174458445593;-0.870940970695002;0
11.69;-0.103606879048397;-0.866455378454621;0
11.7;-0.112250320741406;-0.861717766378149;0
11.71;-0.120845259005495;-0.856729987753249;0
11.72;-0.129389200779144;-0.851493967672443;0
11.73;-0.137879672572313;-0.846011702332636;0
11.74;-0.146314221174261;-0.840285258314529;0
11.75;-0.154690414354069;-0.834316771842173;0
11.76;-0.163005841553666;-0.82810844802292;0
11.77;-0.171258114573174;-0.821662560068031;0
11.78;-0.179444868248371;-0.814981448494212;0
11.79;-0.187563761120078;-0.808067520306337;0
11.8;-0.195612476095299;-0.80092324816166;0
11.81;-0.203588721099913;-0.79355116951577;0
11.82;-0.211490229722753;-0.785953885750596;0
11.83;-0.219314761850876;-0.778134061284748;0
11.84;-0.227060104295864;-0.770094422666491;0
11.85;-0.234724071410976;-0.761837757649651;0
11.86;-0.242304505698983;-0.753366914252767;0
11.87;-0.249799278410523;-0.744684799801791;0
11.88;-0.257206290132804;-0.735794379956657;0
11.89;-0.264523471368509;-0.726698677722037;0
11.9;-0.271748783104731;-0.717400772442606;0
11.91;-0.2788802173718;-0.707903798783147;0
11.92;-0.285915797791837;-0.698210945693825;0
11.93;-0.292853580116897;-0.688325455360967;0
11.94;-0.299691652756562;-0.67825062214369;0
11.95;-0.306428137294827;-0.667989791496709;0
11.96;-0.313061188996163;-0.657546358879691;0
11.97;-0.319588997300608;-0.646923768653485;0
11.98;-0.326009786307768;-0.636125512963594;0
11.99;-0.332321815249588;-0.625155130611244;0
12;-0.33852337895179;-0.614016205912404;0
12.01;-0.34461280828384;-0.602712367545124;0
12.02;-0.35058847059734;-0.591247287385557;0
12.03;-0.356448770152734;-0.579624679333036;0
12.04;-0.362192148534209;-0.567848298124563;0
12.05;-0.367817085052702;-0.555921938139109;0
12.06;-0.373322097136902;-0.543849432192071;0
12.07;-0.378705740712155;-0.531634650320288;0
12.08;-0.383966610567177;-0.519281498557988;0
12.09;-0.389103340708488;-0.50679391770404;0
12.1;-0.394114604702478;-0.494175882080915;0
12.11;-0.398999116005035;-0.481431398285724;0
12.12;-0.403755628278636;-0.468564503933727;0
12.13;-0.408382935696853;-0.455579266394704;0
12.14;-0.412879873236184;-0.442479781522587;0
12.15;-0.417245316955158;-0.429270172378723;0
12.16;-0.421478184260635;-0.415954587949186;0
12.17;-0.42557743416127;-0.402537201856517;0
12.18;-0.429542067508051;-0.389022211066298;0
12.19;-0.433371127221901;-0.375413834588945;0
12.2;-0.437063698508262;-0.36171631217713;0
12.21;-0.440618909058641;-0.34793390301922;0
12.22;-0.444035929239078;-0.334070884429138;0
12.23;-0.447313972265491;-0.320131550533043;0
12.24;-0.45045229436588;-0.306120210953223;0
12.25;-0.453450194929356;-0.292041189489609;0
12.26;-0.456307016641974;-0.277898822799304;0
12.27;-0.459022145609363;-0.263697459074528;0
12.28;-0.461595011466118;-0.249441456719376;0
12.29;-0.464025087471962;-0.23513518302579;0
12.3;-0.466311890594666;-0.220783012849142;0
12.31;-0.468454981579724;-0.206389327283826;0
12.32;-0.470453965006783;-0.191958512339258;0
12.33;-0.472308489332838;-0.177494957616673;0
12.34;-0.4740182469222;-0.163003054987125;0
12.35;-0.475582974063254;-0.148487197271079;0
12.36;-0.477002450972013;-0.13395177691998;0
12.37;-0.478276501782508;-0.119401184700205;0
12.38;-0.479404994524023;-0.104839808379787;0
12.39;-0.480387841085213;-0.0902720314182786;0
12.4;-0.481224997165138;-0.0757022316601782;0
12.41;-0.481916462211247;-0.0611347800322699;0
12.42;-0.482462279344352;-0.0465740392452833;0
12.43;-0.482862535270644;-0.0320243625002463;0
12.44;-0.483117360180795;-0.0174900921999111;0
12.45;-0.483226927636192;-0.00297555866563179;0
12.46;-0.483191454442374;0.0115149211399303;0
12.47;-0.483011200509718;0.0259770448839027;0
12.48;-0.482686468701447;0.0404065261277274;0
12.49;-0.482217604669019;0.0547990955847485;0
12.5;-0.481604996674978;0.0691505023704973;0
12.51;-0.480849075403332;0.0834565152453125;0
12.52;-0.479950313757545;0.097712923848935;0
12.53;-0.478909226646215;0.111915539926724;0
12.54;-0.477726370756534;0.126060198547136;0
12.55;-0.47640234431561;0.140142759310124;0
12.56;-0.47493778683975;0.154159107546104;0
12.57;-0.473333378871796;0.168105155505147;0
12.58;-0.471589841706613;0.181976843536059;0
12.59;-0.469707937104833;0.195770141255015;0
12.6;-0.467688466994967;0.209481048703402;0
12.61;-0.465532273163976;0.223105597494562;0
12.62;-0.463240236936439;0.236639851949094;0
12.63;-0.460813278842411;0.250079910218405;0
12.64;-0.458252358274105;0.263421905396181;0
12.65;-0.455558473131515;0.276662006617484;0
12.66;-0.452732659457096;0.289796420145144;0
12.67;-0.449775991059652;0.30282139044317;0
12.68;-0.446689579127541;0.315733201236848;0
12.69;-0.443474571831338;0.328528176559261;0
12.7;-0.440132153916104;0.341202681783921;0
12.71;-0.436663546283384;0.353753124643235;0
12.72;-0.433070005563085;0.366175956232528;0
12.73;-0.42935282367539;0.378467671999331;0
12.74;-0.425513327382832;0.390624812717689;0
12.75;-0.421552877832705;0.402643965447192;0
12.76;-0.417472870089948;0.414521764476492;0
12.77;-0.413274732660665;0.426254892251041;0
12.78;-0.408959927006445;0.437840080284798;0
12.79;-0.404529947049631;0.449274110055653;0
12.8;-0.399986318669712;0.460553813884349;0
12.81;-0.395330599191001;0.471676075796641;0
12.82;-0.390564376861769;0.482637832368478;0
12.83;-0.385689270325;0.493436073553981;0
12.84;-0.380706928080952;0.504067843495999;0
12.85;-0.37561902794168;0.514530241319019;0
12.86;-0.370427276477723;0.524820421904244;0
12.87;-0.365133408457114;0.53493559664662;0
12.88;-0.359739186276901;0.544873034193619;0
12.89;-0.354246399387366;0.554630061165591;0
12.9;-0.348656863709123;0.564204062857505;0
12.91;-0.342972421043283;0.573592483921891;0
12.92;-0.337194938474874;0.582792829032814;0
12.93;-0.33132630776971;0.59180266353072;0
12.94;-0.325368444764894;0.600619614047983;0
12.95;-0.319323288753157;0.609241369115006;0
12.96;-0.31319280186122;0.617665679746728;0
12.97;-0.306978968422384;0.625890360009392;0
12.98;-0.300683794343539;0.63391328756743;0
12.99;-0.294309306466794;0.64173240421036;0
13;-0.287857551925928;0.649345716359542;0
13.01;-0.281330597497868;0.65675129555469;0
13.02;-0.274730528949389;0.663947278920039;0
13.03;-0.268059450379249;0.670931869610038;0
13.04;-0.261319483555952;0.677703337234491;0
13.05;-0.254512767251361;0.684260018263043;0
13.06;-0.247641456570353;0.690600316408934;0
13.07;-0.240707722276738;0.696722702991929;0
13.08;-0.233713750115629;0.702625717280368;0
13.09;-0.226661740132499;0.708307966812248;0
13.1;-0.219553905989119;0.713768127695302;0
13.11;-0.212392474276582;0.719004944885995;0
13.12;-0.205179683825642;0.724017232447411;0
13.13;-0.197917785014563;0.72880387378598;0
13.14;-0.190609039074699;0.733363821867008;0
13.15;-0.183255717394013;0.737696099408988;0
13.16;-0.17586010081875;0.741799799056668;0
13.17;-0.16842447895347;0.745674083532862;0
13.18;-0.160951149459669;0.749318185768988;0
13.19;-0.153442417353176;0.752731409014344;0
13.2;-0.145900594300567;0.755913126924109;0
13.21;-0.138327997914784;0.758862783626094;0
13.22;-0.130726951050189;0.76157989376625;0
13.23;-0.123099781097254;0.764064042532965;0
13.24;-0.115448819277107;0.766314885660162;0
13.25;-0.10777639993614;0.768332149409257;0
13.26;-0.10008485984089;0.770115630530001;0
13.27;-0.0923765374734138;0.771665196200259;0
13.28;-0.0846537723273516;0.772980783944781;0
13.29;-0.0769189042049025;0.77406240153303;0
13.3;-0.0691742725149135;0.774910126856123;0
13.31;-0.061422215572293;0.775524107782969;0
13.32;-0.0536650698989565;0.775904561995669;0
13.33;-0.0459051695265115;0.776051776804285;0
13.34;-0.038144845300887;0.775966108941047;0
13.35;-0.0303864241891127;0.775647984334098;0
13.36;-0.0226322285884533;0.775097897860904;0
13.37;-0.0148845756380993;0.774316413081397;0
13.38;-0.00714577653361714;0.773304161951008;0
13.39;0.000581864155641025;0.772061844513678;0
13.4;0.00829604916596752;0.770590228574993;0
13.41;0.0159944892153723;0.768890149355563;0
13.42;0.023674903676101;0.766962509124797;0
13.43;0.0313350212434039;0.7648082768152;0
13.44;0.0389725806003593;0.762428487617354;0
13.45;0.0465853310785618;0.759824242555732;0
13.46;0.0541710333144825;0.75699670804551;0
13.47;0.0617274599013119;0.753947115430538;0
13.48;0.0692523960360993;0.750676760502635;0
13.49;0.0767436401620012;0.747187003002402;0
13.5;0.0841990046054549;0.743479266101718;0
13.51;0.0916163162080967;0.739555035868112;0
13.52;0.0989934169532413;0.735415860711198;0
13.53;0.106328164586747;0.731063350811385;0
13.54;0.113618433232087;0.726499177531036;0
13.55;0.120862113999459;0.721725072808318;0
13.56;0.128057115588746;0.716742828533915;0
13.57;0.135201364886182;0.711554295910861;0
13.58;0.142292807554527;0.706161384797677;0
13.59;0.149329408616611;0.700566063035066;0
13.6;0.156309153032061;0.694770355756377;0
13.61;0.163230046267069;0.688776344682087;0
13.62;0.170090114857031;0.682586167398522;0
13.63;0.176887406961899;0.676202016621086;0
13.64;0.183619992914104;0.669626139442217;0
13.65;0.190285965758883;0.662860836564345;0
13.66;0.196883441786879;0.655908461518091;0
13.67;0.203410561058844;0.648771419865982;0
13.68;0.209865487922328;0.641452168391928;0
13.69;0.216246411520192;0.633953214276745;0
13.7;0.222551546290814;0.626277114259986;0
13.71;0.228779132459862;0.618426473788357;0
13.72;0.234927436523478;0.610403946150991;0
13.73;0.240994751722765;0.602212231601879;0
13.74;0.246979398509446;0.593854076469715;0
13.75;0.252879725002551;0.585332272255475;0
13.76;0.258694107436044;0.576649654717995;0
13.77;0.264420950597234;0.567809102947862;0
13.78;0.270058688255892;0.558813538429897;0
13.79;0.275605783583928;0.549665924094554;0
13.8;0.28106072956554;0.540369263358515;0
13.81;0.286422049397723;0.530926599154804;0
13.82;0.291688296881025;0.521341012952721;0
13.83;0.296858056800468;0.511615623767905;0
13.84;0.30192994529652;0.50175358716285;0
13.85;0.306902610226031;0.491758094238178;0
13.86;0.311774731513043;0.481632370614997;0
13.87;0.316545021489381;0.471379675408654;0
13.88;0.321212225224952;0.46100330019422;0
13.89;0.325775120847652;0.450506567964015;0
13.9;0.330232519852825;0.439892832077513;0
13.91;0.334583267402177;0.429165475203944;0
13.92;0.33882624261209;0.418327908257931;0
13.93;0.342960358831265;0.407383569328486;0
13.94;0.346984563907622;0.396335922601706;0
13.95;0.350897840444398;0.385188457277494;0
13.96;0.354699206045394;0.373944686480642;0
13.97;0.358387713549299;0.362608146166618;0
13.98;0.361962451253061;0.351182394022388;0
13.99;0.36542254312423;0.33967100836261;0
14;0.368767149002261;0.32807758702155;0
14.01;0.371995464788702;0.316405746241039;0
14.02;0.375106722626256;0.304659119554836;0
14.03;0.378100191066667;0.292841356669715;0
14.04;0.380975175227401;0.280956122343633;0
14.05;0.383731016937106;0.269007095261312;0
14.06;0.386367094869805;0.256997966907578;0
14.07;0.388882824667827;0.244932440438803;0
14.08;0.391277659053429;0.232814229552784;0
14.09;0.393551087929128;0.220647057357405;0
14.1;0.395702638466706;0.208434655238425;0
14.11;0.397731875184887;0.196180761726729;0
14.12;0.399638400015695;0.183889121365384;0
14.13;0.401421852359477;0.171563483576839;0
14.14;0.403081909128599;0.159207601530611;0
14.15;0.404618284779826;0.146825231011794;0
14.16;0.406030731335388;0.134420129290724;0
14.17;0.407319038392756;0.121996053994153;0
14.18;0.408483033123126;0.109556761978237;0
14.19;0.409522580258655;0.0971060082037162;0
14.2;0.410437582068454;0.0846475446135723;0
14.21;0.411227978323365;0.0721851190135382;0
14.22;0.411893746249569;0.0597224739557613;0
14.23;0.412434900471034;0.0472633456259645;0
14.24;0.412851492940859;0.0348114627344265;0
14.25;0.413143612861545;0.0223705454111101;0
14.26;0.413311386594237;0.00994430410526072;0
14.27;0.413354977556976;-0.00246356151020177;0
14.28;0.413274586112034;-0.0148493636291777;0
14.29;0.413070449442351;-0.027209427397451;0
14.3;0.412742841417156;-0.0395400919920056;0
14.31;0.412292072446823;-0.0518377116942801;0
14.32;0.411718489327016;-0.0640986569570508;0
14.33;0.411022475072203;-0.0763193154646333;0
14.34;0.410204448738593;-0.0884960931860969;0
14.35;0.409264865236574;-0.100625415421187;0
14.36;0.408204215132733;-0.112703727838657;0
14.37;0.407023024441515;-0.124727497506708;0
14.38;0.405721854406628;-0.136693213915243;0
14.39;0.404301301272253;-0.148597389989646;0
14.4;0.40276199604416;-0.160436563095788;0
14.41;0.401104604240815;-0.172207296035984;0
14.42;0.399329825634567;-0.183906178035616;0
14.43;0.397438393983013;-0.195529825720128;0
14.44;0.395431076750636;-0.207074884082146;0
14.45;0.39330867482082;-0.218538027438414;0
14.46;0.391072022198341;-0.229915960376309;0
14.47;0.388721985702438;-0.241205418689649;0
14.48;0.386259464650581;-0.25240317030354;0
14.49;0.383685390533035;-0.263506016188001;0
14.5;0.381000726678343;-0.274510791260113;0
14.51;0.378206467909838;-0.285414365274442;0
14.52;0.375303640193306;-0.296213643701489;0
14.53;0.372293300275917;-0.306905568593925;0
14.54;0.369176535316551;-0.317487119440369;0
14.55;0.365954462507646;-0.327955314006476;0
14.56;0.362628228688685;-0.338307209163112;0
14.57;0.359199009951471;-0.348539901701375;0
14.58;0.355668011237301;-0.358650529134255;0
14.59;0.352036465926194;-0.368636270484705;0
14.6;0.34830563541829;-0.378494347059917;0
14.61;0.344476808707583;-0.388222023211594;0
14.62;0.340551301948097;-0.397816607082008;0
14.63;0.336530458012685;-0.407275451335649;0
14.64;0.332415646044561;-0.416595953876279;0
14.65;0.32820826100174;-0.425775558549178;0
14.66;0.323909723194513;-0.434811755828426;0
14.67;0.319521477816126;-0.44370208348902;0
14.68;0.3150449944668;-0.452444127263652;0
14.69;0.310481766671258;-0.461035521483994;0
14.7;0.305833311389903;-0.469473949706302;0
14.71;0.301101168523819;-0.477757145321195;0
14.72;0.296286900413739;-0.485882892147445;0
14.73;0.291392091333152;-0.493849025009633;0
14.74;0.286418346975708;-0.501653430299522;0
14.75;0.281367293937073;-0.509294046521002;0
14.76;0.276240579191425;-0.516768864818484;0
14.77;0.271039869562726;-0.524075929488605;0
14.78;0.26576685119096;-0.531213338475118;0
14.79;0.260423228993501;-0.538179243846852;0
14.8;0.255010726121769;-0.544971852258625;0
14.81;0.249531083413361;-0.551589425395004;0
14.82;0.243986058839819;-0.558030280396806;0
14.83;0.238377426950215;-0.564292790270239;0
14.84;0.232706978310717;-0.570375384278597;0
14.85;0.226976518940321;-0.57627654831642;0
14.86;0.221187869742919;-0.58199482526603;0
14.87;0.215342865935882;-0.587528815336375;0
14.88;0.209443356475335;-0.592877176384107;0
14.89;0.2034912034783;-0.598038624216822;0
14.9;0.197488281641888;-0.603011932878417;0
14.91;0.191436477659717;-0.60779593491649;0
14.92;0.185337689635739;-0.612389521631751;0
14.93;0.179193826495651;-0.616791643309384;0
14.94;0.173006807396077;-0.621001309432342;0
14.95;0.166778561131698;-0.625017588876519;0
14.96;0.160511025540508;-0.628839610087788;0
14.97;0.154206146907389;-0.632466561240877;0
14.98;0.147865879366166;-0.63589769038007;0
14.99;0.141492184300357;-0.639132305541716;0
15;0.135087029742755;-0.642169774858546;0
15.01;0.128652389774073;-0.645009526645797;0
15.02;0.12219024392079;-0.647651049469145;0
15.03;0.115702576552413;-0.650093892194464;0
15.04;0.109191376278314;-0.652337664019421;0
15.05;0.102658635344339;-0.654382034486932;0
15.06;0.0961063490293623;-0.656226733480509;0
15.07;0.0895365150419639;-0.657871551201523;0
15.08;0.0829511329174238;-0.659316338128425;0
15.09;0.076352203415199;-0.660561004957974;0
15.1;0.069741727917071;-0.661605522528509;0
15.11;0.063121707826141;-0.662449921725329;0
15.12;0.0564941439668521;-0.66309429336823;0
15.13;0.0498610359862154;-0.663538788081278;0
15.14;0.0432243817564184;-0.66378361614487;0
15.15;0.0365861767789925;-0.663829047330172;0
15.16;0.0299484135907145;-0.663675410716012;0
15.17;0.0233130811714186;-0.663323094488295;0
15.18;0.0166821643538917;-0.662772545722064;0
15.19;0.0100576432360266;-0.662024270146271;0
15.2;0.00344149259540468;-0.661078831891368;0
15.21;-0.00316431869352093;-0.659936853219838;0
15.22;-0.00975782823947016;-0.658599014239748;0
15.23;-0.0163370807114412;-0.657066052601467;0
15.24;-0.022900128412707;-0.655338763177651;0
15.25;-0.0294450318515372;-0.653417997726623;0
15.26;-0.0359698603084793;-0.651304664539284;0
15.27;-0.0424726924000354;-0.64899972806968;0
15.28;-0.0489516166385717;-0.646504208549374;0
15.29;-0.0554047319882992;-0.643819181585756;0
15.3;-0.0618301484171661;-0.640945777744447;0
15.31;-0.0682259874445023;-0.637885182115942;0
15.32;-0.0745903826842615;-0.63463863386666;0
15.33;-0.0809214803837026;-0.63120742577455;0
15.34;-0.0872174399573597;-0.627592903749428;0
15.35;-0.0934764345161461;-0.62379646633821;0
15.36;-0.0996966513914443;-0.619819564215217;0
15.37;-0.105876292654032;-0.615663699657729;0
15.38;-0.112013575627698;-0.611330426006977;0
15.39;-0.118106733397404;-0.606821347114746;0
15.4;-0.124154015311846;-0.602138116775796;0
15.41;-0.13015368748028;-0.597282438146283;0
15.42;-0.136104033263467;-0.592256063148383;0
15.43;-0.142003353758605;-0.587060791861326;0
15.44;-0.14784996827811;-0.581698471899033;0
15.45;-0.153642214822111;-0.576170997774581;0
15.46;-0.159378450544538;-0.570480310251695;0
15.47;-0.16505705221266;-0.5646283956835;0
15.48;-0.17067641665996;-0.558617285338732;0
15.49;-0.17623496123221;-0.552449054715652;0
15.5;-0.181731124226638;-0.546125822843877;0
15.51;-0.187163365324056;-0.539649751574362;0
15.52;-0.192530166013832;-0.533023044857769;0
15.53;-0.197830030011601;-0.52624794801145;0
15.54;-0.203061483669591;-0.519326746975297;0
15.55;-0.208223076379462;-0.512261767556693;0
15.56;-0.21331338096754;-0.505055374664801;0
15.57;-0.218330994082351;-0.497709971534463;0
15.58;-0.223274536574354;-0.490227998939927;0
15.59;-0.228142653867753;-0.482611934398689;0
15.6;-0.232934016324314;-0.47486429136568;0
15.61;-0.23764731959908;-0.466987618418063;0
15.62;-0.242281284987888;-0.458984498430911;0
15.63;-0.246834659766611;-0.450857547744016;0
15.64;-0.251306217522019;-0.442609415320095;0
15.65;-0.25569475847419;-0.434242781894673;0
15.66;-0.259999109790389;-0.425760359117894;0
15.67;-0.264218125890314;-0.417164888688544;0
15.68;-0.268350688742665;-0.408459141480556;0
15.69;-0.272395708152937;-0.399645916662267;0
15.7;-0.276352122042369;-0.39072804080871;0
15.71;-0.280218896718002;-0.381708367007215;0
15.72;-0.283995027133744;-0.372589773956602;0
15.73;-0.287679537142414;-0.363375165060239;0
15.74;-0.291271479738681;-0.354067467513265;0
15.75;-0.294769937292859;-0.344669631384233;0
15.76;-0.298174021775482;-0.335184628691493;0
15.77;-0.301482874972633;-0.325615452474565;0
15.78;-0.304695668691958;-0.315965115860826;0
15.79;-0.307811604959325;-0.306236651127758;0
15.8;-0.310829916206096;-0.296433108761088;0
15.81;-0.313749865446951;-0.286557556509072;0
15.82;-0.316570746448246;-0.276613078433241;0
15.83;-0.319291883886866;-0.266602773955881;0
15.84;-0.32191263349953;-0.256529756904552;0
15.85;-0.324432382222536;-0.246397154553925;0
15.86;-0.326850548321911;-0.236208106665238;0
15.87;-0.32916658151395;-0.225965764523658;0
15.88;-0.33137996307611;-0.21567328997385;0
15.89;-0.333490205948265;-0.205333854454025;0
15.9;-0.335496854824289;-0.194950638028786;0
15.91;-0.337399486233962;-0.18452682842104;0
15.92;-0.339197708615196;-0.174065620043286;0
15.93;-0.340891162376569;-0.163570213028558;0
15.94;-0.342479519950172;-0.153043812261317;0
15.95;-0.34396248583476;-0.142489626408593;0
15.96;-0.345339796629222;-0.131910866951647;0
15.97;-0.346611221056366;-0.121310747218462;0
15.98;-0.34777655997704;-0.110692481417339;0
15.99;-0.348835646394587;-0.100059283671894;0
16;-0.349788345449668;-0.0894143670577302;0
16.01;-0.350634554405445;-0.0787609426410941;0
16.02;-0.351374202623178;-0.0681022185197718;0
16.03;-0.352007251528231;-0.0574413988665331;0
16.04;-0.352533694566524;-0.0467816829753917;0
16.05;-0.35295355715147;-0.0361262643109686;0
16.06;-0.353266896601412;-0.0254783295612362;0
16.07;-0.353473802067609;-0.0148410576939224;0
16.08;-0.353574394452803;-0.00421761901684969;0
16.09;-0.353568826320401;0.00638882575751403;0
16.1;-0.353457281794337;0.016975126443021;0
16.11;-0.353239976449628;0.0275381443060535;0
16.12;-0.352917157193707;0.0380747529867096;0
16.13;-0.352489102138553;0.0485818394146951;0
16.14;-0.351956120463699;0.0590563047196594;0
16.15;-0.351318552270154;0.0694950651357091;0
16.16;-0.350576768425313;0.0798950528998393;0
16.17;-0.349731170398904;0.0902532171440244;0
16.18;-0.348782190090055;0.100566524780711;0
16.19;-0.347730289645522;0.110831961381458;0
16.2;-0.346575961269176;0.121046532048476;0
16.21;-0.345319727022796;0.131207262278811;0
16.22;-0.343962138618266;0.141311198820932;0
16.23;-0.34250377720123;0.151355410523475;0
16.24;-0.340945253126301;0.1613369891759;0
16.25;-0.339287205723902;0.171253050340836;0
16.26;-0.337530303058822;0.18110073417786;0
16.27;-0.335675241680565;0.190877206258487;0
16.28;-0.333722746365603;0.200579658372152;0
16.29;-0.3316735698516;0.210205309322933;0
16.3;-0.329528492563718;0.219751405716822;0
16.31;-0.327288322333087;0.229215222739293;0
16.32;-0.324953894107549;0.238594064922984;0
16.33;-0.32252606965477;0.247885266905246;0
16.34;-0.320005737257822;0.257086194175378;0
16.35;-0.317393811403336;0.266194243811323;0
16.36;-0.314691232462344;0.27520684520563;0
16.37;-0.311898966363905;0.284121460780486;0
16.38;-0.309018004261629;0.29293558669161;0
16.39;-0.306049362193219;0.301646753520833;0
16.4;-0.302994080733137;0.310252526957163;0
16.41;-0.299853224638503;0.318750508466158;0
16.42;-0.29662788248837;0.327138335947427;0
16.43;-0.293319166316463;0.33541368438007;0
16.44;-0.289928211237525;0.343574266455905;0
16.45;-0.286456175067388;0.351617833200295;0
16.46;-0.28290423793689;0.359542174580419;0
16.47;-0.279273601899762;0.367345120100828;0
16.48;-0.275565490534628;0.375024539386114;0
16.49;-0.271781148541225;0.382578342750567;0
16.5;-0.267921841330994;0.390004481754646;0
16.51;-0.26398885461216;0.397300949748129;0
16.52;-0.259983493969449;0.40446578239981;0
16.53;-0.255907084438559;0.411497058213589;0
16.54;-0.25176097007554;0.418392899030849;0
16.55;-0.247546513521209;0.425151470518966;0
16.56;-0.24326509556074;0.431770982645846;0
16.57;-0.238918114678581;0.438249690140373;0
16.58;-0.23450698660882;0.444585892938638;0
16.59;-0.230033143881156;0.450777936615859;0
16.6;-0.225498035362622;0.456824212803868;0
16.61;-0.220903125795191;0.462723159594087;0
16.62;-0.216249895329419;0.468473261925873;0
16.63;-0.211539839054274;0.474073051960158;0
16.64;-0.206774466523293;0.479521109438291;0
16.65;-0.201955301277219;0.484816062026003;0
16.66;-0.197083880363258;0.489956585642409;0
16.67;-0.192161753851131;0.494941404773984;0
16.68;-0.18719048434603;0.499769292773443;0
16.69;-0.182171646498678;0.504439072143453;0
16.7;-0.1771068265126;0.50894961480513;0
16.71;-0.171997621648793;0.513299842351256;0
16.72;-0.16684563972792;0.51748872628418;0
16.73;-0.161652498630205;0.521515288238333;0
16.74;-0.156419825793167;0.525378600187352;0
16.75;-0.151149257707348;0.529077784635744;0
16.76;-0.145842439410206;0.532612014795079;0
16.77;-0.140501023978301;0.535980514744684;0
16.78;-0.135126672017958;0.539182559576801;0
16.79;-0.129721051154537;0.54221747552622;0
16.8;-0.124285835520483;0.545084640084343;0
16.81;-0.118822705242305;0.547783482097699;0
16.82;-0.113333345926636;0.550313481850888;0
16.83;-0.107819448145538;0.552674171133966;0
16.84;-0.102282706921201;0.554865133294277;0
16.85;-0.0967248212101943;0.55688600327274;0
16.86;-0.0911474933874245;0.5587364676246;0
16.87;-0.0855524287299548;0.560416264524689;0
16.88;-0.0799413349008436;0.561925183757185;0
16.89;-0.0743159214331535;0.563263066689931;0
16.9;-0.0686778992142869;0.564429806233331;0
16.91;-0.0630289799708016;0.565425346783866;0
16.92;-0.0573708757538612;0.566249684152275;0
16.93;-0.0517052984254714;0.566902865476444;0
16.94;-0.0460339591456568;0.567384989119067;0
16.95;-0.0403585678607291;0.567696204550117;0
16.96;-0.0346808327927986;0.567836712214206;0
16.97;-0.0290024599306803;0.567806763382892;0
16.98;-0.0233251525223441;0.567606659992002;0
16.99;-0.0176506105690587;0.567236754464049;0
17;-0.0119805303213789;0.56669744951582;0
17.01;-0.00631660377712244;0.565989197951215;0
17.02;-0.000660518181485183;0.565112502439437;0
17.03;0.00498604447056009;0.564067915278606;0
17.04;0.010621407929436;0.562856038144904;0
17.05;0.0162439021835595;0.561477521827356;0
17.06;0.0218518639492243;0.559933065948341;0
17.07;0.0274436371576246;0.558223418669938;0
17.08;0.0330175734388792;0.556349376386239;0
17.09;0.0385720326029155;0.554311783401725;0
17.1;0.0441053831170753;0.552111531595835;0
17.11;0.0496160025803049;0.549749560073847;0
17.12;0.0551022781937924;0.54722685480421;0
17.13;0.060562607227918;0.544544448242448;0
17.14;0.0659953974853832;0.541703418941768;0
17.15;0.0713990677603875;0.538704891150534;0
17.16;0.0767720482937203;0.535550034396719;0
17.17;0.0821127812236399;0.532240063059514;0
17.18;0.0874197210324113;0.528776235928214;0
17.19;0.0926913349883756;0.525159855748561;0
17.2;0.0979261035834277;0.521392268756683;0
17.21;0.103122520965778;0.5174748642008;0
17.22;0.108279095367876;0.513409073850862;0
17.23;0.113394349529377;0.509196371496274;0
17.24;0.118466821115036;0.504838272431903;0
17.25;0.123495063127402;0.50033633293251;0
17.26;0.128477644314214;0.495692149715814;0
17.27;0.13341314957037;0.490907359394351;0
17.28;0.138300180334373;0.485983637916315;0
17.29;0.143137354979123;0.48092269999557;0
17.3;0.14792330919698;0.475726298531022;0
17.31;0.152656696378954;0.47039622401554;0
17.32;0.157336187987953;0.464934303934629;0
17.33;0.161960473925962;0.459342402155039;0
17.34;0.166528262895073;0.453622418303529;0
17.35;0.171038282752249;0.44777628713597;0
17.36;0.175489280857744;0.441805977897008;0
17.37;0.179880024417073;0.43571349367049;0
17.38;0.184209300816451;0.429500870720857;0
17.39;0.188475917951602;0.423170177825725;0
17.4;0.19267870454985;0.416723515599873;0
17.41;0.196816510485427;0.410163015810838;0
17.42;0.200888207087884;0.403490840686358;0
17.43;0.20489268744355;0.39670918221387;0
17.44;0.208828866689944;0.38982026143229;0
17.45;0.212695682303084;0.382826327716304;0
17.46;0.216492094377588;0.375729658053398;0
17.47;0.220217085899527;0.368532556313843;0
17.48;0.223869663011945;0.361237352513889;0
17.49;0.227448855272972;0.35384640207238;0
17.5;0.230953715906488;0.346362085061034;0
17.51;0.234383322045252;0.338786805448621;0
17.52;0.237736774966452;0.331122990339275;0
17.53;0.241013200319607;0.323373089205187;0
17.54;0.244211748346777;0.315539573113904;0
17.55;0.247331594095022;0.307624933950482;0
17.56;0.250371937621054;0.299631683634746;0
17.57;0.25333200418805;0.291562353333877;0
17.58;0.256211044454562;0.283419492670589;0
17.59;0.259008334655497;0.275205668927137;0
17.6;0.261723176775112;0.266923466245392;0
17.61;0.264354898712003;0.258575484823245;0
17.62;0.266902854436028;0.250164340107573;0
17.63;0.269366424137162;0.241692661984026;0
17.64;0.271745014366222;0.233163093963871;0
17.65;0.274038058167454;0.224578292368159;0
17.66;0.276245015202955;0.215940925509446;0
17.67;0.278365371868895;0.207253672871332;0
17.68;0.280398641403525;0.198519224286052;0
17.69;0.282344363986964;0.189740279110394;0
17.7;0.284202106832721;0.180919545400159;0
17.71;0.285971464270976;0.172059739083451;0
17.72;0.287652057823569;0.163163583133012;0
17.73;0.289243536270728;0.154233806737882;0
17.74;0.290745575709497;0.145273144474603;0
17.75;0.292157879603885;0.136284335478253;0
17.76;0.293480178826716;0.127270122613516;0
17.77;0.2947122316932;0.118233251646077;0
17.78;0.295853823986215;0.109176470414562;0
17.79;0.296904768973314;0.100102528003279;0
17.8;0.29786490741546;0.0910141739160163;0
17.81;0.29873410756751;0.0819141572511222;0
17.82;0.299512265170454;0.0728052258781355;0
17.83;0.300199303435427;0.0636901256161928;0
17.84;0.300795173019516;0.0545715994144646;0
17.85;0.30129985199338;0.0454523865348605;0
17.86;0.30171334580071;0.0363352217372432;0
17.87;0.302035687209549;0.0272228344673936;0
17.88;0.302266936255512;0.0181179480479639;0
17.89;0.302407180176922;0.00902327887265629;0
17.9;0.30245653334191;-5.84643961353137e-05;0
17.91;0.302415137167502;-0.00912458162598816;0
17.92;0.302283160030742;-0.0181723820091833;0
17.93;0.302060797171884;-0.0271991848532774;0
17.94;0.301748270589694;-0.0362023203672834;0
17.95;0.301345828928918;-0.0451791304432327;0
17.96;0.300853747359953;-0.0541269694328914;0
17.97;0.30027232745077;-0.063043204919407;0
17.98;0.299601897031149;-0.0719252184836625;0
17.99;0.298842810049274;-0.0807704064651177;0
18;0.297995446420742;-0.0895761807169185;0
18.01;0.297060211870053;-0.0983399693550583;0
18.02;0.296037537764628;-0.107059217501377;0
18.03;0.294927880941437;-0.115731388020183;0
18.04;0.293731723526278;-0.124353962248297;0
18.05;0.292449572745795;-0.132924440718296;0
18.06;0.291081960732288;-0.141440343874763;0
18.07;0.289629444321402;-0.149899212783344;0
18.08;0.288092604842745;-0.158298609832389;0
18.09;0.286472047903539;-0.166636119427013;0
18.1;0.284768403165352;-0.174909348675351;0
18.11;0.282982324114012;-0.183115928066839;0
18.12;0.281114487822769;-0.191253512142308;0
18.13;0.279165594708801;-0.199319780155731;0
18.14;0.277136368283131;-0.207312436727409;0
18.15;0.275027554894059;-0.215229212488447;0
18.16;0.272839923464186;-0.223067864716313;0
18.17;0.270574265221122;-0.230826177961319;0
18.18;0.268231393421977;-0.238501964663859;0
18.19;0.265812143071712;-0.246093065762212;0
18.2;0.263317370635463;-0.25359735129077;0
18.21;0.260747953744921;-0.261012720968507;0
18.22;0.258104790898879;-0.268337104777546;0
18.23;0.25538880115803;-0.275568463531655;0
18.24;0.252600923834131;-0.282704789434522;0
18.25;0.249742118173629;-0.28974410662767;0
18.26;0.246813363035857;-0.296684471727844;0
18.27;0.243815656565901;-0.303523974353753;0
18.28;0.240750015862253;-0.310260737642002;0
18.29;0.237617476639345;-0.316892918752097;0
18.3;0.234419092885092;-0.323418709360384;0
18.31;0.231155936513541;-0.329836336142786;0
18.32;0.227829097012746;-0.336144061246228;0
18.33;0.224439681087975;-0.342340182748606;0
18.34;0.220988812300376;-0.34842303510721;0
18.35;0.217477630701206;-0.354390989595461;0
18.36;0.213907292461751;-0.360242454727863;0
18.37;0.210278969499041;-0.365975876673063;0
18.38;0.206593849097499;-0.371589739654915;0
18.39;0.202853133526626;-0.377082566341442;0
18.4;0.199058039654854;-0.382452918221612;0
18.41;0.195209798559688;-0.387699395969826;0
18.42;0.191309655134254;-0.392820639798033;0
18.43;0.187358867690385;-0.397815329795387;0
18.44;0.183358707558371;-0.402682186255372;0
18.45;0.179310458683483;-0.407419969990307;0
18.46;0.175215417219423;-0.412027482633168;0
18.47;0.1710748911188;-0.416503566926654;0
18.48;0.166890199720783;-0.420847106999432;0
18.49;0.162662673336043;-0.425057028629502;0
18.5;0.158393652829126;-0.429132299494628;0
18.51;0.154084489198372;-0.433071929409772;0
18.52;0.149736543153522;-0.436874970551494;0
18.53;0.145351184691145;-0.440540517669267;0
18.54;0.140929792668002;-0.444067708283664;0
18.55;0.136473754372495;-0.44745572287139;0
18.56;0.131984465094315;-0.450703785037112;0
18.57;0.127463327692446;-0.453811161672069;0
18.58;0.12291175216163;-0.456777163099436;0
18.59;0.118331155197441;-0.459601143206415;0
18.6;0.113722959760102;-0.462282499563044;0
18.61;0.109088594637169;-0.4648206735277;0
18.62;0.104429494005223;-0.467215150339307;0
18.63;0.0997470969906964;-0.469465459196221;0
18.64;0.0950428472299761;-0.471571173321805;0
18.65;0.0903181924289042;-0.473531910016699;0
18.66;0.0855745839218201;-0.47534733069778;0
18.67;0.0808134762302715;-0.477017140923837;0
18.68;0.0760363266215288;-0.478541090407969;0
18.69;0.0712445946670345;-0.47991897301672;0
18.7;0.0664397418009216;-0.481150626755986;0
18.71;0.0616232308787318;-0.482235933743718;0
18.72;0.0567965257364667;-0.483174820169438;0
18.73;0.051961090750102;-0.483967256240623;0
18.74;0.0471183903956975;-0.484613256115983;0
18.75;0.0422698888102336;-0.485112877825681;0
18.76;0.0374170493533028;-0.485466223178533;0
18.77;0.032561334169789;-0.485673437656254;0
18.78;0.0277042037536619;-0.485734710294782;0
18.79;0.0228471165130154;-0.485650273552766;0
18.8;0.0179915283364802;-0.485420403167248;0
18.81;0.0131388921611355;-0.485045417996629;0
18.82;0.00829065754204884;-0.484525679850977;0
18.83;0.00344827022356932;-0.48386159330975;0
18.84;-0.00138682828750017;-0.483053605527014;0
18.85;-0.00621320114672672;-0.482102206024229;0
18.86;-0.0110294165947435;-0.481007926470698;0
18.87;-0.0158340483776952;-0.479771340451755;0
18.88;-0.0206256761653101;-0.478393063224783;0
18.89;-0.0254028859664789;-0.476873751463169;0
18.9;-0.0301642705422179;-0.475214102988274;0
18.91;-0.034908429815899;-0.473414856489539;0
18.92;-0.039633971280628;-0.471476791232811;0
18.93;-0.044339510403653;-0.469400726757017;0
18.94;-0.0490236710276878;-0.46718752255928;0
18.95;-0.0536850857690348;-0.464838077768601;0
18.96;-0.0583223964123935;-0.462353330808223;0
18.97;-0.0629342543022427;-0.459734259046794;0
18.98;-0.0675193207306838;-0.456981878438454;0
18.99;-0.072076267321636;-0.454097243151981;0
19;-0.0766037764112738;-0.451081445189112;0
19.01;-0.0811005414245999;-0.44793561399218;0
19.02;-0.0855652672480466;-0.444660916041208;0
19.03;-0.0899966705980013;-0.441258554440585;0
19.04;-0.0943934803851525;-0.437729768495479;0
19.05;-0.0987544380745541;-0.434075833278126;0
19.06;-0.103078298041308;-0.430298059184141;0
19.07;-0.107363827921764;-0.426397791479004;0
19.08;-0.111609808960143;-0.422376409834872;0
19.09;-0.115815036350486;-0.418235327857878;0
19.1;-0.119978319573828;-0.41397599260606;0
19.11;-0.124098482730517;-0.409599884098103;0
19.12;-0.128174364867577;-0.405108514813037;0
19.13;-0.132204820301025;-0.400503429181067;0
19.14;-0.136188718933061;-0.395786203065702;0
19.15;-0.14012494656404;-0.390958443237346;0
19.16;-0.144012405199138;-0.386021786838537;0
19.17;-0.14785001334964;-0.380977900840997;0
19.18;-0.15163670632876;-0.375828481494668;0
19.19;-0.15537143654191;-0.370575253768931;0
19.2;-0.159053173771355;-0.365219970786162;0
19.21;-0.16268090545517;-0.359764413247835;0
19.22;-0.166253636960412;-0.354210388853335;0
19.23;-0.169770391850469;-0.348559731711684;0
19.24;-0.173230212146474;-0.342814301746356;0
19.25;-0.176632158582752;-0.336975984093377;0
19.26;-0.179975310856212;-0.33104668849291;0
19.27;-0.183258767869625;-0.325028348674496;0
19.28;-0.186481647968733;-0.318922921736175;0
19.29;-0.189643089173112;-0.312732387517659;0
19.3;-0.192742249400754;-0.306458747967771;0
19.31;-0.195778306686285;-0.300104026506339;0
19.32;-0.198750459392785;-0.293670267380755;0
19.33;-0.201657926417155;-0.287159535017396;0
19.34;-0.204499947388961;-0.280573913368106;0
19.35;-0.207275782862738;-0.273915505251954;0
19.36;-0.209984714503679;-0.267186431692466;0
19.37;-0.212626045266681;-0.260388831250537;0
19.38;-0.215199099568707;-0.253524859353235;0
19.39;-0.217703223454405;-0.246596687618701;0
19.4;-0.220137784754974;-0.239606503177356;0
19.41;-0.222502173240215;-0.232556507989628;0
19.42;-0.224795800763749;-0.225448918160401;0
19.43;-0.227018101401371;-0.218285963250405;0
19.44;-0.22916853158249;-0.211069885584755;0
19.45;-0.231246570214657;-0.203802939558855;0
19.46;-0.233251718801137;-0.196487390941874;0
19.47;-0.235183501551498;-0.189125516178007;0
19.48;-0.237041465485217;-0.181719601685744;0
19.49;-0.238825180528257;-0.174271943155348;0
19.5;-0.240534239602618;-0.166784844844762;0
19.51;-0.242168258708846;-0.15926061887416;0
19.52;-0.24372687700147;-0.151701584519351;0
19.53;-0.245209756857377;-0.144110067504255;0
19.54;-0.246616583937108;-0.136488399292659;0
19.55;-0.247947067239068;-0.12883891637947;0
19.56;-0.249200939146643;-0.121163959581685;0
19.57;-0.250377955468235;-0.113465873329272;0
19.58;-0.251477895470196;-0.105747004956197;0
19.59;-0.252500561902683;-0.0980097039917937;0
19.6;-0.253445781018423;-0.090256321452693;0
19.61;-0.254313402584401;-0.0824892091355276;0
19.62;-0.255103299886483;-0.074710718910614;0
19.63;-0.255815369726978;-0.0669232020168286;0
19.64;-0.256449532415156;-0.0591290083578841;0
19.65;-0.257005731750734;-0.0513304858002162;0
19.66;-0.257483935000351;-0.0435299794726876;0
19.67;-0.257884132867049;-0.0357298310683153;0
19.68;-0.258206339452781;-0.0279323781482296;0
19.69;-0.258450592213966;-0.0201399534480662;0
19.7;-0.258616951910125;-0.0123548841869979;0
19.71;-0.258705502545616;-0.00457949137960752;0
19.72;-0.258716351304504;0.00318391084919728;0
19.73;-0.258649628478592;0.0109330159460261;0
19.74;-0.258505487388651;0.0186655256074061;0
19.75;-0.258284104298879;0.0263791504545443;0
19.76;-0.257985678324636;0.0340716107042536;0
19.77;-0.257610431333479;0.0417406368358506;0
19.78;-0.257158607839556;0.0493839702538301;0
19.79;-0.256630474891382;0.0569993639461259;0
19.8;-0.256026321953066;0.0645845831377685;0
19.81;-0.255346460779013;0.0721374059397505;0
19.82;-0.254591225282162;0.0796556239929145;0
19.83;-0.253760971395809;0.0871370431066786;0
19.84;-0.25285607692907;0.0945794838924171;0
19.85;-0.251876941416026;0.101980782391315;0
19.86;-0.250823985958624;0.109338790696519;0
19.87;-0.249697653063379;0.116651377569408;0
19.88;-0.248498406471939;0.123916429049803;0
19.89;-0.247226730985581;0.131131849059959;0
19.9;-0.245883132283687;0.138295560002149;0
19.91;-0.244468136736282;0.145405503349682;0
19.92;-0.242982291210689;0.152459640231198;0
19.93;-0.24142616287237;0.159455952008053;0
19.94;-0.239800338980029;0.166392440844658;0
19.95;-0.238105426675037;0.173267130271596;0
19.96;-0.236342052765267;0.18007806574137;0
19.97;-0.234510863503403;0.186823315176619;0
19.98;-0.232612524359792;0.193500969510663;0
19.99;-0.230647719789944;0.200109143220216;0
20;-0.228617152996722;0.206645974850131;0
