0;0.12202051825213;0.134219410698642;0
0.01;0.123345142730761;0.130309006694654;0
0.02;0.124630516617915;0.126366261890836;0
0.03;0.125876322068079;0.12239241374943;0
0.04;0.127082253643064;0.118388706929441;0
0.05;0.12824801838224;0.114356392901169;0
0.06;0.12937333586891;0.11029672955936;0
0.07;0.130457938292809;0.106210980835101;0
0.08;0.131501570508717;0.102100416306563;0
0.09;0.132503990091172;0.0979663108087317;0
0.1;0.133464967385283;0.0938099440422254;0
0.11;0.134384285553617;0.0896326001813282;0
0.12;0.135261740619174;0.0854355674813575;0
0.13;0.136097141504429;0.0812201378854818;0
0.14;0.136890310066435;0.0769876066311089;0
0.15;0.137641081127996;0.0727392718559633;0
0.16;0.138349302504898;0.0684764342039712;0
0.17;0.139014835029195;0.0642003964310713;0
0.18;0.139637552568553;0.0599124630110703;0
0.19;0.140217342041663;0.0556139397416606;0
0.2;0.140754103429701;0.0513061333507189;0
0.21;0.141247749783861;0.0469903511030014;0
0.22;0.141698207228959;0.0426679004073555;0
0.23;0.142105414963105;0.0383400884245622;0
0.24;0.142469325253464;0.0340082216759272;0
0.25;0.142789903428096;0.0296736056527371;0
0.26;0.143067127863912;0.0253375444266941;0
0.27;0.14330098997072;0.0210013402614473;0
0.28;0.143491494171407;0.0166662932253328;0
0.29;0.143638657878245;0.0123337008054375;0
0.3;0.143742511465345;0.00800485752309979;0
0.31;0.143803098237282;0.00368105455096104;0
0.32;0.143820474393883;-0.000636420668322248;0
0.33;0.143794708991223;-0.00494628480159201;0
0.34;0.143725883898825;-0.00924725900281838;0
0.35;0.143614093753101;-0.0135380692887353;0
0.36;0.143459445907039;-0.0178174469123728;0
0.37;0.143262060376167;-0.022084128734378;0
0.38;0.143022069780818;-0.0263368575920164;0
0.39;0.142739619284705;-0.0305743826657479;0
0.4;0.142414866529856;-0.0347954598432715;0
0.41;0.14204798156791;-0.0389988520809329;0
0.42;0.141639146787814;-0.0431833297623932;0
0.43;0.141188556839947;-0.0473476710544538;0
0.44;0.140696418556695;-0.0514906622599373;0
0.45;0.140162950869522;-0.0556110981675229;0
0.46;0.139588384722538;-0.0597077823984364;0
0.47;0.138972962982634;-0.0637795277498973;0
0.48;0.138316940346186;-0.0678251565352249;0
0.49;0.137620583242373;-0.0718435009205068;0
0.5;0.136884169733152;-0.0758334032577362;0
0.51;0.13610798940991;-0.0797937164143225;0
0.52;0.135292343286842;-0.0837233040988838;0
0.53;0.134437543691087;-0.0876210411832299;0
0.54;0.133543914149661;-0.0914858140204454;0
0.55;0.132611789273225;-0.0953165207589843;0
0.56;0.131641514636739;-0.0991120716526896;0
0.57;0.130633446657022;-0.10287138936665;0
0.58;0.129587952467283;-0.106593409278814;0
0.59;0.128505409788647;-0.110277079777269;0
0.6;0.127386206798737;-0.113921362553114;0
0.61;0.126230741997337;-0.117525232888842;0
0.62;0.125039424069204;-0.12108767994215;0
0.63;0.123812671744046;-0.124607707025099;0
0.64;0.122550913653751;-0.12808433187856;0
0.65;0.121254588186873;-0.131516586941857;0
0.66;0.119924143340453;-0.134903519617538;0
0.67;0.118560036569218;-0.138244192531214;0
0.68;0.117162734632195;-0.14153768378638;0
0.69;0.115732713436806;-0.144783087214166;0
0.7;0.114270457880486;-0.147979512617933;0
0.71;0.112776461689881;-0.151126086012676;0
0.72;0.11125122725767;-0.154221949859141;0
0.73;0.109695265477076;-0.15726626329262;0
0.74;0.108109095574111;-0.160258202346351;0
0.75;0.106493244937612;-0.163196960169468;0
0.76;0.104848248947116;-0.166081747239444;0
0.77;0.103174650798649;-0.168911791568982;0
0.78;0.101473001328458;-0.171686338907286;0
0.79;0.0997438588347635;-0.174404652935672;0
0.8;0.0979877888975759;-0.177066015457469;0
0.81;0.0962053641966459;-0.179669726582161;0
0.82;0.0943971643275934;-0.182215104903721;0
0.83;0.0925637756162822;-0.184701487673105;0
0.84;0.0907057909314952;-0.18712823096485;0
0.85;0.0888238094959708;-0.189494709837747;0
0.86;0.0869184366958596;-0.191800318489545;0
0.87;0.0849902838886605;-0.194044470405657;0
0.88;0.0830399682096966;-0.196226598501817;0
0.89;0.081068112377193;-0.198346155260683;0
0.9;0.0790753444960149;-0.200402612862327;0
0.91;0.0770622978601289;-0.202395463308605;0
0.92;0.0750296107538479;-0.204324218541365;0
0.93;0.0729779262519223;-0.206188410554476;0
0.94;0.0709078920185379;-0.207987591499658;0
0.95;0.0688201601052848;-0.209721333786086;0
0.96;0.0667153867481568;-0.211389230173743;0
0.97;0.0645942321636466;-0.212990893860523;0
0.98;0.0624573603439979;-0.214525958563052;0
0.99;0.0603054388516772;-0.215994078591219;0
1;0.0581391386131291;-0.217394928916408;0
1.01;0.0559591337118776;-0.21872820523342;0
1.02;0.0537661011810361;-0.219993624016073;0
1.03;0.0515607207952909;-0.221190922566479;0
1.04;0.049343674862419;-0.222319859057996;0
1.05;0.0471156480144063;-0.223380212571847;0
1.06;0.0448773269982272;-0.224371783127406;0
1.07;0.0426294004663497;-0.225294391706162;0
1.08;0.0403725587670304;-0.226147880269353;0
1.09;0.0381074937344601;-0.226932111769282;0
1.1;0.0358348984788259;-0.227646970154324;0
1.11;0.033555467176351;-0.228292360367627;0
1.12;0.031269894859376;-0.228868208339522;0
1.13;0.0289788772065442;-0.229374460973659;0
1.14;0.0266831103331539;-0.229811086126874;0
1.15;0.0243832905817399;-0.230178072582814;0
1.16;0.0220801143129473;-0.230475430019335;0
1.17;0.0197742776967588;-0.230703188969687;0
1.18;0.017466476504138;-0.230861400777519;0
1.19;0.0151574058991508;-0.230950137545724;0
1.2;0.0128477602316255;-0.230969492079145;0
1.21;0.0105382328304138;-0.230919577821176;0
1.22;0.00822951579731269;-0.230800528784287;0
1.23;0.00592229980170872;-0.2306124994745;0
1.24;0.00361727387600443;-0.230355664809851;0
1.25;0.00131512521188709;-0.230030220032878;0
1.26;-0.000983461042500656;-0.229636380617161;0
1.27;-0.00327780198442894;-0.229174382167963;0
1.28;-0.0055672171574288;-0.228644480317004;0
1.29;-0.00785102875106181;-0.228046950611415;0
1.3;-0.0101285617995533;-0.227382088396912;0
1.31;-0.0123991443792311;-0.226650208695232;0
1.32;-0.014662107804714;-0.225851646075892;0
1.33;-0.0169167868237907;-0.224986754522297;0
1.34;-0.0191625198109366;-0.224055907292263;0
1.35;-0.0213986489594092;-0.223059496773009;0
1.36;-0.0236245204718698;-0.221997934330651;0
1.37;-0.0258394847494749;-0.220871650154275;0
1.38;-0.0280428965793849;-0.219681093094633;0
1.39;-0.0302341153206349;-0.218426730497522;0
1.4;-0.0324125050883161;-0.217109048031905;0
1.41;-0.0345774349360151;-0.215728549512836;0
1.42;-0.0367282790364589;-0.214285756719246;0
1.43;-0.038864416860315;-0.212781209206664;0
1.44;-0.0409852333530963;-0.211215464114927;0
1.45;-0.0430901191101207;-0.209589095970948;0
1.46;-0.0451784705494762;-0.207902696486614;0
1.47;-0.0472496900829439;-0.206156874351878;0
1.48;-0.0493031862848295;-0.204352255023119;0
1.49;-0.0513383740586588;-0.202489480506841;0
1.5;-0.053354674801688;-0.200569209138775;0
1.51;-0.0553515165671857;-0.198592115358478;0
1.52;-0.0573283342244404;-0.19655888947948;0
1.53;-0.05931283974838;-0.202545189078525;-1.01000856754422
1.54;-0.0613740496288353;-0.210477547919385;-1.01000856754422
1.55;-0.0635142396760097;-0.218333180806194;-1.01000856754422
1.56;-0.0657326326047031;-0.226109864797159;-1.01000856754422
1.57;-0.0680284290234775;-0.233805404436749;-1.01000856754422
1.58;-0.0704008077122766;-0.241417632366565;-1.01000856754422
1.59;-0.0728489259061115;-0.248944409926738;-1.01000856754422
1.6;-0.0753719195847166;-0.256383627747693;-1.01000856754422
1.61;-0.0779689037680796;-0.263733206332115;-1.01000856754422
1.62;-0.0806389728177468;-0.270991096626956;-1.01000856754422
1.63;-0.0833812007438022;-0.278155280585342;-1.01000856754422
1.64;-0.0861946415174203;-0.285223771718209;-1.01000856754422
1.65;-0.0890783293888888;-0.29219461563554;-1.01000856754422
1.66;-0.0920312792109952;-0.299065890577044;-1.01000856754422
1.67;-0.0950524867676735;-0.305835707932146;-1.01000856754422
1.68;-0.0981409291078014;-0.312502212749143;-1.01000856754422
1.69;-0.10129556488404;-0.319063584233397;-1.01000856754422
1.7;-0.104515334696604;-0.325518036234435;-1.01000856754422
1.71;-0.107799161441859;-0.331863817721819;-1.01000856754422
1.72;-0.111145950665614;-0.338099213249682;-1.01000856754422
1.73;-0.114554590921024;-0.344222543409789;-1.01000856754422
1.74;-0.118023954130954;-0.350232165273022;-1.01000856754422
1.75;-0.121552895954721;-0.356126472819169;-1.01000856754422
1.76;-0.125140256159071;-0.361903897354912;-1.01000856754422
1.77;-0.128784858993283;-0.367562907919905;-1.01000856754422
1.78;-0.132485513568287;-0.373102011680848;-1.01000856754422
1.79;-0.136241014239657;-0.378519754313448;-1.01000856754422
1.8;-0.140050140994382;-0.383814720372186;-1.01000856754422
1.81;-0.143911659841267;-0.388985533647792;-1.01000856754422
1.82;-0.147824323204861;-0.394030857512343;-1.01000856754422
1.83;-0.151786870322778;-0.398949395251903;-1.01000856754422
1.84;-0.155798027646287;-0.403739890386631;-1.01000856754422
1.85;-0.159856509244048;-0.408401126978271;-1.01000856754422
1.86;-0.163961017208861;-0.412931929924969;-1.01000856754422
1.87;-0.168110242067318;-0.417331165243334;-1.01000856754422
1.88;-0.172302863192202;-0.421597740337692;-1.01000856754422
1.89;-0.176537549217531;-0.425730604256477;-1.01000856754422
1.9;-0.180812958456108;-0.429728747935685;-1.01000856754422
1.91;-0.185127739319441;-0.433591204429364;-1.01000856754422
1.92;-0.189480530739915;-0.437317049127082;-1.01000856754422
1.93;-0.193869962595077;-0.440905399958322;-1.01000856754422
1.94;-0.198294656133906;-0.444355417583784;-1.01000856754422
1.95;-0.202753224404939;-0.447666305573545;-1.01000856754422
1.96;-0.207244272686119;-0.450837310572046;-1.01000856754422
1.97;-0.211766398916229;-0.453867722449893;-1.01000856754422
1.98;-0.216318194127793;-0.456756874442432;-1.01000856754422
1.99;-0.220898242881295;-0.459504143275087;-1.01000856754422
2;-0.225505123700595;-0.462108949275453;-1.01000856754422
2.01;-0.230137409509409;-0.464570756472114;-1.01000856754422
2.02;-0.234793668068711;-0.466889072680207;-1.01000856754422
2.03;-0.239472462414939;-0.469063449573697;-1.01000856754422
2.04;-0.244172351298857;-0.471093482744395;-1.01000856754422
2.05;-0.248891889624951;-0.472978811747698;-1.01000856754422
2.06;-0.253629628891223;-0.474719120135081;-1.01000856754422
2.07;-0.258384117629245;-0.476314135473341;-1.01000856754422
2.08;-0.263153901844358;-0.477763629350611;-1.01000856754422
2.09;-0.267937525455855;-0.479067417369172;-1.01000856754422
2.1;-0.27273353073705;-0.480225359125084;-1.01000856754422
2.11;-0.277540458755069;-0.481237358174662;-1.01000856754422
2.12;-0.282356849810258;-0.482103361987831;-1.01000856754422
2.13;-0.287181243875058;-0.482823361888403;-1.01000856754422
2.14;-0.292012181032229;-0.483397392981302;-1.01000856754422
2.15;-0.296848201912286;-0.483825534066803;-1.01000856754422
2.16;-0.301687848130018;-0.484107907541807;-1.01000856754422
2.17;-0.306529662719963;-0.484244679288225;-1.01000856754422
2.18;-0.311372190570708;-0.484236058548516;-1.01000856754422
2.19;-0.316213978857889;-0.484082297788445;-1.01000856754422
2.2;-0.321053577475757;-0.483783692547114;-1.01000856754422
2.21;-0.325889539467193;-0.483340581274343;-1.01000856754422
2.22;-0.330720421452036;-0.482753345155467;-1.01000856754422
2.23;-0.335544784053603;-0.482022407923623;-1.01000856754422
2.24;-0.340361192323275;-0.481148235659607;-1.01000856754422
2.25;-0.345168216163034;-0.48013133657938;-1.01000856754422
2.26;-0.349964430745805;-0.478972260809307;-1.01000856754422
2.27;-0.354748416933508;-0.477671600149219;-1.01000856754422
2.28;-0.359518761692685;-0.476229987823399;-1.01000856754422
2.29;-0.364274058507573;-0.474648098219563;-1.01000856754422
2.3;-0.369012907790525;-0.472926646615965;-1.01000856754422
2.31;-0.373733917289643;-0.471066388896703;-1.01000856754422
2.32;-0.378435702493511;-0.46906812125535;-1.01000856754422
2.33;-0.383116887032915;-0.466932679887008;-1.01000856754422
2.34;-0.38777610307943;-0.464660940668898;-1.01000856754422
2.35;-0.392411991740761;-0.462253818829608;-1.01000856754422
2.36;-0.397023203452727;-0.45971226860711;-1.01000856754422
2.37;-0.40160839836778;-0.457037282895675;-1.01000856754422
2.38;-0.40616624673993;-0.454229892881805;-1.01000856754422
2.39;-0.410695429305996;-0.45129116766931;-1.01000856754422
2.4;-0.415194637663049;-0.448222213893667;-1.01000856754422
2.41;-0.419662574641957;-0.445024175325792;-1.01000856754422
2.42;-0.424097954676914;-0.441698232465355;-1.01000856754422
2.43;-0.428499504170865;-0.438245602123792;-1.01000856754422
2.44;-0.432865961856705;-0.434667536997142;-1.01000856754422
2.45;-0.437196079154166;-0.430965325228867;-1.01000856754422
2.46;-0.441488620522291;-0.427140289962794;-1.01000856754422
2.47;-0.445742363807389;-0.423193788886334;-1.01000856754422
2.48;-0.449956100586377;-0.419127213764134;-1.01000856754422
2.49;-0.454128636505423;-0.414941989962311;-1.01000856754422
2.5;-0.458258791613784;-0.410639575963435;-1.01000856754422
2.51;-0.462345400692754;-0.406221462872418;-1.01000856754422
2.52;-0.466387313579631;-0.401689173913472;-1.01000856754422
2.53;-0.470383395486618;-0.397044263918302;-1.01000856754422
2.54;-0.474332527314555;-0.39228831880571;-1.01000856754422
2.55;-0.478233605961425;-0.38742295505277;-1.01000856754422
2.56;-0.482085544625524;-0.382449819157747;-1.01000856754422
2.57;-0.485887273103224;-0.377370587094954;-1.01000856754422
2.58;-0.489637738081253;-0.372186963761695;-1.01000856754422
2.59;-0.49333590342341;-0.366900682417499;-1.01000856754422
2.6;-0.496980750451632;-0.361513504115807;-1.01000856754422
2.61;-0.50057127822135;-0.356027217128317;-1.01000856754422
2.62;-0.504106503791058;-0.350443636362143;-1.01000856754422
2.63;-0.507585462486013;-0.344764602770008;-1.01000856754422
2.64;-0.511007208156015;-0.338991982753629;-1.01000856754422
2.65;-0.514370813427189;-0.333127667560508;-1.01000856754422
2.66;-0.517675369947702;-0.327173572674309;-1.01000856754422
2.67;-0.520919988627359;-0.321131637199019;-1.01000856754422
2.68;-0.524103799871016;-0.315003823237081;-1.01000856754422
2.69;-0.527225953805739;-0.308792115261713;-1.01000856754422
2.7;-0.530285620501672;-0.302498519483588;-1.01000856754422
2.71;-0.533281990186538;-0.296125063212094;-1.01000856754422
2.72;-0.536214273453734;-0.289673794211365;-1.01000856754422
2.73;-0.539081701463961;-0.283146780051289;-1.01000856754422
2.74;-0.541883526140344;-0.276546107453687;-1.01000856754422
2.75;-0.544619020356992;-0.269873881633889;-1.01000856754422
2.76;-0.547287478120955;-0.26313222563788;-1.01000856754422
2.77;-0.549888214747531;-0.256323279675258;-1.01000856754422
2.78;-0.552420567028884;-0.24944920044818;-1.01000856754422
2.79;-0.554883893395938;-0.242512160476524;-1.01000856754422
2.8;-0.557277574073506;-0.235514347419468;-1.01000856754422
2.81;-0.559601011228613;-0.228457963393699;-1.01000856754422
2.82;-0.561853629111994;-0.221345224288453;-1.01000856754422
2.83;-0.564034874192726;-0.214178359077613;-1.01000856754422
2.84;-0.56614421528597;-0.206959609129059;-1.01000856754422
2.85;-0.568181143673792;-0.199691227511497;-1.01000856754422
2.86;-0.570145173219041;-0.192375478298965;-1.01000856754422
2.87;-0.572035840472271;-0.185014635873239;-1.01000856754422
2.88;-0.573852704771668;-0.17761098422435;-1.01000856754422
2.89;-0.575595348335978;-0.170166816249418;-1.01000856754422
2.9;-0.577263376350419;-0.162684433050025;-1.01000856754422
2.91;-0.578856417045559;-0.155166143228334;-1.01000856754422
2.92;-0.580374121769149;-0.147614262182172;-1.01000856754422
2.93;-0.581816165050908;-0.140031111399282;-1.01000856754422
2.94;-0.583182244660238;-0.132419017750973;-1.01000856754422
2.95;-0.584472081656886;-0.124780312785354;-1.01000856754422
2.96;-0.585685420434525;-0.117117332020399;-1.01000856754422
2.97;-0.586822028757276;-0.109432414237024;-1.01000856754422
2.98;-0.587881697789154;-0.101727900772403;-1.01000856754422
2.99;-0.588864242116455;-0.0940061348137378;-1.01000856754422
3;-0.589769499763077;-0.0862694606926832;-1.01000856754422
3.01;-0.590597332198794;-0.0785202231806399;-1.01000856754422
3.02;-0.59134762434049;-0.0707607667851304;-1.01000856754422
3.03;-0.59202028454635;-0.0629934350474616;-1.01000856754422
3.04;-0.592615244603053;-0.055220569841884;-1.01000856754422
3.05;-0.593132459705944;-0.0474445106764561;-1.01000856754422
3.06;-0.593571908432242;-0.0396675939958183;-1.01000856754422
3.07;-0.593933592707267;-0.0318921524860844;-1.01000856754422
3.08;-0.594217537763743;-0.0241205143820544;-1.01000856754422
3.09;-0.594423792094174;-0.0163550027769516;-1.01000856754422
3.1;-0.594552427396327;-0.00859793493488806;-1.01000856754422
3.11;-0.594603538511867;-0.000851621606258469;-1.01000856754422
3.12;-0.59457724335814;0.00688163365373643;-1.01000856754422
3.13;-0.594473682853179;0.0145995351632386;-1.01000856754422
3.14;-0.594293020833917;0.0222997957883558;-1.01000856754422
3.15;-0.5940354439677;0.0299801376140626;-1.01000856754422
3.16;-0.593701161657081;0.0376382926111853;-1.01000856754422
3.17;-0.593290405937984;0.0452720032992771;-1.01000856754422
3.18;-0.592803431371244;0.0528790234051913;-1.01000856754422
3.19;-0.592240514927591;0.0604571185171642;-1.01000856754422
3.2;-0.591601955866107;0.068004066734217;-1.01000856754422
3.21;-0.590888075606213;0.0755176593106924;-1.01000856754422
3.22;-0.590099217593238;0.0829957012957398;-1.01000856754422
3.23;-0.589235747157609;0.0904360121675658;-1.01000856754422
3.24;-0.588298051367724;0.0978364264622696;-1.01000856754422
3.25;-0.587286538876572;0.105194794397084;-1.01000856754422
3.26;-0.586201639762128;0.112508982487846;-1.01000856754422
3.27;-0.585043805361619;0.119776874160517;-1.01000856754422
3.28;-0.583813508099687;0.126996370356585;-1.01000856754422
3.29;-0.582511241310535;0.134165390132179;-1.01000856754422
3.3;-0.581137519054108;0.141281871250718;-1.01000856754422
3.31;-0.57969287592638;0.148343770768938;-1.01000856754422
3.32;-0.578177866863804;0.155349065616124;-1.01000856754422
3.33;-0.576593066942007;0.162295753166396;-1.01000856754422
3.34;-0.574939071168795;0.169181851803878;-1.01000856754422
3.35;-0.573216494271532;0.176005401480596;-1.01000856754422
3.36;-0.571425970478983;0.182764464266959;-1.01000856754422
3.37;-0.569568153297677;0.189457124894659;-1.01000856754422
3.38;-0.567643715282878;0.196081491291841;-1.01000856754422
3.39;-0.565653347804246;0.202635695110411;-1.01000856754422
3.4;-0.563597760806253;0.209117892245313;-1.01000856754422
3.41;-0.561477682563445;0.21552626334566;-1.01000856754422
3.42;-0.559293859430632;0.221859014317553;-1.01000856754422
3.43;-0.557047055588087;0.228114376818474;-1.01000856754422
3.44;-0.554738052781837;0.234290608743107;-1.01000856754422
3.45;-0.552367650059139;0.24038599470046;-1.01000856754422
3.46;-0.549936663499219;0.246398846482156;-1.01000856754422
3.47;-0.547445925939375;0.252327503521776;-1.01000856754422
3.48;-0.54489628669652;0.25817033334512;-1.01000856754422
3.49;-0.542252266200719;0.273009194275345;0
3.5;-0.539451252544799;0.288749160890989;0
3.51;-0.536493346735158;0.30437552011976;0
3.52;-0.533379705080814;0.319883783050144;0
3.53;-0.530111528586924;0.335269503886184;0
3.54;-0.526690062517953;0.350528281206052;0
3.55;-0.523116595948327;0.365655759205163;0
3.56;-0.519392461300723;0.380647628923465;0
3.57;-0.515519033872159;0.395499629456589;0
3.58;-0.51149773134805;0.410207549150506;0
3.59;-0.507330013304389;0.42476722677937;0
3.6;-0.503017380698228;0.439174552706221;0
3.61;-0.498561375346631;0.453425470026226;0
3.62;-0.493963579394269;0.467515975692148;0
3.63;-0.489225614769853;0.481442121621743;0
3.64;-0.484349142631561;0.495200015786767;0
3.65;-0.479335862801671;0.508785823283319;0
3.66;-0.474187513190569;0.522195767383209;0
3.67;-0.468905869210328;0.535426130566096;0
3.68;-0.463492743178065;0.548473255532088;0
3.69;-0.457949983709241;0.561333546194558;0
3.7;-0.452279475101146;0.574003468652907;0
3.71;-0.446483136706726;0.586479552145007;0
3.72;-0.440562922298993;0.598758389979085;0
3.73;-0.434520819426206;0.6108366404448;0
3.74;-0.428358848758027;0.622711027703271;0
3.75;-0.422079063422887;0.634378342655839;0
3.76;-0.415683548336749;0.645835443791315;0
3.77;-0.4091744195235;0.657079258011529;0
3.78;-0.40255382342719;0.668106781434937;0
3.79;-0.395823936216327;0.678915080178111;0
3.8;-0.388986963080464;0.689501291114894;0
3.81;-0.38204513751929;0.699862622613045;0
3.82;-0.37500072062446;0.709996355248187;0
3.83;-0.36785600035439;0.719899842494878;0
3.84;-0.360613290802241;0.729570511394651;0
3.85;-0.353274931457325;0.73900586320084;0
3.86;-0.345843286460177;0.74820347400007;0
3.87;-0.338320743851507;0.757160995310227;0
3.88;-0.330709714815285;0.765876154654807;0
3.89;-0.323012632916189;0.77434675611348;0
3.9;-0.315231953331649;0.782570680848769;0
3.91;-0.307370152078744;0.790545887608711;0
3.92;-0.299429725236166;0.798270413205405;0
3.93;-0.291413188161519;0.805742372969323;0
3.94;-0.28332307470418;0.812959961179323;0
3.95;-0.275161936413967;0.819921451468238;0
3.96;-0.266932341745869;0.826625197203995;0
3.97;-0.258636875261065;0.833069631846166;0
3.98;-0.250278136824496;0.839253269277913;0
3.99;-0.241858740799228;0.845174704113234;0
4;-0.233381315237846;0.850832611979505;0
4.01;-0.224848501071148;0.856225749775228;0
4.02;-0.216262951294357;0.861352955902994;0
4.03;-0.207627330151129;0.8662131504776;0
4.04;-0.198944312315581;0.870805335509323;0
4.05;-0.190216582072607;0.875128595062323;0
4.06;-0.181446832496715;0.879182095388187;0
4.07;-0.172637764629645;0.882965085034594;0
4.08;-0.163792086657008;0.886476894929136;0
4.09;-0.154912513084205;0.88971693843829;0
4.1;-0.146001763911858;0.892684711401592;0
4.11;-0.137062563811023;0.895379792141008;0
4.12;-0.128097641298411;0.897801841445587;0
4.13;-0.119109727911877;0.899950602531405;0
4.14;-0.110101557386422;0.901825900976871;0
4.15;-0.101075864830949;0.903427644633466;0
4.16;-0.0920353859060266;0.904755823511955;0
4.17;-0.0829828560028971;0.905810509644188;0
4.18;-0.0739210094239761;0.90659185692053;0
4.19;-0.0648525785650888;0.907100100903049;0
4.2;-0.0557802930996829;0.907335558614538;0
4.21;-0.0467068791652582;0.907298628303477;0
4.22;-0.0376350585522566;0.906989789185053;0
4.23;-0.028567547895647;0.906409601158359;0
4.24;-0.0195070578694468;0.905558704499886;0
4.25;-0.0104562923844132;0.904437819533455;0
4.26;-0.001417947789142;0.903047746276711;0
4.27;0.00760528792519477;0.901389364064351;0
4.28;0.0166107359162385;0.899463631148206;0
4.29;0.0255957272777314;0.897271584274368;0
4.3;0.0345576038224723;0.894814338237504;0
4.31;0.0434937188607134;0.892093085412552;0
4.32;0.0524014379737732;0.889109095263951;0
4.33;0.0612781397826413;0.885863713832622;0
4.34;0.070121216711353;0.882358363200862;0
4.35;0.0789280757449148;0.878594540935373;0
4.36;0.0876961391815628;0.874573819508621;0
4.37;0.0964228453791368;0.870297845698725;0
4.38;0.105105649495358;0.865768339968119;0
4.39;0.113742024221801;0.86098709582118;0
4.4;0.122329460511342;0.855955979141077;0
4.41;0.130865468298892;0.850676927506053;0
4.42;0.139347577215189;0.845151949485398;0
4.43;0.147773337293476;0.83938312391535;0
4.44;0.15614031966883;0.833372599155172;0
4.45;0.164446117269977;0.827122592323677;0
4.46;0.172688345503383;0.820635388516446;0
4.47;0.180864642929423;0.813913340004016;0
4.48;0.188972671930458;0.806958865411314;0
4.49;0.197010119370618;0.799774448878602;0
4.5;0.20497469724711;0.792362639204237;0
4.51;0.212864143332879;0.784726048969513;0
4.52;0.220676221810431;0.77686735364589;0
4.53;0.228408723896655;0.768789290684908;0
4.54;0.236059468458465;0.760494658591079;0
4.55;0.2436263026191;0.751986315978085;0
4.56;0.251107102354901;0.743267180608563;0
4.57;0.258499773082426;0.734340228417819;0
4.58;0.265802250235724;0.725208492521783;0
4.59;0.27301249983362;0.715875062209527;0
4.6;0.280128519036856;0.706343081920668;0
4.61;0.287148336694942;0.696615750208013;0
4.62;0.294070013882566;0.68669631868575;0
4.63;0.300891644425422;0.676588090963551;0
4.64;0.30761135541532;0.666294421566916;0
4.65;0.314227307714432;0.65581871484411;0
4.66;0.320737696448558;0.645164423860049;0
4.67;0.327140751489263;0.634335049277476;0
4.68;0.333434737924779;0.623334138225795;0
4.69;0.339617956519538;0.612165283157927;0
4.7;0.345688744162213;0.600832120695532;0
4.71;0.351645474302176;0.589338330462984;0
4.72;0.357486557374234;0.577687633910459;0
4.73;0.36321044121155;0.565883793126506;0
4.74;0.368815611446652;0.553930609640475;0
4.75;0.374300591900407;0.541831923215188;0
4.76;0.379663944958898;0.529591610630214;0
4.77;0.384904271938076;0.517213584456147;0
4.78;0.390020213436124;0.504701791820259;0
4.79;0.39501044967344;0.492060213163915;0
4.8;0.399873700820159;0.479292860992138;0
4.81;0.40460872731113;0.466403778615711;0
4.82;0.409214330148291;0.453397038886209;0
4.83;0.41368935119036;0.440276742924348;0
4.84;0.418032673429776;0.427047018842044;0
4.85;0.422243221256845;0.413712020458581;0
4.86;0.426319960711012;0.400275926011276;0
4.87;0.43026189971922;0.386742936861043;0
4.88;0.434068088321306;0.373117276193251;0
4.89;0.437737618882383;0.359403187714267;0
4.9;0.441269626292166;0.345604934344094;0
4.91;0.444663288151219;0.331726796905495;0
4.92;0.447917824944067;0.317773072810001;0
4.93;0.45103250019916;0.303748074741206;0
4.94;0.454006620635664;0.289656129335748;0
4.95;0.456839536297046;0.275501575862374;0
4.96;0.459530640671444;0.261288764899488;0
4.97;0.462079370798812;0.247022057011581;0
4.98;0.464485207364818;0.232705821424945;0
4.99;0.466747674781502;0.218344434703062;0
5;0.468866341254693;0.203942279422078;0
5.01;0.470840818838167;0.189503742846739;0
5.02;0.472670763474586;0.175033215607211;0
5.03;0.474355875023198;0.160535090377155;0
5.04;0.475895897274333;0.146013760553465;0
5.05;0.477290617950695;0.131473618938059;0
5.06;0.478539868695496;0.116919056422113;0
5.07;0.479643525047436;0.10235446067313;0
5.08;0.480601506402567;0.0877842148252285;0
5.09;0.48141377596308;0.0732126961730468;0
5.1;0.48208034067305;0.0586442748696367;0
5.11;0.482601251141172;0.0440833126287394;0
5.12;0.48297660155055;0.0295341614318206;0
5.13;0.483206529555571;0.0150011622402441;0
5.14;0.48329121616593;0.000488643712963869;0
5.15;0.483230885617858;-0.0139990790698934;0
5.16;0.483025805232613;-0.0284577058771813;0
5.17;0.482676285262296;-0.0428829525902529;0
5.18;0.482182678723069;-0.0572705524594774;0
5.19;0.481545381215835;-0.0716162573533923;0
5.2;0.480764830734464;-0.0859158390001264;0
5.21;0.479841507461642;-0.100165090220737;0
5.22;0.478775933552421;-0.114359826154103;0
5.23;0.47756867290556;-0.128495885473026;0
5.24;0.476220330922748;-0.142569131591183;0
5.25;0.4747315542558;-0.15657545386059;0
5.26;0.473103030541918;-0.170510768759235;0
5.27;0.471335488127127;-0.184371021068531;0
5.28;0.469429695777979;-0.198152185040272;0
5.29;0.467386462381639;-0.211850265552738;0
5.3;0.465206636634455;-0.225461299255644;0
5.31;0.462891106719139;-0.238981355703584;0
5.32;0.460440799970657;-0.252406538477675;0
5.33;0.457856682530962;-0.26573298629507;0
5.34;0.455139758992686;-0.278956874106028;0
5.35;0.45229107203192;-0.29207441417824;0
5.36;0.449311702030207;-0.305081857168107;0
5.37;0.446202766685882;-0.317975493178669;0
5.38;0.442965420614899;-0.330751652803883;0
5.39;0.439600854941267;-0.343406708158985;0
5.4;0.436110296877261;-0.355937073896618;0
5.41;0.432495009293522;-0.368339208208471;0
5.42;0.428756290279214;-0.380609613812145;0
5.43;0.424895472692385;-0.392744838922978;0
5.44;0.420913923700663;-0.404741478210551;0
5.45;0.416813044312475;-0.416596173739636;0
5.46;0.412594268898915;-0.428305615895319;0
5.47;0.408259064706437;-0.439866544292037;0
5.48;0.403808931360531;-0.451275748666311;0
5.49;0.399245400360545;-0.46253006975291;0
5.5;0.394570034565824;-0.473626400144224;0
5.51;0.389784427673324;-0.484561685132617;0
5.52;0.38489020368689;-0.495332923535535;0
5.53;0.379889016378355;-0.505937168503147;0
5.54;0.374782548740641;-0.516371528308317;0
5.55;0.369572512433045;-0.526633167118691;0
5.56;0.364260647218883;-0.5367193057507;0
5.57;0.358848720395674;-0.546627222405295;0
5.58;0.353338526218057;-0.556354253385204;0
5.59;0.347731885313606;-0.565897793793548;0
5.6;0.34203064409176;-0.575255298213628;0
5.61;0.336236674146026;-0.584424281369712;0
5.62;0.330351871649667;-0.593402318768662;0
5.63;0.324378156745065;-0.602187047322235;0
5.64;0.318317472926933;-0.610776165949909;0
5.65;0.312171786419608;-0.619167436162083;0
5.66;0.305943085548583;-0.627358682623519;0
5.67;0.299633380106502;-0.635347793696879;0
5.68;0.293244700713812;-0.643132721966229;0
5.69;0.286779098174264;-0.650711484740408;0
5.7;0.280238642825473;-0.65808216453611;0
5.71;0.273625423884747;-0.665242909540608;0
5.72;0.266941548790366;-0.67219193405398;0
5.73;0.260189142538546;-0.678927518910772;0
5.74;0.25337034701627;-0.68544801188098;0
5.75;0.246487320330205;-0.691751828050287;0
5.76;0.239542236131911;-0.697837450179464;0
5.77;0.232537282939551;-0.703703429042863;0
5.78;0.225474663456305;-0.709348383745952;0
5.79;0.218356593885713;-0.714771002021805;0
5.8;0.211185303244138;-0.71997004050653;0
5.81;0.203963032670575;-0.724944324993548;0
5.82;0.196692034734011;-0.729692750666725;0
5.83;0.18937457273855;-0.734214282312286;0
5.84;0.182012920026515;-0.738507954509512;0
5.85;0.174609359279734;-0.742572871800179;0
5.86;0.167166181819234;-0.746408208836747;0
5.87;0.159685686903542;-0.750013210509258;0
5.88;0.152170181025822;-0.753387192050984;0
5.89;0.144621977210038;-0.756529539122789;0
5.9;0.137043394306384;-0.759439707876245;0
5.91;0.129436756286166;-0.762117224995505;0
5.92;0.121804391536366;-0.764561687717963;0
5.93;0.114148632154098;-0.766772763833728;0
5.94;0.106471813241156;-0.76875019166395;0
5.95;0.0987762721988834;-0.770493780018042;0
5.96;0.0910643480235578;-0.772003408129849;0
5.97;0.0833383806025112;-0.773279025572804;0
5.98;0.075600710011193;-0.774320652154162;0
5.99;0.0678536758113853;-0.775128377788349;0
6;0.0600996163507765;-0.775702362349522;0
6.01;0.0523408680641042;-0.7760428355034;0
6.02;0.0445797647760724;-0.776150096518481;0
6.03;0.036818637006248;-0.776024514056701;0
6.04;0.0290598112761445;-0.775666525943661;0
6.05;0.0213056094186934;-0.775076638918519;0
6.06;0.013558347890309;-0.774255428363643;0
6.07;0.00582033708574645;-0.773203538014166;0
6.08;-0.001906119344045;-0.771921679647538;0
6.09;-0.00961872517087548;-0.770410632753225;0
6.1;-0.0173151922648755;-0.768671244182673;0
6.11;-0.0249932412664687;-0.766704427779682;0
6.12;-0.0326506022545604;-0.764511163991336;0
6.13;-0.0402850154107486;-0.76209249945963;0
6.14;-0.0478942316793653;-0.759449546593966;0
6.15;-0.0554760134231567;-0.756583483124662;0
6.16;-0.063028135074414;-0.753495551637651;0
6.17;-0.0705483837813671;-0.750187059090536;0
6.18;-0.0780345600496559;-0.74665937631018;0
6.19;-0.0854844783786943;-0.742913937472024;0
6.2;-0.0928959678927468;-0.738952239561293;0
6.21;-0.100266872966535;-0.734775841816318;0
6.22;-0.107595053845201;-0.730386365154138;0
6.23;-0.114878387258441;-0.725785491578614;0
6.24;-0.122114767028651;-0.72097496357124;0
6.25;-0.129302104672894;-0.715956583464874;0
6.26;-0.13643832999854;-0.710732212800608;0
6.27;-0.143521391692386;-0.705303771667987;0
6.28;-0.150549257903115;-0.699673238028822;0
6.29;-0.157519916816915;-0.693842647024812;0
6.3;-0.164431377226106;-0.687814090269208;0
6.31;-0.171281669090605;-0.681589715122785;0
6.32;-0.178068844092092;-0.675171723954327;0
6.33;-0.184790976180701;-0.66856237338591;0
6.34;-0.191446162114107;-0.661763973523208;0
6.35;-0.198032521988839;-0.654778887171097;0
6.36;-0.204548199763691;-0.647609529034804;0
6.37;-0.21099136377508;-0.640258364906877;0
6.38;-0.217360207244208;-0.632727910840235;0
6.39;-0.223652948775894;-0.625020732307572;0
6.4;-0.22986783284894;-0.617139443347396;0
6.41;-0.236003130297898;-0.609086705696972;0
6.42;-0.242057138786108;-0.600865227912463;0
6.43;-0.248028183269885;-0.592477764476544;0
6.44;-0.253914616453717;-0.583927114893785;0
6.45;-0.259714819236375;-0.575216122774092;0
6.46;-0.265427201147797;-0.566347674904502;0
6.47;-0.271050200776637;-0.557324700309632;0
6.48;-0.27658228618838;-0.548150169301082;0
6.49;-0.282021955333886;-0.538827092516091;0
6.5;-0.287367736448288;-0.529358519945764;0
6.51;-0.292618188440117;-0.519747539953167;0
6.52;-0.297771901270567;-0.509997278281608;0
6.53;-0.302827496322803;-0.50011089705342;0
6.54;-0.307783626761208;-0.490091593759559;0
6.55;-0.31263897788049;-0.479942600240334;0
6.56;-0.31739226744456;-0.469667181657595;0
6.57;-0.32204224601509;-0.459268635458694;0
6.58;-0.326587697269677;-0.448750290332559;0
6.59;-0.331027438309533;-0.438115505158186;0
6.6;-0.335360319956628;-0.427367667945893;0
6.61;-0.33958522704021;-0.416510194771665;0
6.62;-0.343701078672648;-0.405546528704908;0
6.63;-0.347706828514512;-0.394480138729966;0
6.64;-0.351601465028851;-0.383314518661715;0
6.65;-0.355384011724597;-0.372053186055576;0
6.66;-0.359053527389044;-0.360699681112296;0
6.67;-0.362609106309358;-0.349257565577811;0
6.68;-0.36604987848306;-0.337730421638547;0
6.69;-0.369375009817442;-0.326121850812493;0
6.7;-0.372583702317881;-0.314435472836382;0
6.71;-0.375675194265006;-0.302674924549325;0
6.72;-0.378648760380681;-0.290843858773239;0
6.73;-0.38150371198279;-0.278945943190404;0
6.74;-0.384239397128779;-0.266984859218498;0
6.75;-0.386855200747937;-0.254964300883446;0
6.76;-0.389350544762402;-0.242887973690429;0
6.77;-0.391724888196866;-0.230759593493388;0
6.78;-0.393977727276971;-0.218582885363375;0
6.79;-0.396108595516386;-0.206361582456081;0
6.8;-0.398117063792552;-0.19409942487889;0
6.81;-0.400002740411106;-0.181800158557792;0
6.82;-0.401765271158963;-0.169467534104504;0
6.83;-0.403404339346078;-0.157105305684134;0
6.84;-0.404919665835891;-0.144717229883719;0
6.85;-0.406311009064456;-0.132307064581988;0
6.86;-0.407578165048278;-0.119878567820682;0
6.87;-0.408720967380873;-0.107435496677753;0
6.88;-0.409739287218061;-0.0949816061428071;0
6.89;-0.410633033252042;-0.082520647995088;0
6.9;-0.411402151674244;-0.0700563696843636;0
6.91;-0.412046626127008;-0.0575925132150284;0
6.92;-0.412566477644126;-0.0451328140337574;0
6.93;-0.412961764580272;-0.032680999921037;0
6.94;-0.413232582529367;-0.0202407898868998;0
6.95;-0.41337906423192;-0.00781589307118586;0
6.96;-0.413401379471399;0.00458999235134781;0
6.97;-0.41329973495967;0.016973180260748;0
6.98;-0.413074374211562;0.0293299976761004;0
6.99;-0.412725577408625;0.0416567858339626;0
7;-0.412253661252119;0.0539499012606813;0
7.01;-0.411658978805319;0.0662057168382842;0
7.02;-0.410941919325181;0.0784206228636361;0
7.03;-0.410102908083459;0.0905910281005553;0
7.04;-0.409142406177324;0.102713360824586;0
7.05;-0.408060910329572;0.114784069860124;0
7.06;-0.406858952678502;0.126799625609605;0
7.07;-0.405537100557531;0.138756521074452;0
7.08;-0.404095956264643;0.150651272867494;0
7.09;-0.40253615682175;0.162480422216567;0
7.1;-0.400858373724058;0.174240535959014;0
7.11;-0.399063312679535;0.185928207526797;0
7.12;-0.397151713338563;0.197540057921943;0
7.13;-0.395124349013887;0.209072736682049;0
7.14;-0.392982026390951;0.22052292283558;0
7.15;-0.390725585228727;0.231887325846675;0
7.16;-0.388355898051151;0.243162686549213;0
7.17;-0.385873869829257;0.254345778069867;0
7.18;-0.383280437654141;0.265433406739895;0
7.19;-0.380576570400851;0.276422412995402;0
7.2;-0.377763268383332;0.287309672265847;0
7.21;-0.374841563000539;0.298092095850514;0
7.22;-0.37181251637384;0.30876663178274;0
7.23;-0.368677220975828;0.319330265681639;0
7.24;-0.365436799250683;0.329780021591096;0
7.25;-0.362092403226192;0.340112962805802;0
7.26;-0.358645214117574;0.350326192684102;0
7.27;-0.355096441923236;0.360416855447442;0
7.28;-0.35144732501259;0.370382136966182;0
7.29;-0.347699129706086;0.380219265531584;0
7.3;-0.343853149847571;0.389925512613752;0
7.31;-0.339910706369151;0.399498193605328;0
7.32;-0.335873146848666;0.408934668550744;0
7.33;-0.331741845059947;0.418232342860833;0
7.34;-0.32751820051599;0.427388668012611;0
7.35;-0.323203638005201;0.436401142234061;0
7.36;-0.318799607120859;0.445267311173706;0
7.37;-0.314307581783954;0.453984768554829;0
7.38;-0.309729059759554;0.462551156814159;0
7.39;-0.305065562166854;0.47096416772485;0
7.4;-0.300318632983064;0.4792215430036;0
7.41;-0.295489838541303;0.487321074901766;0
7.42;-0.290580767022652;0.495260606780301;0
7.43;-0.285593027942528;0.503038033668393;0
7.44;-0.280528251631549;0.510651302805647;0
7.45;-0.275388088711054;0.518098414167694;0
7.46;-0.270174209563434;0.52537742097508;0
7.47;-0.26488830379746;0.532486430185325;0
7.48;-0.259532079708756;0.539423602968025;0
7.49;-0.254107263735605;0.546187155162889;0
7.5;-0.248615599910252;0.552775357720597;0
7.51;-0.243058849305872;0.55918653712639;0
7.52;-0.23743878947938;0.56541907580627;0
7.53;-0.231757213910264;0.571471412515746;0
7.54;-0.226015931435601;0.577342042711021;0
7.55;-0.220216765681447;0.583029518902543;0
7.56;-0.214361554490768;0.588532450990851;0
7.57;-0.208452149348093;0.593849506584635;0
7.58;-0.202490414801066;0.598979411300951;0
7.59;-0.196478227879079;0.60392094904754;0
7.6;-0.190417477509159;0.608672962287175;0
7.61;-0.184310063929294;0.613234352284012;0
7.62;-0.17815789809938;0.617604079331888;0
7.63;-0.171962901109959;0.621781162964527;0
7.64;-0.165727003588944;0.625764682147638;0
7.65;-0.159452145106499;0.629553775452854;0
7.66;-0.153140273578267;0.633147641213516;0
7.67;-0.146793344667114;0.636545537662266;0
7.68;-0.14041332118359;0.639746783050459;0
7.69;-0.134002172485264;0.642750755749365;0
7.7;-0.127561873875143;0.645556894333186;0
7.71;-0.121094405999331;0.648164697643883;0
7.72;-0.11460175424413;0.650573724837816;0
7.73;-0.108085908132751;0.652783595414237;0
7.74;-0.101548860721823;0.654793989225636;0
7.75;-0.0949926079978842;0.656604646469985;0
7.76;-0.0884191482740228;0.658215367664899;0
7.77;-0.081830481586868;0.659626013603765;0
7.78;-0.0752286090940937;0.660836505293876;0
7.79;-0.0686155324726243;0.661846823876623;0
7.8;-0.0619932533177184;0.662657010529796;0
7.81;-0.0553637725431101;0.663267166352059;0
7.82;-0.0487290897823856;0.66367745222966;0
7.83;-0.042091202791772;0.663888088685449;0
7.84;-0.0354521068545156;0.663899355710277;0
7.85;-0.0288137941870249;0.663711592576862;0
7.86;-0.0221782533469539;0.663325197636201;0
7.87;-0.0155474686433993;0.662740628096624;0
7.88;-0.00892341954938469;0.661958399785587;0
7.89;-0.00230808011680454;0.660979086894297;0
7.9;0.00429658160600149;0.659803321705286;0
7.91;0.0108886041538735;0.658431794303039;0
7.92;0.017466033221487;0.65686525226779;0
7.93;0.0240269222368705;0.655104500352608;0
7.94;0.0305693329316206;0.653150400143912;0
7.95;0.0370913359076464;0.65100386970551;0
7.96;0.0435910112002823;0.648665883206347;0
7.97;0.0500664488376041;0.646137470532054;0
7.98;0.0565157493957892;0.64341971688047;0
7.99;0.0629370245503601;0.640513762341283;0
8;0.0693283976231531;0.637420801459935;0
8.01;0.0756880041248565;0.634142082785948;0
8.02;0.082013992292962;0.630678908405849;0
8.03;0.0883045236249766;0.627032633460841;0
8.04;0.0945577734067437;0.623204665649401;0
8.05;0.100771931235723;0.619196464714979;0
8.06;0.106945201539079;0.61500954191898;0
8.07;0.113075804086438;0.610645459499201;0
8.08;0.119161974497161;0.606105830113922;0
8.09;0.125201964741994;0.601392316271845;0
8.1;0.131194043638956;0.596506629748054;0
8.11;0.137136497343327;0.591450530986228;0
8.12;0.143027629831587;0.586225828487279;0
8.13;0.148865763379196;0.580834378184643;0
8.14;0.154649239032054;0.575278082806421;0
8.15;0.160376417071532;0.569558891224596;0
8.16;0.166045677472936;0.56367879779153;0
8.17;0.171655420357276;0.557639841663968;0
8.18;0.177204066436227;0.551444106114779;0
8.19;0.182690057450146;0.545093717832649;0
8.2;0.188111856599035;0.538590846209971;0
8.21;0.193467948966333;0.531937702619145;0
8.22;0.198756841935415;0.525136539677556;0
8.23;0.203977065598696;0.518189650501436;0
8.24;0.209127173159221;0.511099367948874;0
8.25;0.214205741324635;0.503868063852218;0
8.26;0.219211370693438;0.496498148240105;0
8.27;0.224142686133407;0.488992068549385;0
8.28;0.228998337152098;0.481352308827187;0
8.29;0.233776998259317;0.473581388923372;0
8.3;0.238477369321485;0.465681863673653;0
8.31;0.243098175907785;0.457656322073628;0
8.32;0.247638169628009;0.449507386443989;0
8.33;0.252096128462026;0.441237711587179;0
8.34;0.256470857080768;0.432849983935766;0
8.35;0.260761187158675;0.424346920692789;0
8.36;0.264965977677498;0.415731268964368;0
8.37;0.269084115221402;0.407005804884835;0
8.38;0.273114514263282;0.398173332734668;0
8.39;0.277056117442234;0.389236684051506;0
8.4;0.280907895832096;0.380198716734521;0
8.41;0.284668849201013;0.371062314142421;0
8.42;0.288338006261952;0.361830384185383;0
8.43;0.291914424914106;0.352505858411175;0
8.44;0.295397192475138;0.343091691085772;0
8.45;0.298785425904206;0.333590858268738;0
8.46;0.302078272015724;0.324006356883665;0
8.47;0.305274907683794;0.314341203783953;0
8.48;0.308374540037292;0.304598434814227;0
8.49;0.311376406645538;0.294781103867671;0
8.5;0.314279775694523;0.284892281939569;0
8.51;0.317083946153662;0.274935056177353;0
8.52;0.319788247933029;0.264912528927434;0
8.53;0.322392042031043;0.254827816779123;0
8.54;0.324894720672587;0.244684049605918;0
8.55;0.327295707437527;0.234484369604463;0
8.56;0.329594457379613;0.224231930331463;0
8.57;0.331790457135734;0.213929895738846;0
8.58;0.333883225025529;0.203581439207469;0
8.59;0.335872311141318;0.19318974257966;0
8.6;0.337757297428365;0.182757995190885;0
8.61;0.339537797755446;0.172289392900833;0
8.62;0.341213457975732;0.161787137124209;0
8.63;0.342783955977975;0.151254433861531;0
8.64;0.344249001728009;0.140694492730215;0
8.65;0.345608337300559;0.130110525996243;0
8.66;0.346861736901371;0.1195057476067;0
8.67;0.348009006879678;0.108883372223472;0
8.68;0.349049985730999;0.0982466142583855;0
8.69;0.349984544090307;0.0875986869100871;0
8.7;0.35081258471557;0.076942801202937;0
8.71;0.351534042461689;0.0662821650282077;0
8.72;0.352148884244865;0.0556199821878698;0
8.73;0.352657108997411;0.044959451441247;0
8.74;0.35305874761305;0.0343037655548211;0
8.75;0.353353862882717;0.0236561103554664;0
8.76;0.353542549420926;0.0130196637873914;0
8.77;0.353624933582702;0.00239759497306475;0
8.78;0.353601173371165;-0.00820693672160086;0
8.79;0.353471458335765;-0.0187907826175337;0
8.8;0.353236009461252;-0.0293508056479853;0
8.81;0.3528950790474;-0.0398838812789413;0
8.82;0.352448950579564;-0.0503868984241936;0
8.83;0.351897938590098;-0.0608567603548091;0
8.84;0.351242388510717;-0.0712903856027308;0
8.85;0.35048267651584;-0.0816847088582521;0
8.86;0.349619209356995;-0.0920366818611045;0
8.87;0.348652424188335;-0.102343274284903;0
8.88;0.347582788383348;-0.112601474614697;0
8.89;0.346410799342818;-0.122808291017371;0
8.9;0.345136984294116;-0.132960752204653;0
8.91;0.343761900081898;-0.143055908288477;0
8.92;0.342286132950283;-0.153090831628468;0
8.93;0.340710298316591;-0.163062617671291;0
8.94;0.339035040536723;-0.172968385781646;0
8.95;0.33726103266228;-0.182805280064658;0
8.96;0.335388976189485;-0.192570470179445;0
8.97;0.333419600800015;-0.202261152143621;0
8.98;0.331353664093833;-0.211874549128518;0
8.99;0.329191951314106;-0.2214079122449;0
9;0.326935275064307;-0.230858521318956;0
9.01;0.324584475017612;-0.240223685658345;0
9.02;0.32214041761867;-0.249500744808093;0
9.03;0.319603995777867;-0.25868706929612;0
9.04;0.316976128558181;-0.267780061368208;0
9.05;0.314257760854738;-0.27677715571219;0
9.06;0.311449863067169;-0.285675820171171;0
9.07;0.30855343076489;-0.294473556445586;0
9.08;0.305569484345414;-0.303167900783904;0
9.09;0.302499068685801;-0.311756424661784;0
9.1;0.299343252787374;-0.32023673544951;0
9.11;0.296103129413814;-0.328606477067511;0
9.12;0.292779814722751;-0.336863330629808;0
9.13;0.289374447890982;-0.345005015075198;0
9.14;0.285888190733421;-0.353029287786019;0
9.15;0.282322227315934;-0.360933945194326;0
9.16;0.278677763562155;-0.368716823375317;0
9.17;0.274956026854431;-0.376375798627866;0
9.18;0.271158265629026;-0.383908788041987;0
9.19;0.2672857489657;-0.391313750053103;0
9.2;0.263339766171811;-0.39858868498297;0
9.21;0.259321626361066;-0.405731635567109;0
9.22;0.255232658027063;-0.412740687468624;0
9.23;0.251074208611751;-0.419613969778265;0
9.24;0.246847644068952;-0.426349655500617;0
9.25;0.242554348423092;-0.432945962026283;0
9.26;0.238195723323263;-0.439401151589959;0
9.27;0.233773187592775;-0.445713531714277;0
9.28;0.229288176774332;-0.4518814556393;0
9.29;0.224742142670976;-0.457903322737591;0
9.3;0.220136552882952;-0.463777578914727;0
9.31;0.215472890340624;-0.46950271699518;0
9.32;0.210752652833606;-0.475077277093472;0
9.33;0.205977352536249;-0.480499846970516;0
9.34;0.201148515529621;-0.485769062375058;0
9.35;0.196267681320155;-0.490883607370153;0
9.36;0.191336402355085;-0.495842214644592;0
9.37;0.186356243534849;-0.500643665809225;0
9.38;0.181328781722586;-0.505286791678099;0
9.39;0.176255605250898;-0.509770472534375;0
9.4;0.171138313426014;-0.51409363838095;0
9.41;0.165978516029529;-0.51825526917575;0
9.42;0.160777832817841;-0.522254395051642;0
9.43;0.155537893019479;-0.526090096520929;0
9.44;0.150260334830438;-0.529761504664385;0
9.45;0.144946804907704;-0.533267801304821;0
9.46;0.139598957861107;-0.536608219165123;0
9.47;0.134218455743668;-0.539782042010783;0
9.48;0.12880696754059;-0.54278860477686;0
9.49;0.123366168657046;-0.545627293679406;0
9.5;0.117897740404923;-0.548297546311315;0
9.51;0.112403369488683;-0.550798851722611;0
9.52;0.106884747490489;-0.553130750485172;0
9.53;0.101343570354747;-0.555292834741903;0
9.54;0.0957815378722336;-0.557284748240358;0
9.55;0.0902003531639586;-0.55910618635084;0
9.56;0.0846017221649088;-0.560756896068996;0
9.57;0.0789873531078421;-0.562236676002929;0
9.58;0.0733589560072768;-0.563545376344864;0
9.59;0.0677182421438351;-0.564682898827396;0
9.6;0.0620669235490921;-0.565649196664371;0
9.61;0.0564067124910866;-0.566444274476426;0
9.62;0.0507393209606437;-0.567068188201253;0
9.63;0.0450664601586643;-0.567521044988639;0
9.64;0.0393898399845325;-0.567803003080324;0
9.65;0.0337111685257916;-0.567914271674761;0
9.66;0.0280321515492418;-0.567855110776825;0
9.67;0.0223544919936063;-0.567625831032559;0
9.68;0.0166798894639189;-0.567226793549012;0
9.69;0.0110100397277788;-0.566658409699276;0
9.7;0.00534663421362144;-0.565921140912776;0
9.71;-0.000308640488846718;-0.565015498450923;0
9.72;-0.00595410312590545;-0.563942043168214;0
9.73;-0.0115880782746232;-0.562701385258876;0
9.74;-0.0172088968350615;-0.561294183989153;0
9.75;-0.0228148965197382;-0.559721147415349;0
9.76;-0.0284044223402068;-0.557983032087723;0
9.77;-0.0339758270906124;-0.556080642740364;0
9.78;-0.0395274718280832;-0.554014831967147;0
9.79;-0.0450577263498191;-0.551786499883908;0
9.8;-0.0505649696667411;-0.549396593776947;0
9.81;-0.0560475904735644;-0.546846107738001;0
9.82;-0.0615039876151609;-0.544136082285811;0
9.83;-0.0669325705490772;-0.541267603974422;0
9.84;-0.0723317598040768;-0.538241804988357;0
9.85;-0.0776999874345757;-0.535059862724812;0
9.86;-0.0830356974708413;-0.53172299936301;0
9.87;-0.0883373463648286;-0.528232481420877;0
9.88;-0.0936034034315254;-0.524589619299184;0
9.89;-0.0988323512856849;-0.520795766813323;0
9.9;-0.104022686273819;-0.516852320712869;0
9.91;-0.109172918901335;-0.512760720189103;0
9.92;-0.11428157425469;-0.50852244637065;0
9.93;-0.119347192418456;-0.504139021807429;0
9.94;-0.124368328887165;-0.49961200994305;0
9.95;-0.129343554971831;-0.494943014575886;0
9.96;-0.13427145820103;-0.490133679308951;0
9.97;-0.139150642716432;-0.485185686988807;0
9.98;-0.143979729662672;-0.480100759133664;0
9.99;-0.148757357571452;-0.474880655350875;0
10;-0.153482182739775;-0.469527172744012;0
10.01;-0.1581528796022;-0.464042145309719;0
10.02;-0.162768141097021;-0.458427443324552;0
10.03;-0.167326679026274;-0.452684972721981;0
10.04;-0.171827224409461;-0.446816674459795;0
10.05;-0.17626852783092;-0.440824523878076;0
10.06;-0.180649359780718;-0.43471053004798;0
10.07;-0.184968510989001;-0.428476735111529;0
10.08;-0.189224792753701;-0.422125213612612;0
10.09;-0.193417037261508;-0.415658071819438;0
10.1;-0.197544097902038;-0.409077447038632;0
10.11;-0.201604849575099;-0.40238550692121;0
10.12;-0.205598188990982;-0.395584448760655;0
10.13;-0.209523034963699;-0.388676498783304;0
10.14;-0.213378328697091;-0.381663911431291;0
10.15;-0.217163034063734;-0.37454896863826;0
10.16;-0.220876137876565;-0.367333979098082;0
10.17;-0.224516650153173;-0.36002127752681;0
10.18;-0.228083604372674;-0.352613223918096;0
10.19;-0.231576057725112;-0.345112202792317;0
10.2;-0.234993091353325;-0.337520622439637;0
10.21;-0.238333810587217;-0.329840914157242;0
10.22;-0.241597345170375;-0.322075531480995;0
10.23;-0.244782849478974;-0.314226949411738;0
10.24;-0.247889502732933;-0.306297663636497;0
10.25;-0.25091650919925;-0.298290189744819;0
10.26;-0.253863098387484;-0.290207062440493;0
10.27;-0.256728525237337;-0.282050834748893;0
10.28;-0.259512070298283;-0.273824077220195;0
10.29;-0.262213039901219;-0.265529377128706;0
10.3;-0.26483076632209;-0.257169337668563;0
10.31;-0.267364607937453;-0.24874657714603;0
10.32;-0.269813949371956;-0.240263728168668;0
10.33;-0.272178201637688;-0.231723436831597;0
10.34;-0.274456802265384;-0.223128361901129;0
10.35;-0.276649215427453;-0.214481173995988;0
10.36;-0.278754932052814;-0.2057845547664;0
10.37;-0.280773469933504;-0.197041196071278;0
10.38;-0.282704373823062;-0.188253799153767;0
10.39;-0.284547215526649;-0.179425073815385;0
10.4;-0.286301593982919;-0.170557737589025;0
10.41;-0.287967135337602;-0.161654514911058;0
10.42;-0.289543493008813;-0.152718136292791;0
10.43;-0.29103034774407;-0.143751337491526;0
10.44;-0.292427407669026;-0.134756858681469;0
10.45;-0.293734408327904;-0.12573744362475;0
10.46;-0.294951112715649;-0.116695838842775;0
10.47;-0.296077311301793;-0.107634792788196;0
10.48;-0.297112822046047;-0.0985570550177066;0
10.49;-0.298057490405616;-0.0894653753659379;0
10.5;-0.298911189334276;-0.0803625031206909;0
10.51;-0.29967381927319;-0.071251186199747;0
10.52;-0.300345308133517;-0.0621341703295054;0
10.53;-0.300925611270805;-0.0530141982256896;0
10.54;-0.301414711451209;-0.0438940087763636;0
10.55;-0.301812618809546;-0.0347763362275001;0
10.56;-0.302119370799219;-0.0256639093713399;0
10.57;-0.302335032134039;-0.0165594507377806;0
10.58;-0.302459694721974;-0.00746567578903331;0
10.59;-0.302493477590861;0.00161470788221946;0
10.6;-0.302436526806116;0.0106790013509273;0
10.61;-0.302289015380483;0.0197245151538067;0
10.62;-0.302051143175855;0.0287485700792736;0
10.63;-0.301723136797218;0.0377484979529466;0
10.64;-0.301305249478765;0.0467216424184904;0
10.65;-0.300797760962216;0.0556653597135755;0
10.66;-0.300200977367407;0.0645770194407282;0
10.67;-0.299515231055192;0.0734540053328508;0
10.68;-0.298740880482713;0.0822937160131892;0
10.69;-0.297878310051098;0.0910935657495311;0
10.7;-0.296927929945647;0.0998509852024193;0
10.71;-0.295890175968555;0.108563422167163;0
10.72;-0.294765509364253;0.117228342309442;0
10.73;-0.293554416637417;0.125843229894282;0
10.74;-0.292257409363718;0.13440558850821;0
10.75;-0.290875023993384;0.142912941774373;0
10.76;-0.289407821647643;0.151362834060419;0
10.77;-0.287856387908118;0.15975283117895;0
10.78;-0.286221332599256;0.168080521080333;0
10.79;-0.284503289563857;0.176343514537694;0
10.8;-0.282702916431799;0.184539445823887;0
10.81;-0.28082089438202;0.192665973380258;0
10.82;-0.278857927897856;0.200720780477015;0
10.83;-0.276814744515813;0.208701575865015;0
10.84;-0.274692094567858;0.216606094418804;0
10.85;-0.272490750917321;0.224432097770709;0
10.86;-0.2702115086885;0.232177374935826;0
10.87;-0.267855184990052;0.239839742927724;0
10.88;-0.265422618632273;0.247417047364699;0
10.89;-0.262914669838359;0.254907163066407;0
10.9;-0.260332219949742;0.262307994640727;0
10.91;-0.257676171125603;0.269617477060675;0
10.92;-0.254947446036664;0.276833576231233;0
10.93;-0.252146987553353;0.283954289545931;0
10.94;-0.249275758428453;0.290977646433023;0
10.95;-0.246334740974334;0.297901708891138;0
10.96;-0.243324936734881;0.304724572014235;0
10.97;-0.240247366152216;0.311444364505735;0
10.98;-0.237103068228329;0.318059249181705;0
10.99;-0.233893100181732;0.32456742346294;0
11;-0.230618537099235;0.330967119855834;0
11.01;-0.227280471582967;0.337256606421901;0
11.02;-0.223880013392757;0.343434187235837;0
11.03;-0.220418289083983;0.349498202831993;0
11.04;-0.216896441641007;0.355447030639162;0
11.05;-0.213315630106319;0.361279085403545;0
11.06;-0.209677029205503;0.366992819599814;0
11.07;-0.205981828968148;0.372586723830158;0
11.08;-0.202231234344818;0.37805932721121;0
11.09;-0.198426464820216;0.383409197748767;0
11.1;-0.194568754022646;0.388634942700207;0
11.11;-0.190659349329918;0.393735208924518;0
11.12;-0.186699511471796;0.398708683219854;0
11.13;-0.182690514129138;0.403554092648541;0
11.14;-0.178633643529838;0.408270204849447;0
11.15;-0.174530198041698;0.412855828337666;0
11.16;-0.170381487762368;0.417309812791416;0
11.17;-0.166188834106469;0.421631049326122;0
11.18;-0.161953569390033;0.425818470755595;0
11.19;-0.157677036412397;0.429871051840266;0
11.2;-0.153360588035663;0.433787809522421;0
11.21;-0.149005586761867;0.437567803148389;0
11.22;-0.144613404307994;0.44121013467763;0
11.23;-0.140185421178947;0.444713948878695;0
11.24;-0.135723026238625;0.448078433512018;0
11.25;-0.131227616279234;0.451302819499503;0
11.26;-0.126700595588949;0.454386381080883;0
11.27;-0.122143375518091;0.457328435956826;0
11.28;-0.117557374043914;0.460128345418764;0
11.29;-0.112944015334168;0.462785514465439;0
11.3;-0.108304729309546;0.465299391906138;0
11.31;-0.103640951205166;0.467669470450624;0
11.32;-0.0989541211312077;0.469895286785752;0
11.33;-0.0942456836328482;0.471976421638769;0
11.34;-0.0895170872496211;0.473912499827305;0
11.35;-0.0847697840743366;0.47570319029606;0
11.36;-0.0800052293116945;0.477348206140203;0
11.37;-0.0752248808367232;0.478847304615493;0
11.38;-0.070430198753177;0.480200287135149;0
11.39;-0.0656226449520239;0.481406999253483;0
11.4;-0.0608036826701574;0.482467330636337;0
11.41;-0.0559747760494619;0.48338121501834;0
11.42;-0.0511373896963664;0.484148630147034;0
11.43;-0.0462929882420141;0.484769597713899;0
11.44;-0.0414430359031818;0.485244183272328;0
11.45;-0.0365889960440779;0.485572496142593;0
11.46;-0.0317323307391483;0.485754689303851;0
11.47;-0.0268745003370216;0.485790959273253;0
11.48;-0.02201696302572;0.485681545972209;0
11.49;-0.0171611743992657;0.485426732579874;0
11.5;-0.0123085870258093;0.485026845373911;0
11.51;-0.00746065001740815;0.484482253558618;0
11.52;-0.00261880860157924;0.483793369080476;0
11.53;0.00221549630524633;0.482960646431206;0
11.54;0.00704082852224396;0.481984582438409;0
11.55;0.0118557570265669;0.480865716043871;0
11.56;0.0166588563734453;0.479604628069637;0
11.57;0.0214487071138918;0.478201940971919;0
11.58;0.0262238962098908;0.476658318582953;0
11.59;0.0309830174469539;0.474974465840902;0
11.6;0.0357246718439194;0.47315112850789;0
11.61;0.04044746805988;0.471189092876292;0
11.62;0.045150022798121;0.469089185463374;0
11.63;0.0498309612069526;0.466852272694409;0
11.64;0.0544889172773218;0.464479260574358;0
11.65;0.0591225342370903;0.461971094348271;0
11.66;0.0637304649418664;0.459328758150494;0
11.67;0.0683113722622782;0.456553274642825;0
11.68;0.0728639294675798;0.453645704641751;0
11.69;0.0773868206054814;0.450607146734874;0
11.7;0.0818787408780945;0.447438736886688;0
11.71;0.0863383970138886;0.44414164803382;0
11.72;0.0907645076355526;0.440717089669888;0
11.73;0.0951558036236588;0.437166307420113;0
11.74;0.0995110284760278;0.433490582605831;0
11.75;0.103828938662693;0.429691231799055;0
11.76;0.108108303976367;0.425769606367233;0
11.77;0.112347907878312;0.421727092008362;0
11.78;0.116546547839519;0.417565108276605;0
11.79;0.120703035677097;0.413285108098576;0
11.8;0.124816197885791;0.40888857728046;0
11.81;0.128884875964527;0.404377034006111;0
11.82;0.132907926737893;0.399752028326317;0
11.83;0.136884222672481;0.395015141639388;0
11.84;0.140812652187995;0.390167986163239;0
11.85;0.144692119963038;0.38521220439914;0
11.86;0.148521547235503;0.380149468587313;0
11.87;0.152299872097485;0.374981480154552;0
11.88;0.15602604978463;0.369709969154035;0
11.89;0.159699052959851;0.364336693697527;0
11.9;0.163317871991332;0.358863439380143;0
11.91;0.166881515224744;0.353292018697864;0
11.92;0.170389009249611;0.347624270457985;0
11.93;0.173839399159738;0.341862059182695;0
11.94;0.177231748807657;0.336007274505972;0
11.95;0.180565141053007;0.330061830563985;0
11.96;0.183838678004784;0.324027665379204;0
11.97;0.187051481257417;0.3179067402384;0
11.98;0.190202692120585;0.311701039064746;0
11.99;0.193291471842737;0.305412567784214;0
12;0.196317001828247;0.29904335368646;0
12.01;0.199278483848158;0.292595444780404;0
12.02;0.202175140244452;0.286070909144713;0
12.03;0.205006214127808;0.279471834273373;0
12.04;0.207770969568797;0.272800326416577;0
12.05;0.210468691782453;0.266058509917118;0
12.06;0.213098687306206;0.259248526542498;0
12.07;0.215660284171102;0.252372534812966;0
12.08;0.218152832066296;0.245432709325683;0
12.09;0.220575702496763;0.238431240075237;0
12.1;0.222928288934207;0.231370331770703;0
12.11;0.225210006961116;0.224252203149469;0
12.12;0.227420294407946;0.217079086288039;0
12.13;0.229558611483404;0.209853225910015;0
12.14;0.231624440897794;0.202576878691485;0
12.15;0.233617287979404;0.195252312564018;0
12.16;0.23553668078392;0.187881806015478;0
12.17;0.237382170196835;0.18046764738889;0
12.18;0.239153330028836;0.173012134179539;0
12.19;0.240849757104163;0.165517572330546;0
12.2;0.242471071341904;0.157986275527117;0
12.21;0.244016915830247;0.150420564489686;0
12.22;0.245486956893639;0.142822766266166;0
12.23;0.246880884152876;0.13519521352351;0
12.24;0.248198410578106;0.127540243838821;0
12.25;0.249439272534736;0.119860198990195;0
12.26;0.250603229822255;0.112157424247527;0
12.27;0.251690065705954;0.104434267663494;0
12.28;0.252699586941572;0.0966930793649194;0
12.29;0.253631623792847;0.0889362108447286;0
12.3;0.254486030041993;0.08116601425472;0
12.31;0.255262682993113;0.0733848416993499;0
12.32;0.255961483468548;0.0655950445307451;0
12.33;0.25658235579819;0.057798972645154;0
12.34;0.257125247801761;0.0499989737810426;0
12.35;0.257590130764086;0.0421973928190438;0
12.36;0.257976999403367;0.0343965710839665;0
12.37;0.258285871832498;0.0265988456490704;0
12.38;0.258516789513424;0.0188065486428102;0
12.39;0.258669817204582;0.011022006558255;0
12.4;0.258745042901454;0.00324753956538222;0
12.41;0.25874257777025;-0.00451453917355002;0
12.42;0.258662556074762;-0.0122619241853536;0
12.43;0.258505135096422;-0.0199923183637853;0
12.44;0.258270495047591;-0.0277034336437485;0
12.45;0.257958838978134;-0.0353929916716257;0
12.46;0.257570392675297;-0.0430587244715484;0
12.47;0.257105404556954;-0.0506983751074106;0
12.48;0.256564145558238;-0.0583096983404353;0
12.49;0.255946909011635;-0.0658904612821045;0
12.5;0.255254010520552;-0.0734384440422653;0
12.51;0.254485787826443;-0.0809514403722247;0
12.52;0.253642600669513;-0.0884272583026514;0
12.53;0.252724830643077;-0.0958637207760994;0
12.54;0.251732881041618;-0.103258666273976;0
12.55;0.250667176702589;-0.110609949437772;0
12.56;0.249528163842048;-0.117915441684383;0
12.57;0.248316309884151;-0.125173031815344;0
12.58;0.247032103284591;-0.132380626619801;0
12.59;0.24567605334803;-0.139536151471064;0
12.6;0.244248690039596;-0.146637550916552;0
12.61;0.242750563790514;-0.153682789260986;0
12.62;0.241182245297933;-0.160669851142654;0
12.63;0.239544325319025;-0.167596742102587;0
12.64;0.237837414459418;-0.1744614891465;0
12.65;0.236062142956054;-0.181262141299318;0
12.66;0.234219160454525;-0.187996770152168;0
12.67;0.232309135780977;-0.194663470401648;0
12.68;0.230332756708662;-0.201260360381254;0
12.69;0.228290729719201;-0.207785582584804;0
12.7;0.226183779758661;-0.214237304181725;0
12.71;0.224012649988507;-0.220613717524049;0
12.72;0.221778101531525;-0.226913040644997;0
12.73;0.219480913212801;-0.233133517749005;0
12.74;0.217121881295831;-0.239273419693058;0
12.75;0.214701819213868;-0.245331044459219;0
12.76;0.212221557296571;-0.251304717618203;0
12.77;0.20968194249207;-0.257192792783888;0
12.78;0.207083838084522;-0.262993652058643;0
12.79;0.204428123407255;-0.268705706469346;0
12.8;0.201715693551597;-0.274327396393983;0
12.81;0.19894745907148;-0.279857191978717;0
12.82;0.196124345683914;-0.285293593545317;0
12.83;0.193247293965438;-0.290635131988838;0
12.84;0.19031725904463;-0.295880369165456;0
12.85;0.187335210290789;-0.301027898270358;0
12.86;0.18430213099888;-0.306076344205579;0
12.87;0.181219018070848;-0.311024363937715;0
12.88;0.178086881693401;-0.315870646845397;0
12.89;0.174906745012363;-0.320613915056463;0
12.9;0.171679643803702;-0.325252923774725;0
12.91;0.16840662614134;-0.329786461596265;0
12.92;0.165088752061846;-0.334213350815175;0
12.93;0.161727093226116;-0.33853244771867;0
12.94;0.158322732578156;-0.342742642871507;0
12.95;0.154876764001067;-0.346842861389639;0
12.96;0.151390291970338;-0.350832063203034;0
12.97;0.147864431204564;-0.354709243307622;0
12.98;0.144300306313696;-0.358473432006284;0
12.99;0.140699051444924;-0.362123695138847;0
13;0.137061809926314;-0.365659134301033;0
13.01;0.133389733908304;-0.369078887052317;0
13.02;0.129683984003176;-0.372382127112636;0
13.03;0.125945728922601;-0.375568064547929;0
13.04;0.122176145113388;-0.378635945944465;0
13.05;0.118376416391542;-0.381585054571917;0
13.06;0.114547733574728;-0.384414710535162;0
13.07;0.110691294113286;-0.387124270914783;0
13.08;0.106808301719881;-0.389713129896238;0
13.09;0.102899965997911;-0.39218071888769;0
13.1;0.0989675020687953;-0.394526506626474;0
13.11;0.0950121301982453;-0.396749999274194;0
13.12;0.091035075421634;-0.398850740500434;0
13.13;0.0870375671685823;-0.400828311555084;0
13.14;0.0830208388868721;-0.402682331329281;0
13.15;0.0789861276658017;-0.404412456404949;0
13.16;0.0749346738590965;-0.406018381092974;0
13.17;0.0708677207074897;-0.407499837459986;0
13.18;0.066786513961086;-0.408856595343789;0
13.19;0.0626923015016219;-0.410088462357439;0
13.2;0.058586332964737;-0.411195283881989;0
13.21;0.0544698593623676;-0.412176943047926;0
13.22;0.0503441327053781;-0.413033360705328;0
13.23;0.04621040562654;-0.413764495382762;0
13.24;0.0420699310039739;-0.414370343234956;0
13.25;0.037923961585164;-0.414850937979286;0
13.26;0.0337737496116588;-0.415206350821114;0
13.27;0.0296205464445676;-0.415436690368009;0
13.28;0.0254656021909658;-0.415542102532914;0
13.29;0.0213101653313167;-0.415522770426285;0
13.3;0.0171554823480226;-0.415378914237279;0
13.31;0.0130027973552122;-0.415110791104018;0
13.32;0.00885335172987488;-0.414718694973009;0
13.33;0.00470838374444912;-0.414202956447767;0
13.34;0.000569128200972952;-0.413563942626715;0
13.35;-0.00356318393309632;-0.412802056930417;0
13.36;-0.00768732588728719;-0.411917738918224;0
13.37;-0.0118020754486381;-0.410911464094399;0
13.38;-0.0159062153202355;-0.409783743703807;0
13.39;-0.0199985334776627;-0.408535124517229;0
13.4;-0.0240778235232549;-0.407166188606415;0
13.41;-0.028142885038059;-0.405677553108923;0
13.42;-0.0321925239313966;-0.404069869982862;0
13.43;-0.0362255527879288;-0.402343825751618;0
13.44;-0.0402407912121237;-0.400500141238649;0
13.45;-0.0442370661700278;-0.398539571292467;0
13.46;-0.0482132123282428;-0.396462904501883;0
13.47;-0.0521680723900119;-0.39427096290163;0
13.48;-0.0561004974283196;-0.391964601668469;0
13.49;-0.0600093472159094;-0.389544708807879;0
13.5;-0.0638934905521271;-0.387012204831448;0
13.51;-0.0677518055864964;-0.384368042425071;0
13.52;-0.0715831801389351;-0.381613206108078;0
13.53;-0.0753865120165228;-0.378748711883399;0
13.54;-0.0791607093267303;-0.375775606878899;0
13.55;-0.0829046907870225;-0.372694968979998;0
13.56;-0.0866173860307495;-0.369507906453699;0
13.57;-0.0902977359092391;-0.36621555756416;0
13.58;-0.093944692790008;-0.362819090179929;0
13.59;-0.0975572208510077;-0.359319701372985;0
13.6;-0.101134296370825;-0.355718617009713;0
13.61;-0.104674908014757;-0.352017091333948;0
13.62;-0.10817805711668;-0.348216406542231;0
13.63;-0.111642757956635;-0.344317872351416;0
13.64;-0.115068038034061;-0.34032282555877;0
13.65;-0.118452938336592;-0.336232629594714;0
13.66;-0.121796513604345;-0.332048674068343;0
13.67;-0.125097832589642;-0.327772374305885;0
13.68;-0.128355978312073;-0.323405170882244;0
13.69;-0.131570048308853;-0.31894852914578;0
13.7;-0.134739154880395;-0.314403938736472;0
13.71;-0.13786242533103;-0.30977291309764;0
13.72;-0.140939002204823;-0.305056988981362;0
13.73;-0.143968043516412;-0.300257725947754;0
13.74;-0.146948722976812;-0.295376705858281;0
13.75;-0.149880230214127;-0.290415532363244;0
13.76;-0.152761770989114;-0.285375830383625;0
13.77;-0.155592567405534;-0.28025924558744;0
13.78;-0.158371858115248;-0.275067443860775;0
13.79;-0.161098898517998;-0.269802110773675;0
13.8;-0.163772960955827;-0.264464951041041;0
13.81;-0.166393334902081;-0.259057687978727;0
13.82;-0.168959327144954;-0.25358206295498;0
13.83;-0.171470261965528;-0.248039834837431;0
13.84;-0.173925481310263;-0.24243277943577;0
13.85;-0.176324344957893;-0.236762688940319;0
13.86;-0.17866623068069;-0.231031371356646;0
13.87;-0.180950534400065;-0.225240649936419;0
13.88;-0.183176670336444;-0.21939236260466;0
13.89;-0.185344071153422;-0.213488361383592;0
13.9;-0.187452188096122;-0.207530511813247;0
13.91;-0.189500491123762;-0.201520692369019;0
13.92;-0.191488469036368;-0.195460793876337;0
13.93;-0.193415629595641;-0.189352718922646;0
13.94;-0.195281499639913;-0.183198381266875;0
13.95;-0.1970856251932;-0.176999705246559;0
13.96;-0.198827571568311;-0.170758625182828;0
13.97;-0.200506923463999;-0.164477084783407;0
13.98;-0.202123285056136;-0.158157036543841;0
13.99;-0.203676280082885;-0.15180044114711;0
14;-0.205165551923876;-0.145409266861821;0
14.01;-0.206590763673341;-0.138985488939165;0
14.02;-0.207951598207227;-0.132531089008808;0
14.03;-0.209247758244257;-0.126048054473921;0
14.04;-0.210478966400944;-0.119538377905506;0
14.05;-0.211644965240534;-0.113004056436227;0
14.06;-0.212745517315903;-0.106447091153902;0
14.07;-0.21378040520637;-0.0998694864948612;0
14.08;-0.214749431548459;-0.0932732496373429;0
14.09;-0.215652419060585;-0.0866603898951053;0
14.1;-0.216489210561684;-0.0800329181114451;0
14.11;-0.217259668983782;-0.0733928460537967;0
14.12;-0.217963677378516;-0.0667421858090961;0
14.13;-0.218601138917611;-0.0600829491800871;0
14.14;-0.219171976887325;-0.053417147082751;0
14.15;-0.219676134676877;-0.0467467889450374;0
14.16;-0.220113575760863;-0.0400738821070746;0
14.17;-0.220484283675686;-0.0334004312230368;0
14.18;-0.220788261990012;-0.0267284376648438;0
14.19;-0.221025534269271;-0.0200598989278704;0
14.2;-0.221196144034228;-0.0133968080388382;0
14.21;-0.221300154713633;-0.00674115296606569;0
14.22;-0.221337649591001;-9.49160322469515e-05;0
14.23;-0.221308731745519;0.00653992667006688;0
14.24;-0.221213523987123;0.0131614058601147;0
14.25;-0.221052168785778;0.019767559647531;0
14.26;-0.22082482819498;0.0263564341077409;0
14.27;-0.220531683769518;0.0329260838539796;0
14.28;-0.220172936477542;0.0394745726057683;0
14.29;-0.219748806606948;0.045999973753684;0
14.3;-0.219259533666147;0.0525003709202599;0
14.31;-0.218705376279229;0.0589738585168537;0
14.32;-0.21808661207559;0.0654185422963258;0
14.33;-0.217403537574043;0.0718325399013672;0
14.34;-0.21665646806147;0.0782139814083214;0
14.35;-0.215845737466055;0.084561009866344;0
14.36;-0.214971698225146;0.0908717818317474;0
14.37;-0.214034721147798;0.0971444678973781;0
14.38;-0.213035195272045;0.103377253216876;0
14.39;-0.211973527716952;0.10956833802367;0
14.4;-0.2108501435295;0.115715938144557;0
14.41;-0.209665485526363;0.121818285507729;0
14.42;-0.208420014130629;0.127873628645099;0
14.43;-0.207114207203521;0.13388023318878;0
14.44;-0.205748559871187;0.1398363823616;0
14.45;-0.204323584346605;0.14574037746148;0
14.46;-0.202839809746677;0.151590538339583;0
14.47;-0.201297781904565;0.157385203872063;0
14.48;-0.199698063177348;0.163122732425309;0
14.49;-0.198041232249043;0.168801502314542;0
14.5;-0.196327883929086;0.174419912255651;0
14.51;-0.194558628946309;0.17997638181013;0
14.52;-0.192734093738514;0.185469351823004;0
14.53;-0.19085492023769;0.190897284853622;0
14.54;-0.188921765650959;0.196258665599206;0
14.55;-0.186935302237318;0.201552001311025;0
14.56;-0.184896217080251;0.206775822203102;0
14.57;-0.182805211856294;0.211928681853334;0
14.58;-0.180663002599617;0.217009157596913;0
14.59;-0.178470319462711;0.22201585091196;0
14.6;-0.176227906473249;0.226947387797247;0
14.61;-0.173936521287213;0.231802419141927;0
14.62;-0.171596934938353;0.236579621087169;0
14.63;-0.169209931584073;0.241277695379594;0
14.64;-0.166776308247812;0.245895369716436;0
14.65;-0.164296874558019;0.250431398082327;0
14.66;-0.161772452483793;0.254884561077622;0
14.67;-0.15920387606728;0.259253666238186;0
14.68;-0.156591991152911;0.263537548346552;0
14.69;-0.153937655113566;0.267735069734381;0
14.7;-0.151241736573754;0.271845120576141;0
14.71;-0.148505115129897;0.275866619173936;0
14.72;-0.145728681067804;0.279798512233414;0
14.73;-0.142913335077425;0.28363977513069;0
14.74;-0.140059987964983;0.287389412170209;0
14.75;-0.13716956036256;0.291046456833498;0
14.76;-0.134242982435242;0.294609972018747;0
14.77;-0.131281193585907;0.298079050271154;0
14.78;-0.128285142157753;0.301452814003995;0
14.79;-0.125255785134658;0.304730415710353;0
14.8;-0.122194087839462;0.307911038165471;0
14.81;-0.11910102363027;0.310993894619679;0
14.82;-0.115977573594868;0.313978228981854;0
14.83;-0.112824726243346;0.316863315993371;0
14.84;-0.109643477199026;0.319648461392524;0
14.85;-0.106434828887788;0.322333002069355;0
14.86;-0.10319979022589;0.324916306210895;0
14.87;-0.0999393763063838;0.327397773436766;0
14.88;-0.0966546080842084;0.329776834925129;0
14.89;-0.0933465120600779;0.332052953528953;0
14.9;-0.0900161199632441;0.334225623882599;0
14.91;-0.0866644684332391;0.336294372498677;0
14.92;-0.0832925987006924;0.338258757855199;0
14.93;-0.0799015562673205;0.340118370472988;0
14.94;-0.0764923905851864;0.341872832983353;0
14.95;-0.0730661547353259;0.343521800186024;0
14.96;-0.0696239051058383;0.345064959097338;0
14.97;-0.0661667010695398;0.346502028988695;0
14.98;-0.0626956046612749;0.347832761415271;0
14.99;-0.059211680254986;0.349056940235003;0
15;-0.0557159942406352;0.35017438161787;0
15.01;-0.0522096147010784;0.351184934045459;0
15.02;-0.0486936110889866;0.35208847830085;0
15.03;-0.0451690539039119;0.352884927448843;0
15.04;-0.0416370143695948;0.353574226806529;0
15.05;-0.0380985641116093;0.354156353904255;0
15.06;-0.0345547748354407;0.354631318436996;0
15.07;-0.0310067180050939;0.354999162206167;0
15.08;-0.0274554645223254;0.35525995905191;0
15.09;-0.023902084406596;0.355413814775901;0
15.1;-0.0203476464758372;0.355460867054699;0
15.11;-0.0167932180281272;0.355401285343696;0
15.12;-0.013239864524369;0.355235270771703;0
15.13;-0.00968864927206489;0.354963056026221;0
15.14;-0.00614063311027992;0.354584905229458;0
15.15;-0.00259687409588661;0.354101113805121;0
15.16;0.000941572808816976;0.353512008336071;0
15.17;0.0044736560470247;0.352817946412868;0
15.18;0.00799832777678465;0.352019316473292;0
15.19;0.0115145441787161;0.351116537632883;0
15.2;0.0150212657619918;0.350110059506588;0
15.21;0.0185174576684971;0.349000362021562;0
15.22;0.0220020899750772;0.34778795522121;0
15.23;0.025474137993786;0.346473379060534;0
15.24;0.0289325825700493;0.345057203192871;0
15.25;0.0323764103786571;0.343540026748087;0
15.26;0.0358046142175;0.341922478102327;0
15.27;0.0392161932989646;0.340205214639382;0
15.28;0.0426101535389057;0.338388922503783;0
15.29;0.0459855078431127;0.336474316345687;0
15.3;0.049341276391188;0.334462139057662;0
15.31;0.0526764869177568;0.33235316150346;0
15.32;0.0559901749909296;0.330148182238867;0
15.33;0.0592813842879377;0.327848027224737;0
15.34;0.0625491668678637;0.325453549532297;0
15.35;0.0657925834413913;0.322965629040841;0
15.36;0.0690107036374979;0.320385172127898;0
15.37;0.0722026062670156;0.317713111351998;0
15.38;0.0753673795829863;0.314950405128129;0
15.39;0.0785041215377399;0.312098037396005;0
15.4;0.0816119400366223;0.309157017281249;0
15.41;0.0846899531883045;0.306128378749614;0
15.42;0.0877372895516023;0.303013180254345;0
15.43;0.0907530883787399;0.299812504376814;0
15.44;0.0937364998549892;0.296527457460536;0
15.45;0.096686685334621;0.293159169238689;0
15.46;0.0996028175731017;0.289708792455268;0
15.47;0.102484080955473;0.286177502479991;0
15.48;0.105329671720856;0.28256649691708;0
15.49;0.108138798183009;0.278876995208056;0
15.5;0.110910680946898;0.275110238228665;0
15.51;0.113644553121198;0.271267487880076;0
15.52;0.11633966052669;0.267350026674477;0
15.53;0.118995261900487;0.263359157315204;0
15.54;0.121610629096032;0.259296202271541;0
15.55;0.12418504727883;0.255162503348323;0
15.56;0.126717815117848;0.250959421250487;0
15.57;0.129208244972533;0.246688335142704;0
15.58;0.131655663075415;0.242350642204229;0
15.59;0.134059409710232;0.237947757179125;0
15.6;0.136418839385534;0.233481111921991;0
15.61;0.138733321003734;0.228952154939336;0
15.62;0.141002238025543;0.224362350926764;0
15.63;0.143224988629764;0.219713180302081;0
15.64;0.145400985868401;0.215006138734512;0
15.65;0.147529657817037;0.210242736670143;0
15.66;0.149610447720459;0.205424498853752;0
15.67;0.151642814133474;0.200552963847177;0
15.68;0.153626231056905;0.195629683544368;0
15.69;0.155560188068717;0.190656222683279;0
15.7;0.157444190450248;0.185634158354743;0
15.71;0.159277759307519;0.180565079508498;0
15.72;0.161060431687586;0.175450586456494;0
15.73;0.162791760689926;0.170292290373661;0
15.74;0.164471315572801;0.165091812796267;0
15.75;0.166098681854615;0.159850785118044;0
15.76;0.167673461410206;0.154570848084213;0
15.77;0.169195272562083;0.149253651283586;0
15.78;0.170663750166565;0.143900852638881;0
15.79;0.172078545694822;0.138514117895422;0
15.8;0.173439327308797;0.133095120108371;0
15.81;0.174745779931988;0.127645539128643;0
15.82;0.175997605315092;0.122167061087681;0
15.83;0.177194522096485;0.116661377881222;0
15.84;0.17833626585754;0.111130186652226;0
15.85;0.179422589172769;0.105575189273123;0
15.86;0.180453261654787;0.0999980918275328;0
15.87;0.18142806999409;0.0944006040916046;0
15.88;0.182346817993643;0.0887844390151533;0
15.89;0.183209326598287;0.0831513122027275;0
15.9;0.184015433918945;0.0775029413947773;0
15.91;0.184764995251652;0.0718410459490724;0
15.92;0.185457883091393;0.0661673463225272;0
15.93;0.186093987140767;0.0604835635535863;0
15.94;0.186673214313472;0.0547914187453263;0
15.95;0.187195488732633;0.0490926325494253;0
15.96;0.187660751723967;0.043388924651156;0
15.97;0.188068961803805;0.0376820132555526;0
15.98;0.188420094661986;0.031973614574905;0
15.99;0.188714143139622;0.0262654423177308;0
16;0.188951117201772;0.0205592071793767;0
16.01;0.189131043905025;0.0148566163343978;0
16.02;0.189253967360011;0.00915937293086586;0
16.03;0.189319948688868;0.00346917558675241;0
16.04;0.189329065977687;-0.00221228211146376;0
16.05;0.189281414223948;-0.00788331210781954;0
16.06;0.189177105278976;-0.0135422323733748;0
16.07;0.189016267785447;-0.0191873674000597;0
16.08;0.188799047109969;-0.0248170486917189;0
16.09;0.188525605270764;-0.0304296152522089;0
16.1;0.18819612086048;-0.0360234140704099;0
16.11;0.187810788964172;-0.041596800602009;0
16.12;0.187369821072479;-0.0471481392479181;0
16.13;0.18687344499003;-0.0526758038291882;0
16.14;0.186321904739117;-0.0581781780582832;0
16.15;0.185715460458681;-0.063653656006579;0
16.16;0.185054388298625;-0.0691006425679541;0
16.17;0.184338980309522;-0.0745175539183391;0
16.18;0.183569544327744;-0.0799028179710941;0
16.19;0.182746403856048;-0.0852548748280858;0
16.2;0.181869897939682;-0.0905721772263351;0
16.21;0.180940381038039;-0.0958531909801097;0
16.22;0.179958222891913;-0.101096395418337;0
16.23;0.1789238083864;-0.106300283817215;0
16.24;0.177837537409498;-0.111463363827894;0
16.25;0.17669982470645;-0.116584157899124;0
16.26;0.175511099729887;-0.121661203694729;0
16.27;0.174271806485816;-0.12669305450581;0
16.28;0.172982403375514;-0.131678279657553;0
16.29;0.171643363033375;-0.136615464910532;0
16.3;0.170255172160772;-0.141503212856392;0
16.31;0.168818331355984;-0.146340143307815;0
16.32;0.167333354940258;-0.151124893682643;0
16.33;0.165800770780045;-0.155856119382074;0
16.34;0.164221120105489;-0.160532494162806;0
16.35;0.162594957325219;-0.165152710503052;0
16.36;0.160922849837511;-0.169715479962303;0
16.37;0.15920537783788;-0.174219533534757;0
16.38;0.157443134123163;-0.178663621996317;0
16.39;0.155636723892167;-0.183046516245061;0
16.4;0.153786764542938;-0.187367007635092;0
16.41;0.151893885466727;-0.191623908303688;0
16.42;0.149958727838703;-0.195816051491655;0
16.43;0.14798194440551;-0.199942291856809;0
16.44;0.145964199269707;-0.204001505780488;0
16.45;0.143906167671179;-0.207992591667041;0
16.46;0.141808535765587;-0.211914470236188;0
16.47;0.139672000399926;-0.215766084808195;0
16.48;0.137497268885261;-0.219546401581781;0
16.49;0.135285058766718;-0.223254409904688;0
16.5;0.133036097590806;-0.226889122536854;0
16.51;0.130751122670136;-0.230449575906108;0
16.52;0.128430880845623;-0.233934830356332;0
16.53;0.126076128246229;-0.237343970388032;0
16.54;0.123687630046351;-0.24067610489125;0
16.55;0.1212661602209;-0.243930367370766;0
16.56;0.11881250129817;-0.247105916163534;0
16.57;0.116327444110569;-0.250201934648301;0
16.58;0.113811787543284;-0.253217631447362;0
16.59;0.111266338280967;-0.256152240620394;0
16.6;0.108691910552518;-0.259005021850339;0
16.61;0.106089325874048;-0.261775260621283;0
16.62;0.103459412790092;-0.264462268388298;0
16.63;0.100803006613169;-0.2670653827392;0
16.64;0.098120949161754;-0.269583967548208;0
16.65;0.0954140884967517;-0.272017413121443;0
16.66;0.0926832786565552;-0.27436513633427;0
16.67;0.089929379390764;-0.276626580760428;0
16.68;0.0871532558926499;-0.27880121679294;0
16.69;0.0843557785304502;-0.280888541756774;0
16.7;0.0815378225775715;-0.282888080013239;0
16.71;0.0787002679417875;-0.284799383056096;0
16.72;0.0758439988935118;-0.28662202959937;0
16.73;0.0729699037932313;-0.288355625656853;0
16.74;0.0700788748181806;-0.289999804613286;0
16.75;0.0671718076883434;-0.291554227287214;0
16.76;0.0642496013918621;-0.29301858198551;0
16.77;0.0613131579099396;-0.294392584549565;0
16.78;0.058363381941317;-0.295675978393142;0
16.79;0.0554011806264101;-0.296868534531908;0
16.8;0.0524274632711883;-0.297970051604632;0
16.81;0.0494431410708783;-0.298980355886071;0
16.82;0.0464491268335774;-0.299899301291548;0
16.83;0.0434463347038569;-0.300726769373239;0
16.84;0.0404356798864415;-0.301462669308182;0
16.85;0.0374180783700446;-0.302106937878018;0
16.86;0.0343944466514438;-0.302659539440504;0
16.87;0.031365701459878;-0.303120465892801;0
16.88;0.028332759481849;-0.303489736626572;0
16.89;0.0252965370864082;-0.303767398474915;0
16.9;0.0222579500510113;-0.30395352565116;0
16.91;0.0192179132880209;-0.304048219679568;0
16.92;0.0161773405719389;-0.304051609317957;0
16.93;0.0131371442674484;-0.303963850472304;0
16.94;0.0100982350583461;-0.303785126103347;0
16.95;0.00706152167744413;-0.303515646125244;0
16.96;0.0040279106375207;-0.303155647296326;0
16.97;0.000998305963399154;-0.302705393101991;0
16.98;-0.00202639107476706;-0.302165173629784;0
16.99;-0.00504528222692523;-0.30153530543672;0
17;-0.00805747252719266;-0.300816131408902;0
17.01;-0.0110620705564877;-0.300008020613486;0
17.02;-0.0140581887036461;-0.299111368143052;0
17.03;-0.0170449434249475;-0.298126594952443;0
17.04;-0.020021455501976;-0.297054147688128;0
17.05;-0.0229868502977413;-0.295894498510163;0
17.06;-0.0259402580109867;-0.294648144906805;0
17.07;-0.02888081392861;-0.293315609501852;0
17.08;-0.0318076586761253;-0.291897439854785;0
17.09;-0.0347199384660941;-0.290394208253774;0
17.1;-0.0376168053444553;-0.288806511501627;0
17.11;-0.0404974174346821;-0.287134970694758;0
17.12;-0.0433609391796984;-0.28538023099526;0
17.13;-0.0462065415814845;-0.283542961396143;0
17.14;-0.0490334024383052;-0.281623854479844;0
17.15;-0.051840706579493;-0.279623626170073;0
17.16;-0.0546276460977197;-0.277543015477093;0
17.17;-0.057393420578692;-0.275382784236515;0
17.18;-0.0601372373282058;-0.273143716841699;0
17.19;-0.0628583115964968;-0.270826619969858;0
17.2;-0.065555866799823;-0.268432322301946;0
17.21;-0.0682291347392195;-0.26596167423644;0
17.22;-0.0708773558163636;-0.26341554759709;0
17.23;-0.0734997792464903;-0.260794835334769;0
17.24;-0.0760956632683008;-0.258100451223482;0
17.25;-0.0786642753508046;-0.255333329550668;0
17.26;-0.0812048923970394;-0.252494424801884;0
17.27;-0.0837168009446133;-0.249584711339968;0
17.28;-0.0861992973630139;-0.246605183078809;0
17.29;-0.088651688047631;-0.243556853151802;0
17.3;-0.0910732896104409;-0.240440753575121;0
17.31;-0.0934634290673;-0.237257934905913;0
17.32;-0.0958214440217982;-0.234009465895506;0
17.33;-0.098146682845622;-0.230696433137782;0
17.34;-0.100438504855381;-0.227319940712784;0
17.35;-0.102696280485847;-0.223881109825708;0
17.36;-0.104919391459566;-0.220381078441378;0
17.37;-0.107107230952794;-0.216821000914321;0
17.38;-0.109259203757712;-0.213202047614575;0
17.39;-0.11137472644088;-0.209525404549326;0
17.4;-0.113453227497897;-0.20579227298052;0
17.41;-0.115494147504207;-0.20200386903855;0
17.42;-0.117496939262036;-0.198161423332158;0
17.43;-0.119461067943402;-0.194266180554663;0
17.44;-0.121386011229181;-0.190319399086642;0
17.45;-0.123271259444173;-0.186322350595196;0
17.46;-0.125116315688157;-0.182276319629915;0
17.47;-0.126920695962883;-0.178182603215689;0
17.48;-0.128683929294983;-0.174042510442458;0
17.49;-0.130405557854764;-0.169857362052075;0
17.5;-0.132085137070856;-0.165628490022363;0
17.51;-0.133722235740694;-0.16135723714854;0
17.52;-0.135316436136796;-0.157044956622102;0
17.53;-0.136867334108823;-0.152693011607325;0
17.54;-0.138374539181392;-0.148302774815507;0
17.55;-0.139837674647624;-0.143875628077065;0
17.56;-0.141256377658399;-0.139412961911656;0
17.57;-0.142630299307312;-0.134916175096409;0
17.58;-0.143959104711293;-0.130386674232443;0
17.59;-0.145242473086895;-0.125825873309774;0
17.6;-0.146480097822215;-0.121235193270757;0
17.61;-0.147671686544452;-0.116616061572194;0
17.62;-0.148816961183076;-0.111969911746248;0
17.63;-0.149915658028597;-0.107298182960277;0
17.64;-0.15096752778694;-0.102602319575749;0
17.65;-0.151972335629392;-0.0978837707063539;0
17.66;-0.152929861238137;-0.0931439897754424;0
17.67;-0.153839898847357;-0.0883844340729463;0
17.68;-0.154702257279905;-0.0836065643118928;0
17.69;-0.155516759979534;-0.0788118441846573;0
17.7;-0.156283245038701;-0.074001739919086;0
17.71;-0.157001565221917;-0.0691777198346213;0
17.72;-0.157671587984669;-0.0643412538985622;0
17.73;-0.158293195487903;-0.0594938132825948;0
17.74;-0.158866284608073;-0.0546368699197231;0
17.75;-0.159390766942763;-0.0497718960617328;0
17.76;-0.159866568811883;-0.0449003638373206;0
17.77;-0.160293631254458;-0.0400237448110202;0
17.78;-0.160671910021;-0.0351435095430544;0
17.79;-0.161001375561488;-0.0302611271502458;0
17.8;-0.161282013008967;-0.0253780648681141;0
17.81;-0.161513822158765;-0.0204957876142902;0
17.82;-0.161696817443356;-0.0156157575533757;0
17.83;-0.161831027902878;-0.0107394336633748;0
17.84;-0.16191649715132;-0.00586827130382762;0
17.85;-0.161953283338403;-0.00100372178576956;0
17.86;-0.161941459107168;0.00385276805635643;0
17.87;-0.161881111547285;0.0086997562907097;0
17.88;-0.161772342144126;0.0135358063118602;0
17.89;-0.161615266723597;0.0183594872622717;0
17.9;-0.161410015392773;0.0231693744513376;0
17.91;-0.161156732476353;0.027964049771848;0
17.92;-0.160855576448959;0.0327421021137674;0
17.93;-0.160506719863316;0.037502127775204;0
17.94;-0.160110349274332;0.042242730870452;0
17.95;-0.159666665159106;0.0469625237349894;0
17.96;-0.159175881832913;0.0516601273273155;0
17.97;-0.158638227361168;0.056334171627513;0
17.98;-0.15805394346744;0.0609832960324207;0
17.99;-0.15742328543751;0.0656061497473043;0
18;-0.156746522019542;0.0702013921739136;0
18.01;-0.156023935320383;0.0747676932948171;0
18.02;-0.155255820698042;0.0793037340539029;0
18.03;-0.154442486650377;0.0838082067329415;0
18.04;-0.153584254700038;0.0882798153241015;0
18.05;-0.1526814592757;0.0927172758983154;0
18.06;-0.151734447589634;0.0971193169693914;0
18.07;-0.150743579511659;0.10148467985377;0
18.08;-0.149709227439506;0.105812119025822;0
18.09;-0.148631776165663;0.110100402468598;0
18.1;-0.147511622740725;0.114348312019916;0
18.11;-0.146349176333305;0.118554643713711;0
18.12;-0.145144858086555;0.122718208116537;0
18.13;-0.143899100971345;0.126837830659132;0
18.14;-0.142612349636147;0.130912351962967;0
18.15;-0.141285060253676;0.134940628161668;0
18.16;-0.139917700364342;0.138921531217246;0
18.17;-0.13851074871656;0.142853949231031;0
18.18;-0.137064695103984;0.14673678674924;0
18.19;-0.135580040199696;0.150568965063087;0
18.2;-0.134057295387428;0.154349422503355;0
18.21;-0.132496982589862;0.158077114729362;0
18.22;-0.130899634094067;0.161751015012228;0
18.23;-0.129265792374124;0.165370114512379;0
18.24;-0.127596009911007;0.168933422551212;0
18.25;-0.125890849009772;0.172439966876848;0
18.26;-0.124150881614118;0.175888793923908;0
18.27;-0.122376689118372;0.179278969067233;0
18.28;-0.12056886217697;0.182609576869501;0
18.29;-0.118728000511487;0.185879721322659;0
18.3;-0.116854712715277;0.189088526083118;0
18.31;-0.1149496160558;0.192235134700649;0
18.32;-0.113013336274673;0.195318710840925;0
18.33;-0.111046507385542;0.198338438501648;0
18.34;-0.109049771469807;0.201293522222208;0
18.35;-0.107023778470286;0.204183187286828;0
18.36;-0.10496918598288;0.20700667992114;0
18.37;-0.102886659046295;0.209763267482144;0
18.38;-0.100776869929901;0.212452238641509;0
18.39;-0.0986404979197815;0.215072903562167;0
18.4;-0.0964782291030546;0.217624594068165;0
18.41;-0.0942907561505204;0.220106663807724;0
18.42;-0.0920787780977107;0.222518488409488;0
18.43;-0.0898430001244074;0.224859465631905;0
18.44;-0.0875841333326973;0.227129015505722;0
18.45;-0.0853028945236331;0.229326580469556;0
18.46;-0.0830000059725706;0.231451625498523;0
18.47;-0.0806761952032501;0.233503638225878;0
18.48;-0.0783321947606935;0.235482129057663;0
18.49;-0.0759687419829863;0.237386631280333;0
18.5;-0.0735865787720152;0.239216701161326;0
18.51;-0.0711864513632315;0.240971918042588;0
18.52;-0.0687691100945109;0.242651884427007;0
18.53;-0.0663353091741818;0.244256226057762;0
18.54;-0.0638858064482908;0.245784591990572;0
18.55;-0.0614213631671787;0.247236654658821;0
18.56;-0.0589427437514369;0.248612109931579;0
18.57;-0.0564507155573154;0.249910677164484;0
18.58;-0.0539460486416547;0.251132099243508;0
18.59;-0.0514295155264112;0.252276142621582;0
18.6;-0.0489018909628497;0.253342597348108;0
18.61;-0.0463639516954714;0.254331277091333;0
18.62;-0.0438164762257512;0.255242019153616;0
18.63;-0.0412602445757542;0.256074684479573;0
18.64;-0.0386960380517023;0.256829157657134;0
18.65;-0.0361246390075624;0.2575053469115;0
18.66;-0.0335468306087271;0.258103184092028;0
18.67;-0.0309633965958579;0.25862262465206;0
18.68;-0.0283751210489618;0.259063647621709;0
18.69;-0.0257827881517726;0.259426255573622;0
18.7;-0.0231871819565046;0.259710474581749;0
18.71;-0.0205890861490509;0.259916354173135;0
18.72;-0.0179892838146954;0.260043967272767;0
18.73;-0.0153885572044063;0.260093410141499;0
18.74;-0.0127876875017828;0.260064802307091;0
18.75;-0.010187454590721;0.259958286488391;0
18.76;-0.00758863682386957;0.259774028512696;0
18.77;-0.00499201079194209;0.259512217226327;0
18.78;-0.00239835109395394;0.259173064398459;0
18.79;0.000191569891548781;0.258756804618245;0
18.8;0.00277698223420157;0.258263695185272;0
18.81;0.00535711867840858;0.257694015993407;0
18.82;0.00793121486873854;0.257048069408056;0
18.83;0.0104985095740638;0.256326180136912;0
18.84;0.0130582449103779;0.255528695094221;0
18.85;0.0156096665622263;0.254655983258619;0
18.86;0.0181520240026876;0.253708435524615;0
18.87;0.0206845707118403;0.25268646454774;0
18.88;0.0232065643936534;0.251590504583458;0
18.89;0.025717267191238;0.250421011319864;0
18.9;0.028215945900398;0.249178461704254;0
18.91;0.0307018721814197;0.247863353763617;0
18.92;0.0331743227690383;0.246476206419117;0
18.93;0.0356325796805235;0.245017559294632;0
18.94;0.0380759304218231;0.243487972519412;0
18.95;0.0405036681917072;0.241888026524935;0
18.96;0.0429150920838558;0.240218321836024;0
18.97;0.0453095072868307;0.238479478856298;0
18.98;0.0476862252818778;0.236672137648033;0
18.99;0.0500445640385029;0.234796957706515;0
19;0.0523838482077659;0.232854617728947;0
19.01;0.0547034093132407;0.230845815377998;0
19.02;0.0570025859395865;0.228771267040082;0
19.03;0.0592807239186778;0.22663170757843;0
19.04;0.0615371765132433;0.224427890081052;0
19.05;0.0637713045979604;0.222160585603669;0
19.06;0.0659824768379576;0.219830582907699;0
19.07;0.0681700698646744;0.217438688193389;0
19.08;0.0703334684490312;0.214985724828178;0
19.09;0.0724720656718617;0.212472533070375;0
19.1;0.0745852630915609;0.209899969788254;0
19.11;0.0766724709089047;0.207268908174656;0
19.12;0.0787331081289944;0.204580237457178;0
19.13;0.0807666027202847;0.201834862604063;0
19.14;0.082772391770651;0.199033704025872;0
19.15;0.084749921640455;0.196177697273041;0
19.16;0.0866986481125673;0.193267792729419;0
19.17;0.0886180365393087;0.190304955301889;0
19.18;0.0905075619862691;0.187290164106164;0
19.19;0.0923667093729683;0.184224412148868;0
19.2;0.0941949736103216;0.181108706005997;0
19.21;0.0959918597348729;0.177944065497868;0
19.22;0.0977568830397634;0.174731523360653;0
19.23;0.099489569202399;0.171472124914606;0
19.24;0.101189454408787;0.168166927729093;0
19.25;0.102856085474508;0.164817001284519;0
19.26;0.104489019962296;0.161423426631272;0
19.27;0.106087826296187;0.157987296045779;0
19.28;0.107652083872228;0.154509712683791;0
19.29;0.109181383165699;0.150991790231006;0
19.3;0.110675325834826;0.147434652551127;0
19.31;0.112133524820974;0.143839433331486;0
19.32;0.113555604445277;0.140207275726319;0
19.33;0.114941200501694;0.136539331997828;0
19.34;0.116289960346467;0.132836763155122;0
19.35;0.117601542983954;0.129100738591162;0
19.36;0.118875619148832;0.125332435717811;0
19.37;0.120111871384635;0.121533039599113;0
19.38;0.121309994118617;0.117703742582904;0
19.39;0.122469693732929;0.113845743930877;0
19.4;0.123590688632089;0.109960249447207;0
19.41;0.124672709306727;0.106048471105853;0
19.42;0.125715498393603;0.102111626676655;0
19.43;0.126718810731879;0.0981509393503305;0
19.44;0.127682413415638;0.0941676373624969;0
19.45;0.128606085842636;0.0901629536168214;0
19.46;0.129489619759284;0.0861381253074237;0
19.47;0.130332819301853;0.0820943935406406;0
19.48;0.131135501033888;0.0780330029562667;0
19.49;0.131897493979841;0.0739552013483883;0
19.5;0.132618639654905;0.0698622392859226;0
19.51;0.133298792091053;0.0657553697329776;0
19.52;0.133937817859282;0.0616358476691464;0
19.53;0.13453559608806;0.05750492970985;0
19.54;0.135092018477974;0.0533638737268424;0
19.55;0.135606989312592;0.0492139384689905;0
19.56;0.13608042546552;0.0450563831834443;0
19.57;0.136512256403692;0.0408924672373072;0
19.58;0.136902424186861;0.0367234497399219;0
19.59;0.13725088346333;0.0325505891658819;0
19.6;0.137557601461908;0.0283751429788817;0
19.61;0.137822557980112;0.0241983672565159;0
19.62;0.138045745368623;0.0200215163161393;0
19.63;0.138227168512003;0.0158458423418973;0
19.64;0.13836684480569;0.011672595013037;0
19.65;0.13846480412928;0.00750302113360752;0
19.66;0.138521088816115;0.00333836426365924;0
19.67;0.138535753619191;-0.000820135647951169;0
19.68;0.138508865673396;-0.00497124262904195;0
19.69;0.13844050445411;-0.00911372504776728;0
19.7;0.138330761732167;-0.0132463559743522;0
19.71;0.13817974152522;-0.0173679135407964;0
19.72;0.137987560045507;-0.0214771812984425;0
19.73;0.137754345644057;-0.0255729485733052;0
19.74;0.137480238751359;-0.0296540108190586;0
19.75;0.137165391814498;-0.0337191699675805;0
19.76;0.13680996923081;-0.0377672347769517;0
19.77;0.13641414727806;-0.0417970211768113;0
19.78;0.135978114041187;-0.0458073526109689;0
19.79;0.135502069335627;-0.049797060377175;0
19.8;0.134986224627257;-0.0537649839639536;0
19.81;0.134430802948981;-0.0577099713844005;0
19.82;0.133836038813996;-0.0616308795068523;0
19.83;0.133202178125763;-0.0655265743823331;0
19.84;0.132529478084717;-0.0693959315686855;0
19.85;0.131818207091755;-0.0732378364512947;0
19.86;0.131068644648526;-0.0770511845603161;0
19.87;0.130281081254576;-0.0808348818843156;0
19.88;0.129455818301359;-0.084587845180237;0
19.89;0.128593167963176;-0.0883090022796077;0
19.9;0.127693453085064;-0.0919972923908992;0
19.91;0.12675700706768;-0.0956516663979573;0
19.92;0.125784173749221;-0.0992710871544195;0
19.93;0.124775307284415;-0.102854529774038;0
19.94;0.123730772020627;-0.10640098191683;0
19.95;0.122650942371127;-0.109909444070973;0
19.96;0.121536202685554;-0.113378929830373;0
19.97;0.120386947117629;-0.116808466167824;0
19.98;0.119203579490146;-0.120197093703691;0
19.99;0.117986513157314;-0.123543866970038;0
20;0.116736170864459;-0.12684785467013;0
