0;0.390026512813998;0.248951471482093;0
0.01;0.392461350105264;0.236791408369518;0
0.02;0.394774358311054;0.224581263676664;0
0.03;0.396965053466817;0.212324783596122;0
0.04;0.399032989104394;0.200025721771534;0
0.05;0.400977756321411;0.187687838159598;0
0.06;0.402798983839287;0.175314897892123;0
0.07;0.404496338049867;0.162910670138504;0
0.08;0.406069523050681;0.150478926968932;0
0.09;0.407518280668841;0.138023442218691;0
0.1;0.408842390473584;0.125547990353878;0
0.11;0.410041669777485;0.113056345338881;0
0.12;0.411115973626348;0.100552279505961;0
0.13;0.412065194777813;0.0880395624272557;0
0.14;0.412889263668679;0.0755219597895562;0
0.15;0.413588148371007;0.0630032322721815;0
0.16;0.414161854537004;0.0504871344282806;0
0.17;0.414610425332742;0.037977413569895;0
0.18;0.414933941360743;0.0254778086571076;0
0.19;0.41513252057148;0.0129920491916045;0
0.2;0.415206318163828;0.000523854114973626;0
0.21;0.415155526474525;-0.0119230692879376;0
0.22;0.41498037485669;-0.024345026480286;0
0.23;0.414681129547452;-0.0367383367587988;0
0.24;0.414258093524753;-0.0490993343333279;0
0.25;0.413711606353379;-0.0614243694000783;0
0.26;0.413042044020293;-0.0737098092081996;0
0.27;0.412249818759332;-0.0859520391194328;0
0.28;0.411335378865338;-0.0981474636605067;0
0.29;0.4102992084978;-0.11029250756798;0
0.3;0.409141827474083;-0.122383616825231;0
0.31;0.407863791052324;-0.134417259691293;0
0.32;0.406465689704073;-0.146389927721249;0
0.33;0.40494814887678;-0.158298136777884;0
0.34;0.403311828746189;-0.170138428034317;0
0.35;0.401557423958766;-0.181907368967319;0
0.36;0.399685663364221;-0.193601554341042;0
0.37;0.397697309738247;-0.205217607180873;0
0.38;0.395593159495563;-0.216752179737151;0
0.39;0.393374042393362;-0.228201954438456;0
0.4;0.391040821225283;-0.239563644834226;0
0.41;0.388594391505997;-0.250833996526411;0
0.42;0.386035681146531;-0.262009788089934;0
0.43;0.383365650120442;-0.273087831981668;0
0.44;0.380585290120945;-0.284064975437712;0
0.45;0.377695624209128;-0.294938101358686;0
0.46;0.374697706453372;-0.305704129182819;0
0.47;0.371592621560085;-0.316360015746586;0
0.48;0.368381484495899;-0.326902756132651;0
0.49;0.365065440101436;-0.33732938450489;0
0.5;0.361645662696789;-0.347636974930267;0
0.51;0.35812335567884;-0.357822642187327;0
0.52;0.354499751110557;-0.367883542561107;0
0.53;0.350776109302401;-0.37781687462423;0
0.54;0.34695371838599;-0.387619880003985;0
0.55;0.343033893880148;-0.397289844135184;0
0.56;0.339017978249498;-0.406824096998586;0
0.57;0.334907340455734;-0.416220013844706;0
0.58;0.330703375501717;-0.42547501590281;0
0.59;0.326407503968557;-0.434586571074899;0
0.6;0.322021171545813;-0.443552194614525;0
0.61;0.317545848554983;-0.452369449790234;0
0.62;0.312983029466425;-0.46103594853348;0
0.63;0.30833423240987;-0.469549352070839;0
0.64;0.303600998678682;-0.477907371540358;0
0.65;0.298784892228031;-0.486107768591887;0
0.66;0.293887499167131;-0.494148355971229;0
0.67;0.288910427245713;-0.502026998087982;0
0.68;0.283855305334894;-0.509741611566905;0
0.69;0.278723782902599;-0.517290165782698;0
0.7;0.273517529483724;-0.524670683378038;0
0.71;0.268238234145181;-0.531881240764765;0
0.72;0.262887604946019;-0.538919968608085;0
0.73;0.257467368392766;-0.545785052293682;0
0.74;0.251979268890196;-0.552474732377616;0
0.75;0.246425068187656;-0.558987305018921;0
0.76;0.240806544821156;-0.565321122394783;0
0.77;0.235125493551385;-0.571474593098215;0
0.78;0.229383724797825;-0.577446182518139;0
0.79;0.22358306406915;-0.583234413201788;0
0.8;0.217725351390074;-0.588837865199353;0
0.81;0.211812440724838;-0.594255176390796;0
0.82;0.205846199397505;-0.599485042794772;0
0.83;0.199828507509254;-0.604526218859592;0
0.84;0.193761257352834;-0.609377517736163;0
0.85;0.18764635282438;-0.614037811532872;0
0.86;0.181485708832758;-0.618506031552357;0
0.87;0.17528125070662;-0.62278116851012;0
0.88;0.169034913599363;-0.626862272734963;0
0.89;0.162748641892159;-0.630748454351203;0
0.9;0.156424388595247;-0.634438883442659;0
0.91;0.150064114747664;-0.637932790198369;0
0.92;0.143669788815611;-0.641229465040057;0
0.93;0.137243386089614;-0.644328258731308;0
0.94;0.130786888080685;-0.647228582468482;0
0.95;0.124302281915646;-0.649929907953347;0
0.96;0.117791559731825;-0.652431767447455;0
0.97;0.111256718071272;-0.654733753808266;0
0.98;0.104699757274709;-0.656835520507053;0
0.99;0.0981226808753741;-0.658736781628601;0
1;0.0915274949929607;-0.660437311852736;0
1.01;0.0849162077278111;-0.661936946417727;0
1.02;0.078290828555566;-0.663235581065596;0
1.03;0.0716533677224388;-0.664333171969382;0
1.04;0.0650058356412989;-0.665229735642418;0
1.05;0.0583502422887432;-0.665925348829678;0
1.06;0.0516885966033338;-0.66642014838125;0
1.07;0.0450229058851821;-0.666714331108017;0
1.08;0.0383551751970554;-0.666808153619606;0
1.09;0.0316874067671834;-0.666701932144692;0
1.1;0.025021599393941;-0.666396042333741;0
1.11;0.0183597478525826;-0.665890919044275;0
1.12;0.0117038423042012;-0.665187056108768;0
1.13;0.00505586770708723;-0.664285006085249;0
1.14;-0.00158219676934149;-0.663185379990744;0
1.15;-0.00820837832786761;-0.661888847017638;0
1.16;-0.0148207111238891;-0.660396134233099;0
1.17;-0.0214172368427524;-0.658708026261665;0
1.18;-0.0279960052738368;-0.656825364951116;0
1.19;-0.0345550748812215;-0.654749049021781;0
1.2;-0.0410925133707733;-0.652480033699386;0
1.21;-0.0476063982534879;-0.650019330331607;0
1.22;-0.0540948174049246;-0.647368005988446;0
1.23;-0.0605558696205724;-0.644527183046603;0
1.24;-0.0669876651669879;-0.641498038757975;0
1.25;-0.0733883263285483;-0.638281804802452;0
1.26;-0.0797559879496614;-0.634879766825162;0
1.27;-0.0860887979722788;-0.631293263958337;0
1.28;-0.0923849179685597;-0.627523688327971;0
1.29;-0.0986425236685332;-0.623572484545434;0
1.3;-0.104859805482609;-0.619441149184228;0
1.31;-0.111034969018791;-0.615131230242072;0
1.32;-0.117166235594445;-0.610644326588489;0
1.33;-0.123251842742478;-0.605982087398096;0
1.34;-0.129290044711788;-0.601146211569793;0
1.35;-0.135279112961841;-0.596138447132034;0
1.36;-0.14121733665124;-0.590960590634407;0
1.37;-0.147103023120149;-0.585614486525701;0
1.38;-0.152934498366438;-0.580102026518695;0
1.39;-0.158710107515414;-0.574425148941863;0
1.4;-0.164428215283016;-0.568585838078226;0
1.41;-0.170087206432338;-0.562586123491557;0
1.42;-0.175685486223358;-0.55642807934018;0
1.43;-0.18122148085575;-0.550113823678574;0
1.44;-0.186693637904662;-0.543645517747021;0
1.45;-0.19210042674933;-0.537025365249527;0
1.46;-0.197440338994427;-0.530255611620265;0
1.47;-0.202711888884021;-0.523338543278752;0
1.48;-0.207913613708033;-0.51627648687404;0
1.49;-0.2130440742011;-0.509071808518129;0
1.5;-0.218101854933706;-0.501726913008885;0
1.51;-0.223085564695514;-0.494244243042679;0
1.52;-0.227993836870764;-0.486626278417036;0
1.53;-0.232825329805669;-0.478875535223522;0
1.54;-0.237578727167679;-0.47099456503114;0
1.55;-0.242252738296555;-0.462985954060499;0
1.56;-0.24684609854713;-0.454852322349013;0
1.57;-0.251357569623691;-0.446596322907393;0
1.58;-0.255785939905885;-0.438220640867716;0
1.59;-0.260130024766067;-0.429727992623317;0
1.6;-0.264388666878015;-0.421121124960793;0
1.61;-0.268560736516929;-0.412402814184397;0
1.62;-0.272645131850637;-0.40357586523307;0
1.63;-0.276640779221946;-0.394643110790425;0
1.64;-0.280546633422056;-0.385607410387935;0
1.65;-0.284361677954981;-0.376471649501612;0
1.66;-0.288084925292905;-0.36723873864247;0
1.67;-0.291715417122418;-0.357911612441041;0
1.68;-0.29525222458157;-0.348493228726234;0
1.69;-0.29869444848769;-0.338986567598822;0
1.7;-0.302041219555916;-0.329394630499855;0
1.71;-0.30529169860839;-0.319720439274261;0
1.72;-0.308445076774062;-0.309967035229955;0
1.73;-0.311500575679075;-0.300137478192722;0
1.74;-0.314457447627675;-0.290234845557176;0
1.75;-0.317314975773612;-0.280262231334084;0
1.76;-0.320072474282004;-0.270222745194349;0
1.77;-0.322729288481628;-0.260119511509932;0
1.78;-0.3252847950076;-0.24995566839203;0
1.79;-0.327738401934431;-0.239734366726776;0
1.8;-0.330089548899431;-0.229458769208775;0
1.81;-0.332337707216435;-0.219132049372757;0
1.82;-0.334482379979843;-0.208757390623644;0
1.83;-0.336523102158951;-0.198337985265332;0
1.84;-0.338459440682566;-0.187877033528468;0
1.85;-0.340290994513898;-0.177377742597519;0
1.86;-0.342017394715715;-0.166843325637444;0
1.87;-0.343638304505771;-0.156277000820225;0
1.88;-0.345153419302495;-0.145681990351586;0
1.89;-0.346562466760946;-0.135061519498172;0
1.9;-0.347865206799055;-0.124418815615477;0
1.91;-0.349061431614137;-0.11375710717682;0
1.92;-0.350150965689707;-0.10307962280366;0
1.93;-0.351133665792601;-0.0923895902975225;0
1.94;-0.35200942096043;-0.0816902356738463;0
1.95;-0.35277815247938;-0.0709847821980171;0
1.96;-0.353439813852379;-0.0602764494238889;0
1.97;-0.353994390757667;-0.0495684522350669;0
1.98;-0.354441900997793;-0.0388639998892393;0
1.99;-0.354782394439063;-0.0281662950658376;0
2;-0.355015952941487;-0.0174785329173059;0
2.01;-0.355142690279254;-0.00680390012425655;0
2.02;-0.355162752051778;0.00385442604521009;0
2.03;-0.355076315585354;0.0144932786717485;0
2.04;-0.354883589825477;0.0251095021162989;0
2.05;-0.354584815219864;0.0356999529466363;0
2.06;-0.354180263592233;0.0462615008586676;0
2.07;-0.353670238006902;0.0567910295922102;0
2.08;-0.353055072624244;0.0672854378409867;0
2.09;-0.352335132547079;0.0777416401565735;0
2.1;-0.351510813658049;0.0881565678460416;0
2.11;-0.350582542448048;0.0985271698630324;0
2.12;-0.349550775835771;0.108850413692012;0
2.13;-0.348416000978454;0.119123286225452;0
2.14;-0.347178735073872;0.129342794633684;0
2.15;-0.345839525153674;0.139505967227178;0
2.16;-0.344398947868131;0.14960985431101;0
2.17;-0.342857609262372;0.159651529031257;0
2.18;-0.3412161445442;0.1696280882131;0
2.19;-0.339475217843554;0.179536653190382;0
2.2;-0.33763552196373;0.189374370626397;0
2.21;-0.335697778124419;0.199138413325676;0
2.22;-0.333662735696677;0.208825981036537;0
2.23;-0.331531171929913;0.218434301244187;0
2.24;-0.329303891670984;0.227960629954138;0
2.25;-0.326981727075503;0.237402252465732;0
2.26;-0.32456553731146;0.246756484135555;0
2.27;-0.322056208255248;0.256020671130529;0
2.28;-0.319454652180209;0.265192191170474;0
2.29;-0.316761807437809;0.274268454259932;0
2.3;-0.313978638131529;0.283246903409062;0
2.31;-0.311106133783615;0.292125015343397;0
2.32;-0.308145308994763;0.300900301202277;0
2.33;-0.305097203096885;0.309570307225765;0
2.34;-0.301962879799054;0.31813261542986;0
2.35;-0.298743426826749;0.326584844269826;0
2.36;-0.29543995555452;0.334924649291462;0
2.37;-0.292053600632198;0.343149723770123;0
2.38;-0.28858551960477;0.351257799337346;0
2.39;-0.285036892526043;0.359246646594895;0
2.4;-0.281408921566225;0.367114075716067;0
2.41;-0.277702830613551;0.374857937034107;0
2.42;-0.273919864870086;0.382476121617571;0
2.43;-0.270061290441826;0.389966561832491;0
2.44;-0.266128393923247;0.397327231891191;0
2.45;-0.262122481976421;0.404556148387619;0
2.46;-0.25804488090484;0.411651370819055;0
2.47;-0.253896936222085;0.418611002094059;0
2.48;-0.24968001221548;0.425433189026537;0
2.49;-0.245395491504866;0.432116122815787;0
2.5;-0.241044774596639;0.438658039512434;0
2.51;-0.236629279433189;0.445057220470095;0
2.52;-0.232150440937898;0.45131199278271;0
2.53;-0.227609710555814;0.457420729707396;0
2.54;-0.223008555790172;0.463381851072741;0
2.55;-0.218348459734901;0.46919382367244;0
2.56;-0.213630920603248;0.474855161644166;0
2.57;-0.208857451252692;0.480364426833609;0
2.58;-0.204029578706282;0.485720229143581;0
2.59;-0.199148843670544;0.49092122686812;0
2.6;-0.194216800050128;0.495966127011511;0
2.61;-0.189235014459321;0.500853685592156;0
2.62;-0.184205065730594;0.505582707931236;0
2.63;-0.179128544420335;0.510152048926088;0
2.64;-0.174007052311908;0.514560613308261;0
2.65;-0.168842201916214;0.518807355886184;0
2.66;-0.163635615969877;0.522891281772407;0
2.67;-0.158388926931247;0.526811446595374;0
2.68;-0.153103776474337;0.530566956695685;0
2.69;-0.14778181498088;0.534156969306829;0
2.7;-0.142424701030643;0.537580692720337;0
2.71;-0.137034100890161;0.540837386435355;0
2.72;-0.131611688000043;0.543926361292611;0
2.73;-0.126159142461012;0.546846979592756;0
2.74;-0.120678150518832;0.549598655199077;0
2.75;-0.115170404048277;0.552180853624583;0
2.76;-0.109637600036296;0.55459309210345;0
2.77;-0.104081440064539;0.556834939646845;0
2.78;-0.098503629791396;0.558906017083132;0
2.79;-0.0929058784336975;0.560805997082477;0
2.8;-0.0872898982482451;0.562534604165868;0
2.81;-0.0816574040133193;0.564091614698579;0
2.82;-0.0760101125103235;0.565476856868105;0
2.83;-0.0703497420057177;0.566690210646595;0
2.84;-0.0646780117333977;0.567731607737838;0
2.85;-0.0589966413776747;0.568601031508817;0
2.86;-0.0533073505570068;0.569298516905913;0
2.87;-0.0476118583086395;0.569824150355772;0
2.88;-0.0419118825743042;0.570178069650928;0
2.89;-0.036209139687131;0.570360463820211;0
2.9;-0.0305053438599236;0.57037157298403;0
2.91;-0.0248022066749506;0.570211688194581;0
2.92;-0.0191014365754018;0.569881151261071;0
2.93;-0.0134047383586594;0.569380354560017;0
2.94;-0.00771381267153307;0.568709740830723;0
2.95;-0.00203035550760662;0.567869802956006;0
2.96;0.0036439422931564;0.566861083728266;0
2.97;0.00930739554240241;0.565684175601006;0
2.98;0.0149583251988274;0.564339720425882;0
2.99;0.0205950588609224;0.562828409175403;0
3;0.0262159312568819;0.561150981651386;0
3.01;0.0318192847315327;0.559308226179265;0
3.02;0.0374034697301431;0.557300979288392;0
3.03;0.0429668452789724;0.555130125378428;0
3.04;0.0485077794624216;0.552796596371963;0
3.05;0.05402464989665;0.550301371353487;0
3.06;0.059515844199519;0.547645476194844;0
3.07;0.0649797604567318;0.544829983167299;0
3.08;0.0704148076840324;0.541856010540376;0
3.09;0.0758194062853355;0.538724722167584;0
3.1;0.0811919885066538;0.535437327059197;0
3.11;0.0865309988856963;0.53199507894223;0
3.12;0.0918348946970095;0.528399275807772;0
3.13;0.0971021463925343;0.524651259445818;0
3.14;0.102331238037457;0.520752414967784;0
3.15;0.10752066774123;0.516704170316844;0
3.16;0.112668948083643;0.512507995766281;0
3.17;0.117774606535818;0.508165403406001;0
3.18;0.12283618587603;0.503677946617402;0
3.19;0.127852244600211;0.499047219536765;0
3.2;0.132821357327042;0.494274856507351;0
3.21;0.13774211519752;0.489362531520385;0
3.22;0.14261312626888;0.484311957645119;0
3.23;0.147433015902771;0.47912488644816;0
3.24;0.152200427147578;0.473803107402255;0
3.25;0.156914021114782;0.468348447284729;0
3.26;0.161572477349268;0.462762769565776;0
3.27;0.166174494193457;0.457047973786801;0
3.28;0.170718789145189;0.451205994929017;0
3.29;0.175204099209246;0.445238802772507;0
3.3;0.179629181242417;0.43914840124595;0
3.31;0.183992812292027;0.43293682776724;0
3.32;0.18829378992783;0.426606152575181;0
3.33;0.192530932567178;0.420158478052513;0
3.34;0.196703079793382;0.413595938040449;0
3.35;0.200809092667183;0.406920697144971;0
3.36;0.204847854031245;0.40013495003509;0
3.37;0.208818268807605;0.393240920733303;0
3.38;0.212719264287981;0.386240861898472;0
3.39;0.216549790416885;0.379137054101345;0
3.4;0.220308820067452;0.371931805092964;0
3.41;0.22399534930993;0.364627449066178;0
3.42;0.227608397672747;0.357226345910495;0
3.43;0.231147008396103;0.349730880460525;0
3.44;0.234610248678012;0.342143461738218;0
3.45;0.237997209912748;0.334466522189172;0
3.46;0.241307007921622;0.326702516913221;0
3.47;0.244538783176042;0.31885392288956;0
3.48;0.2476917010128;0.31092323819664;0
3.49;0.250764951841537;0.302912981227079;0
3.5;0.253757751344331;0.294825689897836;0
3.51;0.256669340667374;0.286663920855886;0
3.52;0.259498986604679;0.27843024867965;0
3.53;0.262245981773785;0.270127265076419;0
3.54;0.264909644783426;0.261757578076022;0
3.55;0.267489320393107;0.253323811220989;0
3.56;0.269984379664582;0.244828602753459;0
3.57;0.272394220105173;0.236274604799071;0
3.58;0.274718265802929;0.227664482548103;0
3.59;0.276955967553574;0.219000913434097;0
3.6;0.279106802979235;0.210286586310233;0
3.61;0.281170276638927;0.201524200623683;0
3.62;0.28314592013077;0.192716465588225;0
3.63;0.285033292185924;0.183866099355332;0
3.64;0.286831978754236;0.174975828184026;0
3.65;0.288541593081571;0.166048385609713;0
3.66;0.290161775778833;0.157086511612274;0
3.67;0.29169219488267;0.148092951783652;0
3.68;0.293132545907841;0.139070456495182;0
3.69;0.294482551891266;0.130021780064931;0
3.7;0.295741963427748;0.120949679925274;0
3.71;0.296910558697368;0.111856915790976;0
3.72;0.297988143484572;0.102746248828012;0
3.73;0.298974551188945;0.0936204408233871;0
3.74;0.299869642827689;0.0844822533561936;0
3.75;0.300673307029822;0.0753344469701565;0
3.76;0.3013854600221;0.0661797803479105;0
3.77;0.302006045606707;0.0570210094872553;0
3.78;0.302535035130702;0.0478608868796296;0
3.79;0.302972427447266;0.0387021606910501;0
3.8;0.303318248868778;0.0295475739457537;0
3.81;0.303572553111729;0.0203998637127839;0
3.82;0.303735421233523;0.0112617602957611;0
3.83;0.30380696156119;0.00213598642607267;0
3.84;0.303787309612045;-0.00697474354028004;0
3.85;0.303676628006336;-0.0160677244219439;0
3.86;0.303475106371913;-0.0251402610073522;0
3.87;0.303182961240971;-0.0341896688455079;0
3.88;0.302800435938901;-0.0432132750321821;0
3.89;0.302327800465301;-0.0522084189913002;0
3.9;0.301765351367199;-0.0611724532512889;0
3.91;0.301113411604533;-0.070102744216162;0
3.92;0.300372330407943;-0.0789966729311204;0
3.93;0.299542483128938;-0.0878516358424479;0
3.94;0.298624271082487;-0.0966650455514846;0
3.95;0.297618121382093;-0.105434331562462;0
3.96;0.296524486767431;-0.114156941023983;0
3.97;0.295343845424583;-0.122830339463946;0
3.98;0.294076700798969;-0.131452011517687;0
3.99;0.292723581401016;-0.140019461649149;0
4;0.291285040604659;-0.148530214864865;0
4.01;0.289761656438724;-0.156981817420561;0
4.02;0.288154031371287;-0.165371837520167;0
4.03;0.286462792087075;-0.173697866007053;0
4.04;0.284688589257989;-0.18195751704729;0
4.05;0.282832097306832;-0.190148428804744;0
4.06;0.280894014164325;-0.19826826410782;0
4.07;0.278875061019493;-0.206314711107655;0
4.08;0.276775982063505;-0.214285483927609;0
4.09;0.274597544227065;-0.222178323303834;0
4.1;0.272340536911433;-0.229990997216776;0
4.11;0.270005771713174;-0.237721301513425;0
4.12;0.267594082142728;-0.245367060520137;0
4.13;0.265106323336895;-0.252926127645867;0
4.14;0.262543371765325;-0.260396385975652;0
4.15;0.259906124931131;-0.267775748854173;0
4.16;0.257195501065695;-0.275062160459249;0
4.17;0.2544124388178;-0.282253596365091;0
4.18;0.251557896937165;-0.289348064095196;0
4.19;0.248632853952507;-0.296343603664694;0
4.2;0.24563830784422;-0.303238288112035;0
4.21;0.242575275711788;-0.310030224019858;0
4.22;0.239444793436045;-0.316717552024914;0
4.23;0.236247915336372;-0.3232984473169;0
4.24;0.232985713822972;-0.329771120126081;0
4.25;0.229659279044305;-0.336133816199567;0
4.26;0.226269718529822;-0.34238481726613;0
4.27;0.222818156828098;-0.348522441489431;0
4.28;0.219305735140489;-0.354545043909548;0
4.29;0.215733610950419;-0.360451016872696;0
4.3;0.212102957648435;-0.366238790449016;0
4.31;0.208414964153125;-0.371906832838344;0
4.32;0.204670834528048;-0.377453650763854;0
4.33;0.200871787594766;-0.382877789853474;0
4.34;0.197019056542129;-0.388177835008984;0
4.35;0.193113888531923;-0.393352410762706;0
4.36;0.189157544301001;-0.398400181621709;0
4.37;0.185151297760037;-0.403319852399425;0
4.38;0.181096435589013;-0.408110168534629;0
4.39;0.176994256829579;-0.412769916397684;0
4.4;0.172846072474406;-0.417297923583985;0
4.41;0.16865320505366;-0.421693059194556;0
4.42;0.164416988218736;-0.42595423410371;0
4.43;0.160138766323361;-0.430080401213732;0
4.44;0.155819894002222;-0.434070555696523;0
4.45;0.151461735747228;-0.437923735222166;0
4.46;0.147065665481548;-0.441639020174349;0
4.47;0.142633066131554;-0.44521553385262;0
4.48;0.138165329196801;-0.448652442661432;0
4.49;0.133663854318176;-0.451948956285934;0
4.5;0.129130048844349;-0.455104327854496;0
4.51;0.124565327396658;-0.458117854087924;0
4.52;0.119971111432561;-0.460988875435354;0
4.53;0.115348828807792;-0.463716776196808;0
4.54;0.110699913337349;-0.466300984632386;0
4.55;0.106025804355451;-0.468740973058106;0
4.56;0.101327946274597;-0.471036257928355;0
4.57;0.0966077881438584;-0.473186399904988;0
4.58;0.0918667832065459;-0.475191003913039;0
4.59;0.0871063884573738;-0.477049719183077;0
4.6;0.0823280641992636;-0.47876223928021;0
4.61;0.0775332735999176;-0.480328302119738;0
4.62;0.0727234822482948;-0.4817476899695;0
4.63;0.0679001577111243;-0.48302022943891;0
4.64;0.0630647690895875;-0.484145791454725;0
4.65;0.0582187865763027;-0.485124291223568;0
4.66;0.053363681012743;-0.485955688181247;0
4.67;0.0485009234472217;-0.486639985928895;0
4.68;0.0436319846935742;-0.487177232155986;0
4.69;0.0387583348906692;-0.487567518550269;0
4.7;0.0338814430628791;-0.487810980694662;0
4.71;0.0290027766816404;-0.487907797951169;0
4.72;0.0241238012282324;-0.487858193331872;0
4.73;0.0192459797579041;-0.487662433357066;0
4.74;0.0143707724654778;-0.487320827900581;0
4.75;0.00949963625255682;-0.486833730022392;0
4.76;0.00463402429646325;-0.486201535788559;0
4.77;-0.000224614378965843;-0.485424684078589;0
4.78;-0.00507483533060029;-0.484503656380297;0
4.79;-0.009915199121131;-0.483438976572244;0
4.8;-0.014744271741953;-0.482231210693841;0
4.81;-0.0195606250336946;-0.480880966703217;0
4.82;-0.0243628371042699;-0.47938889422293;0
4.83;-0.0291494927443348;-0.477755684273627;0
4.84;-0.0339191838400251;-0.475982068995758;0
4.85;-0.0386705097828591;-0.474068821359433;0
4.86;-0.0434020778766849;-0.472016754862546;0
4.87;-0.048112503741557;-0.469826723217268;0
4.88;-0.0528004117144265;-0.46749962002502;0
4.89;-0.0574644352465285;-0.46503637844005;0
4.9;-0.0621032172973549;-0.462437970821735;0
4.91;-0.0667154107251006;-0.459705408375724;0
4.92;-0.0712996786734701;-0.456839740784053;0
4.93;-0.0758546949547373;-0.453842055824365;0
4.94;-0.080379144428948;-0.450713478978365;0
4.95;-0.08487172337916;-0.44745517302964;0
4.96;-0.0893311398826129;-0.444068337650997;0
4.97;-0.0937561141777257;-0.440554208981448;0
4.98;-0.0981453790268173;-0.436914059192988;0
4.99;-0.10249768007445;-0.433149196047319;0
5;-0.106811776201297;-0.429260962442674;0
5.01;-0.111086439873427;-0.425250735950875;0
5.02;-0.11532045748693;-0.421119928344798;0
5.03;-0.11951262970776;-0.416869985116406;0
5.04;-0.123661771806723;-0.41250238498549;0
5.05;-0.127766713989518;-0.408018639399299;0
5.06;-0.131826301721716;-0.403420292023224;0
5.07;-0.135839396048628;-0.398708918222695;0
5.08;-0.139804873909934;-0.393886124536464;0
5.09;-0.143721628449021;-0.388953548141454;0
5.1;-0.147588569316921;-0.383912856309339;0
5.11;-0.151404622970787;-0.378765745855042;0
5.12;-0.155168732966811;-0.37351394257732;0
5.13;-0.158879860247523;-0.368159200691624;0
5.14;-0.162536983423369;-0.362703302255417;0
5.15;-0.166139099048527;-0.357148056586128;0
5.16;-0.169685221890852;-0.351495299671947;0
5.17;-0.173174385195916;-0.345746893575622;0
5.18;-0.176605640945036;-0.339904725831479;0
5.19;-0.179978060107262;-0.333970708835831;0
5.2;-0.18329073288522;-0.327946779230993;0
5.21;-0.186542768954786;-0.321834897283079;0
5.22;-0.189733297698494;-0.31563704625379;0
5.23;-0.192861468432652;-0.30935523176639;0
5.24;-0.195926450628075;-0.302991481166068;0
5.25;-0.198927434124413;-0.296547842874885;0
5.26;-0.201863629337994;-0.290026385741514;0
5.27;-0.204734267463146;-0.283429198385977;0
5.28;-0.207538600666946;-0.276758388539578;0
5.29;-0.210275902277342;-0.270016082380237;0
5.3;-0.212945466964615;-0.263204423863452;0
5.31;-0.215546610916127;-0.256325574049064;0
5.32;-0.218078672004322;-0.249381710424063;0
5.33;-0.220541009947935;-0.242375026221631;0
5.34;-0.222933006466375;-0.235307729736635;0
5.35;-0.225254065427252;-0.228182043637778;0
5.36;-0.227503612987006;-0.221000204276632;0
5.37;-0.22968109772462;-0.21376446099375;0
5.38;-0.231785990768369;-0.206477075422074;0
5.39;-0.23381778591561;-0.19914032078787;0
5.4;-0.235775999745552;-0.19175648120937;0
5.41;-0.237660171725018;-0.184327850993369;0
5.42;-0.239469864307157;-0.17685673392997;0
5.43;-0.241204663023095;-0.169345442585703;0
5.44;-0.242864176566516;-0.16179629759522;0
5.45;-0.24444803687115;-0.154211626951798;0
5.46;-0.245955899181161;-0.14659376529685;0
5.47;-0.247387442114434;-0.138945053208668;0
5.48;-0.248742367718733;-0.131267836490601;0
5.49;-0.250020401520753;-0.123564465458903;0
5.5;-0.251221292568043;-0.11583729423044;0
5.51;-0.252344813463804;-0.108088680010487;0
5.52;-0.253390760394572;-0.100320982380827;0
5.53;-0.254358953150781;-0.0925365625883511;0
5.54;-0.255249235140215;-0.0847377828343937;0
5.55;-0.256061473394355;-0.0769270055649942;0
5.56;-0.256795558567643;-0.06910659276231;0
5.57;-0.257451404929652;-0.061278905237384;0
5.58;-0.258028950350203;-0.05344630192448;0
5.59;-0.258528156277426;-0.045611139177193;0
5.6;-0.258949007708795;-0.0377757700665423;0
5.61;-0.259291513155148;-0.029942543681256;0
5.62;-0.259555704597728;-0.0221138044304511;0
5.63;-0.259741637438256;-0.0142918913489147;0
5.64;-0.259849390442072;-0.00647913740519097;0
5.65;-0.259879065674371;0.00132213118732512;0
5.66;-0.259830788429563;0.00910959565608468;0
5.67;-0.259704707153788;0.0168809453516729;0
5.68;-0.259500993360634;0.0246338784264896;0
5.69;-0.259219841540073;0.0323661025096246;0
5.7;-0.258861469060674;0.0400753353777327;0
5.71;-0.258426116065124;0.0477593056217138;0
5.72;-0.257914045359102;0.0554157533090055;0
5.73;-0.257325542293546;0.0630424306412972;0
5.74;-0.256660914640376;0.0706371026074762;0
5.75;-0.255920480931727;0.0782321355105408;0.0345898966655108
5.76;-0.255101331889116;0.0866202939907375;0.149889552217213
5.77;-0.254193294846145;0.0961201466873533;0.265189207768916
5.78;-0.253185274005235;0.106726935285166;0.380488863320619
5.79;-0.252066222610003;0.11843557783128;0.495788518872322
5.8;-0.250825146172363;0.13124067081472;0.611088174424024
5.81;-0.249451105678404;0.145136491338843;0.726387829975727
5.82;-0.247933220772132;0.160116999385753;0.841687485527429
5.83;-0.246260672916158;0.176175840171891;0.956987141079132
5.84;-0.244422708528425;0.193306346593919;1.07228679663083
5.85;-0.242408642094066;0.211501541764037;1.18758645218254
5.86;-0.240207859251514;0.230754141633786;1.30288610773424
5.87;-0.237809819851984;0.251056557705434;1.41818576328594
5.88;-0.235204060991443;0.27240089982995;1.53348541883765
5.89;-0.232380200014214;0.2947789790906;1.64878507438935
5.9;-0.229327937487372;0.318182310771143;1.76408472994105
5.91;-0.226037060145069;0.342602117407595;1.87938438549275
5.92;-0.222497443801977;0.368029331922503;1.99468404104446
5.93;-0.21870067002849;0.39371697223748;1.91397428215826
5.94;-0.21465252633514;0.418136417636716;1.79867462660656
5.95;-0.210366121414913;0.441236477279424;1.68337497105486
5.96;-0.205854670415186;0.463012494268318;1.56807531550316
5.97;-0.201131433230786;0.483460216605451;1.45277565995145
5.98;-0.196209710452296;0.502575797770904;1.33747600439975
5.99;-0.191102839309122;0.520355797178938;1.22217634884805
6;-0.185824189608543;0.536797180511684;1.10687669329635
6.01;-0.180387159671988;0.551897319930467;0.991577037744643
6.02;-0.174805172269736;0.565653994164925;0.87627738219294
6.03;-0.169091670555285;0.578065388480105;0.760977726641238
6.04;-0.16326011400059;0.589130094521744;0.645678071089535
6.05;-0.157323974333402;0.598847110040007;0.530378415537832
6.06;-0.151296731477908;0.607215838491965;0.415078759986129
6.07;-0.145191869499904;0.614236088523133;0.299779104434427
6.08;-0.139022872557678;0.61990807332845;0.184479448882724
6.09;-0.132803220859837;0.624232409893083;0.0691797933310216
6.1;-0.126546340513419;0.627279289801617;0
6.11;-0.120261635269196;0.629891077959368;0
6.12;-0.113951681668813;0.632309560860851;0
6.13;-0.107618414580609;0.634534345768269;0
6.14;-0.101263772535983;0.636565098681817;0
6.15;-0.0948896971420099;0.638401544338851;0
6.16;-0.0884981324941333;0.640043466195449;0
6.17;-0.0820910245891265;0.641490706390407;0
6.18;-0.0756703207384926;0.642743165691699;0
6.19;-0.0692379689824771;0.643800803425466;0
6.2;-0.0627959175048705;0.644663637387557;0
6.21;-0.0563461140487728;0.645331743737714;0
6.22;-0.0498905053334943;0.645805256876424;0
6.23;-0.0434310364727662;0.646084369304544;0
6.24;-0.0369696503944312;0.646169331465735;0
6.25;-0.0305082872617876;0.646060451571809;0
6.26;-0.0240488838967564;0.64575809541105;0
6.27;-0.0175933732050414;0.645262686139613;0
6.28;-0.0111436836034508;0.644574704056085;0
6.29;-0.00470173844954916;0.643694686359294;0
6.3;0.00173054452619385;0.642623226889494;0
6.31;0.00815125378559247;0.641360975852998;0
6.32;0.0145584845451058;0.639908639530408;0
6.33;0.0209503393352076;0.638266979968517;0
6.34;0.0273249285566026;0.636436814656039;0
6.35;0.033680371033127;0.634419016183272;0
6.36;0.0400147945611742;0.632214511885824;0
6.37;0.046326336455487;0.629824283472552;0
6.38;0.0526131440911579;0.62724936663783;0
6.39;0.0588733754416821;0.624490850658308;0
6.4;0.0651051996129098;0.621549877974297;0
6.41;0.0713067973727424;0.618427643755941;0
6.42;0.0774763616764238;0.61512539545433;0
6.43;0.0836120981872745;0.611644432337705;0
6.44;0.0897122257927221;0.607986105012937;0
6.45;0.0957749771154807;0.604151814932427;0
6.46;0.101798599019734;0.60014301388663;0
6.47;0.10778135311218;0.595961203482341;0
6.48;0.113721516237795;0.59160793460696;0
6.49;0.119617380970179;0.5870848068789;0
6.5;0.12546725609634;0.582393468084329;0
6.51;0.131269467095788;0.57753561360045;0
6.52;0.137022356613805;0.572512985805495;0
6.53;0.142724284928745;0.567327373475651;0
6.54;0.148373630413259;0.561980611169117;0
6.55;0.153968789989294;0.556474578597484;0
6.56;0.159508179576751;0.550811199984678;0
6.57;0.16499023453568;0.544992443413641;0
6.58;0.170413410101887;0.539020320161007;0
6.59;0.175776181815831;0.532896884019959;0
6.6;0.181077045944702;0.526624230611518;0
6.61;0.186314519897557;0.520204496684461;0
6.62;0.191487142633406;0.513639859404131;0
6.63;0.196593475062138;0.506932535630344;0
6.64;0.201632100438178;0.500084781184637;0
6.65;0.206601624746765;0.493098890107106;0
6.66;0.21150067708276;0.485977193903051;0
6.67;0.216327910021868;0.478722060779698;0
6.68;0.221081999984188;0.471335894873224;0
6.69;0.225761647589993;0.463821135466341;0
6.7;0.230365578007631;0.456180256196691;0
6.71;0.234892541293491;0.448415764256302;0
6.72;0.239341312723904;0.440530199582364;0
6.73;0.243710693118924;0.432526134039574;0
6.74;0.247999509157895;0.424406170594323;0
6.75;0.252206613686722;0.416172942480976;0
6.76;0.256330886016772;0.40782911236051;0
6.77;0.260371232215322;0.39937737147178;0
6.78;0.264326585387498;0.390820438775675;0
6.79;0.268195905949616;0.382161060092439;0
6.8;0.27197818189387;0.373402007232414;0
6.81;0.275672429044298;0.3645460771205;0
6.82;0.279277691303963;0.355596090914579;0
6.83;0.282793040893298;0.346554893118195;0
6.84;0.286217578579551;0.337425350687763;0
6.85;0.289550433897268;0.328210352134577;0
6.86;0.292790765359794;0.318912806621905;0
6.87;0.295937760661705;0.309535643057443;0
6.88;0.298990636872154;0.300081809181408;0
6.89;0.301948640619078;0.290554270650556;0
6.9;0.304811048264228;0.280956010118404;0
6.91;0.307577166068984;0.271290026311934;0
6.92;0.310246330350922;0.26155933310507;0
6.93;0.312817907631104;0.251766958589206;0
6.94;0.31529129477206;0.241915944141066;0
6.95;0.317665919106438;0.232009343488188;0
6.96;0.319941238556298;0.22205022177231;0
6.97;0.322116741743034;0.212041654610944;0
6.98;0.324191948087902;0.201986727157424;0
6.99;0.326166407903145;0.191888533159709;0
7;0.328039702473698;0.181750174018229;0
7.01;0.329811444129473;0.171574757843053;0
7.02;0.331481276308207;0.161365398510675;0
7.03;0.333048873608888;0.151125214720679;0
7.04;0.334513941835736;0.140857329052591;0
7.05;0.33587621803276;0.130564867023185;0
7.06;0.337135470508893;0.120250956144525;0
7.07;0.33829149885371;0.109918724983035;0
7.08;0.339344133943741;0.0995713022198651;0
7.09;0.340293237939394;0.0892118157128374;0
7.1;0.34113870427251;0.0788433915602554;0
7.11;0.341880457624563;0.0684691531668463;0
7.12;0.342518453895526;0.0580922203121169;0
7.13;0.343052680163439;0.0477157082213975;0
7.14;0.343483154634698;0.0373427266398481;0
7.15;0.343809926585097;0.0269763789096977;0
7.16;0.34403307629166;0.0166197610509897;0
7.17;0.344152714955293;0.00627596084610186;0
7.18;0.344168984614308;-0.00405194307169119;0
7.19;0.344082058048842;-0.0143608821253461;0
7.2;0.343892138676231;-0.0246477986966055;0
7.21;0.343599460437376;-0.0349096470237172;0
7.22;0.343204287674162;-0.045143394094055;0
7.23;0.342706914997963;-0.0553460205313851;0
7.24;0.342107667149311;-0.0655145214775189;0
7.25;0.341406898848767;-0.0756459074680995;0
7.26;0.340604994639064;-0.0857372053022679;0
7.27;0.339702368718585;-0.0957854589059591;0
7.28;0.33869946476623;-0.105787730188582;0
7.29;0.337596755757754;-0.115741099892834;0
7.3;0.336394743773634;-0.125642668437411;0
7.31;0.335093959798546;-0.135489556752374;0
7.32;0.33369496351252;-0.145278907106921;0
7.33;0.332198343073849;-0.155007883929356;0
7.34;0.330604714893843;-0.164673674618988;0
7.35;0.328914723403488;-0.174273490349765;0
7.36;0.327129040812124;-0.183804566865391;0
7.37;0.325248366858192;-0.193264165265712;0
7.38;0.323273428552175;-0.202649572784153;0
7.39;0.321204979911791;-0.211958103555981;0
7.4;0.319043801689554;-0.221187099377189;0
7.41;0.316790701092789;-0.23033393045378;0
7.42;0.314446511496193;-0.239395996141243;0
7.43;0.31201209214705;-0.248370725674035;0
7.44;0.309488327863198;-0.257255578884832;0
7.45;0.306876128723845;-0.266048046913391;0
7.46;0.304176429753352;-0.274745652904797;0
7.47;0.30139019059807;-0.283345952696917;0
7.48;0.298518395196368;-0.291846535496882;0
7.49;0.295562051441928;-0.300245024546391;0
7.5;0.292522190840454;-0.308539077775676;0
7.51;0.289399868159883;-0.316726388445948;0
7.52;0.286196161074227;-0.324804685780137;0
7.53;0.282912169801163;-0.33277173558178;0
7.54;0.279549016733482;-0.340625340841875;0
7.55;0.276107846064535;-0.34836334233354;0
7.56;0.272589823407774;-0.355983619194335;0
7.57;0.268996135410536;-0.363484089496071;0
7.58;0.265327989362185;-0.370862710801979;0
7.59;0.261586612796735;-0.378117480711079;0
7.6;0.257773253090088;-0.385246437389608;0
7.61;0.253889177052024;-0.392247660089385;0
7.62;0.249935670513056;-0.399119269652957;0
7.63;0.2459140379063;-0.405859429005419;0
7.64;0.241825601844488;-0.412466343632771;0
7.65;0.237671702692251;-0.418938262046691;0
7.66;0.233453698133828;-0.425273476235617;0
7.67;0.229172962736312;-0.43147032210202;0
7.68;0.224830887508599;-0.43752717988576;0
7.69;0.220428879456158;-0.443442474573423;0
7.7;0.215968361131771;-0.449214676293548;0
7.71;0.211450770182393;-0.454842300697632;0
7.72;0.206877558892255;-0.460323909326844;0
7.73;0.202250193722373;-0.465658109964348;0
7.74;0.197570154846594;-0.470843556973159;0
7.75;0.192838935684332;-0.475878951619459;0
7.76;0.188058042430135;-0.48076304238129;0
7.77;0.183228993580228;-0.485494625242575;0
7.78;0.178353319456192;-0.490072543972385;0
7.79;0.173432561725902;-0.494495690389402;0
7.8;0.168468272921902;-0.498763004611531;0
7.81;0.163462015957341;-0.5028734752906;0
7.82;0.158415363639633;-0.506826139832103;0
7.83;0.153329898181988;-0.510620084599963;0
7.84;0.148207210712959;-0.514254445106257;0
7.85;0.143048900784165;-0.517728406185888;0
7.86;0.137856575876328;-0.521041202156166;0
7.87;0.132631850903792;-0.524192116961289;0
7.88;0.127376347717654;-0.527180484301697;0
7.89;0.122091694607679;-0.530005687748283;0
7.9;0.116779525803135;-0.532667160841467;0
7.91;0.111441480972708;-0.535164387175118;0
7.92;0.106079204723646;-0.537496900465321;0
7.93;0.100694346100283;-0.539664284604014;0
7.94;0.0952885580820956;-0.541666173697481;0
7.95;0.089863497081439;-0.543502252089732;0
7.96;0.0844208224411228;-0.545172254370781;0
7.97;0.0789621959319683;-0.546675965369851;0
7.98;0.073489281250502;-0.548013220133526;0
7.99;0.0680037435169357;-0.549183903888895;0
8;0.0625072487735825;-0.55018795199171;0
8.01;0.0570014634838581;-0.551025349859607;0
8.02;0.0514880540320176;-0.551696132890441;0
8.03;0.0459686862237748;-0.552200386365776;0
8.04;0.0404450247879544;-0.552538245339584;0
8.05;0.0349187328793225;-0.55270989451222;0
8.06;0.0293914715827439;-0.552715568089734;0
8.07;0.0238648994188121;-0.552555549628576;0
8.08;0.0183406718510972;-0.552230171865782;0
8.09;0.0128204407951578;-0.55173981653471;0
8.1;0.00730585412945922;-0.551084914166399;0
8.11;0.00179855520834379;-0.550265943876647;0
8.12;-0.00369981762280692;-0.549283433138893;0
8.13;-0.00918763151007434;-0.548137957542985;0
8.14;-0.01466325957103;-0.546830140539949;0
8.15;-0.0201250813721476;-0.545360653172844;0
8.16;-0.0255714834034614;-0.543730213793814;0
8.17;-0.0310008595503334;-0.541939587767449;0
8.18;-0.0364116115621932;-0.539989587160553;0
8.19;-0.041802149518114;-0.537881070418464;0
8.2;-0.047170892289093;-0.535614942028003;0
8.21;-0.0525162679969004;-0.533192152167228;0
8.22;-0.0578367144693674;-0.530613696342071;0
8.23;-0.0631306796919825;-0.527880615010022;0
8.24;-0.0683966222556663;-0.524993993190989;0
8.25;-0.0736330118005976;-0.521954960065458;0
8.26;-0.0788383294559651;-0.518764688560117;0
8.27;-0.084011068275519;-0.515424394921069;0
8.28;-0.0891497336687992;-0.511935338274801;0
8.29;-0.0942528438279197;-0.50829882017705;0
8.3;-0.099318930149786;-0.504516184149724;0
8.31;-0.10434653765363;-0.500588815206043;0
8.32;-0.109334225393746;-0.496518139364059;0
8.33;-0.114280566867301;-0.492305623148713;0
8.34;-0.119184150417129;-0.487952773082615;0
8.35;-0.124043579629371;-0.483461135165706;0
8.36;-0.128857473725867;-0.478832294343974;0
8.37;-0.133624467951187;-0.474067873967424;0
8.38;-0.138343213954193;-0.469169535237447;0
8.39;-0.143012380164026;-0.464138976643812;0
8.4;-0.147630652160421;-0.458977933391436;0
8.41;-0.15219673303824;-0.453688176817136;0
8.42;-0.156709343766132;-0.448271513796557;0
8.43;-0.161167223539217;-0.442729786141458;0
8.44;-0.165569130125697;-0.437064869987571;0
8.45;-0.169913840207311;-0.431278675173212;0
8.46;-0.174200149713529;-0.42537314460887;0
8.47;-0.178426874149406;-0.419350253637954;0
8.48;-0.182592848917001;-0.413212009388923;0
8.49;-0.186696929630281;-0.406960450119003;0
8.5;-0.190737992423429;-0.400597644549693;0
8.51;-0.19471493425246;-0.39412569119429;0
8.52;-0.198626673190091;-0.387546717677634;0
8.53;-0.202472148713765;-0.380862880048297;0
8.54;-0.206250321986765;-0.374076362083433;0
8.55;-0.209960176132345;-0.367189374586515;0
8.56;-0.21360071650081;-0.360204154678168;0
8.57;-0.217170970929472;-0.353122965080345;0
8.58;-0.220669989995413;-0.345948093394048;0
8.59;-0.224096847261009;-0.338681851370837;0
8.6;-0.227450639512132;-0.331326574178353;0
8.61;-0.230730486988984;-0.323884619660081;0
8.62;-0.233935533609504;-0.316358367589591;0
8.63;-0.237064947185296;-0.308750218919484;0
8.64;-0.240117919630018;-0.301062595025282;0
8.65;-0.243093667160191;-0.293297936944494;0
8.66;-0.24599143048838;-0.2854587046111;0
8.67;-0.248810475008695;-0.277547376085678;0
8.68;-0.25155009097458;-0.269566446781433;0
8.69;-0.254209593668841;-0.261518428686341;0
8.7;-0.256788323565878;-0.253405849581668;0
8.71;-0.259285646486092;-0.245231252257104;0
8.72;-0.261700953742423;-0.236997193722732;0
8.73;-0.264033662278999;-0.228706244418103;0
8.74;-0.266283214801861;-0.220360987418638;0
8.75;-0.268449079901738;-0.211964017639606;0
8.76;-0.270530752168863;-0.203517941037922;0
8.77;-0.272527752299784;-0.195025373812009;0
8.78;-0.274439627196171;-0.18648894159996;0
8.79;-0.276265950055607;-0.177911278676258;0
8.8;-0.278006320454324;-0.169295027147273;0
8.81;-0.279660364421903;-0.160642836145809;0
8.82;-0.281227734507908;-0.151957361024921;0
8.83;-0.282708109840461;-0.143241262551253;0
8.84;-0.284101196176748;-0.134497206098142;0
8.85;-0.285406725945451;-0.125727860838728;0
8.86;-0.286624458281118;-0.116935898939309;0
8.87;-0.287754179050468;-0.108123994753188;0
8.88;-0.288795700870632;-0.0992948240152484;0
8.89;-0.289748863119352;-0.0904510630375013;0
8.9;-0.290613531937134;-0.0815953879058382;0
8.91;-0.291389600221378;-0.0727304736782373;0
8.92;-0.292076987612496;-0.0638589935846523;0
8.93;-0.292675640472043;-0.0549836182288259;0
8.94;-0.293185531852861;-0.0461070147922617;0
8.95;-0.293606661461296;-0.0372318462405902;0
8.96;-0.293939055611465;-0.028360770532563;0
8.97;-0.294182767171648;-0.0194964398319066;0
8.98;-0.294337875502796;-0.0106414997222682;0
8.99;-0.294404486389213;-0.00179858842548367;0
9;-0.294382731961431;0.00702966397660507;0
9.01;-0.294272770611323;0.0158406363165545;0
9.02;-0.294074786899489;0.0246317171117208;0
9.03;-0.293788991454957;0.0334003053304348;0
9.04;-0.293415620867239;0.0421438111537261;0
9.05;-0.292954937570799;0.0508596567323778;0
9.06;-0.292407229721958;0.0595452769390919;0
9.07;-0.291772811068319;0.068198120115548;0
9.08;-0.291052020810726;0.0768156488141414;0
9.09;-0.290245223457844;0.0853953405341858;0
9.1;-0.289352808673397;0.0939346884523703;0
9.11;-0.28837519111613;0.102431202147262;0
9.12;-0.287312810272549;0.110882408317648;0
9.13;-0.286166130282513;0.119285851494505;0
9.14;-0.284935639757732;0.12763909474641;0
9.15;-0.283621851593241;0.135939720378172;0
9.16;-0.282225302771917;0.144185330622502;0
9.17;-0.280746554162117;0.152373548324519;0
9.18;-0.2791861903085;0.160502017618903;0
9.19;-0.27754481921611;0.168568404599497;0
9.2;-0.275823072127801;0.176570397981185;0
9.21;-0.274021603295078;0.184505709753839;0
9.22;-0.272141089742432;0.192372075828176;0
9.23;-0.270182231025256;0.200167256673332;0
9.24;-0.268145748981424;0.207889037945972;0
9.25;-0.266032387476616;0.21553523111078;0
9.26;-0.263842912143475;0.223103674052133;0
9.27;-0.261578110114697;0.230592231676817;0
9.28;-0.259238789750121;0.237998796507597;0
9.29;-0.256825780357935;0.245321289267496;0
9.3;-0.254339931910083;0.252557659454611;0
9.31;-0.251782114751954;0.259705885907316;0
9.32;-0.24915321930648;0.266763977359705;0
9.33;-0.246454155772712;0.27372997298711;0
9.34;-0.24368585381899;0.280601942941561;0
9.35;-0.240849262270803;0.287377988877042;0
9.36;-0.237945348793445;0.294056244464394;0
9.37;-0.23497509956957;0.300634875895744;0
9.38;-0.231939518971742;0.307112082378316;0
9.39;-0.228839629230107;0.313486096617489;0
9.4;-0.225676470095277;0.319755185288999;0
9.41;-0.222451098496538;0.325917649500128;0
9.42;-0.219164588195505;0.331971825239797;0
9.43;-0.215818029435317;0.337916083817414;0
9.44;-0.212412528585501;0.343748832290389;0
9.45;-0.208949207782611;0.3494685138802;0
9.46;-0.205429204566758;0.355073608376894;0
9.47;-0.201853671514141;0.360562632531939;0
9.48;-0.198223775865718;0.36593414043932;0
9.49;-0.194540699152099;0.371186723904784;0
9.5;-0.190805636814819;0.376319012803144;0
9.51;-0.187019797824078;0.381329675423567;0
9.52;-0.183184404293092;0.386217418802741;0
9.53;-0.179300691089161;0.390980989045862;0
9.54;-0.175369905441585;0.395619171635356;0
9.55;-0.171393306546546;0.400130791727268;0
9.56;-0.16737216516909;0.404514714435246;0
9.57;-0.163307763242309;0.408769845102064;0
9.58;-0.159201393463884;0.412895129558613;0
9.59;-0.155054358890077;0.416889554370316;0
9.6;-0.150867972527326;0.420752147070906;0
9.61;-0.146643556921558;0.424481976383521;0
9.62;-0.142382443745343;0.428078152429074;0
9.63;-0.138085973383031;0.431539826921856;0
9.64;-0.133755494513979;0.434866193352329;0
9.65;-0.129392363694018;0.43805648715709;0
9.66;-0.124997944935273;0.441109985875964;0
9.67;-0.120573609284469;0.444026009296208;0
9.68;-0.11612073439986;0.446803919583802;0
9.69;-0.111640704126894;0.449443121401811;0
9.7;-0.107134908072758;0.451943062015806;0
9.71;-0.102604741179929;0.454303231386333;0
9.72;-0.0980516032988518;0.456523162248422;0
9.73;-0.0934768987598867;0.458602430178141;0
9.74;-0.0888820359446457;0.460540653646192;0
9.75;-0.0842684268568538;0.462337494058554;0
9.76;-0.07963748669286;0.463992655784193;0
9.77;-0.0749906334119307;0.465505886169838;0
9.78;-0.0703292873064527;0.466876975541854;0
9.79;-0.0656548705721761;0.468105757195224;0
9.8;-0.0609688068786248;0.469192107369672;0
9.81;-0.0562725209398037;0.470135945212957;0
9.82;-0.0515674380853308;0.47093723273136;0
9.83;-0.0468549838321214;0.471595974727416;0
9.84;-0.0421365834567526;0.472112218724921;0
9.85;-0.0374136615686349;0.472486054881263;0
9.86;-0.0326876416841173;0.472717615887123;0
9.87;-0.0279599458016515;0.472807076853598;0
9.88;-0.0232319939781424;0.472754655186806;0
9.89;-0.0185052039066075;0.47256061045002;0
9.9;-0.0137809904952713;0.472225244213414;0
9.91;-0.00906076544821816;0.47174889989146;0
9.92;-0.004345936847726;0.471131962568075;0
9.93;0.000362091261596672;0.470374858809572;0
9.94;0.00506191928674826;0.469478056465495;0
9.95;0.00975215249822597;0.468442064457425;0
9.96;0.0144314014397518;0.467267432555838;0
9.97;0.0190982823357138;0.465954751145097;0
9.98;0.023751417496204;0.464504650976678;0
9.99;0.0283894357195363;0.462917802910718;0
10;0.0330109726921273;0.461194917645982;0
10.01;0.037614671385625;0.459336745438357;0
10.02;0.0421991824511721;0.457344075807968;0
10.03;0.0467631646106881;0.455217737235028;0
10.04;0.051305285045061;0.452958596844536;0
10.05;0.0558242197791354;0.450567560079924;0
10.06;0.0603186540633885;0.44804557036579;0
10.07;0.0647872827521835;0.445393608759816;0
10.08;0.0692288106784957;0.442612693594008;0
10.09;0.0736419530250016;0.439703880105377;0
10.1;0.0780254356914293;0.436668260056196;0
10.11;0.0823779956580638;0.433506961343954;0
10.12;0.0866983813453073;0.430221147601155;0
10.13;0.0909853529691909;0.42681201778509;0
10.14;0.0952376828927401;0.423280805757725;0
10.15;0.0994541559730957;0.419628779855848;0
10.16;0.103633569904292;0.415857242451621;0
10.17;0.107774735555598;0.411967529503686;0
10.18;0.111876477305328;0.407961010098972;0
10.19;0.11593763337003;0.40383908598536;0
10.2;0.119957056128958;0.399603191095361;0
10.21;0.123933612443741;0.395254791060968;0
10.22;0.127866183973168;0.390795382719832;0
10.23;0.131753667482984;0.38622649361294;0
10.24;0.135594975150636;0.381549681473948;0
10.25;0.139389034864873;0.376766533710344;0
10.26;0.143134790520117;0.371878666876607;0
10.27;0.146831202305535;0.366887726139532;0
10.28;0.150477246988726;0.361795384735898;0
10.29;0.154071918193955;0.356603343422659;0
10.3;0.157614226674855;0.351313329919823;0
10.31;0.161103200581519;0.34592709834621;0
10.32;0.164537885721928;0.340446428648263;0
10.33;0.16791734581763;0.334873126022107;0
10.34;0.171240662753614;0.329209020329022;0
10.35;0.174506936822303;0.323455965504534;0
10.36;0.17771528696162;0.317615838961299;0
10.37;0.180864850987048;0.311690540985986;0
10.38;0.183954785817631;0.305681994130328;0
10.39;0.18698426769587;0.29959214259655;0
10.4;0.189952492401437;0.29342295161737;0
10.41;0.192858675458675;0.287176406830749;0
10.42;0.195702052337814;0.280854513649608;0
10.43;0.198481878649869;0.274459296626699;0
10.44;0.201197430335163;0.267992798814827;0
10.45;0.203848003845431;0.261457081122629;0
10.46;0.206432916319463;0.254854221666105;0
10.47;0.208951505752248;0.248186315116112;0
10.48;0.21140313115757;0.241455472042005;0
10.49;0.213787172724022;0.234663818251655;0
10.5;0.216103031964417;0.227813494128019;0
10.51;0.218350131858534;0.220906653962494;0
10.52;0.220527916989195;0.213945465285235;0
10.53;0.222635853671628;0.206932108192669;0
10.54;0.224673430076092;0.199868774672387;0
10.55;0.226640156343744;0.192757667925635;0
10.56;0.22853556469572;0.185601001687612;0
10.57;0.230359209535403;0.178400999545771;0
10.58;0.232110667543876;0.171159894256349;0
10.59;0.233789537768527;0.163879927059309;0
10.6;0.235395441704798;0.156563346991929;0
10.61;0.236928023371067;0.14921241020123;0
10.62;0.238386949376643;0.141829379255447;0
10.63;0.239771908982882;0.13441652245477;0
10.64;0.241082614157401;0.126976113141542;0
10.65;0.242318799621392;0.119510429010138;0
10.66;0.243480222890042;0.112021751416723;0
10.67;0.244566664306037;0.104512364689092;0
10.68;0.245577927066181;0.0969845554368214;0
10.69;0.246513837241107;0.0894406118619024;0
10.7;0.247374243788103;0.0818828230700983;0
10.71;0.248159018557052;0.0743134783832049;0
10.72;0.248868056289505;0.0667348666524316;0
10.73;0.24950127461089;0.0591492755731032;0
10.74;0.250058614015869;0.0515589910008852;0
10.75;0.250540037846878;0.0439662962697373;0
10.76;0.250945532265844;0.0363734715117933;0
10.77;0.251275106219114;0.0287827929793705;0
10.78;0.251528791395616;0.021196532369308;0
10.79;0.251706642178271;0.0136169561498304;0
10.8;0.251808735588688;0.00604632489013665;0
10.81;0.25183517122517;-0.00151310740709052;0
10.82;0.251786071194052;-0.00905909397006028;0
10.83;0.25166158003442;-0.0165893959189394;0
10.84;0.251461864636224;-0.0241017829234162;0
10.85;0.251187114151841;-0.0315940338565719;0
10.86;0.250837539901111;-0.0390639374448688;0
10.87;0.250413375269894;-0.0465092929140685;0
10.88;0.249914875602185;-0.0539279106308915;0
10.89;0.249342318085836;-0.0613176127402357;0
10.9;0.248696001631918;-0.0686762337977685;0
10.91;0.247976246747791;-0.0760016213977111;0
10.92;0.247183395403907;-0.0832916367956359;0
10.93;0.246317810894413;-0.0905441555260984;0
10.94;0.245379877691604;-0.0977570680149268;0
10.95;0.244370001294275;-0.104928280185996;0
10.96;0.243288608070027;-0.112055714062313;0
10.97;0.242136145091597;-0.119137308361244;0
10.98;0.240913079967255;-0.12617101908371;0
10.99;0.23961990066534;-0.133154820097196;0
11;0.238257115332996;-0.140086703712399;0
11.01;0.236825252109167;-0.146964681253353;0
11.02;0.235324858931923;-0.153786783620879;0
11.03;0.233756503340183;-0.160551061849199;0
11.04;0.232120772269899;-0.167255587655553;0
11.05;0.230418271844782;-0.173898453982679;0
11.06;0.22864962716163;-0.180477775533989;0
11.07;0.226815482070341;-0.18699168930131;0
11.08;0.224916498948683;-0.193438355085034;0
11.09;0.222953358471895;-0.199815956006536;0
11.1;0.220926759377201;-0.206122699012719;0
11.11;0.218837418223312;-0.212356815372558;0
11.12;0.216686069145001;-0.218516561165487;0
11.13;0.214473463602833;-0.224600217761524;0
11.14;0.212200370128128;-0.230606092292974;0
11.15;0.209867574063247;-0.236532518117615;0
11.16;0.207475877297284;-0.242377855273213;0
11.17;0.205026097997253;-0.248140490923266;0
11.18;0.202519070334861;-0.253818839793849;0
11.19;0.199955644208944;-0.259411344601443;0
11.2;0.197336684963674;-0.264916476471645;0
11.21;0.194663073102618;-0.270332735348633;0
11.22;0.191935703998744;-0.275658650395298;0
11.23;0.189155487600465;-0.280892780383925;0
11.24;0.186323348133827;-0.286033714077325;0
11.25;0.183440223800919;-0.291080070600327;0
11.26;0.18050706647462;-0.296030499801526;0
11.27;0.17752484138977;-0.300883682605201;0
11.28;0.174494526830862;-0.305638331353314;0
11.29;0.171417113816368;-0.310293190137502;0
11.3;0.168293605779782;-0.314847035120981;0
11.31;0.165125018247493;-0.319298674850284;0
11.32;0.161912378513589;-0.323646950556754;0
11.33;0.158656725311688;-0.327890736447727;0
11.34;0.155359108483906;-0.332028939987318;0
11.35;0.152020588647065;-0.336060502166772;0
11.36;0.148642236856243;-0.339984397764281;0
11.37;0.145225134265775;-0.343799635594244;0
11.38;0.141770371787807;-0.347505258745885;0
11.39;0.138279049748515;-0.351100344811191;0
11.4;0.134752277542088;-0.354584006102114;0
11.41;0.131191173282595;-0.357955389856991;0
11.42;0.127596863453828;-0.361213678436146;0
11.43;0.123970482557244;-0.364358089506618;0
11.44;0.120313172758106;-0.367387876215996;0
11.45;0.116626083529936;-0.370302327355316;0
11.46;0.112910371297386;-0.373100767510993;0
11.47;0.109167199077643;-0.375782557205764;0
11.48;0.105397736120471;-0.378347093028613;0
11.49;0.101603157547005;-0.380793807753669;0
11.5;0.0977846439874031;-0.383122170448042;0
11.51;0.0939433812174759;-0.385331686568603;0
11.52;0.0900805597943904;-0.387421898047685;0
11.53;0.0861973746915722;-0.389392383367707;0
11.54;0.0822950249329092;-0.391242757624708;0
11.55;0.0783747132263705;-0.392972672580801;0
11.56;0.0744376455971499;-0.394581816705542;0
11.57;0.0704850310204463;-0.39606991520623;0
11.58;0.0665180810539906;-0.397436730047135;0
11.59;0.0625380094704299;-0.398682059957681;0
11.6;0.0585460318896799;-0.399805740429594;0
11.61;0.0545433654113552;-0.400807643703026;0
11.62;0.0505312282473876;-0.401687678741701;0
11.63;0.0465108393549428;-0.402445791197086;0
11.64;0.0424834180697444;-0.403081963361626;0
11.65;0.0384501837399146;-0.403596214111081;0
11.66;0.0344123553604402;-0.403988598835994;0
11.67;0.0303711512083737;-0.404259209362327;0
11.68;0.026327788478875;-0.404408173861317;0
11.69;0.0222834829222045;-0.40443565674859;0
11.7;0.0182394484817722;-0.404341858572584;0
11.71;0.0141968969333508;-0.404127015892327;0
11.72;0.0101570375255587;-0.403791401144645;0
11.73;0.00612107662171843;-0.403335322500824;0
11.74;0.00209021734319549;-0.402759123712826;0
11.75;-0.00193434078567818;-0.402063183949087;0
11.76;-0.00595140219099195;-0.401247917619992;0
11.77;-0.00995977560085295;-0.40031377419308;0
11.78;-0.0139582743950885;-0.399261237998063;0
11.79;-0.0179457169529532;-0.398090828021721;0
11.8;-0.0219209269987397;-0.396803097692771;0
11.81;-0.0258827339451937;-0.395398634656776;0
11.82;-0.0298299732346325;-0.393878060541181;0
11.83;-0.0337614866776711;-0.392242030710576;0
11.84;-0.0376761227894566;-0.390491234012255;0
11.85;-0.0415727371233145;-0.388626392512184;0
11.86;-0.045450192601713;-0.386648261221461;0
11.87;-0.0493073598444481;-0.384557627813374;0
11.88;-0.0531431174939584;-0.382355312331149;0
11.89;-0.0569563525376756;-0.380042166886502;0
11.9;-0.060745960627319;-0.377619075349095;0
11.91;-0.0645108463950449;-0.375086953027004;0
11.92;-0.0682499237663597;-0.372446746338313;0
11.93;-0.0719621162697105;-0.369699432473952;0
11.94;-0.0756463573426638;-0.366846019051879;0
11.95;-0.079301590634589;-0.363887543762746;0
11.96;-0.0829267703057591;-0.360825074007153;0
11.97;-0.0865208613227881;-0.357659706524625;0
11.98;-0.0900828397503201;-0.354392567014427;0
11.99;-0.0936116930388907;-0.35102480974835;0
12;-0.0971064203088815;-0.347557617175603;0
12.01;-0.100566032630487;-0.343992199519931;0
12.02;-0.103989553299618;-0.340329794369102;0
12.03;-0.107376018109669;-0.336571666256901;0
12.04;-0.110724475619071;-0.332719106237758;0
12.05;-0.114033987414551;-0.328773431454159;0
12.06;-0.117303628370047;-0.32473598469699;0
12.07;-0.120532486901187;-0.32060813395893;0
12.08;-0.123719665215266;-0.316391271981076;0
12.09;-0.126864279556673;-0.312086815792913;0
12.1;-0.129965460447677;-0.307696206245806;0
12.11;-0.133022352924524;-0.303220907540146;0
12.12;-0.136034116768778;-0.29866240674631;0
12.13;-0.138999926733838;-0.294022213319591;0
12.14;-0.14191897276659;-0.289301858609252;0
12.15;-0.14479046022411;-0.284502895361857;0
12.16;-0.147613610085386;-0.279626897219047;0
12.17;-0.150387659157984;-0.27467545820991;0
12.18;-0.153111860279626;-0.269650192238116;0
12.19;-0.1557854825146;-0.264552732563975;0
12.2;-0.158407811344987;-0.259384731281582;0
12.21;-0.160978148856621;-0.254147858791214;0
12.22;-0.163495813919764;-0.248843803267151;0
12.23;-0.165960142364433;-0.243474270121077;0
12.24;-0.168370487150345;-0.238040981461243;0
12.25;-0.170726218531433;-0.232545675547546;0
12.26;-0.173026724214894;-0.226990106242715;0
12.27;-0.175271409514739;-0.221376042459749;0
12.28;-0.17745969749979;-0.215705267605806;0
12.29;-0.179591029136113;-0.209979579022694;0
12.3;-0.181664863423828;-0.204200787424152;0
12.31;-0.18368067752829;-0.198370716330085;0
12.32;-0.18563796690559;-0.192491201497937;0
12.33;-0.187536245422367;-0.186564090351373;0
12.34;-0.189375045469885;-0.18059124140644;0
12.35;-0.191153918072367;-0.174574523695395;0
12.36;-0.192872432989559;-0.168515816188371;0
12.37;-0.194530178813494;-0.162417007213053;0
12.38;-0.196126763059456;-0.15627999387255;0
12.39;-0.1976618122511;-0.15010668146164;0
12.4;-0.199134971999747;-0.143898982881553;0
12.41;-0.200545907077799;-0.137658818053492;0
12.42;-0.201894301486304;-0.131388113331047;0
12.43;-0.20317985851663;-0.125088800911696;0
12.44;-0.204402300806248;-0.118762818247568;0
12.45;-0.205561370388634;-0.112412107455635;0
12.46;-0.206656828737253;-0.106038614727532;0
12.47;-0.207688456803653;-0.0996442897391532;0
12.48;-0.208656055049653;-0.0932310850602372;0
12.49;-0.20955944347362;-0.0868009555640842;0
12.5;-0.210398461630851;-0.0803558578376055;0
12.51;-0.21117296864806;-0.0738977495918705;0
12.52;-0.211882843231963;-0.0674285890733301;0
12.53;-0.21252798367199;-0.060950334475892;0
12.54;-0.213108307837118;-0.0544649433540214;0
12.55;-0.213623753166835;-0.0479743720370427;0
12.56;-0.214074276656264;-0.041480575044815;0
12.57;-0.214459854835439;-0.034985504504954;0
12.58;-0.214780483742771;-0.0284911095717729;0
12.59;-0.215036178892705;-0.0219993358471127;0
12.6;-0.215226975237595;-0.0155121248032336;0
12.61;-0.215352927123821;-0.00903141320793581;0
12.62;-0.215414108242168;-0.00255913255207785;0
12.63;-0.215410611572485;0.00390279152033817;0
12.64;-0.215342549322667;0.0103524397793499;0
12.65;-0.21521005286197;0.0167878999733206;0
12.66;-0.215013272648698;0.0232072673901629;0
12.67;-0.214752378152299;0.0296086454153385;0
12.68;-0.214427557769886;0.035990146086471;0
12.69;-0.214039018737233;0.0423498906444125;0
12.7;-0.213586987034282;0.0486860100806038;0
12.71;-0.213071707285179;0.0549966456805715;0
12.72;-0.212493442652912;0.0612799495634048;0
12.73;-0.211852474728553;0.0675340852170579;0
12.74;-0.211149103415186;0.0737572280293248;0
12.75;-0.210383646806527;0.0799475658143335;0
12.76;-0.209556441060317;0.0861032993344112;0
12.77;-0.208667840266499;0.0922226428171712;0
12.78;-0.207718216310267;0.0983038244676742;0
12.79;-0.206707958729997;0.10434508697552;0
12.8;-0.205637474570144;0.110344688016725;0
12.81;-0.204507188229134;0.116300900750247;0
12.82;-0.203317541302326;0.122212014309012;0
12.83;-0.202068992420081;0.128076334285311;0
12.84;-0.200762017081003;0.13389218321043;0
12.85;-0.199397107480415;0.139657901028373;0
12.86;-0.197974772334122;0.145371845563558;0
12.87;-0.196495536697523;0.151032392982343;0
12.88;-0.194959941780141;0.156637938248266;0
12.89;-0.193368544755623;0.162186895570864;0
12.9;-0.191721918567285;0.167677698847951;0
12.91;-0.190020651729264;0.173108802101239;0
12.92;-0.188265348123345;0.178478679905175;0
12.93;-0.186456626791527;0.183785827808877;0
12.94;-0.184595121724404;0.189028762751061;0
12.95;-0.182681481645426;0.194206023467846;0
12.96;-0.180716369791123;0.199316170893316;0
12.97;-0.17870046368734;0.204357788552749;0
12.98;-0.176634454921592;0.209329482948388;0
12.99;-0.174519048911579;0.21422988393767;0
13;-0.172354964669967;0.219057645103801;0
13.01;-0.170142934565483;0.223811444118581;0
13.02;-0.167883704080433;0.228489983097386;0
13.03;-0.165578031564692;0.233091988946208;0
13.04;-0.16322668798627;0.237616213700679;0
13.05;-0.160830456678517;0.242061434856967;0
13.06;-0.158390133084059;0.246426455694475;0
13.07;-0.155906524495546;0.25071010559026;0
13.08;-0.153380449793288;0.254911240325088;0
13.09;-0.150812739179875;0.259028742381043;0
13.1;-0.148204233911854;0.263061521230624;0
13.11;-0.145555786028554;0.267008513617257;0
13.12;-0.14286825807815;0.270868683827147;0
13.13;-0.140142522841041;0.274641023952405;0
13.14;-0.13737946305064;0.278324554145392;0
13.15;-0.13457997111166;0.281918322864212;0
13.16;-0.131744948815982;0.285421407109298;0
13.17;-0.128875307056204;0.288832912651035;0
13.18;-0.125971965536949;0.29215197424837;0
13.19;-0.123035852484024;0.295377755858356;0
13.2;-0.120067904351539;0.298509450836582;0
13.21;-0.117069065527044;0.301546282128444;0
13.22;-0.114040288034809;0.304487502451226;0
13.23;-0.110982531237321;0.307332394466931;0
13.24;-0.107896761535087;0.310080270945853;0
13.25;-0.104783952064856;0.312730474920828;0
13.26;-0.101645082396328;0.315282379832159;0
13.27;-0.0984811382274681;0.317735389663175;0
13.28;-0.0952931110784932;0.320088939066397;0
13.29;-0.0920819979846528;0.322342493480297;0
13.3;-0.0888488011878759;0.324495549236627;0
13.31;-0.0855945278273907;0.326547633658309;0
13.32;-0.082320189629407;0.328498305147852;0
13.33;-0.0790268025959574;0.330347153266318;0
13.34;-0.075715386692991;0.332093798802801;0
13.35;-0.0723869655378154;0.333737893834427;0
13.36;-0.0690425660859814;0.335279121776877;0
13.37;-0.0656832183177046;0.336717197425424;0
13.38;-0.0623099549239199;0.338051866986496;0
13.39;-0.0589238109920626;0.339282908099767;0
13.4;-0.0555258236916712;0.340410129850789;0
13.41;-0.0521170319599068;0.341433372774175;0
13.42;-0.0486984761870826;0.34235250884735;0
13.43;-0.0452711979022987;0.343167441474888;0
13.44;-0.0418362394592754;0.343878105463455;0
13.45;-0.0383946437224796;0.344484466987379;0
13.46;-0.0349474537536374;0.344986523544881;0
13.47;-0.0314957124987265;0.345384303904992;0
13.48;-0.028040462475541;0.345677868045178;0
13.49;-0.0245827454619219;0.345867307079731;0
13.5;-0.0211236021847446;0.345952743178939;0
13.51;-0.0176640720097566;0.345934329479092;0
13.52;-0.0142051926323563;0.345812249983352;0
13.53;-0.0107479997694032;0.345586719453554;0
13.54;-0.00729352685215159;0.345257983292958;0
13.55;-0.00384280472039712;0.344826317420028;0
13.56;-0.000396861317925254;0.344292028133276;0
13.57;0.00304327861064818;0.343655451967232;0
13.58;0.00647659382155665;0.342916955539601;0
13.59;0.00990206687199467;0.342076935389658;0
13.6;0.0133186844185743;0.34113581780796;0
13.61;0.01672543751404;0.340094058657426;0
13.62;0.0201213219021556;0.338952143185865;0
13.63;0.0235053383106782;0.337710585830012;0
13.64;0.026876492742335;0.336369930011153;0
13.65;0.0302337967637181;0.334930747922418;0
13.66;0.0335762677920156;0.33339364030781;0
13.67;0.0369029293794958;0.331759236233053;0
13.68;0.0402128114956633;0.330028192848349;0
13.69;0.043504950807007;0.328201195143124;0
13.7;0.0467783909542593;0.326278955692847;0
13.71;0.0500321828270884;0.324262214398018;0
13.72;0.0532653848361458;0.32215173821541;0
13.73;0.0564770631823912;0.319948320881668;0
13.74;0.0596662921236196;0.317652782629349;0
13.75;0.0628321542381155;0.315265969895516;0
13.76;0.0659737406853594;0.312788755022966;0
13.77;0.0690901514637136;0.310222035954219;0
13.78;0.0721804956650167;0.307566735918348;0
13.79;0.0752438917260135;0.304823803110777;0
13.8;0.0782794676765522;0.301994210366135;0
13.81;0.0812863613844792;0.299078954824296;0
13.82;0.0842637207971641;0.296079057589704;0
13.83;0.0872107041795878;0.292995563384093;0
13.84;0.090126480348929;0.289829540192738;0
13.85;0.0930102289055844;0.286582078904329;0
13.86;0.0958611404605587;0.2832542929446;0
13.87;0.0986784168591646;0.279847317903841;0
13.88;0.10146127140097;0.276362311158392;0
13.89;0.104208929055931;0.272800451486268;0
13.9;0.106920626676664;0.269162938677027;0
13.91;0.109595613206777;0.265450993136005;0
13.92;0.112233149885233;0.261665855483056;0
13.93;0.114832510446663;0.257808786145925;0
13.94;0.117392981317604;0.253881064948371;0
13.95;0.119913861808578;0.249883990693198;0
13.96;0.122394464301995;0.245818880740304;0
13.97;0.124834114435803;0.241687070579892;0
13.98;0.127232151282856;0.237489913400988;0
13.99;0.129587927525941;0.233228779655388;0
14;0.131900809628429;0.228905056617179;0
14.01;0.134170178000498;0.224520147937981;0
14.02;0.136395427160896;0.220075473198039;0
14.03;0.138575965894187;0.215572467453311;0
14.04;0.140711217403459;0.2110125807787;0
14.05;0.142800619458444;0.206397277807563;0
14.06;0.144843624539016;0.201728037267655;0
14.07;0.146839699974033;0.197006351513638;0
14.08;0.148788328075496;0.192233726056311;0
14.09;0.150689006267973;0.18741167908871;0
14.1;0.152541247213283;0.182541741009216;0
14.11;0.154344578930388;0.177625453941821;0
14.12;0.156098544910487;0.172664371253714;0
14.13;0.157802704227262;0.167660057070315;0
14.14;0.159456631642271;0.162614085787924;0
14.15;0.161059917705457;0.157528041584127;0
14.16;0.162612168850748;0.152403517926109;0
14.17;0.164113007486732;0.147242117077036;0
14.18;0.165562072082393;0.142045449600634;0
14.19;0.166959017247878;0.136815133864145;0
14.2;0.168303513810291;0.131552795539793;0
14.21;0.169595248884492;0.126260067104915;0
14.22;0.170833925938899;0.120938587340913;0
14.23;0.172019264856267;0.115590000831177;0
14.24;0.173151001989446;0.110215957458136;0
14.25;0.174228890212104;0.104818111899577;0
14.26;0.175252698964413;0.099398123124397;0
14.27;0.176222214293692;0.0939576538879366;0
14.28;0.177137238889994;0.0884983702270422;0
14.29;0.177997592116653;0.0830219409550151;0
14.3;0.178803110035772;0.077530037156595;0
14.31;0.179553645428671;0.072024331683131;0
14.32;0.180249067811275;0.0665064986480908;0
14.33;0.180889263444473;0.0609782129230583;0
14.34;0.181474135339432;0.0554411496343705;0
14.35;0.182003603257879;0.0498969836605429;0
14.36;0.182477603707369;0.044347389130633;0
14.37;0.182896089931534;0.0387940389236906;0
14.38;0.183259031895336;0.0332386041694432;0
14.39;0.183566416265333;0.0276827537503638;0
14.4;0.183818246384969;0.0221281538052681;0
14.41;0.18401454224491;0.0165764672345876;0
14.42;0.184155340448444;0.0110293532074632;0
14.43;0.184240694171951;0.00548846667080465;0
14.44;0.184270673120487;-4.4542139540129e-05;0
14.45;0.184245363478473;-0.00556802818536414;0
14.46;0.184164867855546;-0.0110803521102856;0
14.47;0.184029305227566;-0.0165798807213971;0
14.48;0.183838810872824;-0.0220649874682393;0
14.49;0.183593536303475;-0.0275340529189601;0
14.5;0.183293649192218;-0.0329854652335223;0
14.51;0.18293933329426;-0.0384176206338213;0
14.52;0.182530788364595;-0.0438289238705785;0
14.53;0.182068230070621;-0.0492177886868764;0
14.54;0.181551889900152;-0.0545826382782001;0
14.55;0.180982015064829;-0.059921905748856;0
14.56;0.180358868398998;-0.065234034564635;0
14.57;0.179682728254067;-0.070517479001592;0
14.58;0.178953888388402;-0.0757707045908133;0
14.59;0.178172657852791;-0.0809921885590468;0
14.6;0.177339360871516;-0.0861804202650677;0
14.61;0.176454336719089;-0.091333901631658;0
14.62;0.175517939592683;-0.0964511475730781;0
14.63;0.174530538480311;-0.101530686417908;0
14.64;0.173492517024799;-0.106571060327142;0
14.65;0.172404273383593;-0.111570825707419;0
14.66;0.171266220084468;-0.116528553619267;0
14.67;0.170078783877166;-0.121442830180263;0
14.68;0.168842405581031;-0.126312256962978;0
14.69;0.167557539928691;-0.131135451387607;0
14.7;0.166224655405831;-0.13591104710918;0
14.71;0.164844234087123;-0.140637694399229;0
14.72;0.163416771468368;-0.14531406052183;0
14.73;0.161942776294895;-0.1499388301039;0
14.74;0.160422770386288;-0.15451070549965;0
14.75;0.158857288457498;-0.159028407149102;0
14.76;0.157246877936391;-0.163490673930566;0
14.77;0.155592098777801;-0.16789626350699;0
14.78;0.153893523274152;-0.17224395266607;0
14.79;0.152151735862697;-0.176532537654061;0
14.8;0.150367332929461;-0.180760834503166;0
14.81;0.148540922609923;-0.184927679352439;0
14.82;0.146673124586539;-0.189031928762108;0
14.83;0.144764569883128;-0.193072460021234;0
14.84;0.142815900656233;-0.197048171448631;0
14.85;0.140827769983493;-0.200957982686966;0
14.86;0.1388008416491;-0.204800834989951;0
14.87;0.136735789926431;-0.208575691502579;0
14.88;0.134633299357893;-0.212281537534304;0
14.89;0.132494064532078;-0.215917380825114;0
14.9;0.130318789858287;-0.219482251804417;0
14.91;0.128108189338495;-0.22297520384269;0
14.92;0.125862986336839;-0.226395313495808;0
14.93;0.123583913346687;-0.22974168074201;0
14.94;0.121271711755378;-0.233013429211434;0
14.95;0.118927131606698;-0.236209706408172;0
14.96;0.116550931361166;-0.239329683924776;0
14.97;0.114143877654215;-0.242372557649188;0
14.98;0.111706745052333;-0.245337547964022;0
14.99;0.109240315807249;-0.248223899938167;0
15;0.106745379608237;-0.251030883510653;0
15.01;0.104222733332612;-0.253757793666758;0
15.02;0.101673180794509;-0.25640395060629;0
15.03;0.0990975324920058;-0.258968699904035;0
15.04;0.0964966053526806;-0.261451412662311;0
15.05;0.09387122247768;-0.263851485655619;0
15.06;0.0912222128843752;-0.26616834146734;0
15.07;0.088550411247687;-0.268401428618465;0
15.08;0.0858566576401603;-0.270550221688332;0
15.09;0.0831417972708664;-0.272614221427336;0
15.1;0.0804066802232149;-0.274592954861608;0
15.11;0.0776521611917548;-0.276485975389635;0
15.12;0.0748790992180461;-0.278292862870804;0
15.13;0.0720883574256816;-0.28001322370587;0
15.14;0.0692808027545412;-0.281646690909326;0
15.15;0.0664573056943585;-0.283192924173668;0
15.16;0.0636187400176815;-0.284651609925554;0
15.17;0.0607659825123077;-0.28602246137386;0
15.18;0.057899912713276;-0.287305218549611;0
15.19;0.055021412634495;-0.288499648337817;0
15.2;0.0521313665000896;-0.289605544501195;0
15.21;0.0492306604755473;-0.290622727695798;0
15.22;0.0463201823987438;-0.291551045478557;0
15.23;0.0434008215109303;-0.292390372306738;0
15.24;0.0404734681877621;-0.293140609529347;0
15.25;0.0375390136704494;-0.293801685370483;0
15.26;0.0345983497971111;-0.29437355490466;0
15.27;0.0316523687344105;-0.294856200024134;0
15.28;0.0287019627095551;-0.295249629398232;0
15.29;0.0257480237427373;-0.295553878424741;0
15.3;0.0227914433800984;-0.295769009173352;0
15.31;0.0198331124272927;-0.295895110321217;0
15.32;0.0168739206837318;-0.295932297080641;0
15.33;0.0139147566775877;-0.295880711118934;0
15.34;0.0109565074016314;-0.295740520470482;0
15.35;0.00800005804998676;-0.295511919441061;0
15.36;0.00504629175587549;-0.295195128504436;0
15.37;0.00209608933043065;-0.2947903941913;0
15.38;-0.000849670997344761;-0.294297988970594;0
15.39;-0.00379011383939837;-0.293718211123246;0
15.4;-0.00672436690615252;-0.293051384608398;0
15.41;-0.00965156126265692;-0.292297858922168;0
15.42;-0.0125708315832956;-0.291458008948987;0
15.43;-0.0154813164049739;-0.290532234805597;0
15.44;-0.0183821583787131;-0.289520961677742;0
15.45;-0.0212725045195783;-0.288424639649629;0
15.46;-0.0241515064548699;-0.287243743526219;0
15.47;-0.0270183206705048;-0.285978772648413;0
15.48;-0.0298721087555187;-0.284630250701199;0
15.49;-0.0327120376446176;-0.283198725514831;0
15.5;-0.0355372798587105;-0.281684768859119;0
15.51;-0.0383470137433545;-0.280088976230884;0
15.52;-0.0411404237050431;-0.278411966634677;0
15.53;-0.0439167004452724;-0.276654382356823;0
15.54;-0.0466750411923181;-0.274816888732874;0
15.55;-0.0494146499306568;-0.272900173908556;0
15.56;-0.0521347376279688;-0.270904948594284;0
15.57;-0.0548345224596567;-0.268831945813342;0
15.58;-0.057513230030818;-0.266681920643797;0
15.59;-0.0601700935956088;-0.264455649954258;0
15.6;-0.0628043542739378;-0.262153932133548;0
15.61;-0.0654152612654298;-0.25977758681439;0
15.62;-0.0680020720605998;-0.257327454591207;0
15.63;-0.0705640526491785;-0.254804396732116;0
15.64;-0.0731004777255325;-0.252209294885221;0
15.65;-0.0756106308911216;-0.249543050779307;0
15.66;-0.0780938048539387;-0.246806585919025;0
15.67;-0.0805493016248765;-0.244000841274669;0
15.68;-0.0829764327109689;-0.241126776966659;0
15.69;-0.0853745193054529;-0.238185371944822;0
15.7;-0.0877428924746009;-0.235177623662577;0
15.71;-0.090080893341272;-0.232104547746141;0
15.72;-0.0923878732651334;-0.228967177658846;0
15.73;-0.0946631940195033;-0.225766564360698;0
15.74;-0.0969062279647689;-0.222503775963262;0
15.75;-0.0991163582183316;-0.219179897380013;0
15.76;-0.101292978821037;-0.21579602997224;0
15.77;-0.103435494900043;-0.212353291190639;0
15.78;-0.105543322828086;-0.208852814212685;0
15.79;-0.107615890379102;-0.205295747575929;0
15.8;-0.109652636880162;-0.201683254807308;0
15.81;-0.111653013359683;-0.198016514048605;0
15.82;-0.113616482691879;-0.19429671767817;0
15.83;-0.11554251973741;-0.190525071929028;0
15.84;-0.117430611480196;-0.18670279650348;0
15.85;-0.119280257160366;-0.18283112418434;0
15.86;-0.1210909684033;-0.178911300442912;0
15.87;-0.122862269344736;-0.174944583043842;0
15.88;-0.12459369675192;-0.170932241646958;0
15.89;-0.12628480014075;-0.166875557406237;0
15.9;-0.127935141888905;-0.162775822566005;0
15.91;-0.12954429734492;-0.158634340054519;0
15.92;-0.131111854933191;-0.154452423075035;0
15.93;-0.132637416254871;-0.1502313946945;0
15.94;-0.134120596184651;-0.145972587430003;0
15.95;-0.135561022963392;-0.14167734283309;0
15.96;-0.136958338286592;-0.137347011072097;0
15.97;-0.138312197388666;-0.132982950512615;0
15.98;-0.139622269123025;-0.12858652729621;0
15.99;-0.140888236037934;-0.124159114917552;0
16;-0.142109794448136;-0.119702093800054;0
16.01;-0.143286654502221;-0.115216850870164;0
16.02;-0.144418540245741;-0.110704779130451;0
16.03;-0.145505189680043;-0.106167277231587;0
16.04;-0.146546354816821;-0.101605749043385;0
16.05;-0.147541801728375;-0.0970216032249995;0
16.06;-0.148491310593564;-0.0924162527944406;0
16.07;-0.149394675739461;-0.0877911146975107;0
16.08;-0.150251705678686;-0.0831476093763119;0
16.09;-0.151062223142425;-0.0784871603374441;0
16.1;-0.151826065109133;-0.073811193720027;0
16.11;-0.152543082828917;-0.0691211378636758;0
16.12;-0.153213141843594;-0.0644184228765592;0
16.13;-0.153836122002432;-0.0597044802036702;0
16.14;-0.154411917473582;-0.0549807421954375;0
16.15;-0.15494043675119;-0.0502486416768078;0
16.16;-0.155421602658202;-0.0455096115169255;0
16.17;-0.155855352344878;-0.0407650841995395;0
16.18;-0.156241637283006;-0.0360164913942633;0
16.19;-0.15658042325583;-0.0312652635288166;0
16.2;-0.156871690343719;-0.0265128293623736;0
16.21;-0.157115432905559;-0.0217606155601452;0
16.22;-0.157311659555905;-0.0170100462693203;0
16.23;-0.157460393137901;-0.01226254269649;0
16.24;-0.157561670691977;-0.00751952268668016;0
16.25;-0.157615543420343;-0.0027824003041149;0
16.26;-0.157622076647304;0.00194741458516616;0
16.27;-0.157581349775406;0.00666851672871464;0
16.28;-0.157493456237438;0.0113795059009834;0
16.29;-0.157358503444313;0.016078987314419;0
16.3;-0.157176612728843;0.0207655720282183;0
16.31;-0.156947919285447;0.0254378773546288;0
16.32;-0.156672572105794;0.0300945272626773;0
16.33;-0.156350733910435;0.0347341527792086;0
16.34;-0.155982581076427;0.0393553923871195;0
16.35;-0.155568303560992;0.0439568924206735;0
16.36;-0.155108104821235;0.0485373074577824;0
16.37;-0.154602201729953;0.0530953007091422;0
16.38;-0.15405082448757;0.0576295444041132;0
16.39;-0.153454216530227;0.0621387201732332;0
16.4;-0.152812634434057;0.0666215194272543;0
16.41;-0.152126347815695;0.0710766437325984;0
16.42;-0.151395639229042;0.0755028051831211;0
16.43;-0.150620804058335;0.0798987267680822;0
16.44;-0.149802150407549;0.0842631427362177;0
16.45;-0.148939998986177;0.0885947989558104;0
16.46;-0.148034682991433;0.092892453270659;0
16.47;-0.14708654798691;0.0971548758518456;0
16.48;-0.146095951777736;0.101380849545203;0
16.49;-0.145063264282284;0.105569170214386;0
16.5;-0.143988867400462;0.10971864707945;0
16.51;-0.142873154878645;0.113828103050846;0
16.52;-0.141716532171286;0.117896375058735;0
16.53;-0.140519416299251;0.121922314377534;0
16.54;-0.139282235704937;0.125904786945608;0
16.55;-0.138005430104211;0.129842673680015;0
16.56;-0.136689450335223;0.133734870786214;0
16.57;-0.135334758204151;0.13758029006267;0
16.58;-0.133941826327918;0.141377859200251;0
16.59;-0.132511137973937;0.145126522076349;0
16.6;-0.131043186896946;0.148825239043649;0
16.61;-0.129538477172973;0.152472987213455;0
16.62;-0.127997523030498;0.156068760733507;0
16.63;-0.126420848678853;0.159611571060224;0
16.64;-0.124808988133938;0.163100447225273;0
16.65;-0.123162485041285;0.166534436096427;0
16.66;-0.121481892496548;0.169912602632619;0
16.67;-0.11976777286346;0.173234030133139;0
16.68;-0.118020697589336;0.176497820480904;0
16.69;-0.116241247018159;0.179703094379738;0
16.7;-0.11443001020133;0.182848991585602;0
16.71;-0.112587584706123;0.185934671131722;0
16.72;-0.110714576421926;0.188959311547539;0
16.73;-0.108811599364315;0.191922111071451;0
16.74;-0.106879275477032;0.194822287857276;0
16.75;-0.10491823443192;0.197659080174389;0
16.76;-0.102929113426897;0.200431746601486;0
16.77;-0.100912556982008;0.20313956621393;0
16.78;-0.0988692167336444;0.205781838764628;0
16.79;-0.0967997512269748;0.208357884858399;0
16.8;-0.0947048257066666;0.210867046119792;0
16.81;-0.092585111905958;0.213308685354318;0
16.82;-0.0904412878341467;0.215682186703048;0
16.83;-0.0882740375625632;0.217986955790556;0
16.84;-0.0860840510090946;0.220222419866169;0
16.85;-0.0838720237213264;0.222388027938486;0
16.86;-0.081638656658369;0.224483250903148;0
16.87;-0.079384655971437;0.226507581663825;0
16.88;-0.07711073278325;0.228460535246399;0
16.89;-0.0748176029663214;0.230341648906323;0
16.9;-0.0725059869202048;0.23215048222912;0
16.91;-0.0701766093477663;0.233886617224034;0
16.92;-0.0678301990305511;0.235549658410778;0
16.93;-0.0654674886033139;0.237139232899405;0
16.94;-0.0630892143277814;0.238654990463252;0
16.95;-0.0606961158657163;0.240096603604979;0
16.96;-0.0582889360513532;0.241463767615675;0
16.97;-0.0558684206632729;0.242756200627027;0
16.98;-0.0534353181957876;0.243973643656564;0
16.99;-0.0509903796299045;0.245115860645953;0
17;-0.048534358203937;0.246182638492361;0
17.01;-0.0460680091838349;0.247173787072883;0
17.02;-0.0435920896332999;0.248089139262038;0
17.03;-0.0411073581837586;0.248928550942342;0
17.04;-0.0386145748042599;0.249691901007965;0
17.05;-0.036114500571368;0.250379091361483;0
17.06;-0.0336078974391176;0.250990046903743;0
17.07;-0.0310955280091026;0.251524715516847;0
17.08;-0.028578155300765;0.251983068040276;0
17.09;-0.0260565425219541;0.252365098240178;0
17.1;-0.0235314528398226;0.25267082277183;0
17.11;-0.0210036491521296;0.25290028113531;0
17.12;-0.0184738938590167;0.253053535624392;0
17.13;-0.0159429486353261;0.253130671268697;0
17.14;-0.013411574203527;0.253131795769131;0
17.15;-0.0108805301073176;0.253057039426634;0
17.16;-0.00835057448597045;0.252906555064282;0
17.17;-0.00582246384948531;0.252680517942766;0
17.18;-0.00329695285461802;0.252379125669294;0
17.19;-0.00077479408184912;0.252002598099947;0
17.2;0.00174326218664158;0.251551177235543;0
17.21;0.0042564681879299;0.251025127111029;0
17.22;0.00676407889816734;0.250424733678467;0
17.23;0.0092653522512022;0.249750304683647;0
17.24;0.0117595493559384;0.249002169536383;0
17.25;0.0142459347123689;0.248180679174535;0
17.26;0.0167237764262216;0.247286205921812;0
17.27;0.0191923464221549;0.246319143339406;0
17.28;0.0216509206554427;0.245279906071523;0
17.29;0.0240987793220871;0.244168929684851;0
17.3;0.0265352070672988;0.242986670502034;0
17.31;0.0289594931922851;0.241733605429217;0
17.32;0.0313709318592878;0.240410231777707;0
17.33;0.0337688222948106;0.239017067079831;0
17.34;0.0361524689909795;0.237554648899049;0
17.35;0.0385211819049789;0.236023534634383;0
17.36;0.0408742766565062;0.234424301319243;0
17.37;0.0432110747231906;0.232757545414708;0
17.38;0.0455309036339187;0.231023882597343;0
17.39;0.0478330971600153;0.229223947541616;0
17.4;0.0501169955042233;0.227358393697;0
17.41;0.0523819454874316;0.225427893059823;0
17.42;0.0546273007330979;0.223433135939956;0
17.43;0.0568524218493155;0.22137483072241;0
17.44;0.0590566766084736;0.219253703623925;0
17.45;0.0612394401244606;0.217070498444632;0
17.46;0.0634000950273634;0.214825976314872;0
17.47;0.0655380316356119;0.212520915437254;0
17.48;0.0676526481255244;0.210156110824036;0
17.49;0.069743350698205;0.207732374029926;0
17.5;0.071809553743749;0.205250532880378;0
17.51;0.073850680002712;0.202711431195475;0
17.52;0.0758661607247973;0.200115928509501;0
17.53;0.0778554358247205;0.197464899786275;0
17.54;0.0798179540352086;0.194759235130353;0
17.55;0.0817531730570931;0.191999839494192;0
17.56;0.0836605597064564;0.189187632381358;0
17.57;0.0855395900587933;0.186323547545889;0
17.58;0.087389749590149;0.1834085326879;0
17.59;0.0892105333151965;0.180443549145532;0
17.6;0.0910014459222177;0.177429571583339;0
17.61;0.0927620019049525;0.17436758767722;0
17.62;0.0944917256912817;0.171258597795994;0
17.63;0.0961901517687118;0.168103614679707;0
17.64;0.0978568248066277;0.164903663114797;0
17.65;0.0994912997752836;0.161659779606195;0
17.66;0.101093142061502;0.158373012046484;0
17.67;0.102661927581049;0.155044419382211;0
17.68;0.104197242887666;0.151675071277458;0
17.69;0.105698685278717;0.148266047774778;0
17.7;0.107165862897443;0.144818438953603;0
17.71;0.108598394831778;0.141333344586237;0
17.72;0.10999591120973;0.137811873791521;0
17.73;0.11135805329127;0.134255144686304;0
17.74;0.112684473556744;0.130664284034811;0
17.75;0.113974835791757;0.12704042689602;0
17.76;0.11522881516853;0.12338471626916;0
17.77;0.116446098323696;0.119698302737442;0
17.78;0.117626383432535;0.115982344110121;0
17.79;0.118769380279615;0.112238005063012;0
17.8;0.119874810325839;0.108466456777569;0
17.81;0.120942406771864;0.104668876578623;0
17.82;0.121971914617911;0.100846447570915;0
17.83;0.122963090719913;0.0970003582745095;0
17.84;0.123915703842035;0.0931318022592185;0
17.85;0.124829534705512;0.0892419777781364;0
17.86;0.12570437603384;0.0853320874004025;0
17.87;0.126540032594274;0.0814033376433004;0
17.88;0.127336321235656;0.0774569386038059;0
17.89;0.12809307092255;0.073494103589696;0
17.9;0.128810122765691;0.0695160487503287;0
17.91;0.129487330048734;0.0655239927072053;0
17.92;0.130124558251321;0.0615191561844276;0
17.93;0.130721685068432;0.0575027616391589;0
17.94;0.131278600426065;0.0534760328922014;0
17.95;0.131795206493203;0.0494401947587996;0
17.96;0.132271417690101;0.0453964726797794;0
17.97;0.132707160692884;0.0413460923531345;0
17.98;0.133102374434461;0.0372902793661688;0
17.99;0.133457010101767;0.0332302588283038;0
18;0.133771031129334;0.0291672550046603;0
18.01;0.1340444131892;0.0251024909505235;0
18.02;0.134277144177174;0.0210371881467986;0
18.03;0.134469224195453;0.0169725661365648;0
18.04;0.134620665531612;0.0129098421628349;0
18.05;0.134731492633978;0.00885023080762749;0
18.06;0.134801742083404;0.00479494363245586;0
18.07;0.134831462561447;0.000745188820341563;0
18.08;0.134820714814983;-0.00329782918054482;0
18.09;0.134769571617259;-0.00733291001151066;0
18.1;0.134678117725406;-0.0113588577561329;0
18.11;0.134546449834442;-0.0153744812911118;0
18.12;0.134374676527766;-0.0193785946350848;0
18.13;0.134162918224173;-0.0233700172952996;0
18.14;0.133911307121426;-0.0273475746120461;0
18.15;0.133619987136374;-0.0313100981007479;0
18.16;0.133289113841676;-0.0352564257916149;0
18.17;0.132918854399131;-0.039185402566759;0
18.18;0.132509387489655;-0.0430958804946768;0
18.19;0.132060903239919;-0.0469867191620029;0
18.2;0.131573603145686;-0.0508567860024398;0
18.21;0.13104769999187;-0.0547049566227699;0
18.22;0.130483417769352;-0.0585301151258573;0
18.23;0.129880991588574;-0.0623311544305477;0
18.24;0.129240667589951;-0.0661069765883759;0
18.25;0.128562702851135;-0.0698564930969914;0
18.26;0.127847365291151;-0.0735786252102132;0
18.27;0.127094933571456;-0.0772723042446283;0
18.28;0.126305696993943;-0.0809364718826458;0
18.29;0.125479955395933;-0.0845700804719231;0
18.3;0.124618019042188;-0.088172093321081;0
18.31;0.123720208513986;-0.0917414849916246;0
18.32;0.122786854595291;-0.0952772415859889;0
18.33;0.121818298156063;-0.0987783610316302;0
18.34;0.120814890032743;-0.102243853361085;0
18.35;0.119776990905961;-0.105672740987918;0
18.36;0.118704971175493;-0.109064058978485;0
18.37;0.11759921083253;-0.112416855319437;0
18.38;0.116460099329287;-0.115730191180889;0
18.39;0.115288035445998;-0.119003141175186;0
18.4;0.114083427155349;-0.122234793611196;0
18.41;0.112846691484381;-0.12542425074406;0
18.42;0.111578254373925;-0.128570629020328;0
18.43;0.110278550535598;-0.131673059318427;0
18.44;0.108948023306421;-0.134730687184383;0
18.45;0.107587124501101;-0.137742673062745;0
18.46;0.106196314262021;-0.140708192522645;0
18.47;0.104776060907001;-0.143626436478935;0
18.48;0.103326840774856;-0.146496611408343;0
18.49;0.101849138068832;-0.1493179395606;0
18.5;0.100343444697935;-0.152089659164461;0
18.51;0.0988102601162412;-0.154811024628602;0
18.52;0.0972500911602077;-0.157481306737302;0
18.53;0.0956634518840565;-0.160099792840893;0
18.54;0.0940508633932765;-0.16266578704091;0
18.55;0.0924128536762977;-0.16517861036991;0
18.56;0.0907499574343919;-0.167637600965893;0
18.57;0.0890627159098529;-0.170042114241309;0
18.58;0.0873516767125119;-0.172391523046588;0
18.59;0.0856173936446416;-0.174685217828166;0
18.6;0.0838604265243058;-0.176922606780963;0
18.61;0.0820813410072089;-0.17910311599528;0
18.62;0.0802807084071014;-0.181226189598074;0
18.63;0.0784591055147985;-0.183291289888593;0
18.64;0.0766171144158677;-0.185297897468324;0
18.65;0.0747553223070427;-0.187245511365229;0
18.66;0.0728743213114205;-0.189133649152252;0
18.67;0.0709747082924995;-0.190961847060057;0
18.68;0.0690570846671164;-0.192729660083983;0
18.69;0.0671220562173391;-0.194436662085184;0
18.7;0.0651702329013755;-0.19608244588595;0
18.71;0.0632022286635539;-0.197666623359171;0
18.72;0.0612186612434367;-0.199188825511943;0
18.73;0.0592201519841229;-0.200648702563289;0
18.74;0.0572073256398016;-0.202045924015996;0
18.75;0.0551808101826121;-0.203380178722535;0
18.76;0.0531412366088726;-0.204651174945083;0
18.77;0.0510892387447344;-0.20585864040961;0
18.78;0.0490254530513228;-0.207002322354045;0
18.79;0.0469505184294223;-0.208081987570513;0
18.8;0.0448650760237663;-0.209097422441629;0
18.81;0.0427697690269909;-0.210048432970867;0
18.82;0.0406652424833113;-0.210934844806988;0
18.83;0.0385521430919809;-0.211756503262542;0
18.84;0.036431119010592;-0.21251327332644;0
18.85;0.0343028196582771;-0.213205039670607;0
18.86;0.0321678955188709;-0.213831706650727;0
18.87;0.0300269979440906;-0.214393198301081;0
18.88;0.0278807789567955;-0.2148894583235;0
18.89;0.0257298910543819;-0.215320450070436;0
18.9;0.0235749870123756;-0.215686156522176;0
18.91;0.0214167196882767;-0.215986580258212;0
18.92;0.0192557418257185;-0.216221743422778;0
18.93;0.0170927058589959;-0.216391687684594;0
18.94;0.0149282637180235;-0.216496474190812;0
18.95;0.0127630666337794;-0.216536183515214;0
18.96;0.0105977649442931;-0.216510915600671;0
18.97;0.00843300790123447;-0.216420789695893;0
18.98;0.00626944347716123;-0.216265944286503;0
18.99;0.00410771817348033;-0.216046537020464;0
19;0.00194847682918098;-0.215762744627889;0
19.01;-0.00020763756960546;-0.215414762835265;0
19.02;-0.0023599840791629;-0.215002806274136;0
19.03;-0.00450792398680985;-0.214527108384275;0
19.04;-0.00665082099852586;-0.21398792131138;0
19.05;-0.00878804142553044;-0.213385515799341;0
19.06;-0.0109189543697604;-0.21272018107712;0
19.07;-0.0130429319081916;-0.211992224740281;0
19.08;-0.015159349275953;-0.211201972627219;0
19.09;-0.0172675850481777;-0.210349768690131;0
19.1;-0.0193670213205422;-0.209435974860783;0
19.11;-0.0214570438884381;-0.208460970911119;0
19.12;-0.0235370424247287;-0.207425154308753;0
19.13;-0.0256064106560361;-0.206328940067414;0
19.14;-0.0276645465375115;-0.205172760592388;0
19.15;-0.0297108524260365;-0.203957065521003;0
19.16;-0.0317447352518082;-0.202682321558237;0
19.17;-0.0337656066882581;-0.201349012307479;0
19.18;-0.0357728833202565;-0.199957638096522;0
19.19;-0.0377659868105569;-0.198508715798844;0
19.2;-0.0397443440644311;-0.19700277865023;0
19.21;-0.0417073873924501;-0.195440376060807;0
19.22;-0.0436545546713654;-0.193822073422558;0
19.23;-0.0455852895030445;-0.192148451912368;0
19.24;-0.0474990413714178;-0.190420108290685;0
19.25;-0.0493952657973921;-0.188637654695848;0
19.26;-0.0512734244916882;-0.186801718434165;0
19.27;-0.0531329855055611;-0.184912941765803;0
19.28;-0.0549734233793591;-0.182971981686562;0
19.29;-0.056794219288884;-0.180979509705608;0
19.3;-0.0585948611895094;-0.178936211619236;0
19.31;-0.0603748439580198;-0.176842787280744;0
19.32;-0.0621336695321311;-0.174699950366483;0
19.33;-0.0638708470476544;-0.172508428138168;0
19.34;-0.0655858929732666;-0.170268961201523;0
19.35;-0.0672783312428513;-0.167982303261348;0
19.36;-0.0689476933853742;-0.16564922087307;0
19.37;-0.0705935186522589;-0.163270493190877;0
19.38;-0.0722153541422288;-0.160846911712502;0
19.39;-0.0738127549235819;-0.158379280020753;0
19.4;-0.0753852841538669;-0.155868413521858;0
19.41;-0.0769325131969286;-0.153315139180716;0
19.42;-0.0784540217372918;-0.150720295253146;0
19.43;-0.0799493978918553;-0.148084731015198;0
19.44;-0.0814182383188651;-0.14540930648964;0
19.45;-0.0828601483241413;-0.142694892169683;0
19.46;-0.0842747419645288;-0.13994236874005;0
19.47;-0.0856616421485481;-0.13715262679546;0
19.48;-0.0870204807342192;-0.134326566556636;0
19.49;-0.0883508986240349;-0.131465097583911;0
19.5;-0.0896525458570594;-0.128569138488519;0
19.51;-0.09092508169813;-0.125639616641686;0
19.52;-0.0921681747241404;-0.122677467881577;0
19.53;-0.0933815029073833;-0.119683636218221;0
19.54;-0.0945647536959345;-0.116659073536489;0
19.55;-0.0957176240910575;-0.113604739297221;0
19.56;-0.0968398207216122;-0.110521600236597;0
19.57;-0.0979310599154488;-0.107410630063847;0
19.58;-0.0989910677677725;-0.104272809157381;0
19.59;-0.100019580206463;-0.101109124259454;0
19.6;-0.101016343054331;-0.0979205681694395;0
19.61;-0.10198111208831;-0.0947081394358182;0
19.62;-0.102913653095551;-0.0914728420469707;0
19.63;-0.103813741926429;-0.0882156851208731;0
19.64;-0.104681164544437;-0.084937682593787;0
19.65;-0.105515717072969;-0.0816398529080402;0
19.66;-0.106317205838967;-0.0783232186989937;0
19.67;-0.107085447413442;-0.0749888064812894;0
19.68;-0.107820268648856;-0.0716376463344748;0
19.69;-0.108521506713348;-0.0682707715880982;0
19.7;-0.109189009121821;-0.0648892185063726;0
19.71;-0.109822633763866;-0.0614940259725001;0
19.72;-0.110422248928529;-0.058086235172755;0
19.73;-0.110987733325923;-0.054666889280419;0
19.74;-0.111518976105673;-0.051237033139664;0
19.75;-0.112015876872202;-0.0477977129494776;0
19.76;-0.11247834569686;-0.0443499759477252;0
19.77;-0.11290630312689;-0.0408948700954442;0
19.78;-0.113299680191239;-0.0374334437614636;0
19.79;-0.11365841840322;-0.0339667454074439;0
19.8;-0.113982469760027;-0.03049582327343;0
19.81;-0.114271796739101;-0.0270217250640109;0
19.82;-0.114526372291369;-0.02354549763518;0
19.83;-0.114746179831351;-0.0200681866819872;0
19.84;-0.114931213224148;-0.016590836427076;0
19.85;-0.11508147676932;-0.0131144893101978;0
19.86;-0.115196985181665;-0.00964018567879355;0
19.87;-0.115277763568907;-0.00616896347973475;0
19.88;-0.115323847406304;-0.00270185795231378;0
19.89;-0.115335282508203;0.000760098677426492;0
19.9;-0.11531212499653;0.0042158775009345;0
19.91;-0.115254441266257;0.00766445322987447;0
19.92;-0.11516230794784;0.0111048044972454;0
19.93;-0.115035811866658;0.0145359141568069;0
19.94;-0.114875049999464;0.0179567695807257;0
19.95;-0.114680129427868;0.0213663629553554;0
19.96;-0.114451167288875;0.0247636915750655;0
19.97;-0.114188290722484;0.0281477581340337;0
19.98;-0.113891636816389;0.0315175710159187;0
19.99;-0.113561352547787;0.0348721445813285;0
20;-0.113197594722323;0.0382104994530046;0
