0;0.674776467128286;0.219254412118256;0
0.01;0.676876155493352;0.198614816048759;0
0.02;0.678769334462651;0.177951155746104;0
0.03;0.680455791457298;0.157269666717619;0
0.04;0.681935376230841;0.136576579098206;0
0.05;0.683208000807171;0.11587811579202;0
0.06;0.684273639399868;0.095180490619524;0
0.07;0.685132328313052;0.0744899064704372;0
0.08;0.685784165823783;0.0538125534631422;0
0.09;0.686229312046092;0.0331546071110815;0
0.1;0.686467988776711;0.0125222264966834;0
0.11;0.686500479322569;-0.00807844754664747;0
0.12;0.686327128310156;-0.028641294243946;0
0.13;0.68594834147683;-0.0491602146789787;0
0.14;0.68536458544416;-0.0696291335848903;0
0.15;0.684576387473416;-0.0900420011246829;0
0.16;0.683584335203294;-0.110392794661013;0
0.17;0.682389076369997;-0.130675520514792;0
0.18;0.680991318509782;-0.150884215712086;0
0.19;0.679391828644094;-0.171012949718807;0
0.2;0.677591432947403;-0.1910558261627;0
0.21;0.67559101639789;-0.211006984542128;0
0.22;0.673391522411098;-0.230860601921169;0
0.23;0.6709939524567;-0.250610894610544;0
0.24;0.668399365658525;-0.270252119833878;0
0.25;0.66560887837798;-0.28977857737885;0
0.26;0.66262366378104;-0.309184611232732;0
0.27;0.659444951388954;-0.328464611201877;0
0.28;0.65607402661282;-0.347613014514684;0
0.29;0.652512230272219;-0.366624307407594;0
0.3;0.64876095809806;-0.385493026693672;0
0.31;0.644821660219819;-0.404213761313327;0
0.32;0.640695840637357;-0.422781153866747;0
0.33;0.63638505667749;-0.44118990212761;0
0.34;0.63189091843552;-0.45943476053766;0
0.35;0.627215088201894;-0.477510541681721;0
0.36;0.622359279874213;-0.495412117742752;0
0.37;0.617325258354774;-0.513134421936534;0
0.38;0.612114838933865;-0.530672449925599;0
0.39;0.606729886659009;-0.548021261212001;0
0.4;0.601172315690386;-0.565175980508573;0
0.41;0.595444088642626;-0.582131799088258;0
0.42;0.589547215913229;-0.598883976111189;0
0.43;0.583483754997793;-0.615427839929129;0
0.44;0.577255809792319;-0.631758789366923;0
0.45;0.570865529882797;-0.647872294980638;0
0.46;0.564315109822321;-0.663763900292019;0
0.47;0.557606788395961;-0.679429222998969;0
0.48;0.550742847873647;-0.694863956161702;0
0.49;0.543725613251297;-0.710063869364272;0
0.5;0.536557451480447;-0.725024809851164;0
0.51;0.529240770686617;-0.739742703638653;0
0.52;0.521778019376693;-0.754213556600644;0
0.53;0.514171685635555;-0.768433455528701;0
0.54;0.506424296312229;-0.782398569166003;0
0.55;0.49853841619581;-0.796105149214954;0
0.56;0.490516647181439;-0.809549531318198;0
0.57;0.482361627426581;-0.822728136012781;0
0.58;0.474076030497887;-0.835637469657228;0
0.59;0.465662564508908;-0.848274125331297;0
0.6;0.457123971248936;-0.8606347837082;0
0.61;0.448463025303245;-0.872716213899056;0
0.62;0.439682533165015;-0.884515274269391;0
0.63;0.430785332339216;-0.896028913227477;0
0.64;0.421774290438741;-0.907254169984324;0
0.65;0.412652304273057;-0.918188175285148;0
0.66;0.403422298929684;-0.928828152112146;0
0.67;0.394087226848762;-0.939171416358404;0
0.68;0.384650066891021;-0.949215377472813;0
0.69;0.375113823399426;-0.958957539075813;0
0.7;0.365481525254796;-0.968395499545865;0
0.71;0.355756224925697;-0.977526952576505;0
0.72;0.345940997512892;-0.986349687703862;0
0.73;0.336038939788646;-0.994861590804554;0
0.74;0.326053169231195;-1.00306064456384;0
0.75;0.31598682305466;-1.01094492891393;0
0.76;0.305843057234715;-1.01851262144246;0
0.77;0.295625045530306;-1.02576199777087;0
0.78;0.285335978501717;-1.03269143190288;0
0.79;0.274979062525294;-1.0392993965428;0
0.8;0.264557518805118;-1.04558446338366;0
0.81;0.254074582381926;-1.05154530336534;0
0.82;0.243533501139597;-1.05718068690228;0
0.83;0.232937534809493;-1.06248948408119;0
0.84;0.222289953972953;-1.0674706648284;0
0.85;0.211594039062261;-1.07212329904706;0
0.86;0.200853079360365;-1.07644655672412;0
0.87;0.190070371999674;-1.0804397080071;0
0.88;0.179249220960215;-1.08410212325078;0
0.89;0.168392936067461;-1.08743327303366;0
0.9;0.157504831990131;-1.09043272814445;0
0.91;0.146588227238259;-1.09310015953848;0
0.92;0.135646443161832;-1.09543533826421;0
0.93;0.124682802950304;-1.0974381353598;0
0.94;0.113700630633267;-1.09910852171992;0
0.95;0.102703250082603;-1.10044656793288;0
0.96;0.0916939840163808;-1.10145244408812;0
0.97;0.0806761530048259;-1.1021264195542;0
0.98;0.0696530744786329;-1.10246886272745;0
0.99;0.0586280617399274;-1.10248024075131;0
1;0.0476044229761651;-1.10216111920662;0
1.01;0.036585460277258;-1.10151216177289;0
1.02;0.0255744686562176;-1.10053412986073;0
1.03;0.0145747350736038;-1.09922788221568;0
1.04;0.00358953746606288;-1.09759437449349;0
1.05;-0.0073778562207589;-1.09563465880708;0
1.06;-0.0183241889946452;-1.09334988324541;0
1.07;-0.0292462157743019;-1.09074129136434;0
1.08;-0.0401407043416332;-1.08781022164983;0
1.09;-0.0510044362885252;-1.08455810695352;0
1.1;-0.061834207957863;-1.08098647390106;0
1.11;-0.0726268313785082;-1.0770969422733;0
1.12;-0.0833791351939678;-1.07289122436069;0
1.13;-0.0940879655844861;-1.06837112429092;0
1.14;-0.104750187182296;-1.06353853733038;0
1.15;-0.115362683979766;-1.05839544915932;0
1.16;-0.125922360230179;-1.05294393512125;0
1.17;-0.136426141340899;-1.04718615944676;0
1.18;-0.146870974758651;-1.04112437445196;0
1.19;-0.157253830846678;-1.03476091971198;0
1.2;-0.167571703753523;-1.02809822120964;0
1.21;-0.177821612273181;-1.02113879045975;0
1.22;-0.188000600696396;-1.0138852236093;0
1.23;-0.198105739652838;-1.00634020051369;0
1.24;-0.208134126943949;-0.998506483789628;0
1.25;-0.218082888366209;-0.990386917844745;0
1.26;-0.227949178524591;-0.981984427884364;0
1.27;-0.237730181635986;-0.973302018895794;0
1.28;-0.247423112322375;-0.964342774610427;0
1.29;-0.257025216393513;-0.955109856444025;0
1.3;-0.26653377161893;-0.945606502415535;0
1.31;-0.275946088489016;-0.935836026044809;0
1.32;-0.285259510964994;-0.925801815229574;0
1.33;-0.294471417217574;-0.91550733110205;0
1.34;-0.303579220354074;-0.904956106865567;0
1.35;-0.312580369133826;-0.894151746611589;0
1.36;-0.321472348671663;-0.883097924117513;0
1.37;-0.3302526811293;-0.871798381625649;0
1.38;-0.338918926394419;-0.860256928603779;0
1.39;-0.34746868274728;-0.848477440487686;0
1.4;-0.35589958751468;-0.836463857406076;0
1.41;-0.364209317711077;-0.824220182888297;0
1.42;-0.372395590666722;-0.811750482555275;0
1.43;-0.380456164642624;-0.799058882794088;0
1.44;-0.388388839432187;-0.786149569416598;0
1.45;-0.396191456949364;-0.77302678630258;0
1.46;-0.403861901803176;-0.759694834027776;0
1.47;-0.411398101858443;-0.746158068477309;0
1.48;-0.418798028782589;-0.732420899444903;0
1.49;-0.426059698578367;-0.718487789218352;0
1.5;-0.433181172102392;-0.704363251151678;0
1.51;-0.440160555569329;-0.690051848224443;0
1.52;-0.446996001041614;-0.675558191588658;0
1.53;-0.453685706904604;-0.66088693910375;0
1.54;-0.460227918327011;-0.64604279386004;0
1.55;-0.466620927706527;-0.631030502691215;0
1.56;-0.472863075100523;-0.615854854676225;0
1.57;-0.478952748641727;-0.600520679631105;0
1.58;-0.484888384938769;-0.585032846591174;0
1.59;-0.490668469461512;-0.569396262284084;0
1.6;-0.496291536911069;-0.553615869594198;0
1.61;-0.501756171574434;-0.537696646018764;0
1.62;-0.507061007663631;-0.521643602116374;0
1.63;-0.512204729639321;-0.505461779948172;0
1.64;-0.517186072518787;-0.489156251512301;0
1.65;-0.522003822168236;-0.472732117172069;0
1.66;-0.526656815579356;-0.456194504078309;0
1.67;-0.53114394113007;-0.439548564586423;0
1.68;-0.535464138829445;-0.422799474668592;0
1.69;-0.539616400546695;-0.405952432321634;0
1.7;-0.543599770224248;-0.389012655970997;0
1.71;-0.54741334407484;-0.371985382871373;0
1.72;-0.551056270762599;-0.35487586750441;0
1.73;-0.554527751568092;-0.337689379974024;0
1.74;-0.557827040537324;-0.320431204399778;0
1.75;-0.560953444614654;-0.303106637308822;0
1.76;-0.563906323759638;-0.285720986026882;0
1.77;-0.566685091047765;-0.268279567068773;0
1.78;-0.569289212755109;-0.250787704528924;0
1.79;-0.571718208426882;-0.2332507284724;0
1.8;-0.573971650929907;-0.215673973326894;0
1.81;-0.57604916648901;-0.198062776276184;0
1.82;-0.577950434707357;-0.180422475655514;0
1.83;-0.579675188570762;-0.162758409349395;0
1.84;-0.581223214435976;-0.145075913192294;0
1.85;-0.582594352003002;-0.127380319372685;0
1.86;-0.583788494271469;-0.109676954840933;0
1.87;-0.5848055874811;-0.0919711397214893;0
1.88;-0.585645631036328;-0.0742681857298615;0
1.89;-0.586308677415099;-0.0565733945948202;0
1.9;-0.586794832061926;-0.038892056486316;0
1.91;-0.587104253265249;-0.0212294484495607;0
1.92;-0.587237152019169;-0.00359083284573514;0
1.93;-0.587193791869609;0.0140185442002222;0
1.94;-0.586974488745;0.0315934543442911;0
1.95;-0.58657961077155;0.0491286885600612;0
1.96;-0.586009578073179;0.0666190586669916;0
1.97;-0.58526486255622;0.0840593988497953;0
1.98;-0.584345987678963;0.101444567168508;0
1.99;-0.583253528206138;0.118769447058805;0
2;-0.581988109948449;0.136028948822131;0
2.01;-0.580550409487248;0.153218011105222;0
2.02;-0.578941153884465;0.170331602368575;0
2.03;-0.577161120377902;0.187364722343473;0
2.04;-0.575211136062015;0.204312403477118;0
2.05;-0.573092077554295;0.221169712365482;0
2.06;-0.57080487064738;0.237931751173456;0
2.07;-0.568350489947022;0.254593659041894;0
2.08;-0.565729958496046;0.27115061348116;0
2.09;-0.562944347384433;0.287597831750775;0
2.1;-0.559994775345677;0.303930572224773;0
2.11;-0.556882408339544;0.3201441357424;0
2.12;-0.553608459121399;0.336233866943745;0
2.13;-0.550174186798247;0.352195155589956;0
2.14;-0.546580896371632;0.368023437867662;0
2.15;-0.542829938267581;0.383714197677231;0
2.16;-0.53892270785372;0.399262967904515;0
2.17;-0.534860644943766;0.414665331675723;0
2.18;-0.530645233289537;0.429916923595082;0
2.19;-0.526278000060664;0.445013430964934;0
2.2;-0.521760515312191;0.459950594987943;0
2.21;-0.517094391440222;0.474724211951073;0
2.22;-0.512281282625822;0.489330134391031;0
2.23;-0.507322884267345;0.503764272240832;0
2.24;-0.502220932401378;0.518022593957197;0
2.25;-0.496977203112508;0.532101127628465;0
2.26;-0.491593511932085;0.545995962062732;0
2.27;-0.486071713226209;0.559703247855908;0
2.28;-0.480413699573116;0.573219198439433;0
2.29;-0.474621401130182;0.586540091107338;0
2.3;-0.468696784990758;0.599662268022412;0
2.31;-0.462641854531029;0.612582137201186;0
2.32;-0.456458648747121;0.62529617347749;0
2.33;-0.450149241582674;0.637800919444319;0
2.34;-0.443715741247092;0.650092986373773;0
2.35;-0.437160289524695;0.662169055114826;0
2.36;-0.43048506107499;0.674025876968697;0
2.37;-0.423692262724291;0.685660274541597;0
2.38;-0.416784132748923;0.697069142574639;0
2.39;-0.409762940150214;0.708249448750692;0
2.4;-0.402630983921537;0.71919823447799;0
2.41;-0.395390592307617;0.72991261565029;0
2.42;-0.388044122056338;0.740389783383396;0
2.43;-0.380593957663298;0.750627004727873;0
2.44;-0.373042510609342;0.760621623357768;0
2.45;-0.365392218591318;0.770371060235181;0
2.46;-0.357645544746291;0.779872814250529;0
2.47;-0.349804976869474;0.789124462838342;0
2.48;-0.341873026626102;0.798123662568464;0
2.49;-0.333852228757511;0.806868149712515;0
2.5;-0.32574514028166;0.815355740785483;0
2.51;-0.317554339688358;0.823584333062335;0
2.52;-0.309282426129426;0.831551905069534;0
2.53;-0.300932018604062;0.839256517051349;0
2.54;-0.292505755139665;0.846696311410874;0
2.55;-0.284006291968346;0.853869513125657;0
2.56;-0.275436302699412;0.860774430137863;0
2.57;-0.26679847748806;0.867409453718899;0
2.58;-0.258095522200532;0.87377305880843;0
2.59;-0.249330157576003;0.879863804327733;0
2.6;-0.240505118385454;0.885680333467344;0
2.61;-0.231623152587772;0.891221373948938;0
2.62;-0.222687020483363;0.896485738261432;0
2.63;-0.213699493865504;0.901472323871263;0
2.64;-0.204663355169721;0.90618011340684;0
2.65;-0.195581396621436;0.910608174817142;0
2.66;-0.186456419382138;0.914755661504476;0
2.67;-0.177291232694349;0.918621812431385;0
2.68;-0.168088653025636;0.922205952201729;0
2.69;-0.158851503211931;0.925507491115952;0
2.7;-0.149582611600403;0.928525925200567;0
2.71;-0.140284811192168;0.931260836211891;0
2.72;-0.130960938785062;0.933711891614079;0
2.73;-0.121613834116761;0.935878844531501;0
2.74;-0.112246339008484;0.937761533675523;0
2.75;-0.102861296509547;0.939359883245759;0
2.76;-0.0934615500430186;0.940673902805871;0
2.77;-0.0840499425527323;0.941703687133982;0
2.78;-0.0746293156519072;0.942449416047819;0
2.79;-0.0652025087736319;0.942911354204646;0
2.8;-0.0557723583234615;0.943089850876129;0
2.81;-0.0463416968343786;0.942985339698205;0
2.82;-0.0369133521243675;0.942598338396107;0
2.83;-0.0274901464568496;0.941929448484647;0
2.84;-0.0180748957042269;0.940979354943896;0
2.85;-0.00867040851477855;0.939748825870412;0
2.86;0.000720514516844662;0.938238712104136;0
2.87;0.0100950816752868;0.936449946831144;0
2.88;0.0194505109460719;0.934383545162382;0
2.89;0.0287840308328696;0.932040603688578;0
2.9;0.0380928811702027;0.929422300011491;0
2.91;0.0473743139313621;0.926529892251678;0
2.92;0.0566255940312937;0.923364718532978;0
2.93;0.0658440001242268;0.919928196443892;0
2.94;0.0750268253958124;0.916221822476077;0
2.95;0.0841713783495447;0.912247171440145;0
2.96;0.0932749835872391;0.908005895858993;0
2.97;0.102334982583343;0.903499725338882;0
2.98;0.111348734452858;0.898730465918487;0
2.99;0.120313616712656;0.893699999396158;0
3;0.129227026035966;0.888410282635623;0
3.01;0.138086378999831;0.882863346850384;0
3.02;0.1468891128253;0.877061296867061;0
3.03;0.155632686110176;0.871006310367929;0
3.04;0.164314579554082;0.86470063711292;0
3.05;0.172932296675666;0.858146598141357;0
3.06;0.181483364521726;0.851346584953689;0
3.07;0.189965334368068;0.844303058673522;0
3.08;0.198375782411898;0.837018549190204;0
3.09;0.206712310455544;0.829495654282284;0
3.1;0.214972546581342;0.821737038722118;0
3.11;0.223154145817468;0.813745433361937;0
3.12;0.231254790794566;0.805523634201678;0
3.13;0.239272192392957;0.797074501438881;0
3.14;0.247204090380277;0.788400958500987;0
3.15;0.255048254039361;0.779505991060332;0
3.16;0.262802482786192;0.770392646032187;0
3.17;0.270464606777762;0.761064030556154;0
3.18;0.278032487509673;0.751523310961266;0
3.19;0.285504018403314;0.741773711715115;0
3.2;0.29287712538246;0.731818514357365;0
3.21;0.300149767439138;0.721661056417991;0
3.22;0.307319937188607;0.711304730320586;0
3.23;0.314385661413305;0.700752982271103;0
3.24;0.321345001595621;0.690009311132391;0
3.25;0.328193756660262;0.674482111230271;-2.29777908296605
3.26;0.33478539080014;0.640415141675383;-2.29777908296605
3.27;0.341035746210207;0.606214750821724;-2.29777908296605
3.28;0.346943535826173;0.571891419902195;-2.29777908296605
3.29;0.352507577483469;0.537455648988495;-2.29777908296605
3.3;0.357726794091336;0.502917953811242;-2.29777908296605
3.31;0.362600213775099;0.468288862580856;-2.29777908296605
3.32;0.367126969986671;0.433578912810168;-2.29777908296605
3.33;0.371306301583285;0.398798648139708;-2.29777908296605
3.34;0.375137552874496;0.3639586151666;-2.29777908296605
3.35;0.3786201736375;0.329069360278032;-2.29777908296605
3.36;0.381753719100799;0.294141426490225;-2.29777908296605
3.37;0.38453784989629;0.259185350293846;-2.29777908296605
3.38;0.386972331979844;0.224211658506802;-2.29777908296605
3.39;0.389057036520446;0.189230865135338;-2.29777908296605
3.4;0.390791939757984;0.154253468244373;-2.29777908296605
3.41;0.392177122829789;0.119289946837996;-2.29777908296605
3.42;0.393212771566033;0.0843507577510269;-2.29777908296605
3.43;0.393899176254089;0.0494463325525792;-2.29777908296605
3.44;0.394236731371989;0.0145870744625074;-2.29777908296605
3.45;0.394225935291104;-0.0202166447183431;-2.29777908296605
3.46;0.393867389948192;-0.0549544876631934;-2.29777908296605
3.47;0.393161800486973;-0.0896161545588036;-2.29777908296605
3.48;0.392109974869369;-0.124191386128477;-2.29777908296605
3.49;0.390712823456601;-0.158669966637715;-2.29777908296605
3.5;0.388971358560311;-0.19304172688166;-2.29777908296605
3.51;0.386886693963888;-0.227296547153447;-2.29777908296605
3.52;0.384460044414203;-0.261424360192625;-2.29777908296605
3.53;0.381692725083959;-0.295415154112786;-2.29777908296605
3.54;0.378586151004847;-0.329258975307558;-2.29777908296605
3.55;0.375141836471757;-0.362945931334147;-2.29777908296605
3.56;0.37136139441825;-0.396466193773575;-2.29777908296605
3.57;0.367246535763536;-0.429810001066814;-2.29777908296605
3.58;0.362799068731205;-0.462967661326013;-2.29777908296605
3.59;0.358020898139955;-0.495929555119994;-2.29777908296605
3.6;0.352914024666592;-0.528686138233252;-2.29777908296605
3.61;0.347480544081557;-0.561227944397663;-2.29777908296605
3.62;0.34172264645726;-0.593545587996129;-2.29777908296605
3.63;0.335642615349509;-0.625629766737405;-2.29777908296605
3.64;0.329242826952329;-0.657471264301348;-2.29777908296605
3.65;0.322525749226448;-0.689060952953849;-2.29777908296605
3.66;0.315493941001794;-0.720389796130717;-2.29777908296605
3.67;0.308150051054277;-0.751448850989795;-2.29777908296605
3.68;0.300496817157207;-0.78222927093059;-2.29777908296605
3.69;0.292537065107662;-0.81272230808073;-2.29777908296605
3.7;0.284273707728135;-0.842919315748549;-2.29777908296605
3.71;0.275709743843827;-0.872811750841125;-2.29777908296605
3.72;0.266848257235899;-0.902391176247111;-2.29777908296605
3.73;0.257692415571069;-0.931649263183701;-2.29777908296605
3.74;0.248245469307899;-0.960577793507088;-2.29777908296605
3.75;0.238510750580143;-0.98916866198579;-2.29777908296605
3.76;0.228491672057534;-1.01741387853621;-2.29777908296605
3.77;0.218191725784383;-1.04530557041987;-2.29777908296605
3.78;0.207614481996386;-1.07283598440162;-2.29777908296605
3.79;0.196763587916023;-1.09999748886843;-2.29777908296605
3.8;0.185642766526949;-1.12678257590797;-2.29777908296605
3.81;0.174255815327782;-1.15318386334661;-2.29777908296605
3.82;0.162606605065698;-1.17919409674616;-2.29777908296605
3.83;0.150699078450241;-1.204806151359;-2.29777908296605
3.84;0.13853724884778;-1.23001303404085;-2.29777908296605
3.85;0.126125198957018;-1.25480788512084;-2.29777908296605
3.86;0.113467079466006;-1.27918398022844;-2.29777908296605
3.87;0.100567107691079;-1.30313473207655;-2.29777908296605
3.88;0.087429566198156;-1.32665369220056;-2.29777908296605
3.89;0.0740588014068564;-1.34973455265274;-2.29777908296605
3.9;0.0604592221778711;-1.37237114765159;-2.29777908296605
3.91;0.0466352983840444;-1.39455745518579;-2.29777908296605
3.92;0.0325915594656231;-1.41628759857225;-2.29777908296605
3.93;0.0183325929701329;-1.43755584796795;-2.29777908296605
3.94;0.0038630430773452;-1.45835662183512;-2.29777908296605
3.95;-0.010812390890196;-1.47868448835953;-2.29777908296605
3.96;-0.025688955970618;-1.49853416682137;-2.29777908296605
3.97;-0.0407618470796575;-1.5179005289185;-2.29777908296605
3.98;-0.0560262085406163;-1.53677860004183;-2.29777908296605
3.99;-0.071477135626853;-1.55516356050228;-2.29777908296605
4;-0.0871096761163268;-1.57305074670933;-2.29777908296605
4.01;-0.102918831857707;-1.59043565230069;-2.29777908296605
4.02;-0.118899560347558;-1.60731392922287;-2.29777908296605
4.03;-0.13504677631811;-1.62368138876254;-2.29777908296605
4.04;-0.151355353335119;-1.63953400252822;-2.29777908296605
4.05;-0.16782012540532;-1.65486790338235;-2.29777908296605
4.06;-0.184435888592977;-1.6696793863233;-2.29777908296605
4.07;-0.201197402645028;-1.6839649093174;-2.29777908296605
4.08;-0.218099392624324;-1.69772109408054;-2.29777908296605
4.09;-0.235136550550455;-1.71094472680947;-2.29777908296605
4.1;-0.252303537047666;-1.72363275886245;-2.29777908296605
4.11;-0.269594982999346;-1.73578230738928;-2.29777908296605
4.12;-0.287005491208595;-1.74739065591051;-2.29777908296605
4.13;-0.304529638064349;-1.75845525484577;-2.29777908296605
4.14;-0.322161975212562;-1.76897372199125;-2.29777908296605
4.15;-0.339897031231931;-1.77894384294607;-2.29777908296605
4.16;-0.357729313313661;-1.7883635714877;-2.29777908296605
4.17;-0.375653308944745;-1.79723102989629;-2.29777908296605
4.18;-0.393663487594265;-1.80554450922794;-2.29777908296605
4.19;-0.411754302402194;-1.81330246953688;-2.29777908296605
4.2;-0.42992019187019;-1.82050354004666;-2.29777908296605
4.21;-0.448155581553869;-1.8271465192703;-2.29777908296605
4.22;-0.466454885756056;-1.83323037507949;-2.29777908296605
4.23;-0.484812509220495;-1.83875424472292;-2.29777908296605
4.24;-0.503222848825516;-1.84371743479379;-2.29777908296605
4.25;-0.521680295277145;-1.8481194211466;-2.29777908296605
4.26;-0.54017923480116;-1.85195984876341;-2.29777908296605
4.27;-0.558714050833574;-1.85523853156954;-2.29777908296605
4.28;-0.57727912570906;-1.85795545219902;-2.29777908296605
4.29;-0.595868842346793;-1.86011076170981;-2.29777908296605
4.3;-0.614477585933225;-1.8617047792491;-2.29777908296605
4.31;-0.63309974560129;-1.86273799166871;-2.29777908296605
4.32;-0.651729716105536;-1.86321105309095;-2.29777908296605
4.33;-0.670361899492693;-1.86312478442502;-2.29777908296605
4.34;-0.688990706767188;-1.86248017283434;-2.29777908296605
4.35;-0.707610559551107;-1.86127837115485;-2.29777908296605
4.36;-0.726215891738128;-1.85952069726472;-2.29777908296605
4.37;-0.744801151140924;-1.85720863340565;-2.29777908296605
4.38;-0.763360801131572;-1.85434382545607;-2.29777908296605
4.39;-0.781889322274468;-1.85092808215652;-2.29777908296605
4.4;-0.800381213951294;-1.84696337428756;-2.29777908296605
4.41;-0.818830995977542;-1.84245183380052;-2.29777908296605
4.42;-0.837233210210138;-1.83739575290143;-2.29777908296605
4.43;-0.855582422145697;-1.83179758308845;-2.29777908296605
4.44;-0.873873222508941;-1.82565993414329;-2.29777908296605
4.45;-0.89210022883083;-1.81898557307682;-2.29777908296605
4.46;-0.910258087015942;-1.81177742302943;-2.29777908296605
4.47;-0.928341472898652;-1.80403856212642;-2.29777908296605
4.48;-0.94634509378767;-1.79577222228898;-2.29777908296605
4.49;-0.964263689998484;-1.78698178800104;-2.29777908296605
4.5;-0.982092036373283;-1.77767079503251;-2.29777908296605
4.51;-0.999824943787905;-1.7678429291194;-2.29777908296605
4.52;-1.01745726064541;-1.75750202460128;-2.29777908296605
4.53;-1.03498387435582;-1.74665206301642;-2.29777908296605
4.54;-1.05239971280163;-1.73529717165536;-2.29777908296605
4.55;-1.06969974578869;-1.72344162207317;-2.29777908296605
4.56;-1.08687898648198;-1.71108982856111;-2.29777908296605
4.57;-1.10393249282597;-1.69824634657802;-2.29777908296605
4.58;-1.12085536894906;-1.68491587114221;-2.29777908296605
4.59;-1.13764276655181;-1.6711032351842;-2.29777908296605
4.6;-1.15428988627855;-1.65681340786097;-2.29777908296605
4.61;-1.17079197907183;-1.64205149283227;-2.29777908296605
4.62;-1.18714434750964;-1.62682272649959;-2.29777908296605
4.63;-1.20334234712471;-1.61113247620837;-2.29777908296605
4.64;-1.21938138770575;-1.59498623841398;-2.29777908296605
4.65;-1.23525693458018;-1.57838963681227;-2.29777908296605
4.66;-1.25096450987795;-1.56134842043507;-2.29777908296605
4.67;-1.26649969377624;-1.54386846171147;-2.29777908296605
4.68;-1.28185812572459;-1.52595575449543;-2.29777908296605
4.69;-1.29703550565011;-1.50761641206033;-2.29777908296605
4.7;-1.31202759514257;-1.48885666506126;-2.29777908296605
4.71;-1.32683021861892;-1.46968285946553;-2.29777908296605
4.72;-1.34143926446695;-1.45010145445226;-2.29777908296605
4.73;-1.35585068616792;-1.43011902028155;-2.29777908296605
4.74;-1.37006050339761;-1.40974223613411;-2.29777908296605
4.75;-1.3840648031057;-1.3889778879219;-2.29777908296605
4.76;-1.39785974057317;-1.36783286607049;-2.29777908296605
4.77;-1.4114415404473;-1.34631416327404;-2.29777908296605
4.78;-1.4248064977542;-1.32442887222336;-2.29777908296605
4.79;-1.43795097888843;-1.30218418330792;-2.29777908296605
4.8;-1.45087142257958;-1.27958738229259;-2.29777908296605
4.81;-1.46356434083543;-1.25664584796971;-2.29777908296605
4.82;-1.47602631986161;-1.23336704978733;-2.29777908296605
4.83;-1.48825402095741;-1.20975854545438;-2.29777908296605
4.84;-1.50024418138748;-1.18582797852345;-2.29777908296605
4.85;-1.51199361522935;-1.16158307595204;-2.29777908296605
4.86;-1.52349921419643;-1.13703164564297;-2.29777908296605
4.87;-1.53475794843628;-1.11218157396475;-2.29777908296605
4.88;-1.54576686730409;-1.08704082325274;-2.29777908296605
4.89;-1.55652310011101;-1.06161742929174;-2.29777908296605
4.9;-1.56702385684722;-1.03591949878097;-2.29777908296605
4.91;-1.57726642887968;-1.00995520678214;-2.29777908296605
4.92;-1.58724818962413;-0.983732794151381;-2.29777908296605
4.93;-1.59696659519147;-0.957260564955874;-2.29777908296605
4.94;-1.60641918500821;-0.930546883875992;-2.29777908296605
4.95;-1.61560358241077;-0.903600173593726;-2.29777908296605
4.96;-1.62451749521382;-0.876428912168206;-2.29777908296605
4.97;-1.63315871625209;-0.849041630399143;-2.29777908296605
4.98;-1.64152512389593;-0.821446909178988;-2.29777908296605
4.99;-1.64961468254027;-0.793653376834624;-2.29777908296605
5;-1.65742544306696;-0.765669706459415;-2.29777908296605
5.01;-1.66495554328039;-0.737504613236412;-2.29777908296605
5.02;-1.67220320831634;-0.709166851753552;-2.29777908296605
5.03;-1.67916675102388;-0.680665213311649;-2.29777908296605
5.04;-1.6858445723204;-0.652008523226017;-2.29777908296605
5.05;-1.69223516151955;-0.623205638122525;-2.29777908296605
5.06;-1.69833709663221;-0.594265443228923;-2.29777908296605
5.07;-1.70414904464026;-0.565196849662241;-2.29777908296605
5.08;-1.70966976174328;-0.536008791713094;-2.29777908296605
5.09;-1.71489809357806;-0.506710224127707;-2.29777908296605
5.1;-1.71983297541089;-0.477310119388481;-2.29777908296605
5.11;-1.7244734323027;-0.447817464993911;-2.29777908296605
5.12;-1.72881857924701;-0.418241260738686;-2.29777908296605
5.13;-1.73286762128059;-0.38859051599477;-2.29777908296605
5.14;-1.73661985356706;-0.358874246994289;-2.29777908296605
5.15;-1.74007466145326;-0.329101474115028;-2.29777908296605
5.16;-1.74323152049849;-0.29928121916936;-2.29777908296605
5.17;-1.74608999647668;-0.26942250269739;-2.29777908296605
5.18;-1.7486497453515;-0.239534341265143;-2.29777908296605
5.19;-1.75091051322451;-0.209625744768587;-2.29777908296605
5.2;-1.75287213625629;-0.179705713744279;-2.29777908296605
5.21;-1.75453454056084;-0.149783236687454;-2.29777908296605
5.22;-1.75589774207308;-0.119867287378315;-2.29777908296605
5.23;-1.75696184638974;-0.0899668222173461;-2.29777908296605
5.24;-1.75772704858355;-0.0600907775704054;-2.29777908296605
5.25;-1.75819363299104;-0.0302480671243863;-2.29777908296605
5.26;-1.75836197297389;-0.000447579254226391;-2.29777908296605
5.27;-1.75823253065395;0.0293018255979743;-2.29777908296605
5.28;-1.75780585662223;0.0589913175309561;-2.29777908296605
5.29;-1.75708258962178;0.0886120997786655;-2.29777908296605
5.3;-1.75606345620471;0.11815541129023;-2.29777908296605
5.31;-1.75474927036347;0.147612529294792;-2.29777908296605
5.32;-1.7531409331366;0.176974771850459;-2.29777908296605
5.33;-1.75123943218903;0.206233500376639;-2.29777908296605
5.34;-1.7490458413671;0.235380122169018;-2.29777908296605
5.35;-1.74656132022856;0.264406092896468;-2.29777908296605
5.36;-1.7437871135477;0.293302919079163;-2.29777908296605
5.37;-1.74072455079571;0.322062160547193;-2.29777908296605
5.38;-1.73737504559664;0.350675432878969;-2.29777908296605
5.39;-1.73374009515898;0.379134409818729;-2.29777908296605
5.4;-1.72982127968321;0.407430825672456;-2.29777908296605
5.41;-1.7256202617455;0.435556477681514;-2.29777908296605
5.42;-1.72113878565776;0.463503228373354;-2.29777908296605
5.43;-1.71637867680425;0.491263007888594;-2.29777908296605
5.44;-1.71134184095512;0.518827816283845;-2.29777908296605
5.45;-1.70603026355692;0.546189725809612;-2.29777908296605
5.46;-1.70044600900056;0.573340883162644;-2.29777908296605
5.47;-1.69459121986676;0.600273511712096;-2.29777908296605
5.48;-1.68846811614946;0.626979913698879;-2.29777908296605
5.49;-1.68207899445724;0.653452472407592;-2.29777908296605
5.5;-1.67542622719327;0.679683654310424;-2.29777908296605
5.51;-1.66851226171386;0.705666011182436;-2.29777908296605
5.52;-1.66133961946603;0.731392182187637;-2.29777908296605
5.53;-1.65391089510434;0.756854895935278;-2.29777908296605
5.54;-1.64622875558728;0.782046972505805;-2.29777908296605
5.55;-1.63829593925361;0.806961325445899;-2.29777908296605
5.56;-1.63011525487875;0.831590963732086;-2.29777908296605
5.57;-1.62168958071185;0.855928993702351;-2.29777908296605
5.58;-1.61302186349352;0.879968620955254;-2.29777908296605
5.59;-1.60411511745487;0.90370315221603;-2.29777908296605
5.6;-1.59497242329793;0.927125997169162;-2.29777908296605
5.61;-1.58559692715794;0.950230670256946;-2.29777908296605
5.62;-1.57599183954782;0.973010792443561;-2.29777908296605
5.63;-1.56616043428513;0.995460092944173;-2.29777908296605
5.64;-1.55610604740189;1.01757241091862;-2.29777908296605
5.65;-1.54583207603768;1.03934169712925;-2.29777908296605
5.66;-1.53534197731628;1.0607620155624;-2.29777908296605
5.67;-1.52463926720623;1.08182754501321;-2.29777908296605
5.68;-1.51372751936581;1.10253258063325;-2.29777908296605
5.69;-1.5026103639726;1.12287153544068;-2.29777908296605
5.7;-1.49129148653816;1.14283894179236;-2.29777908296605
5.71;-1.47977462670819;1.16242945281778;-2.29777908296605
5.72;-1.46806357704847;1.18163784381426;-2.29777908296605
5.73;-1.45616218181704;1.20045901360314;-2.29777908296605
5.74;-1.44407433572304;1.21888798584663;-2.29777908296605
5.75;-1.43180398267246;1.23691991032493;-2.29777908296605
5.76;-1.41935511450142;1.25455006417339;-2.29777908296605
5.77;-1.40673176969716;1.27177385307938;-2.29777908296605
5.78;-1.3939380321073;1.28858681243852;-2.29777908296605
5.79;-1.3809780296377;1.30498460847007;-2.29777908296605
5.8;-1.36785593293937;1.32096303929119;-2.29777908296605
5.81;-1.35457595408476;1.33651803594981;-2.29777908296605
5.82;-1.34114234523403;1.35164566341587;-2.29777908296605
5.83;-1.32755939729146;1.36634212153071;-2.29777908296605
5.84;-1.31383143855265;1.38060374591445;-2.29777908296605
5.85;-1.29996283334282;1.39442700883102;-2.29777908296605
5.86;-1.28595798064657;1.4078085200108;-2.29777908296605
5.87;-1.27182131272975;1.42074502743066;-2.29777908296605
5.88;-1.25755729375358;1.43323341805114;-2.29777908296605
5.89;-1.2431704183817;1.44527071851081;-2.29777908296605
5.9;-1.22866521038039;1.45685409577743;-2.29777908296605
5.91;-1.21404622121252;1.46798085775608;-2.29777908296605
5.92;-1.19931802862559;1.47864845385386;-2.29777908296605
5.93;-1.18448523523436;1.48885447550128;-2.29777908296605
5.94;-1.16955246709838;1.49859665663019;-2.29777908296605
5.95;-1.15452437229502;1.5078728741081;-2.29777908296605
5.96;-1.13940561948831;1.51668114812899;-2.29777908296605
5.97;-1.12420089649409;1.5250196425604;-2.29777908296605
5.98;-1.10891490884183;1.53288666524698;-2.29777908296605
5.99;-1.09355237833372;1.54028066827019;-2.29777908296605
6;-1.07811804160124;1.54720024816448;-2.29777908296605
6.01;-1.06261664865982;1.55364414608969;-2.29777908296605
6.02;-1.04705296146202;1.55961124795986;-2.29777908296605
6.03;-1.0314317524495;1.56510058452839;-2.29777908296605
6.04;-1.01575780310447;1.57011133142963;-2.29777908296605
6.05;-1.00003590250079;1.57464280917706;-2.29777908296605
6.06;-0.984270845855409;1.57869448311788;-2.29777908296605
6.07;-0.968467433080331;1.58226596334444;-2.29777908296605
6.08;-0.95263046733577;1.58535700456229;-2.29777908296605
6.09;-0.936764753584743;1.5879675059152;-2.29777908296605
6.1;-0.920875097149643;1.59009751076714;-2.29777908296605
6.11;-0.904966302271172;1.59174720644143;-2.29777908296605
6.12;-0.88904317067008;1.59291692391713;-2.29777908296605
6.13;-0.873110500112131;1.59360713748297;-2.29777908296605
6.14;-0.857173082976717;1.59381846434887;-2.29777908296605
6.15;-0.841235704829551;1.59355166421527;-2.29777908296605
6.16;-0.825303142999856;1.59280763880051;-2.29777908296605
6.17;-0.809380165162461;1.59158743132647;-2.29777908296605
6.18;-0.793471527925239;1.58989222596263;-2.29777908296605
6.19;-0.777581975422279;1.58772334722889;-2.29777908296605
6.2;-0.761716237913226;1.58508225935728;-2.29777908296605
6.21;-0.745879030389176;1.58197056561295;-2.29777908296605
6.22;-0.730075051185554;1.57839000757461;-2.29777908296605
6.23;-0.714308980602362;1.57434246437477;-2.29777908296605
6.24;-0.698585479532206;1.56982995190002;-2.29777908296605
6.25;-0.682909188096504;1.56485462195172;-2.29777908296605
6.26;-0.667284724290253;1.55941876136741;-2.29777908296605
6.27;-0.65171668263577;1.55352479110317;-2.29777908296605
6.28;-0.636209632845778;1.54717526527746;-2.29777908296605
6.29;-0.620768118496219;1.5403728701766;-2.29777908296605
6.3;-0.605396655709199;1.53312042322239;-2.29777908296605
6.31;-0.590099731846411;1.52542087190217;-2.29777908296605
6.32;-0.574881804213432;1.51727729266176;-2.29777908296605
6.33;-0.559747298775261;1.50869288976161;-2.29777908296605
6.34;-0.544700608883442;1.4996709940966;-2.29777908296605
6.35;-0.529746094015175;1.49021506197997;-2.29777908296605
6.36;-0.514888078524728;1.48032867389167;-2.29777908296605
6.37;-0.500130850407535;1.47001553319168;-2.29777908296605
6.38;-0.48547866007731;1.4592794647987;-2.29777908296605
6.39;-0.470935719156533;1.44812441383467;-2.29777908296605
6.4;-0.456506199280643;1.4365544442356;-2.29777908296605
6.41;-0.442194230916269;1.42457373732913;-2.29777908296605
6.42;-0.428003902193836;1.41218659037941;-2.29777908296605
6.43;-0.413939257754864;1.39939741509968;-2.29777908296605
6.44;-0.400004297614291;1.38621073613309;-2.29777908296605
6.45;-0.386202976038126;1.37263118950236;-2.29777908296605
6.46;-0.372539200436737;1.35866352102858;-2.29777908296605
6.47;-0.359016830274101;1.34431258471998;-2.29777908296605
6.48;-0.345639675993287;1.32958334113087;-2.29777908296605
6.49;-0.332411497958489;1.3144808556916;-2.29777908296605
6.5;-0.319336005413888;1.29901029700987;-2.29777908296605
6.51;-0.306416855459624;1.28317693514409;-2.29777908296605
6.52;-0.293657652045158;1.2669861398492;-2.29777908296605
6.53;-0.281061944980303;1.25044337879577;-2.29777908296605
6.54;-0.268633228964176;1.23355421576264;-2.29777908296605
6.55;-0.256374942632345;1.21632430880402;-2.29777908296605
6.56;-0.244290467622415;1.19875940839132;-2.29777908296605
6.57;-0.232383127658308;1.18086535553061;-2.29777908296605
6.58;-0.220656187653475;1.16264807985612;-2.29777908296605
6.59;-0.209112852833282;1.1441135977004;-2.29777908296605
6.6;-0.197756267876792;1.12526801014188;-2.29777908296605
6.61;-0.186589516078175;1.10611750103039;-2.29777908296605
6.62;-0.175615618527958;1.08666833499116;-2.29777908296605
6.63;-0.164837533314331;1.06692685540819;-2.29777908296605
6.64;-0.154258154744703;1.04689948238732;-2.29777908296605
6.65;-0.143880312587728;1.02659271069992;-2.29777908296605
6.66;-0.133706771335971;1.00601310770767;-2.29777908296605
6.67;-0.123740229489408;0.985167311269178;-2.29777908296605
6.68;-0.113983318859944;0.964062027629033;-2.29777908296605
6.69;-0.104438603897114;0.94270402929003;-2.29777908296605
6.7;-0.0951085810351359;0.921100152869146;-2.29777908296605
6.71;-0.085995678061474;0.899257296938009;-2.29777908296605
6.72;-0.0771022535070653;0.877182419848499;-2.29777908296605
6.73;-0.0684305960583545;0.854882537544162;-2.29777908296605
6.74;-0.0599829239912753;0.832364721358132;-2.29777908296605
6.75;-0.0517613846273118;0.809636095798226;-2.29777908296605
6.76;-0.0437680538117631;0.786703836319909;-2.29777908296605
6.77;-0.0360049354143315;0.763575167087811;-2.29777908296605
6.78;-0.0284739608521431;0.740257358726498;-2.29777908296605
6.79;-0.0211769886353078;0.716757726061171;-2.29777908296605
6.8;-0.014115803935114;0.69308362584901;-2.29777908296605
6.81;-0.00729211817495062;0.669242454501836;-2.29777908296605
6.82;-0.000707568644037488;0.645241645800812;-2.29777908296605
6.83;0.00563628186595663;0.621088668603856;-2.29777908296605
6.84;0.0117379454013408;0.596791024546495;-2.29777908296605
6.85;0.0175960091638097;0.572356245736832;-2.29777908296605
6.86;0.0232091358047777;0.547791892445346;-2.29777908296605
6.87;0.0285760636965899;0.523105550790224;-2.29777908296605
6.88;0.0336956071805691;0.498304830418911;-2.29777908296605
6.89;0.0385666567918636;0.473397362186607;-2.29777908296605
6.9;0.0431881794610692;0.448390795832386;-2.29777908296605
6.91;0.0475592186926041;0.42329279765365;-2.29777908296605
6.92;0.0516788947198231;0.39811104817962;-2.29777908296605
6.93;0.0555464046368655;0.372853239844555;-2.29777908296605
6.94;0.0591610225072363;0.347527074661405;-2.29777908296605
6.95;0.0625220994491281;0.322140261896589;-2.29777908296605
6.96;0.0656290636974989;0.296700515746595;-2.29777908296605
6.97;0.0684814206429265;0.271215553017093;-2.29777908296605
6.98;0.0710787528472676;0.245693090805262;-2.29777908296605
6.99;0.0734207200361577;0.220140844186006;-2.29777908296605
7;0.0755070590683927;0.194566523902754;-2.29777908296605
7.01;0.0773375838822418;0.168977834063529;-2.29777908296605
7.02;0.0789121854187474;0.143382469842965;-2.29777908296605
7.03;0.0802308315220744;0.117788115190951;-2.29777908296605
7.04;0.081293566816978;0.0922024405485785;-2.29777908296605
7.05;0.0821005125634669;0.0666331005720632;-2.29777908296605
7.06;0.0826518664887433;0.0410877318653106;-2.29777908296605
7.07;0.0829479025965105;0.0155739507217895;-2.29777908296605
7.08;0.0829889709537431;-0.0099006491236243;-2.29777908296605
7.09;0.0827754974550236;-0.0353284987321794;-2.29777908296605
7.1;0.082307983564553;-0.0607020561875009;-2.29777908296605
7.11;0.0815870060359525;-0.0860138088099168;-2.29777908296605
7.12;0.0806132166099782;-0.111256275358214;-2.29777908296605
7.13;0.0793873416902768;-0.136422008218186;-2.29777908296605
7.14;0.0779101819973174;-0.161503595577341;-2.29777908296605
7.15;0.0761826122006414;-0.186493663585137;-2.29777908296605
7.16;0.0742055805295773;-0.21138487849813;-2.29777908296605
7.17;0.0719801083625732;-0.236169948809406;-2.29777908296605
7.18;0.06950728979531;-0.260841627361699;-2.29777908296605
7.19;0.0667882911877568;-0.285392713443578;-2.29777908296605
7.2;0.0638243506903445;-0.309816054868111;-2.29777908296605
7.21;0.0606167777494327;-0.334104550033413;-2.29777908296605
7.22;0.0571669525922557;-0.358251149964482;-2.29777908296605
7.23;0.0534763256915359;-0.382248860335761;-2.29777908296605
7.24;0.0495464172099604;-0.406090743473828;-2.29777908296605
7.25;0.0453788164247224;-0.42976992033968;-2.29777908296605
7.26;0.0409751811323338;-0.453279572490014;-2.29777908296605
7.27;0.0363372370339214;-0.476612944016992;-2.29777908296605
7.28;0.0314667771012238;-0.499763343465909;-2.29777908296605
7.29;0.0263656609235139;-0.52272414573026;-2.29777908296605
7.3;0.0210358140356738;-0.54548879392365;-2.29777908296605
7.31;0.0154792272276567;-0.568050801228045;-2.29777908296605
7.32;0.00969795583557505;-0.590403752717835;-2.29777908296605
7.33;0.00369411901465853;-0.612541307159222;-2.29777908296605
7.34;-0.00253010100566914;-0.634457198784414;-2.29777908296605
7.35;-0.00897245968433991;-0.656145239040155;-2.29777908296605
7.36;-0.0156306509485592;-0.677599318310105;-2.29777908296605
7.37;-0.0225023079908282;-0.698813407610593;-2.29777908296605
7.38;-0.029585004082802;-0.719781560259284;-2.29777908296605
7.39;-0.036876253405711;-0.740497913516319;-2.29777908296605
7.4;-0.0443735118970682;-0.760956690197455;-2.29777908296605
7.41;-0.05207417811338;-0.7811522002588;-2.29777908296605
7.42;-0.0599755941085755;-0.801078842352694;-2.29777908296605
7.43;-0.0680750463278627;-0.820731105354335;-2.29777908296605
7.44;-0.0763697665167181;-0.840103569858734;-2.29777908296605
7.45;-0.0848569326447108;-0.859190909647598;-2.29777908296605
7.46;-0.0935336698438586;-0.877987893125768;-2.29777908296605
7.47;-0.10239705136121;-0.896489384726815;-2.29777908296605
7.48;-0.111444099525343;-0.91469034628744;-2.29777908296605
7.49;-0.120671786726465;-0.93258583839031;-2.29777908296605
7.5;-0.130077036409795;-0.950171021674994;-2.29777908296605
7.51;-0.139656724081921;-0.967441158116639;-2.29777908296605
7.52;-0.149407678329782;-0.98439161227209;-2.29777908296605
7.53;-0.159326681851975;-1.0010178524931;-2.29777908296605
7.54;-0.169410472502046;-1.01731545210635;-2.29777908296605
7.55;-0.179655744343418;-1.03328009056;-2.29777908296605
7.56;-0.190059148715647;-1.04890755453637;-2.29777908296605
7.57;-0.200617295311645;-1.06419373903069;-2.29777908296605
7.58;-0.211326753265537;-1.07913464839545;-2.29777908296605
7.59;-0.222184052250803;-1.09372639735015;-2.29777908296605
7.6;-0.233185683588371;-1.10796521195631;-2.29777908296605
7.61;-0.244328101364289;-1.12184743055738;-2.29777908296605
7.62;-0.255607723556648;-1.13536950468338;-2.29777908296605
7.63;-0.267020933171389;-1.14852799992004;-2.29777908296605
7.64;-0.278564079386637;-1.16131959674232;-2.29777908296605
7.65;-0.290233478705216;-1.17374109131198;-2.29777908296605
7.66;-0.302025416114969;-1.18578939623916;-2.29777908296605
7.67;-0.313936146256541;-1.19746154130769;-2.29777908296605
7.68;-0.325961894598245;-1.20875467416411;-2.29777908296605
7.69;-0.338098858617651;-1.21966606097008;-2.29777908296605
7.7;-0.350343208989545;-1.23019308701821;-2.29777908296605
7.71;-0.36269109077987;-1.2403332573111;-2.29777908296605
7.72;-0.375138624645297;-1.25008419710348;-2.29777908296605
7.73;-0.387681908038053;-1.25944365240742;-2.29777908296605
7.74;-0.400317016415627;-1.26840949046042;-2.29777908296605
7.75;-0.413040004454999;-1.27697970015642;-2.29777908296605
7.76;-0.425846907271001;-1.28515239243949;-2.29777908296605
7.77;-0.438733741638462;-1.29292580066042;-2.29777908296605
7.78;-0.451696507217733;-1.30029828089584;-2.29777908296605
7.79;-0.464731187783251;-1.30726831223012;-2.29777908296605
7.8;-0.477833752454745;-1.31383449699986;-2.29777908296605
7.81;-0.491000156930722;-1.31999556100103;-2.29777908296605
7.82;-0.504226344723855;-1.32575035365871;-2.29777908296605
7.83;-0.517508248397901;-1.33109784815956;-2.29777908296605
7.84;-0.530841790805775;-1.33603714154688;-2.29777908296605
7.85;-0.544222886328408;-1.34056745477841;-2.29777908296605
7.86;-0.557647442114014;-1.3446881327469;-2.29777908296605
7.87;-0.571111359317398;-1.34839864426349;-2.29777908296605
7.88;-0.584610534338924;-1.35169858200393;-2.29777908296605
7.89;-0.598140860062787;-1.35458766241784;-2.29777908296605
7.9;-0.611698227094209;-1.35706572560095;-2.29777908296605
7.91;-0.625278524995183;-1.35913273513056;-2.29777908296605
7.92;-0.638877643518421;-1.36078877786418;-2.29777908296605
7.93;-0.652491473839108;-1.36203406370166;-2.29777908296605
7.94;-0.666115909784129;-1.3628689253108;-2.29777908296605
7.95;-0.679746849058372;-1.36329381781661;-2.29777908296605
7.96;-0.693380194467774;-1.36330931845443;-2.29777908296605
7.97;-0.707011855138732;-1.36291612618703;-2.29777908296605
7.98;-0.720637747733515;-1.36211506128587;-2.29777908296605
7.99;-0.734253797661345;-1.36090706487674;-2.29777908296605
8;-0.747855940284759;-1.35929319844995;-2.29777908296605
8.01;-0.761440122120922;-1.35727464333522;-2.29777908296605
8.02;-0.77500230203753;-1.35485270014166;-2.29777908296605
8.03;-0.788538452442957;-1.35202878816285;-2.29777908296605
8.04;-0.802044560470291;-1.34880444474745;-2.29777908296605
8.05;-0.815516629154931;-1.34518132463544;-2.29777908296605
8.06;-0.828950678605387;-1.34116119926035;-2.29777908296605
8.07;-0.84234274716695;-1.33674595601767;-2.29777908296605
8.08;-0.855688892577896;-1.33193759749985;-2.29777908296605
8.09;-0.868985193117893;-1.32673824069792;-2.29777908296605
8.1;-0.882227748748272;-1.32115011617039;-2.29777908296605
8.11;-0.895412682243839;-1.31517556717933;-2.29777908296605
8.12;-0.90853614031591;-1.30881704879434;-2.29777908296605
8.13;-0.921594294726232;-1.30207712696441;-2.29777908296605
8.14;-0.934583343391484;-1.29495847755819;-2.29777908296605
8.15;-0.947492618542904;-1.28057176128104;0
8.16;-0.960159945597359;-1.24975842934529;0
8.17;-0.972517683692755;-1.21862342714313;0
8.18;-0.984562660548555;-1.18717664056281;0
8.19;-0.996291803089786;-1.1554280319626;0
8.2;-1.00770213819772;-1.12338763705313;0
8.21;-1.01879079342931;-1.09106556176296;0
8.22;-1.02955499770521;-1.05847197908851;0
8.23;-1.03999208196621;-1.02561712592943;0
8.24;-1.050099479798;-0.992511299910041;0
8.25;-1.05987472802402;-0.959164856188226;0
8.26;-1.06931546726646;-0.925588204252449;0
8.27;-1.07841944247506;-0.891791804708029;0
8.28;-1.0871845034238;-0.857786166053618;0
8.29;-1.09560860517529;-0.823581841448847;0
8.3;-1.10368980851279;-0.789189425474155;0
8.31;-1.11142628033986;-0.75461955088376;0
8.32;-1.1188162940474;-0.719882885352774;0
8.33;-1.12585822984826;-0.684990128219434;0
8.34;-1.13255057507916;-0.649952007223449;0
8.35;-1.13889192447002;-0.614779275241433;0
8.36;-1.14488098038065;-0.579482707020414;0
8.37;-1.15051655300473;-0.544073095910405;0
8.38;-1.15579756054116;-0.508561250597011;0
8.39;-1.16072302933269;-0.472957991835055;0
8.4;-1.16529209397193;-0.4372741491842;0
8.41;-1.16950399737473;-0.401520557747543;0
8.42;-1.17335809082094;-0.365708054914151;0
8.43;-1.17685383396264;-0.329847477106512;0
8.44;-1.17999079479982;-0.293949656533866;0
8.45;-1.18276864962373;-0.258025417952375;0
8.46;-1.18518718292775;-0.2220855754331;0
8.47;-1.18724628728603;-0.186140929138733;0
8.48;-1.18894596319996;-0.150202262110043;0
8.49;-1.19028631891249;-0.114280337062965;0
8.5;-1.19126757019056;-0.0783858931973033;0
8.51;-1.19189004007559;-0.0425296430179553;0
8.52;-1.19215415860227;-0.00672226916960668;0
8.53;-1.19206046248579;0.0290255787141832;0
8.54;-1.19160959477761;0.0647032871465857;0
8.55;-1.19080230448991;0.100300281906883;0
8.56;-1.18963944618897;0.135806031142714;0
8.57;-1.1881219795576;0.171210048454295;0
8.58;-1.1862509689268;0.206501895959705;0
8.59;-1.18402758277685;0.241671187340366;0
8.6;-1.18145309320808;0.276707590865833;0
8.61;-1.17852887538139;0.311600832397014;0
8.62;-1.17525640692899;0.346340698366978;0
8.63;-1.17163726733527;0.380917038738467;0
8.64;-1.16767313728835;0.415319769937296;0
8.65;-1.16336579800227;0.44953887776078;0
8.66;-1.15871713051037;0.483564420260368;0
8.67;-1.15372911492978;0.517386530597668;0
8.68;-1.14840382969764;0.550995419873043;0
8.69;-1.14274345077904;0.584381379925989;0
8.7;-1.13675025084717;0.61753478610649;0
8.71;-1.13042659843582;0.650446100016584;0
8.72;-1.12377495706467;0.683105872221358;0
8.73;-1.11679788433752;0.715504744928615;0
8.74;-1.10949803101398;0.74763345463647;0
8.75;-1.10187814005476;0.779482834748128;0
8.76;-1.09394104564094;0.811043818153117;0
8.77;-1.08568967216766;0.842307439774267;0
8.78;-1.07712703321242;0.873264839079725;0
8.79;-1.06825623047848;0.903907262559311;0
8.8;-1.05908045271363;0.934226066164544;0
8.81;-1.0496029746047;0.964212717711652;0
8.82;-1.03982715564827;0.993858799246929;0
8.83;-1.02975643899785;1.02315600937378;0
8.84;-1.01939435028799;1.05209616554084;0
8.85;-1.00874449643567;1.08067120629049;0
8.86;-0.997810564419383;1.10887319346728;0
8.87;-0.98659632003634;1.13669431438555;0
8.88;-0.975105606638162;1.16412688395571;0
8.89;-0.963342343845507;1.19116334676864;0
8.9;-0.95131052624204;1.21779627913763;0
8.91;-0.939014222048178;1.2440183910973;0
8.92;-0.926457571775041;1.26982252835905;0
8.93;-0.913644786859046;1.29520167422243;0
8.94;-0.900580148277592;1.32014895144202;0
8.95;-0.887268005146268;1.34465762404923;0
8.96;-0.873712773298056;1.36872109912875;0
8.97;-0.859918933844973;1.3923329285489;0
8.98;-0.84589103172262;1.41548681064576;0
8.99;-0.831633674218095;1.43817659186037;0
9;-0.81715152948175;1.46039626832883;0
9.01;-0.802449325023258;1.48213998742472;0
9.02;-0.78753184619248;1.50340204925356;0
9.03;-0.77240393464559;1.52417690809892;0
9.04;-0.757070486796971;1.54445917381983;0
9.05;-0.741536452257349;1.56424361319915;0
9.06;-0.725806832258673;1.58352515124255;0
9.07;-0.709886678066217;1.60229887242791;0
9.08;-0.693781089378426;1.62056002190471;0
9.09;-0.677495212714981;1.63830400664315;0
9.1;-0.661034239793612;1.65552639653291;0
9.11;-0.644403405896141;1.67222292543108;0
9.12;-0.627607988224279;1.68838949215921;0
9.13;-0.610653304245687;1.7040221614491;0
9.14;-0.593544710030803;1.71911716483735;0
9.15;-0.576287598580955;1.7336709015083;0
9.16;-0.558887398148289;1.74767993908527;0
9.17;-0.541349570547999;1.76114101436995;0
9.18;-0.523679609463414;1.77405103402987;0
9.19;-0.505883038744435;1.78640707523365;0
9.2;-0.487965410699855;1.79820638623414;0
9.21;-0.469932304384092;1.80944638689926;0
9.22;-0.451789323878831;1.82012466919046;0
9.23;-0.43354209657014;1.83023899758879;0
9.24;-0.415196271421539;1.8397873094685;0
9.25;-0.396757517243586;1.84876771541822;0
9.26;-0.37823152096048;1.85717849950958;0
9.27;-0.359623985874213;1.86501811951347;0
9.28;-0.340940629926797;1.87228520706378;0
9.29;-0.322187183961093;1.87897856776879;0
9.3;-0.303369389980754;1.88509718127016;0
9.31;-0.284492999409821;1.89064020124973;0
9.32;-0.26556377135248;1.89560695538405;0
9.33;-0.246587470853513;1.89999694524693;0
9.34;-0.227569867159954;1.90380984615994;0
9.35;-0.208516731984476;1.90704550699112;0
9.36;-0.189433837771018;1.90970394990203;0
9.37;-0.170326955963183;1.91178537004326;0
9.38;-0.151201855275902;1.91329013519864;0
9.39;-0.132064299970894;1.91421878537828;0
9.4;-0.11292004813642;1.91457203236067;0
9.41;-0.0937748499718466;1.91435075918417;0
9.42;-0.0746344460775206;1.9135560195879;0
9.43;-0.0555045657504629;1.91218903740254;0
9.44;-0.0363909252863775;1.91025120589112;0
9.45;-0.0172992262884772;1.9077440870402;0
9.46;0.00176484601638047;1.90466941080161;0
9.47;0.020795624453754;1.9010290742853;0
9.48;0.0397874615693865;1.89682514090326;0
9.49;0.0587347312881974;1.89205983946527;0
9.5;0.077631830564013;1.88673556322647;0
9.51;0.09647318101956;1.88085486888734;0
9.52;0.115253230576244;1.8744204755464;0
9.53;0.133966455073246;1.86743526360602;0
9.54;0.152607359875464;1.85990227363177;0
9.55;0.171170481469845;1.85182470516569;0
9.56;0.189650389049639;1.84320591549399;0
9.57;0.208041686086132;1.83404941836955;0
9.58;0.226339011887398;1.82435888268969;0
9.59;0.244537043143629;1.81413813112981;0
9.6;0.26263049545861;1.80339113873314;0
9.61;0.280614124866887;1.79212203145733;0
9.62;0.298482729336221;1.78033508467829;0
9.63;0.316231150254874;1.7680347216518;0
9.64;0.333854273903336;1.75522551193343;0
9.65;0.351347032910063;1.74191216975731;0
9.66;0.368704407690813;1.72809955237437;0
9.67;0.385921427871191;1.7137926583505;0
9.68;0.402993173691998;1.69899662582532;0
9.69;0.419914777396984;1.68371673073209;0
9.7;0.436681424602637;1.66795838497934;0
9.71;0.453288355649614;1.65172713459495;0
9.72;0.469730866935447;1.6350286578331;0
9.73;0.486004312228151;1.61786876324498;0
9.74;0.502104103960384;1.6002533877136;0
9.75;0.518025714503789;1.58218859445363;0
9.76;0.533764677423187;1.56368057097675;0
9.77;0.549316588710262;1.54473562702327;0
9.78;0.564677107996422;1.52536019246063;0
9.79;0.579841959744494;1.50556081514953;0
9.8;0.594806934418934;1.48534415877835;0
9.81;0.609567889634247;1.46471700066656;0
9.82;0.624120751281302;1.44368622953787;0
9.83;0.638461514631243;1.42225884326379;0
9.84;0.652586245416707;1.40044194657832;0
9.85;0.666491080890064;1.37824274876465;0
9.86;0.680172230858394;1.35566856131433;0
9.87;0.693625978694942;1.33272679555997;0
9.88;0.706848682326778;1.30942496028199;0
9.89;0.719836775198416;1.28577065929032;0
9.9;0.732586767211135;1.26177158898175;0
9.91;0.745095245637766;1.23743553587372;0
9.92;0.757358876012723;1.21277037411537;0
9.93;0.769374402997035;1.18778406297653;0
9.94;0.781138651218173;1.16248464431557;0
9.95;0.792648526084468;1.13688024002683;0
9.96;0.803901014573914;1.11097904946847;0
9.97;0.814893185997156;1.08478934687141;0
9.98;0.825622192734498;1.05831947873045;0
9.99;0.836085270946733;1.03157786117807;0
10;0.846279741259643;1.00457297734194;0
10.01;0.856203009422007;0.977313374686874;0
10.02;0.865852566936949;0.949807662342044;0
10.03;0.875225991666506;0.922064508414348;0
10.04;0.884320948409271;0.894092637288673;0
10.05;0.893135189450973;0.865900826915954;0
10.06;0.901666555087892;0.837497906089827;0
10.07;0.909912974122997;0.808892751712722;0
10.08;0.91787246433469;0.780094286052238;0
10.09;0.925543132918081;0.751111473988629;0
10.1;0.932923176898696;0.721953320254253;0
10.11;0.940010883518552;0.692628866665817;0
10.12;0.946804630594519;0.663147189350256;0
10.13;0.95330288684892;0.633517395965108;0
10.14;0.95950421221231;0.603748622914204;0
10.15;0.965407258098397;0.573850032559529;0
10.16;0.971010767651062;0.543830810430096;0
10.17;0.976313575963464;0.513700162428672;0
10.18;0.981314610269203;0.483467312037193;0
10.19;0.986012890105531;0.453141497521719;0
10.2;0.990407527448619;0.422731969137754;0
10.21;0.994497726820879;0.392247986336786;0
10.22;0.99828278537036;0.361698814974857;0
10.23;1.00176209292224;0.33109372452402;0
10.24;1.00493513200247;0.300441985287507;0
10.25;1.00780147783352;0.269752865619424;0
10.26;1.01036079830246;0.23903562914982;0
10.27;1.01261285390122;0.208299532015931;0
10.28;1.01455749763921;0.177553820100439;0
10.29;1.01619467492843;0.146807726277538;0
10.3;1.01752442344097;0.116070467667648;0
10.31;1.01854687293918;0.0853512429015589;0
10.32;1.01926224507848;0.0546592293948218;0
10.33;1.01967085318303;0.0240035806331847;0
10.34;1.01977310199418;-0.00660657653013325;0
10.35;1.01956948739212;-0.0371621445645392;0
10.36;1.01906059609051;-0.0676540579387511;0
10.37;1.01824710530457;-0.0980732857832891;0
10.38;1.01712978239248;-0.128410834538002;0
10.39;1.01570948447045;-0.158657750583857;0
10.4;1.01398715800155;-0.188805122858239;0
10.41;1.01196383835839;-0.21884408545299;0
10.42;1.00964064935999;-0.248765820194457;0
10.43;1.00701880278287;-0.278561559204786;0
10.44;1.00409959784667;-0.308222587443753;0
10.45;1.00088442067437;-0.337740245230368;0
10.46;0.997374743727453;-0.367105930743568;0
10.47;0.99357212521611;-0.396311102501259;0
10.48;0.989478208484803;-0.42534728181701;0
10.49;0.98509472137332;-0.454206055233706;0
10.5;0.980423475553623;-0.482879076933462;0
10.51;0.975466365842697;-0.511358071123117;0
10.52;0.970225369491665;-0.539634834394647;0
10.53;0.964702545451406;-0.567701238059807;0
10.54;0.958900033614947;-0.595549230458381;0
10.55;0.952820054036897;-0.62317083923936;0
10.56;0.946464906130192;-0.650558173614435;0
10.57;0.939836967840427;-0.677703426583161;0
10.58;0.932938694798075;-0.704598877129188;0
10.59;0.925772619448868;-0.731236892386933;0
10.6;0.918341350162652;-0.757609929778114;0
10.61;0.91064757032101;-0.783710539117541;0
10.62;0.902694037383973;-0.809531364687594;0
10.63;0.894483581936122;-0.835065147280817;0
10.64;0.886019106712419;-0.860304726210076;0
10.65;0.877303585604074;-0.885243041285721;0
10.66;0.868340062644797;-0.909873134759236;0
10.67;0.859131650977769;-0.934188153232829;0
10.68;0.849681531803662;-0.958181349534468;0
10.69;0.83999295331008;-0.981846084557851;0
10.7;0.830069229582745;-1.00517582906682;0
10.71;0.819913739498812;-1.02816416546372;0
10.72;0.80952992560266;-1.0508047895213;0
10.73;0.79892129296453;-1.07309151207762;0
10.74;0.78809140802238;-1.09501826069353;0
10.75;0.77704389740734;-1.11657908127236;0
10.76;0.765782446753138;-1.13776813964134;0
10.77;0.754310799489886;-1.15857972309432;0
10.78;0.742632755622616;-1.1790082418955;0
10.79;0.730752170494954;-1.19904823074359;0
10.8;0.718672953538332;-1.2186943501963;0
10.81;0.706399067007135;-1.23794138805456;0
10.82;0.69393452470019;-1.25678426070622;0
10.83;0.681283390669001;-1.27521801442896;0
10.84;0.668449777913133;-1.29323782665194;0
10.85;0.655437847063181;-1.31083900717605;0
10.86;0.642251805051707;-1.3280169993523;0
10.87;0.628895903772594;-1.34476738121824;0
10.88;0.615374438729225;-1.36108586659197;0
10.89;0.601691747671904;-1.37696830612363;0
10.9;0.587852209224966;-1.39241068830403;0
10.91;0.57386024150399;-1.40740914043025;0
10.92;0.559720300723548;-1.42195992952795;0
10.93;0.545436879795927;-1.43605946323022;0
10.94;0.531014506921264;-1.44970429061279;0
10.95;0.516457744169521;-1.46289110298537;0
10.96;0.501771186054745;-1.47561673463901;0
10.97;0.486959458102052;-1.48787816354934;0
10.98;0.472027215407783;-1.49967251203547;0
10.99;0.456979141193266;-1.51099704737457;0
11;0.441819945352631;-1.52184918237186;0
11.01;0.426554362995132;-1.53222647588604;0
11.02;0.411187152982408;-1.54212663331006;0
11.03;0.395723096461147;-1.55154750700708;0
11.04;0.380166995391579;-1.56048709670165;0
11.05;0.364523671072274;-1.56894354982606;0
11.06;0.348797962661667;-1.57691516182183;0
11.07;0.332994725696776;-1.58440037639624;0
11.08;0.317118830609552;-1.59139778573405;0
11.09;0.301175161241318;-1.59790613066434;0
11.1;0.285168613355742;-1.60392430078246;0
11.11;0.269104093150787;-1.60945133452723;0
11.12;0.252986515770095;-1.61448641921333;0
11.13;0.236820803814244;-1.6190288910191;0
11.14;0.220611885852337;-1.62307823492962;0
11.15;0.204364694934347;-1.62663408463538;0
11.16;0.188084167104687;-1.6296962223865;0
11.17;0.171775239917428;-1.63226457880267;0
11.18;0.155442850953626;-1.63433923263896;0
11.19;0.139091936341182;-1.63592041050761;0
11.2;0.122727429277679;-1.63700848655597;0
11.21;0.106354258556649;-1.63760398210083;0
11.22;0.0899773470976774;-1.63770756521914;0
11.23;0.0736016104808039;-1.63732005029559;0
11.24;0.0572319554856413;-1.63644239752698;0
11.25;0.0408732786356403;-1.6350757123838;0
11.26;0.0245304647479331;-1.63322124502922;0
11.27;0.00820838548917705;-1.63088038969559;0
11.28;-0.00808810206217692;-1.62805468401895;0
11.29;-0.0243541568467724;-1.62474580833162;0
11.3;-0.0405849552479743;-1.62095558491327;0
11.31;-0.0567756925078199;-1.61668597720069;0
11.32;-0.0729215841348839;-1.61193908895666;0
11.33;-0.0890178673036488;-1.60671716339812;0
11.34;-0.105059802244974;-1.60102258228407;0
11.35;-0.121042673627267;-1.59485786496354;0
11.36;-0.136961791927951;-1.58822566738386;0
11.37;-0.152812494794844;-1.58112878105979;0
11.38;-0.168590148397048;-1.57357013200372;0
11.39;-0.184290148764973;-1.56555277961742;0
11.4;-0.199907923119098;-1.55707991554568;0
11.41;-0.215438931187113;-1.54815486249234;0
11.42;-0.230878666509036;-1.53878107299896;0
11.43;-0.246222657729961;-1.5289621281868;0
11.44;-0.261466469880063;-1.51870173646234;0
11.45;-0.276605705641491;-1.50800373218686;0
11.46;-0.291636006601796;-1.4968720743106;0
11.47;-0.306553054493551;-1.48531084497188;0
11.48;-0.321352572419795;-1.47332424806173;0
11.49;-0.33603032606498;-1.46091660775448;0
11.5;-0.350582124891066;-1.4480923670048;0
11.51;-0.36500382331844;-1.43485608601174;0
11.52;-0.379291321891327;-1.42121244065025;0
11.53;-0.393440568427377;-1.40716622087076;0
11.54;-0.407447559151097;-1.39272232906725;0
11.55;-0.421308339810835;-1.37788577841447;0
11.56;-0.435019006778986;-1.36266169117479;0
11.57;-0.448575708135146;-1.34705529697524;0
11.58;-0.461974644731894;-1.3310719310554;0
11.59;-0.475212071242929;-1.31471703248654;0
11.6;-0.488284297193269;-1.2979961423628;0
11.61;-0.501187687971238;-1.28091490196478;0
11.62;-0.51391866582197;-1.2634790508964;0
11.63;-0.52647371082216;-1.24569442519533;0
11.64;-0.538849361835802;-1.22756695541789;0
11.65;-0.551042217450669;-1.20910266469886;0
11.66;-0.563048936895273;-1.1903076667868;0
11.67;-0.574866240936079;-1.17118816405577;0
11.68;-0.58649091275472;-1.15175044549369;0
11.69;-0.597919798805009;-1.13200088466831;0
11.7;-0.609149809649495;-1.11194593767133;0
11.71;-0.620177920775381;-1.09159214104128;0
11.72;-0.631001173389562;-1.07094610966584;0
11.73;-0.641616675192609;-1.05001453466431;0
11.74;-0.652021601131482;-1.02880418125087;0
11.75;-0.662213194130799;-1.0073218865793;0
11.76;-0.672188765802462;-0.985574557569791;0
11.77;-0.681945697133483;-0.963569168718665;0
11.78;-0.691481439151825;-0.941312759891528;0
11.79;-0.70079351357011;-0.918812434100655;0
11.8;-0.709879513407022;-0.896075355267258;0
11.81;-0.718737103586277;-0.873108745969348;0
11.82;-0.727364021513007;-0.849919885175873;0
11.83;-0.735758077627421;-0.82651610596786;0
11.84;-0.743917155935627;-0.80290479324724;0
11.85;-0.751839214517492;-0.779093381434088;0
11.86;-0.759522286011414;-0.75508935215297;0
11.87;-0.76696447807592;-0.730900231909121;0
11.88;-0.774163973827985;-0.706533589755157;0
11.89;-0.781119032257965;-0.68199703494905;0
11.9;-0.787827988621091;-0.657298214604073;0
11.91;-0.794289254805413;-0.632444811331439;0
11.92;-0.800501319676147;-0.607444540876343;0
11.93;-0.806462749396361;-0.582305149748147;0
11.94;-0.812172187723927;-0.557034412845401;0
11.95;-0.817628356284711;-0.531640131076454;0
11.96;-0.82283005482195;-0.506130128976338;0
11.97;-0.827776161421786;-0.480512252320681;0
11.98;-0.832465632714919;-0.454794365737347;0
11.99;-0.836897504054385;-0.428984350316529;0
12;-0.841070889669413;-0.403090101220018;0
12.01;-0.844984982795388;-0.377119525290358;0
12.02;-0.848639055779898;-0.351080538660617;0
12.03;-0.852032460164888;-0.32498106436547;0
12.04;-0.855164626744938;-0.298829029954329;0
12.05;-0.858035065601671;-0.272632365107215;0
12.06;-0.860643366114351;-0.246398999254093;0
12.07;-0.862989196946677;-0.22013685919837;0
12.08;-0.865072306009849;-0.19385386674527;0
12.09;-0.866892520401927;-0.167557936335777;0
12.1;-0.868449746323567;-0.141256972686857;0
12.11;-0.869743968970188;-0.114958868438645;0
12.12;-0.870775252400641;-0.0886715018093053;0
12.13;-0.871543739382471;-0.0624027342582351;0
12.14;-0.872049651213842;-0.0361604081583138;0
12.15;-0.872293287522235;-0.00995234447787266;0
12.16;-0.872275026040009;0.016213659526935;0
12.17;-0.871995322356936;0.0423298326086895;0
12.18;-0.87145470964982;0.0683884318135177;0
12.19;-0.870653798389327;0.094381744753497;0
12.2;-0.869593276024147;0.120302091865992;0
12.21;-0.868273906642623;0.146141828659268;0
12.22;-0.866696530611991;0.171893347943733;0
12.23;-0.864862064195374;0.19754908204816;0
12.24;-0.862771499146677;0.223101505020261;0
12.25;-0.860425902283563;0.248543134810965;0
12.26;-0.857826415038645;0.273866535441787;0
12.27;-0.854974252989099;0.299064319154662;0
12.28;-0.851870705364845;0.324129148543626;0
12.29;-0.848517134535507;0.349053738667743;0
12.3;-0.844914975476323;0.37383085914467;0
12.31;-0.841065735213213;0.398453336224276;0
12.32;-0.836970992247197;0.422914054841713;0
12.33;-0.832632395958387;0.447205960649372;0
12.34;-0.828051665989744;0.471322062027145;0
12.35;-0.823230591610842;0.49525543207043;0
12.36;-0.81817103106185;0.518999210555315;0
12.37;-0.812874910877966;0.542546605880403;0
12.38;-0.807344225194544;0.565890896984727;0
12.39;-0.801581035033145;0.589025435241219;0
12.4;-0.795587467568773;0.61194364632522;0
12.41;-0.789365715378532;0.634639032057499;0
12.42;-0.782918035671976;0.657105172221282;0
12.43;-0.776246749503407;0.679335726352788;0
12.44;-0.769354240966379;0.701324435504782;0
12.45;-0.762242956370707;0.723065123982654;0
12.46;-0.754915403402224;0.744551701052574;0
12.47;-0.747374150265592;0.765778162621226;0
12.48;-0.739621824810448;0.786738592886694;0
12.49;-0.731661113641162;0.807427165960044;0
12.5;-0.723494761210525;0.827838147457162;0
12.51;-0.715125568897643;0.847965896060428;0
12.52;-0.706556394070364;0.867804865049815;0
12.53;-0.697790149132516;0.88734960380299;0
12.54;-0.688829800556303;0.906594759264036;0
12.55;-0.679678367900146;0.925535077380402;0
12.56;-0.670338922812299;0.944165404507707;0
12.57;-0.660814588020566;0.962480688782031;0
12.58;-0.651108536308443;0.980475981459336;0
12.59;-0.641223989478012;0.998146438221675;0
12.6;-0.631164217299928;1.01548732044985;0
12.61;-0.620932536450825;1.03249399646222;0
12.62;-0.610532309438493;1.04916194271928;0
12.63;-0.599966943515166;1.06548674499377;0
12.64;-0.589239889579255;1.08146409950608;0
12.65;-0.578354641065897;1.09708981402444;0
12.66;-0.567314732826651;1.11235980892995;0
12.67;-0.556123739998712;1.12727011824588;0
12.68;-0.544785276863985;1.14181689063126;0
12.69;-0.53330299569839;1.15599639033828;0
12.7;-0.521680585611757;1.16980499813351;0
12.71;-0.509921771378668;1.18323921218249;0
12.72;-0.498030312260622;1.19629564889775;0
12.73;-0.486010000819887;1.20897104374977;0
12.74;-0.473864661725406;1.22126225204099;0
12.75;-0.461598150551131;1.23316624964248;0
12.76;-0.449214352567157;1.24468013369329;0
12.77;-0.436717181524037;1.2558011232621;0
12.78;-0.424110578430645;1.26652655997137;0
12.79;-0.411398510325968;1.27685390858354;0
12.8;-0.398584969045207;1.28678075754938;0
12.81;-0.385673969980568;1.29630481951826;0
12.82;-0.372669550837117;1.30542393181038;0
12.83;-0.359575770384091;1.31413605685081;0
12.84;-0.346396707202031;1.32243928256521;0
12.85;-0.333136458426142;1.33033182273732;0
12.86;-0.319799138486239;1.33781201732811;0
12.87;-0.306388877843686;1.34487833275651;0
12.88;-0.292909821725685;1.3515293621418;0
12.89;-0.279366128857334;1.35776382550756;0
12.9;-0.265761970191796;1.36358056994725;0
12.91;-0.252101527639007;1.36897856975143;0
12.92;-0.238388992793263;1.37395692649663;0
12.93;-0.224628565660109;1.37851486909585;0
12.94;-0.210824453382886;1.38265175381091;0
12.95;-0.196980868969324;1.38636706422649;0
12.96;-0.183102030018574;1.38966041118617;0
12.97;-0.169192157449046;1.39253153269029;0
12.98;-0.155255474227439;1.39498029375604;0
12.99;-0.141296204099344;1.39700668623952;0
13;-0.127318570321792;1.39861082862027;0
13.01;-0.113326794398125;1.39979296574809;0
13.02;-0.0993250948155781;1.40055346855246;0
13.03;-0.0853176857859191;1.40089283371468;0
13.04;-0.0713087759895472;1.40081168330283;0
13.05;-0.0573025673234022;1.40031076436981;0
13.06;-0.0433032536530603;1.39939094851462;0
13.07;-0.0293150195693821;1.39805323140698;0
13.08;-0.0153420391500783;1.39629873227571;0
13.09;-0.00138847472655396;1.39412869336078;0
13.1;0.0125415243436052;1.39154447932962;0
13.11;0.026443822898149;1.38854757665754;0
13.12;0.0403143011853238;1.38513959297285;0
13.13;0.0541488560723259;1.38132225636673;0
13.14;0.0679434022466958;1.37709741466818;0
13.15;0.0816938734103067;1.3724670346843;0
13.16;0.0953962234656001;1.36743320140626;0
13.17;0.109046427693728;1.36199811718118;0
13.18;0.122640483924262;1.35616410085024;0
13.19;0.136174413696133;1.3499335868534;0
13.2;0.149644263409467;1.34330912430094;0
13.21;0.163046105467988;1.33629337601228;0
13.22;0.176376039411671;1.32888911752233;0
13.23;0.189630193039302;1.3210992360558;0
13.24;0.202804723520643;1.31292672946972;0
13.25;0.215895818497886;1.3043747051647;0
13.26;0.228899697176072;1.29544637896518;0
13.27;0.241812611402178;1.28614507396908;0
13.28;0.254630846732565;1.27647421936734;0
13.29;0.267350723488488;1.26643734923361;0
13.3;0.279968597799364;1.25603810128464;0
13.31;0.292480862633525;1.24528021561169;0
13.32;0.304883948816143;1.23416753338346;0
13.33;0.317174326034067;1.22270399552094;0
13.34;0.329348503827284;1.21089364134464;0
13.35;0.34140303256672;1.19874060719464;0
13.36;0.353334504418133;1.18624912502392;0
13.37;0.365139554291815;1.1734235209655;0
13.38;0.376814860777846;1.16026821387373;0
13.39;0.388357147066652;1.14678771384036;0
13.4;0.399763181854613;1.13298662068577;0
13.41;0.411029780234465;1.11886962242593;0
13.42;0.422153804570274;1.10444149371552;0
13.43;0.433132165356727;1.08970709426779;0
13.44;0.443961822062528;1.07467136725162;0
13.45;0.454639783957655;1.05933933766629;0
13.46;0.465163110924273;1.0437161106946;0
13.47;0.475528914251078;1.02780687003468;0
13.48;0.485734357410868;1.01161687621122;0
13.49;0.495776656821137;0.995151464866481;0
13.5;0.505653082587485;0.97841604503184;0
13.51;0.515360959229663;0.961416097380197;0
13.52;0.524897666390054;0.944157172459979;0
13.53;0.534260639524417;0.92664488891121;0
13.54;0.543447370574712;0.908884931664231;0
13.55;0.552455408623833;0.89088305012166;0
13.56;0.561282360532091;0.872645056324135;0
13.57;0.569925891555283;0.854176823100443;0
13.58;0.578383725944193;0.835484282202604;0
13.59;0.586653647525378;0.816573422426494;0
13.6;0.5947335002631;0.797450287718603;0
13.61;0.602621188802264;0.778120975269512;0
13.62;0.610314678992227;0.758591633594688;0
13.63;0.617811998391373;0.738868460603189;0
13.64;0.625111236752313;0.718957701654891;0
13.65;0.632210546487608;0.698865647606815;0
13.66;0.639108143115914;0.678598632849189;0
13.67;0.645802305688441;0.658163033331824;0
13.68;0.65229137719563;0.637565264581433;0
13.69;0.658573764953972;0.616811779710489;0
13.7;0.664647940972875;0.595909067418235;0
13.71;0.670512442301512;0.574863649984473;0
13.72;0.676165871355568;0.553682081256725;0
13.73;0.681606896223846;0.532370944631394;0
13.74;0.686834250954641;0.510936851029537;0
13.75;0.691846735821868;0.489386436867869;0
13.76;0.696643217570869;0.467726362025603;0
13.77;0.701222629643875;0.445963307807765;0
13.78;0.705583972385089;0.424103974905572;0
13.79;0.709726313225361;0.402155081354515;0
13.8;0.713648786846434;0.380123360490746;0
13.81;0.717350595324755;0.358015558906394;0
13.82;0.720831008254825;0.335838434404424;0
13.83;0.72408936285211;0.313598753953641;0
13.84;0.727125064035495;0.291303291644469;0
13.85;0.729937584489311;0.26895882664611;0
13.86;0.732526464704933;0.246572141165685;0
13.87;0.734891313001985;0.224150018409975;0
13.88;0.737031805529178;0.201699240550368;0
13.89;0.738947686244813;0.179226586691609;0
13.9;0.740638766876984;0.156738830844963;0
13.91;0.742104926863548;0.13424273990639;0
13.92;0.74334611327189;0.111745071640325;0
13.93;0.744362340698556;0.0892525726696589;0
13.94;0.74515369114882;0.0667719764725207;0
13.95;0.745720313896249;0.0443100013864344;0
13.96;0.746062425322344;0.0218733486204505;0
13.97;0.746180308736338;-0.000531299724174121;0
13.98;0.74607431417525;-0.0228972826241659;0
13.99;0.74574485818427;-0.0452179620947202;0
14;0.745192423577594;-0.0674867251397113;0
14.01;0.744417559179795;-0.0896969856910602;0
14.02;0.743420879547862;-0.111842186536697;0
14.03;0.742203064674007;-0.13391580123656;0
14.04;0.740764859669368;-0.155911336026078;0
14.05;0.739107074428734;-0.177822331706586;0
14.06;0.737230583276435;-0.19964236552213;0
14.07;0.735136324593513;-0.221365053022121;0
14.08;0.732825300426346;-0.242984049909311;0
14.09;0.730298576076854;-0.264493053872547;0
14.1;0.727557279674444;-0.2858858064038;0
14.11;0.724602601729867;-0.30715609459893;0
14.12;0.721435794671133;-0.328297752941697;0
14.13;0.718058172361671;-0.349304665070487;0
14.14;0.714471109600893;-0.370170765527285;0
14.15;0.710676041607358;-0.390890041488365;0
14.16;0.706674463484709;-0.411456534476239;0
14.17;0.702467929670577;-0.431864342052372;0
14.18;0.698058053368646;-0.452107619490182;0
14.19;0.69344650596408;-0.472180581427877;0
14.2;0.688635016422511;-0.492077503500644;0
14.21;0.683625370672805;-0.511792723951757;0
14.22;0.678419410973808;-0.531320645222143;0
14.23;0.673019035265296;-0.550655735517976;0
14.24;0.667426196503353;-0.569792530355863;0
14.25;0.661642901980394;-0.588725634085191;0
14.26;0.655671212630076;-0.607449721387234;0
14.27;0.649513242317315;-0.625959538750593;0
14.28;0.643171157113668;-0.64424990592258;0
14.29;0.636647174558296;-0.662315717336144;0
14.3;0.629943562904786;-0.680151943511959;0
14.31;0.623062640354051;-0.697753632435293;0
14.32;0.616006774273584;-0.715115910907291;0
14.33;0.608778380403314;-0.73223398587031;0
14.34;0.601379922048326;-0.749103145706948;0
14.35;0.593813909258713;-0.765718761512439;0
14.36;0.586082897996816;-0.782076288340052;0
14.37;0.57818948929215;-0.798171266419196;0
14.38;0.570136328384251;-0.813999322345891;0
14.39;0.561926103853765;-0.829556170245307;0
14.4;0.553561546742025;-0.844837612906065;0
14.41;0.545045429659413;-0.859839542886015;0
14.42;0.536380565882806;-0.874557943589195;0
14.43;0.527569808442367;-0.888988890313722;0
14.44;0.518616049197999;-0.903128551270319;0
14.45;0.509522217905745;-0.916973188571252;0
14.46;0.500291281274432;-0.930519159189416;0
14.47;0.490926242012857;-0.943762915887334;0
14.48;0.481430137867825;-0.956701008115848;0
14.49;0.471806040653332;-0.969330082882286;0
14.5;0.462057055271205;-0.981646885587883;0
14.51;0.452186318723509;-0.993648260834281;0
14.52;0.442196999117031;-1.00533115319889;0
14.53;0.432092294660142;-1.01669260797899;0
14.54;0.421875432652372;-1.02772977190426;0
14.55;0.411549668466991;-1.03843989381783;0
14.56;0.40111828452693;-1.04882032532541;0
14.57;0.390584589274347;-1.0588685214126;0
14.58;0.379951916134173;-1.06858204103008;0
14.59;0.369223622471941;-1.07795854764665;0
14.6;0.358403088546241;-1.08699580977005;0
14.61;0.347493716456099;-1.09569170143529;0
14.62;0.33649892908363;-1.10404420266058;0
14.63;0.325422169032275;-1.11205139987071;0
14.64;0.314266897560945;-1.11971148628777;0
14.65;0.303036593514415;-1.1270227622892;0
14.66;0.291734752250277;-1.13398363573311;0
14.67;0.280364884562791;-1.14059262225083;0
14.68;0.268930515603954;-1.1468483455066;0
14.69;0.257435183802128;-1.1527495374245;0
14.7;0.245882439778536;-1.15829503838253;0
14.71;0.234275845261973;-1.16348379737375;0
14.72;0.222618972002051;-1.16831487213472;0
14.73;0.210915400681305;-1.17278742924103;0
14.74;0.199168719826495;-1.17690074417009;0
14.75;0.187382524719424;-1.18065420133113;0
14.76;0.175560416307607;-1.18404729406251;0
14.77;0.163706000115109;-1.1870796245964;0
14.78;0.15182288515389;-1.18975090399083;0
14.79;0.139914682835967;-1.19206095202933;0
14.8;0.127985005886732;-1.19400969708802;0
14.81;0.116037467259744;-1.19559717597048;0
14.82;0.104075679053312;-1.19682353371037;0
14.83;0.092103251429207;-1.19768902334193;0
14.84;0.0801237915337998;-1.19819400563851;0
14.85;0.0681409024219677;-1.19833894881927;0
14.86;0.0561581819840714;-1.19812442822417;0
14.87;0.0441792218763261;-1.19755112595737;0
14.88;0.0322076064548789;-1.19661983049929;0
14.89;0.0202469117139077;-1.19533143628742;0
14.9;0.00830070422804986;-1.19368694326613;0
14.91;-0.00362745990052598;-1.19168745640553;0
14.92;-0.0155340360901006;-1.18933418518982;0
14.93;-0.0274154923221298;-1.18662844307503;0
14.94;-0.039268310178412;-1.18357164691666;0
14.95;-0.0510889858723965;-1.18016531636724;0
14.96;-0.0628740312743333;-1.1764110732441;0
14.97;-0.0746199749299677;-1.17231064086766;0
14.98;-0.0863233630724856;-1.16786584337038;0
14.99;-0.0979807606274171;-1.16307860497669;0
15;-0.109588752210211;-1.15795094925417;0
15.01;-0.121143943116189;-1.15248499833621;0
15.02;-0.132642960302607;-1.1466829721165;0
15.03;-0.144082453362526;-1.14054718741556;0
15.04;-0.15545909549023;-1.13408005711965;0
15.05;-0.166769584437907;-1.12728408929242;0
15.06;-0.178010643463329;-1.12016188625947;0
15.07;-0.189179022268249;-1.11271614366628;0
15.08;-0.200271497927268;-1.10494964950981;0
15.09;-0.211284875806893;-1.09686528314399;0
15.1;-0.222215990474538;-1.08846601425963;0
15.11;-0.233061706597211;-1.07975490183897;0
15.12;-0.243818919829629;-1.07073509308523;0
15.13;-0.254484557691521;-1.06140982232758;0
15.14;-0.265055580433872;-1.05178240990191;0
15.15;-0.275528981893865;-1.04185626100766;0
15.16;-0.285901790338286;-1.03163486454127;0
15.17;-0.296171069295157;-1.02112179190647;0
15.18;-0.306333918373376;-1.0103206958019;0
15.19;-0.316387474070127;-0.999235308986498;0
15.2;-0.326328910565843;-0.987869443022933;0
15.21;-0.336155440506514;-0.976226986999628;0
15.22;-0.345864315773117;-0.964311906231719;0
15.23;-0.355452828237955;-0.952128240941403;0
15.24;-0.364918310507723;-0.939680104918098;0
15.25;-0.374258136653071;-0.926971684158853;0
15.26;-0.383469722924497;-0.914007235489452;0
15.27;-0.392550528454355;-0.900791085166656;0
15.28;-0.401498055944809;-0.887327627462027;0
15.29;-0.410309852341544;-0.873621323227813;0
15.3;-0.418983509493051;-0.859676698445323;0
15.31;-0.427516664795327;-0.845498342756284;0
15.32;-0.435907001821803;-0.83109090797764;0
15.33;-0.444152250938361;-0.816459106600256;0
15.34;-0.452250189903252;-0.801607710272025;0
15.35;-0.460198644451794;-0.786541548265845;0
15.36;-0.467995488865662;-0.771265505932956;0
15.37;-0.475638646526671;-0.75578452314212;0
15.38;-0.483126090454869;-0.740103592705155;0
15.39;-0.490455843830837;-0.724227758789285;0
15.4;-0.497625980502052;-0.708162115316842;0
15.41;-0.504634625473191;-0.691911804352795;0
15.42;-0.511479955380258;-0.675482014480622;0
15.43;-0.518160198948423;-0.658877979167025;0
15.44;-0.524673637433448;-0.642104975116006;0
15.45;-0.531018605046625;-0.625168320612809;0
15.46;-0.537193489363095;-0.608073373858242;0
15.47;-0.543196731713476;-0.590825531293903;0
15.48;-0.549026827558701;-0.57343022591881;0
15.49;-0.554682326847992;-0.555892925597979;0
15.5;-0.560161834359875;-0.538219131363446;0
15.51;-0.565464010026183;-0.520414375708275;0
15.52;-0.57058756923896;-0.502484220874063;0
15.53;-0.575531283140226;-0.484434257132473;0
15.54;-0.580293978894515;-0.466270101061314;0
15.55;-0.584874539944169;-0.447997393815704;0
15.56;-0.589271906247309;-0.429621799394833;0
15.57;-0.593485074498465;-0.411149002904861;0
15.58;-0.597513098331813;-0.392584708818468;0
15.59;-0.601355088507002;-0.373934639231596;0
15.6;-0.60501021307753;-0.355204532117903;0
15.61;-0.60847769754166;-0.336400139581455;0
15.62;-0.611756824975859;-0.317527226108186;0
15.63;-0.614846936150741;-0.298591566816658;0
15.64;-0.617747429629524;-0.279598945708628;0
15.65;-0.620457761848991;-0.260555153919969;0
15.66;-0.62297744718296;-0.241465987972454;0
15.67;-0.625306057988285;-0.222337248026933;0
15.68;-0.62744322463339;-0.203174736138418;0
15.69;-0.629388635509368;-0.1839842545136;0
15.7;-0.631142037023667;-0.164771603771318;0
15.71;-0.632703233576397;-0.145542581206491;0
15.72;-0.634072087519293;-0.12630297905803;0
15.73;-0.635248519097374;-0.107058582781243;0
15.74;-0.636232506373355;-0.0878151693252458;0
15.75;-0.637024085134852;-0.068578505415876;0
15.76;-0.637623348784442;-0.0493543458446299;0
15.77;-0.638030448212647;-0.0301484317641137;0
15.78;-0.638245591653898;-0.0109664889905133;0
15.79;-0.638269044525559;0.00818577368642076;0
15.8;-0.63810112925009;0.0273026661853798;0
15.81;-0.63774222506042;0.0463785188070051;0
15.82;-0.637192767788634;0.0654076838984103;0
15.83;-0.636453249638048;0.0843845375082333;0
15.84;-0.635524218938786;0.10330348103174;0
15.85;-0.634406279886948;0.122158942845502;0
15.86;-0.63310009226748;0.140945379931178;0
15.87;-0.631606371160859;0.159657279487928;0
15.88;-0.629925886633703;0.178289160532999;0
15.89;-0.628059463413434;0.196835575490025;0
15.9;-0.626007980547114;0.215291111764576;0
15.91;-0.623772371044585;0.233650393306521;0
15.92;-0.62135362150604;0.251908082158749;0
15.93;-0.618752771734182;0.270058879991803;0
15.94;-0.61597091433109;0.288097529624009;0
15.95;-0.613009194279957;0.306018816526647;0
15.96;-0.609868808511844;0.323817570313758;0
15.97;-0.606551005457606;0.341488666216154;0
15.98;-0.603057084585148;0.359027026539216;0
15.99;-0.599388395922185;0.376427622104091;0
16;-0.595546339564657;0.393685473671847;0
16.01;-0.591532365170988;0.41079565335023;0
16.02;-0.58734797144235;0.4277532859826;0
16.03;-0.582994705589128;0.444553550518678;0
16.04;-0.578474162783755;0.461191681366709;0
16.05;-0.573787985600109;0.477662969726692;0
16.06;-0.568937863439669;0.493962764904278;0
16.07;-0.563925531944617;0.510086475605007;0
16.08;-0.558752772398092;0.526029571208502;0
16.09;-0.553421411111782;0.541787583022294;0
16.1;-0.547933318801088;0.557356105514926;0
16.11;-0.542290409948037;0.572730797528005;0
16.12;-0.536494642152176;0.587907383466871;0
16.13;-0.530548015469655;0.60288165446957;0
16.14;-0.524452571740726;0.617649469553817;0
16.15;-0.518210393905861;0.63220675674163;0
16.16;-0.511823605310732;0.646549514161356;0
16.17;-0.505294369000275;0.660673811126783;0
16.18;-0.498624887002065;0.674575789193064;0
16.19;-0.491817399599231;0.688251663189159;0
16.2;-0.484874184593169;0.701697722226557;0
16.21;-0.477797556556255;0.714910330683978;0
16.22;-0.470589866074838;0.727885929167832;0
16.23;-0.463253498982729;0.740621035448176;0
16.24;-0.455790875585442;0.753112245369929;0
16.25;-0.448204449875436;0.765356233739117;0
16.26;-0.440496708738613;0.777349755183927;0
16.27;-0.432670171152311;0.789089644990357;0
16.28;-0.424727387375059;0.800572819912242;0
16.29;-0.416670938128351;0.811796278955479;0
16.3;-0.40850343377069;0.822757104136238;0
16.31;-0.40022751346417;0.833452461212994;0
16.32;-0.391845844333855;0.843879600392192;0
16.33;-0.383361120620225;0.854035857007393;0
16.34;-0.374776062824939;0.863918652171727;0
16.35;-0.366093416850209;0.873525493403513;0
16.36;-0.35731595313203;0.882853975224909;0
16.37;-0.348446465767543;0.891901779733447;0
16.38;-0.339487771636818;0.900666677146333;0
16.39;-0.330442709519298;0.909146526317402;0
16.4;-0.321314139205217;0.917339275226611;0
16.41;-0.312104940602231;0.925242961441974;0
16.42;-0.302818012837561;0.932855712553852;0
16.43;-0.29345627335592;0.940175746581505;0
16.44;-0.284022657013494;0.947201372351848;0
16.45;-0.274520115168266;0.953930989850322;0
16.46;-0.264951614766951;0.96036309054385;0
16.47;-0.255320137428833;0.966496257675806;0
16.48;-0.245628678526776;0.972329166532968;0
16.49;-0.235880246265691;0.977860584684429;0
16.5;-0.226077860758742;0.98308937219242;0
16.51;-0.216224553101567;0.988014481795058;0
16.52;-0.206323364444803;0.992634959060996;0
16.53;-0.196377345065185;0.996949942515972;0
16.54;-0.186389553435512;1.00095866374129;0
16.55;-0.176363055293747;1.00466044744423;0
16.56;-0.166300922711548;1.0080547115004;0
16.57;-0.156206233162495;1.01114096696816;0
16.58;-0.1460820685903;1.01391881807497;0
16.59;-0.135931514477281;1.01638796217595;0
16.6;-0.125757658913371;1.01854818968452;0
16.61;-0.115563591665956;1.02039938397532;0
16.62;-0.105352403250795;1.02194152125935;0
16.63;-0.0951271840043223;1.02317467043158;0
16.64;-0.0848910231575948;1.02409899289102;0
16.65;-0.0746470079121621;1.02471474233331;0
16.66;-0.0643982225181335;1.02502226451609;0
16.67;-0.0541477473547146;1.02502199699708;0
16.68;-0.0438986580134834;1.0247144688452;0
16.69;-0.0336540243846785;1.02410030032467;0
16.7;-0.0234169097467656;1.02318020255234;0
16.71;-0.0131903698595516;1.02195497712839;0
16.72;-0.00297745206110999;1.02042551574051;0
16.73;0.00721880563121605;1.01859279974183;0
16.74;0.0173953754154721;1.01645789970259;0
16.75;0.027549240595151;1.01402197493589;0
16.76;0.0376773964643927;1.0112862729977;0
16.77;0.0477768511880683;1.00825212916119;0
16.78;0.0578446266764936;1.00492096586574;0
16.79;0.0678777594545187;1.0012942921407;0
16.8;0.0778733015247435;0.997373703004285;0
16.81;0.0878283212246092;0.993160878837589;0
16.82;0.0977399040771211;0.988657584734222;0
16.83;0.107605153634957;0.983865669825588;0
16.84;0.117421192317722;0.978787066582159;0
16.85;0.127185162242104;0.973423790090962;0
16.86;0.136894226044706;0.967777937309548;0
16.87;0.146545567697305;0.961851686296699;0
16.88;0.156136393314319;0.955647295420142;0
16.89;0.165663931952247;0.949167102541559;0
16.9;0.175125436400863;0.942413524179164;0
16.91;0.184518183965923;0.93538905464814;0
16.92;0.193839477243193;0.928096265179234;0
16.93;0.203086644883558;0.920537803015815;0
16.94;0.212257042349003;0.912716390489692;0
16.95;0.221348052659268;0.904634824076013;0
16.96;0.230357087128947;0.896295973427568;0
16.97;0.239281586094845;0.887702780388807;0
16.98;0.248119019633387;0.878858257989924;0
16.99;0.256866888267874;0.869765489421321;0
17;0.265522723665402;0.860427626988807;0
17.01;0.274084089323241;0.850847891049875;0
17.02;0.282548581244499;0.841029568931411;0
17.03;0.290913828602879;0.830976013829179;0
17.04;0.299177494396348;0.820690643689466;0
17.05;0.307337276089546;0.810176940073223;0
17.06;0.31539090624476;0.799438447003108;0
17.07;0.323336153141287;0.788478769793768;0
17.08;0.331170821383033;0.777301573865774;0
17.09;0.338892752494177;0.765910583543568;0
17.1;0.346499825502739;0.75430958083782;0
17.11;0.353989957511911;0.742502404212589;0
17.12;0.361361104258985;0.730492947337678;0
17.13;0.368611260661747;0.718285157826586;0
17.14;0.375738461352179;0.705883035960458;0
17.15;0.382740781197344;0.693290633398437;0
17.16;0.389616335807319;0.680512051874839;0
17.17;0.396363282030027;0.667551441883553;0
17.18;0.402979818432878;0.65441300135008;0
17.19;0.409464185771057;0.641100974291648;0
17.2;0.415814667442373;0.627619649465804;0
17.21;0.422029589928539;0.613973359007917;0
17.22;0.42810732322278;0.60016647705803;0
17.23;0.434046281243662;0.586203418377465;0
17.24;0.439844922235046;0.572088636955646;0
17.25;0.445501749152061;0.557826624607544;0
17.26;0.451015310033018;0.543421909562196;0
17.27;0.456384198357166;0.528879055042744;0
17.28;0.461607053388215;0.514202657838415;0
17.29;0.466682560503541;0.499397346868892;0
17.3;0.471609451509004;0.484467781741532;0
17.31;0.47638650493931;0.469418651301853;0
17.32;0.481012546343842;0.454254672177754;0
17.33;0.485486448557915;0.438980587317909;0
17.34;0.489807131959385;0.423601164524779;0
17.35;0.493973564710566;0.408121194982701;0
17.36;0.497984762985411;0.392545491781491;0
17.37;0.501839791181907;0.376878888436025;0
17.38;0.50553776211965;0.361126237402237;0
17.39;0.509077837222565;0.345292408589987;0
17.4;0.512459226686746;0.329382287873266;0
17.41;0.515681189633382;0.313400775598158;0
17.42;0.518743034246758;0.297352785089042;0
17.43;0.521644117897311;0.281243241153465;0
17.44;0.52438384724973;0.265077078586142;0
17.45;0.526961678356096;0.248859240672538;0
17.46;0.529377116734052;0.232594677692471;0
17.47;0.531629717430015;0.216288345424194;0
17.48;0.533719085067435;0.199945203649398;0
17.49;0.535644873880103;0.183570214659583;0
17.5;0.537406787730537;0.167168341764252;0
17.51;0.539004580113456;0.150744547801348;0
17.52;0.540438054144369;0.134303793650408;0
17.53;0.541707062533316;0.117851036748854;0
17.54;0.542811507543779;0.101391229611859;0
17.55;0.543751340936815;0.0849293183562458;0
17.56;0.544526563900449;0.0684702412288263;0
17.57;0.545137226964363;0.0520189271396412;0
17.58;0.545583429899953;0.0355802942005121;0
17.59;0.545865321605789;0.0191592482693452;0
17.6;0.545983099978546;0.00276068150060863;0
17.61;0.545937011769475;-0.0136105290975896;0
17.62;0.545727352426469;-0.0299495230994048;0
17.63;0.545354465921804;-0.0462514580897199;0
17.64;0.544818744565638;-0.0625115110847553;0
17.65;0.544120628805331;-0.078724879944413;0
17.66;0.543260607010684;-0.0948867847759453;0
17.67;0.542239215245185;-0.110992469328541;0
17.68;0.541057037023346;-0.127037202378431;0
17.69;0.539714703054237;-0.143016279104106;0
17.7;0.538212890971314;-0.158925022451261;0
17.71;0.536552325048639;-0.174758784487068;0
17.72;0.534733775903619;-0.190512947743396;0
17.73;0.532758060186347;-0.20618292654858;0
17.74;0.530626040255698;-0.221764168347382;0
17.75;0.52833862384226;-0.23725215500875;0
17.76;0.525896763698259;-0.252642404121009;0
17.77;0.523301457234585;-0.267930470274124;0
17.78;0.520553746145048;-0.283111946328663;0
17.79;0.517654716018019;-0.298182464671108;0
17.8;0.514605495935568;-0.313137698455165;0
17.81;0.511407258060261;-0.327973362828712;0
17.82;0.50806121720975;-0.342685216146053;0
17.83;0.504568630419309;-0.357269061165145;0
17.84;0.500930796492467;-0.371720746229445;0
17.85;0.497149055539891;-0.386036166434064;0
17.86;0.49322478850668;-0.400211264775911;0
17.87;0.489159416688234;-0.414242033287491;0
17.88;0.484954401234854;-0.428124514154059;0
17.89;0.480611242645251;-0.441854800813823;0
17.9;0.47613148024913;-0.455429039040887;0
17.91;0.471516691679019;-0.468843428010649;0
17.92;0.466768492331529;-0.482094221347361;0
17.93;0.461888534818219;-0.495177728153559;0
17.94;0.456878508406246;-0.508090314021107;0
17.95;0.451740138448994;-0.520828402023555;0
17.96;0.446475185806855;-0.533388473689574;0
17.97;0.441085446258375;-0.545767069957188;0
17.98;0.435572749901933;-0.557960792108555;0
17.99;0.429938960548164;-0.569966302685064;0
18;0.424185975103329;-0.581780326382483;0
18.01;0.418315722943811;-0.593399650925946;0
18.02;0.412330165281958;-0.604821127924537;0
18.03;0.40623129452348;-0.616041673705261;0
18.04;0.400021133616587;-0.627058270126176;0
18.05;0.393701735393099;-0.637867965368486;0
18.06;0.387275181901728;-0.648467874707395;0
18.07;0.380743583733751;-0.658855181261521;0
18.08;0.374109079341274;-0.669027136720681;0
18.09;0.367373834348337;-0.678981062051878;0
18.1;0.360540040855037;-0.688714348183306;0
18.11;0.353609916734921;-0.698224456666202;0
18.12;0.346585704925862;-0.7075089203144;0
18.13;0.339469672714636;-0.716565343821415;0
18.14;0.33226411101543;-0.725391404354926;0
18.15;0.324971333642512;-0.733984852128509;0
18.16;0.317593676577279;-0.742343510950495;0
18.17;0.310133497229927;-0.750465278749818;0
18.18;0.302593173695963;-0.758348128078744;0
18.19;0.294975104007796;-0.765990106592371;0
18.2;0.287281705381632;-0.773389337504783;0
18.21;0.279515413459923;-0.780544020021778;0
18.22;0.271678681549586;-0.78745242975007;0
18.23;0.263773979856242;-0.794112919082886;0
18.24;0.255803794714697;-0.800523917561882;0
18.25;0.247770627815923;-0.806683932215313;0
18.26;0.239676995430753;-0.812591547872392;0
18.27;0.231525427630546;-0.818245427453789;0
18.28;0.223318467505055;-0.82364431223822;0
18.29;0.21505867037773;-0.828787022105092;0
18.3;0.206748603018714;-0.833672455753167;0
18.31;0.198390842855746;-0.838299590895223;0
18.32;0.189987977183241;-0.842667484428699;0
18.33;0.181542602369757;-0.846775272582305;0
18.34;0.173057323064115;-0.850622171038605;0
18.35;0.164534751400396;-0.854207475032567;0
18.36;0.155977506202061;-0.8575305594261;0
18.37;0.147388212185437;-0.860590878758595;0
18.38;0.138769499162798;-0.863387967273489;0
18.39;0.130124001245298;-0.865921438920902;0
18.4;0.121454356045978;-0.868190987336366;0
18.41;0.112763203883093;-0.870196385795706;0
18.42;0.104053186984004;-0.871937487146133;0
18.43;0.0953269486898602;-0.873414223713595;0
18.44;0.0865871326613124;-0.874626607186463;0
18.45;0.0778363820855025;-0.875574728475634;0
18.46;0.0690773388845525;-0.876258757551119;0
18.47;0.0603126429257956;-0.876678943255218;0
18.48;0.051544931233979;-0.876835613092369;0
18.49;0.0427768372056742;-0.876729172995786;0
18.5;0.0340109898261242;-0.876360107070976;0
18.51;0.025250012888759;-0.875728977316277;0
18.52;0.0164965242176092;-0.87483642332052;0
18.53;0.00775313489284538;-0.873683161937948;0
18.54;-0.000977551520330536;-0.872269986940546;0
18.55;-0.00969293973921507;-0.870597768647896;0
18.56;-0.0183904435273317;-0.868667453534735;0
18.57;-0.027067486454135;-0.86648006381635;0
18.58;-0.0357215026504694;-0.864036697011988;0
18.59;-0.0443499375595637;-0.861338525486436;0
18.6;-0.0529502486833445;-0.858386795969966;0
18.61;-0.0615199063238513;-0.855182829056795;0
18.62;-0.0700563943195408;-0.851728018682282;0
18.63;-0.0785572107762686;-0.84802383157903;0
18.64;-0.0870198687927365;-0.844071806712103;0
18.65;-0.0954418971802002;-0.839873554693562;0
18.66;-0.103820841176229;-0.835430757176529;0
18.67;-0.112154263152315;-0.830745166228998;0
18.68;-0.120439743315132;-0.825818603687614;0
18.69;-0.128674880401236;-0.82065296049165;0
18.7;-0.13685729236503;-0.815250195997412;0
18.71;-0.144984617059773;-0.809612337273318;0
18.72;-0.153054512911458;-0.803741478375885;0
18.73;-0.161064659585369;-0.797639779606885;0
18.74;-0.16901275864512;-0.791309466751918;0
18.75;-0.176896534204;-0.784752830300665;0
18.76;-0.18471373356844;-0.77797222464908;0
18.77;-0.192462127873418;-0.770970067283812;0
18.78;-0.200139512709631;-0.763748837949094;0
18.79;-0.207743708742261;-0.756311077796421;0
18.8;-0.215272562321156;-0.748659388517272;0
18.81;-0.222723946082268;-0.740796431459178;0
18.82;-0.230095759540175;-0.732724926725424;0
18.83;-0.237385929671527;-0.724447652258692;0
18.84;-0.244592411489259;-0.715967442908933;0
18.85;-0.251713188607411;-0.707287189485789;0
18.86;-0.25874627379641;-0.698409837795863;0
18.87;-0.265689709528644;-0.689338387665165;0
18.88;-0.272541568514211;-0.680075891947037;0
18.89;-0.279299954226674;-0.670625455515895;0
18.9;-0.28596300141869;-0.660990234247103;0
18.91;-0.292528876627381;-0.65117343398331;0
18.92;-0.298995778669308;-0.641178309487589;0
18.93;-0.305361939124912;-0.631008163383714;0
18.94;-0.311625622812312;-0.620666345083898;0
18.95;-0.317785128250318;-0.610156249704366;0
18.96;-0.323838788110542;-0.599481316969081;0
18.97;-0.329784969658508;-0.58864503010198;0
18.98;-0.335622075183621;-0.577650914708088;0
18.99;-0.341348542417902;-0.566502537643832;0
19;-0.346962844943384;-0.55520350587695;0
19.01;-0.352463492588055;-0.543757465336318;0
19.02;-0.357849031810258;-0.532168099752091;0
19.03;-0.363118046071449;-0.520439129486492;0
19.04;-0.368269156197227;-0.50857431035564;0
19.05;-0.373301020726535;-0.496577432442771;0
19.06;-0.378212336248962;-0.484452318903224;0
19.07;-0.383001837730059;-0.472202824761573;0
19.08;-0.387668298824587;-0.45983283570127;0
19.09;-0.392210532177636;-0.447346266847176;0
19.1;-0.396627389713536;-0.434747061541363;0
19.11;-0.400917762912493;-0.42203919011256;0
19.12;-0.405080583074901;-0.409226648639625;0
19.13;-0.409114821573253;-0.396313457709418;0
19.14;-0.413019490091617;-0.383303661169473;0
19.15;-0.416793640852607;-0.37020132487583;0
19.16;-0.420436366831823;-0.35701053543643;0
19.17;-0.423946801959693;-0.343735398950442;0
19.18;-0.427324121310703;-0.330380039743922;0
19.19;-0.430567541279966;-0.316948599102175;0
19.2;-0.433676319747092;-0.303445233999213;0
19.21;-0.436649756227357;-0.289874115824696;0
19.22;-0.439487192010116;-0.27623942910874;0
19.23;-0.442188010284465;-0.262545370244971;0
19.24;-0.444751636252127;-0.248796146212228;0
19.25;-0.447177537227542;-0.234995973295283;0
19.26;-0.449465222725175;-0.22114907580497;0
19.27;-0.45161424453401;-0.207259684798109;0
19.28;-0.453624196779253;-0.193332036797613;0
19.29;-0.455494715971234;-0.179370372513146;0
19.3;-0.457225481041523;-0.16537893556273;0
19.31;-0.458816213366263;-0.151361971195685;0
19.32;-0.460266676776742;-0.137323725017257;0
19.33;-0.461576677557225;-0.12326844171535;0
19.34;-0.462746064430053;-0.109200363789707;0
19.35;-0.463774728528059;-0.0951237302839419;0
19.36;-0.46466260335431;-0.0810427755207767;0
19.37;-0.465409664729219;-0.0669617278408767;0
19.38;-0.466015930725065;-0.0528848083456401;0
19.39;-0.466481461587959;-0.0388162296443209;0
19.4;-0.466806359647297;-0.0247601946058504;0
19.41;-0.466990769212768;-0.0107208951157234;0
19.42;-0.467034876458935;0.00329748916168639;0
19.43;-0.466938909297481;0.0172907920150206;0
19.44;-0.466703137237159;0.0312548619116804;0
19.45;-0.466327871231507;0.0451855632170641;0
19.46;-0.465813463514412;0.0590787774069434;0
19.47;-0.465160307423573;0.0729304042726274;0
19.48;-0.464368837211953;0.0867363631185645;0
19.49;-0.463439527847284;0.100492593952038;0
19.5;-0.46237289479972;0.114195058664607;0
19.51;-0.461169493817703;0.127839742204966;0
19.52;-0.459829920692152;0.141422653742864;0
19.53;-0.458354811009046;0.154939827823775;0
19.54;-0.456744839890506;0.168387325513969;0
19.55;-0.45500072172447;0.181761235535671;0
19.56;-0.453123209883066;0.195057675391972;0
19.57;-0.451113096429775;0.208272792481189;0
19.58;-0.448971211815508;0.221402765200337;0
19.59;-0.446698424563691;0.234443804037421;0
19.6;-0.444295640944487;0.247392152652229;0
19.61;-0.441763804638252;0.260244088945321;0
19.62;-0.439103896388364;0.27299592611492;0
19.63;-0.436316933643536;0.285644013701404;0
19.64;-0.433403970189741;0.298184738619109;0
19.65;-0.430366095771875;0.310614526175157;0
19.66;-0.427204435705296;0.322929841075023;0
19.67;-0.423920150477361;0.335127188414561;0
19.68;-0.420514435339113;0.347203114658227;0
19.69;-0.416988519887241;0.359154208603205;0
19.7;-0.41334366763647;0.370977102329202;0
19.71;-0.409581175582512;0.382668472133626;0
19.72;-0.405702373755739;0.394225039451905;0
19.73;-0.401708624765714;0.405643571762693;0
19.74;-0.39760132333674;0.416920883477724;0
19.75;-0.393381895834588;0.428053836816055;0
19.76;-0.389051799784541;0.439039342662491;0
19.77;-0.384612523380939;0.449874361409935;0
19.78;-0.380065584988362;0.460555903785456;0
19.79;-0.375412532634633;0.471081031659848;0
19.8;-0.370654943495801;0.481446858840461;0
19.81;-0.365794423373268;0.491650551847114;0
19.82;-0.360832606163235;0.501689330670857;0
19.83;-0.355771153318643;0.511560469515412;0
19.84;-0.350611753303768;0.521261297521087;0
19.85;-0.345356121041667;0.530789199470972;0
19.86;-0.340005997354637;0.540141616479253;0
19.87;-0.334563148397871;0.54931604666144;0
19.88;-0.329029365086499;0.558310045786379;0
19.89;-0.323406462516186;0.567121227909839;0
19.9;-0.317696279377479;0.575747265989551;0
19.91;-0.311900677364092;0.584185892481533;0
19.92;-0.306021540575303;0.592434899917549;0
19.93;-0.300060774912676;0.600492141463572;0
19.94;-0.294020307471267;0.608355531459108;0
19.95;-0.287902085925538;0.616023045937261;0
19.96;-0.281708077910153;0.623492723125403;0
19.97;-0.27544027039585;0.630762663926347;0
19.98;-0.269100669060594;0.637831032379905;0
19.99;-0.262691297656205;0.64469605610472;0
20;-0.256214197370652;0.651356026720288;0
