0;0.246228114234641;0.17135661056164;0
0.01;0.247907045063647;0.163653098056252;0
0.02;0.249508777629258;0.15591376860923;0
0.03;0.251032964473627;0.148141003723212;0
0.04;0.252479281981218;0.140337190830449;0
0.05;0.253847430434831;0.132504722566946;0
0.06;0.255137134064376;0.12464599604631;0
0.07;0.256348141088379;0.116763412133487;0
0.08;0.257480223748226;0.108859374718636;0
0.09;0.258533178335153;0.100936289991334;0
0.1;0.259506825209973;0.0929965657153475;0
0.11;0.260401008815557;0.0850426105041707;0
0.12;0.261215597682076;0.0770768330975603;0
0.13;0.261950484425012;0.0691016416392732;0
0.14;0.262605585735952;0.0611194429562237;0
0.15;0.263180842366185;0.053132641839276;0
0.16;0.263676219103106;0.0451436403258815;0
0.17;0.264091704739466;0.0371548369847758;0
0.18;0.264427312035473;0.0291686262029434;0
0.19;0.264683077673775;0.0211873974750625;0
0.2;0.264859062207347;0.0132135346956376;0
0.21;0.264955350000319;0.00524941545402592;0
0.22;0.264972049161757;-0.00270258966743239;0
0.23;0.264909291472454;-0.0106401177919791;0
0.24;0.264767232304738;-0.0185608144434914;0
0.25;0.264546050535352;-0.026462334237823;0
0.26;0.26424594845144;-0.0343423415702313;0
0.27;0.263867151649674;-0.042198511298692;0
0.28;0.263409908928564;-0.0500285294229031;0
0.29;0.262874492174007;-0.0578300937587813;0
0.3;0.262261196238103;-0.065600914608258;0
0.31;0.261570338811302;-0.073338715424181;0
0.32;0.260802260287917;-0.0810412334701309;0
0.33;0.259957323625071;-0.0887062204749645;0
0.34;0.259035914195116;-0.0963314432818966;0
0.35;0.25803843963159;-0.103914684491935;0
0.36;0.256965329668767;-0.111453743101487;0
0.37;0.255817035974852;-0.118946435133956;0
0.38;0.254594031978894;-0.126390594265145;0
0.39;0.253296812691471;-0.133784072442301;0
0.4;0.251925894519214;-0.141124740496606;0
0.41;0.250481815073233;-0.148410488748973;0
0.42;0.248965132971524;-0.155639227608938;0
0.43;0.24737642763541;-0.162808888166517;0
0.44;0.245716299080098;-0.169917422776839;0
0.45;0.243985367699429;-0.1769628056374;0
0.46;0.242184274044881;-0.183943033357781;0
0.47;0.240313678598912;-0.190856125521665;0
0.48;0.23837426154272;-0.197700125241002;0
0.49;0.236366722518497;-0.204473099702171;0
0.5;0.234291780386256;-0.211173140703985;0
0.51;0.232150172975313;-0.217798365187392;0
0.52;0.229942656830519;-0.224346915756732;0
0.53;0.227670006953306;-0.230816961192405;0
0.54;0.225333016537657;-0.237206696954808;0
0.55;0.222932496701066;-0.243514345679411;0
0.56;0.220469276210594;-0.249738157662837;0
0.57;0.217944201204105;-0.255876411339813;0
0.58;0.215358134906771;-0.261927413750867;0
0.59;0.212711957342946;-0.267889501000646;0
0.6;0.210006565043494;-0.273761038706736;0
0.61;0.207242870748677;-0.27954042243886;0
0.62;0.204421803106694;-0.285226078148347;0
0.63;0.201544306367964;-0.290816462587752;0
0.64;0.19861134007527;-0.296310063720525;0
0.65;0.195623878749836;-0.301705401120618;0
0.66;0.192582911573464;-0.307001026361929;0
0.67;0.189489442066819;-0.31219552339749;0
0.68;0.186344487763971;-0.317287508928285;0
0.69;0.183149079883292;-0.322275632761634;0
0.7;0.179904262994822;-0.327158578159022;0
0.71;0.176611094684195;-0.331935062173314;0
0.72;0.173270645213253;-0.33660383597525;0
0.73;0.169883997177437;-0.341163685169163;0
0.74;0.166452245160064;-0.345613430097822;0
0.75;0.162976495383621;-0.349951926136346;0
0.76;0.15945786535815;-0.354178063975105;0
0.77;0.15589748352687;-0.358290769891558;0
0.78;0.152296488909118;-0.362289006010943;0
0.79;0.148656030740745;-0.366171770555785;0
0.8;0.144977268112056;-0.369938098084148;0
0.81;0.141261369603429;-0.373587059716588;0
0.82;0.137509512918707;-0.377117763351756;0
0.83;0.13372288451649;-0.380529353870605;0
0.84;0.129902679239435;-0.383821013329162;0
0.85;0.126050099941679;-0.38699196113982;0
0.86;0.122166357114506;-0.390041454241127;0
0.87;0.118252668510356;-0.392968787256031;0
0.88;0.114310258765318;-0.395773292638557;0
0.89;0.110340359020201;-0.398454340808891;0
0.9;0.106344206540304;-0.401011340276854;0
0.91;0.102323044334009;-0.40344373775374;0
0.92;0.0982781207703065;-0.405751018252519;0
0.93;0.0942106891953673;-0.407932705176379;0
0.94;0.090122007548289;-0.409988360395611;0
0.95;0.0860133379761191;-0.411917584312832;0
0.96;0.0818859464482817;-0.413720015916542;0
0.97;0.077741102370521;-0.415395332823027;0
0.98;0.0735800781984769;-0.416943251306608;0
0.99;0.0694041490510121;-0.418363526318248;0
1;0.0652145923234042;-0.419655951492541;0
1.01;0.0610126873005208;-0.42082035914308;0
1.02;0.0567997147700926;-0.421856620246254;0
1.03;0.0525769566362014;-0.422764644413471;0
1.04;0.048345695533097;-0.423544379851854;0
1.05;0.0441072144394592;-0.424195813313431;0
1.06;0.0398627962932196;-0.424718970032864;0
1.07;0.0356137236070575;-0.425113913653742;0
1.08;0.031361278084684;-0.425380746143495;0
1.09;0.0271067402380286;-0.425519607696956;0
1.1;0.0228513890054402;-0.425530676628642;0
1.11;0.0185965013710166;-0.425414169253785;0
1.12;0.0143433519851738;-0.425170339758178;0
1.13;0.0100932127865669;-0.424799480056892;0
1.14;0.00584735262547398;-0.424301919641931;0
1.15;0.00160703688875261;-0.423678025418878;0
1.16;-0.00262647287352056;-0.422928201532609;0
1.17;-0.0068519193196185;-0.422052889182149;0
1.18;-0.0110680496858324;-0.421052566424727;0
1.19;-0.0152736161541328;-0.419927747969133;0
1.2;-0.0194673762177157;-0.418678984958433;0
1.21;-0.0236480930443294;-0.417306864742139;0
1.22;-0.0278145358372748;-0.415812010637923;0
1.23;-0.0319654801939764;-0.414195081682945;0
1.24;-0.036099708462021;-0.41245677237492;0
1.25;-0.0402160100925598;-0.410597812402981;0
1.26;-0.044313181990975;-0.408618966368469;0
1.27;-0.0483900288647084;-0.406521033495734;0
1.28;-0.0524453635681537;-0.404304847333052;0
1.29;-0.0564780074445139;-0.401971275443767;0
1.3;-0.0604867906645267;-0.399521219087773;0
1.31;-0.0644705525619616;-0.396955612893436;0
1.32;-0.0684281419657932;-0.39427542452008;0
1.33;-0.0723584175289578;-0.391481654311154;0
1.34;-0.0762602480536004;-0.388575334938193;0
1.35;-0.0801325128127193;-0.385557531035701;0
1.36;-0.0839741018681203;-0.382429338827087;0
1.37;-0.0877839163845898;-0.379191885741767;0
1.38;-0.0915608689401999;-0.375846330023571;0
1.39;-0.0953038838326588;-0.372393860330588;0
1.4;-0.0990118973816215;-0.368835695326582;0
1.41;-0.102683858226878;-0.365173083264118;0
1.42;-0.106318727622334;-0.361407301559524;0
1.43;-0.109915479725708;-0.357539656359858;0
1.44;-0.11347310188386;-0.353571482101991;0
1.45;-0.116990594913677;-0.349504141063979;0
1.46;-0.120466973378439;-0.345339022908854;0
1.47;-0.123901265859589;-0.341077544220995;0
1.48;-0.127292515223828;-0.336721148035218;0
1.49;-0.130639778885483;-0.332271303358757;0
1.5;-0.133942129064048;-0.327729504686272;0
1.51;-0.137198653036852;-0.323097271508058;0
1.52;-0.140408453386778;-0.318376147811596;0
1.53;-0.143570648244969;-0.313567701576631;0
1.54;-0.146684371528454;-0.308673524263916;0
1.55;-0.149748773172636;-0.303695230297797;0
1.56;-0.152763019358574;-0.298634456542808;0
1.57;-0.155726292735013;-0.293492861774438;0
1.58;-0.158637792635088;-0.288272126144232;0
1.59;-0.161496735287659;-0.282973950639415;0
1.6;-0.164302354023213;-0.277600056537194;0
1.61;-0.167053899474294;-0.27215218485391;0
1.62;-0.169750639770394;-0.26663209578923;0
1.63;-0.172391860727269;-0.261041568165537;0
1.64;-0.174976866030624;-0.255382398862703;0
1.65;-0.177504977414132;-0.249656402248421;0
1.66;-0.179975534831729;-0.243865409604274;0
1.67;-0.182387896624158;-0.238011268547717;0
1.68;-0.184741439679709;-0.232095842450162;0
1.69;-0.18703555958913;-0.226121009851336;0
1.7;-0.18926967079466;-0.220088663870097;0
1.71;-0.191443206733155;-0.214000711611899;0
1.72;-0.193555619973278;-0.207859073573077;0
1.73;-0.195606382346715;-0.201665683042143;0
1.74;-0.197594985073393;-0.195422485498276;0
1.75;-0.19952093888067;-0.189131438007197;0
1.76;-0.201383774116471;-0.182794508614599;0
1.77;-0.203183040856352;-0.176413675737339;0
1.78;-0.204918309004465;-0.169990927552557;0
1.79;-0.206589168388401;-0.163528261384928;0
1.8;-0.208195228847906;-0.157027683092221;0
1.81;-0.209736120317439;-0.150491206449355;0
1.82;-0.211211492902568;-0.143920852531142;0
1.83;-0.212621016950186;-0.137318649093906;0
1.84;-0.21396438311254;-0.130686629956151;0
1.85;-0.215241302405064;-0.124026834378494;0
1.86;-0.216451506258006;-0.117341306443012;0
1.87;-0.217594746561852;-0.110632094432227;0
1.88;-0.218670795706529;-0.103901250207891;0
1.89;-0.219679446614405;-0.0971508285897654;0
1.9;-0.220620512767078;-0.0903828867345859;0
1.91;-0.221493828225945;-0.0835994835153907;0
1.92;-0.222299247646578;-0.0768026789014023;0
1.93;-0.223036646286898;-0.0699945333386454;0
1.94;-0.22370592000916;-0.0631771071314881;0
1.95;-0.224306985275754;-0.0563524598252867;0
1.96;-0.224839779138843;-0.0495226495903205;0
1.97;-0.225304259223849;-0.0426897326071964;0
1.98;-0.225700403706788;-0.0358557624539074;0
1.99;-0.226028211285503;-0.0290227894947236;0
2;-0.226287701144774;-0.0221928602710976;0
2.01;-0.226478912915365;-0.0153680168947623;0
2.02;-0.226601906627;-0.00855029644319965;0
2.03;-0.226656762655308;-0.00174173035765776;0
2.04;-0.226643581662768;0.00505565615610831;0
2.05;-0.22656248453366;0.0118398447241964;0
2.06;-0.226413612303081;0.0186088243978443;0
2.07;-0.22619712608003;0.0253605922434714;0
2.08;-0.22591320696462;0.0320931539293034;0
2.09;-0.225562055959426;0.0388045243084109;0
2.1;-0.225143893875031;0.0454927279979917;0
2.11;-0.224658961229791;0.052155799954732;0
2.12;-0.224107518143869;0.0587917860460778;0
2.13;-0.223489844227565;0.0653987436172552;0
2.14;-0.222806238464011;0.0719747420538747;0
2.15;-0.222057019086246;0.0785178633399597;0
2.16;-0.221242523448743;0.0850262026112397;0
2.17;-0.220363107893416;0.0914978687035496;0
2.18;-0.21941914761017;0.09793098469618;0
2.19;-0.218411036492046;0.104323688450024;0
2.2;-0.217339186984993;0.11067413314037;0
2.21;-0.216204029932357;0.116980487784181;0
2.22;-0.215006014414104;0.123240937761734;0
2.23;-0.213745607580867;0.129453685332436;0
2.24;-0.212423294482851;0.135616950144718;0
2.25;-0.211039577893672;0.141728969739818;0
2.26;-0.209594978129186;0.147788000049352;0
2.27;-0.208090032861366;0.153792315886505;0
2.28;-0.206525296927305;0.159740211430726;0
2.29;-0.204901342133392;0.165630000705779;0
2.3;-0.203218757054745;0.171460018051026;0
2.31;-0.201478146829957;0.177228618585815;0
2.32;-0.199680132951236;0.18293417866683;0
2.33;-0.197825353049997;0.188575096338299;0
2.34;-0.195914460677987;0.194149791774923;0
2.35;-0.193948125084016;0.199656707717408;0
2.36;-0.191927030986365;0.205094309900489;0
2.37;-0.189851878340943;0.210461087473323;0
2.38;-0.187723382105287;0.215755553412138;0
2.39;-0.185542271998456;0.220976244925034;0
2.4;-0.183309292256923;0.226121723848828;0
2.41;-0.181025201386534;0.231190577037822;0
2.42;-0.178690771910609;0.236181416744418;0
2.43;-0.17630679011428;0.241092880991458;0
2.44;-0.173874055785145;0.245923633936194;0
2.45;-0.171393381950313;0.250672366225815;0
2.46;-0.168865594609937;0.255337795344402;0
2.47;-0.16629153246732;0.259918665951258;0
2.48;-0.163672046655663;0.2644137502105;0
2.49;-0.161008000461577;0.268821848111849;0
2.5;-0.158300269045406;0.273141787782518;0
2.51;-0.155549739158489;0.277372425790135;0
2.52;-0.152757308857424;0.281512647436624;0
2.53;-0.149923887215432;0.285561367042954;0
2.54;-0.147050394030925;0.289517528224716;0
2.55;-0.144137759533349;0.293380104158435;0
2.56;-0.141186924086412;0.297148097838565;0
2.57;-0.138198837888784;0.300820542325106;0
2.58;-0.135174460672362;0.304396500981778;0
2.59;-0.132114761398191;0.307875067704712;0
2.6;-0.129020717950153;0.311255367141583;0
2.61;-0.125893316826496;0.314536554901158;0
2.62;-0.122733552829316;0.317717817753198;0
2.63;-0.119542428752086;0.320798373818675;0
2.64;-0.116320955065318;0.323777472750271;0
2.65;-0.113070149600478;0.326654395903103;0
2.66;-0.109791037232219;0.329428456495664;0
2.67;-0.106484649559068;0.332098999760929;0
2.68;-0.103152024582633;0.334665403087605;0
2.69;-0.0997942063854478;0.3371270761515;0
2.7;-0.0964122448075442;0.339483461036989;0
2.71;-0.0930071951218588;0.341734032348556;0
2.72;-0.0895801177085653;0.343878297312392;0
2.73;-0.0861320777284367;0.345915795868048;0
2.74;-0.0826641447953361;0.347846100750118;0
2.75;-0.0791773926479355;0.349668817559948;0
2.76;-0.0756728988207617;0.351383584827382;0
2.77;-0.0721517443146708;0.352990074062517;0
2.78;-0.068615013266849;0.354487989797491;0
2.79;-0.0650637926204407;0.355877069618299;0
2.8;-0.061499171793904;0.357157084186645;0
2.81;-0.057922242350191;0.358327837251845;0
2.82;-0.0543340976658555;0.359389165652784;0
2.83;-0.0507358326001841;0.360340939309958;0
2.84;-0.0471285431644531;0.361183061207612;0
2.85;-0.0435133261914073;0.361915467365991;0
2.86;-0.0398912790050611;0.362538126803745;0
2.87;-0.0362634990909199;0.363051041490501;0
2.88;-0.0326310837667196;0.36345424628964;0
2.89;-0.0289951298537826;0.363747808891316;0
2.9;-0.0253567333490873;0.36393182973574;0
2.91;-0.021716989098148;0.364006441926795;0
2.92;-0.0180769904688028;0.36397181113599;0
2.93;-0.0144378290260046;0.363828135496831;0
2.94;-0.0108005942077116;0.363575645489634;0
2.95;-0.0071663730019726;0.363214603816843;0
2.96;-0.00353624962530134;0.362745305268904;0
2.97;8.86947975653476e-05;0.36216807658075;0
2.98;0.00370738255243226;0.361483276278954;0
2.99;0.00731873965284037;0.360691294519622;0
3;0.0109216961555988;0.359792552917075;0
3.01;0.0145151864745624;0.358787504363401;0
3.02;0.0180981496925643;0.357676632838941;0
3.03;0.021669529871412;0.356460453213778;0
3.04;0.0252282763598593;0.355139511040311;0
3.05;0.0287733440994632;0.353714382336986;0
3.06;0.0323036939282391;0.352185673363273;0
3.07;0.0358182928820261;0.35055402038595;0
3.08;0.0393161144934772;0.348820089436809;0
3.09;0.0427961390885877;0.34698457606185;0
3.1;0.0462573540806776;0.345048205062054;0
3.11;0.0496987542617443;0.343011730225841;0
3.12;0.0531193420911028;0.340875934053293;0
3.13;0.0565181279812312;0.338641627472245;0
3.14;0.0598941305807415;0.336309649546341;0
3.15;0.0632463770543942;0.333880867175166;0
3.16;0.0665739033600802;0.331356174786535;0
3.17;0.0698757545226891;0.328736494021074;0
3.18;0.0731509849047905;0.326022773409173;0
3.19;0.0763986584740502;0.323215988040443;0
3.2;0.0796178490673078;0.320317139225776;0
3.21;0.0828076406512416;0.317327254152125;0
3.22;0.0859671275795499;0.31424738553012;0
3.23;0.0890954148465756;0.311078611234642;0
3.24;0.0921916183373061;0.307822033938472;0
3.25;0.0952548650736788;0.304478780739129;0
3.26;0.0982842934571239;0.301050002779035;0
3.27;0.101279053507281;0.297536874859123;0
3.28;0.104238307096822;0.293940595046017;0
3.29;0.107161228182314;0.290262384272914;0
3.3;0.110047003031072;0.286503485934291;0
3.31;0.11289483044392;0.282665165474589;0
3.32;0.115703921973821;0.278748709970981;0
3.33;0.118473502140305;0.274755427710377;0
3.34;0.121202808639643;0.270686647760803;0
3.35;0.123891092550706;0.266543719537278;0
3.36;0.126537618536465;0.262328012362347;0
3.37;0.129141665041068;0.258040915021398;0
3.38;0.13170252448245;0.253683835312902;0
3.39;0.134219503440418;0.249258199593744;0
3.4;0.136691922840177;0.244765452319752;0
3.41;0.139119118131231;0.240207055581608;0
3.42;0.141500439461625;0.235584488636256;0
3.43;0.14383525184749;0.230899247433981;0
3.44;0.146122935337823;0.226152844141288;0
3.45;0.148362885174497;0.221346806659748;0
3.46;0.150554511947424;0.216482678140945;0
3.47;0.152697241744864;0.211562016497697;0
3.48;0.154790516298823;0.206586393911679;0
3.49;0.156833793125511;0.201557396337625;0
3.5;0.158826545660834;0.196476623004251;0
3.51;0.160768263390871;0.191345685912053;0
3.52;0.162658451977325;0.186166209328145;0
3.53;0.164496633377905;0.180939829278283;0
3.54;0.166282345961615;0.175668193036244;0
3.55;0.168015144618928;0.170352958610702;0
3.56;0.169694600866817;0.164995794229777;0
3.57;0.171320302948624;0.159598377823397;0
3.58;0.172891855928738;0.154162396503655;0
3.59;0.174408881782074;0.148689546043288;0
3.6;0.175871019478322;0.143181530352477;0
3.61;0.17727792506097;0.137640060954087;0
3.62;0.178629271721053;0.132066856457544;0
3.63;0.179924749865656;0.126463642031479;0
3.64;0.181164067181124;0.120832148875322;0
3.65;0.18234694869099;0.115174113689987;0
3.66;0.183473136808605;0.109491278147827;0
3.67;0.184542391384465;0.103785388362001;0
3.68;0.185554489748231;0.0980581943554313;0
3.69;0.186509226745433;0.0923114495294899;0
3.7;0.187406414768866;0.0865469101325966;0
3.71;0.188245883784667;0.0807663347288694;0
3.72;0.189027481353084;0.0749714836669978;0
3.73;0.189751072643931;0.0691641185494919;0
3.74;0.190416540446741;0.063346001702469;0
3.75;0.191023785175617;0.0575188956461345;0
3.76;0.191572724868797;0.0516845625661138;0
3.77;0.192063295182926;0.0458447637857942;0
3.78;0.192495449382071;0.0400012592398315;0
3.79;0.192869158321463;0.0341558069489779;0
3.8;0.193184410426005;0.0283101624963863;0
3.81;0.193441211663541;0.0224660785055449;0
3.82;0.193639585512921;0.0166253041199971;0
3.83;0.193779572926861;0.010789584484998;0
3.84;0.193861232289644;0.00496066023126065;0
3.85;0.193884639369651;-0.000859733039057431;0
3.86;0.193849887266776;-0.0066698652639766;0
3.87;0.193757086354731;-0.0124680124307776;0
3.88;0.19360636421827;-0.018252457082396;0
3.89;0.193397865585367;-0.0240214888209805;0
3.9;0.193131752254364;-0.0297734048084707;0
3.91;0.192808203016139;-0.0355065102640473;0
3.92;0.192427413571301;-0.0412191189583135;0
3.93;0.191989596442466;-0.0469095537040619;0
3.94;0.191494980881642;-0.0525761468434891;0
3.95;0.190943812772753;-0.0582172407317158;0
3.96;0.190336633852108;-0.0632725915809608;0.279322758497754
3.97;0.189691309125346;-0.0660678885144287;0.279322758497754
3.98;0.189018141514603;-0.0688385767143747;0.279322758497754
3.99;0.188317380661641;-0.0715838679322311;0.279322758497754
4;0.187589284050533;-0.0743029828871809;0.279322758497754
4.01;0.186834116917004;-0.076995151484342;0.279322758497754
4.02;0.186052152155596;-0.0796596130298243;0.279322758497754
4.03;0.185243670224709;-0.0822956164425982;0.279322758497754
4.04;0.184408959049525;-0.0849024204631179;0.279322758497754
4.05;0.18354831392287;-0.0874792938586414;0.279322758497754
4.06;0.182662037404034;-0.090025515625193;0.279322758497754
4.07;0.181750439215585;-0.0925403751861113;0.279322758497754
4.08;0.180813836138215;-0.0950231725871315;0.279322758497754
4.09;0.179852551903656;-0.0974732186879474;0.279322758497754
4.1;0.178866917085685;-0.0998898353502027;0.279322758497754
4.11;0.177857268989275;-0.102272355621861;0.279322758497754
4.12;0.176823951537916;-0.104620123917908;0.279322758497754
4.13;0.175767315159146;-0.106932496197331;0.279322758497754
4.14;0.174687716668324;-0.109208840136337;0.279322758497754
4.15;0.173585519150697;-0.111448535297765;0.279322758497754
4.16;0.172461091841783;-0.113650973296632;0.279322758497754
4.17;0.171314810006121;-0.115815557961795;0.279322758497754
4.18;0.170147054814417;-0.117941705493665;0.279322758497754
4.19;0.168958213219132;-0.120028844617945;0.279322758497754
4.2;0.167748677828558;-0.122076416735349;0.279322758497754
4.21;0.166518846779404;-0.124083876067264;0.279322758497754
4.22;0.165269123607948;-0.126050689797318;0.279322758497754
4.23;0.163999917119797;-0.12797633820882;0.279322758497754
4.24;0.162711641258286;-0.129860314818035;0.279322758497754
4.25;0.161404714971559;-0.131702126503266;0.279322758497754
4.26;0.160079562078391;-0.133501293629708;0.279322758497754
4.27;0.158736611132768;-0.135257350170043;0.279322758497754
4.28;0.157376295287284;-0.13696984382075;0.279322758497754
4.29;0.155999052155402;-0.138638336114101;0.279322758497754
4.3;0.1546053236726;-0.140262402525818;0.279322758497754
4.31;0.153195555956473;-0.141841632578363;0.279322758497754
4.32;0.151770199165817;-0.143375629939842;0.279322758497754
4.33;0.150329707358741;-0.144864012518498;0.279322758497754
4.34;0.148874538349859;-0.146306412552775;0.279322758497754
4.35;0.147405153566597;-0.147702476696924;0.279322758497754
4.36;0.14592201790467;-0.149051866102151;0.279322758497754
4.37;0.144425599582757;-0.150354256493274;0.279322758497754
4.38;0.142916369996444;-0.151609338240879;0.279322758497754
4.39;0.141394803571453;-0.152816816428967;0.279322758497754
4.4;0.139861377616223;-0.153976410918064;0.279322758497754
4.41;0.138316572173874;-0.155087856403808;0.279322758497754
4.42;0.136760869873614;-0.156150902470975;0.279322758497754
4.43;0.135194755781617;-0.157165313642953;0.279322758497754
4.44;0.133618717251432;-0.158130869426661;0.279322758497754
4.45;0.132033243773964;-0.159047364352882;0.279322758497754
4.46;0.130438826827068;-0.159914608012044;0.279322758497754
4.47;0.128835959724811;-0.160732425085407;0.279322758497754
4.48;0.127225137466438;-0.161500655371684;0.279322758497754
4.49;0.125606856585096;-0.162219153809082;0.279322758497754
4.5;0.123981614996356;-0.162887790492761;0.279322758497754
4.51;0.122349911846583;-0.163506450687732;0.279322758497754
4.52;0.120712247361192;-0.164075034837172;0.279322758497754
4.53;0.119069122692853;-0.164593458566183;0.279322758497754
4.54;0.117421039769663;-0.165061652680991;0.279322758497754
4.55;0.115768501143363;-0.1654795631636;0.279322758497754
4.56;0.114112009837617;-0.165847151161894;0.279322758497754
4.57;0.112452069196411;-0.166164392975228;0.279322758497754
4.58;0.110789182732629;-0.166431280035486;0.279322758497754
4.59;0.109123853976821;-0.166647818883641;0.279322758497754
4.6;0.107456586326238;-0.166814031141832;0.279322758497754
4.61;0.105787882894159;-0.166929953480958;0.279322758497754
4.62;0.104118246359574;-0.166995637583822;0.279322758497754
4.63;0.102448178817235;-0.167011150103844;0.279322758497754
4.64;0.100778181628162;-0.166976572619342;0.279322758497754
4.65;0.099108755270611;-0.166892001583436;0.279322758497754
4.66;0.0974403991915691;-0.166757548269562;0.279322758497754
4.67;0.0957736116588114;-0.166573338712654;0.279322758497754
4.68;0.0941088896135674;-0.166339513645987;0.279322758497754
4.69;0.0924467285238375;-0.166056228433731;0.279322758497754
4.7;0.0907876222384031;-0.165723652999235;0.279322758497754
4.71;0.0891320628415734;-0.165341971749067;0.279322758497754
4.72;0.08748054050871;-0.164911383492842;0.279322758497754
4.73;0.0858335433625733;-0.164432101358877;0.279322758497754
4.74;0.0841915573305296;-0.163904352705693;0.279322758497754
4.75;0.0825550660026628;-0.163328379029402;0.279322758497754
4.76;0.0809245504908303;-0.162704435867023;0.279322758497754
4.77;0.0793004892887035;-0.162032792695745;0.279322758497754
4.78;0.0776833581328347;-0.161313732828195;0.279322758497754
4.79;0.0760736298647881;-0.160547553303731;0.279322758497754
4.8;0.0744717742943766;-0.159734564775809;0.279322758497754
4.81;0.0728782580640413;-0.158875091395464;0.279322758497754
4.82;0.0712935445144151;-0.157969470690945;0.279322758497754
4.83;0.0697180935511053;-0.157018053443546;0.279322758497754
4.84;0.0681523615127365;-0.156021203559678;0.279322758497754
4.85;0.0665968010402881;-0.154979297939226;0.279322758497754
4.86;0.065051860947766;-0.153892726340238;0.279322758497754
4.87;0.063517986094243;-0.152761891239993;0.279322758497754
4.88;0.0619956172573046;-0.151587207692494;0.279322758497754
4.89;0.0604851910079365;-0.150369103182433;0.279322758497754
4.9;0.0589871395868872;-0.149108017475688;0.279322758497754
4.91;0.0575018907825419;-0.147804402466388;0.279322758497754
4.92;0.0560298678103403;-0.146458722020612;0.279322758497754
4.93;0.0545714891937727;-0.145071451816759;0.279322758497754
4.94;0.0531271686469875;-0.143643079182664;0.279322758497754
4.95;0.0516973149590412;-0.142174102929488;0.279322758497754
4.96;0.0502823318798246;-0.140665033182462;0.279322758497754
4.97;0.0488826180076949;-0.139116391208527;0.279322758497754
4.98;0.0474985666788458;-0.137528709240927;0.279322758497754
4.99;0.0461305658584443;-0.135902530300821;0.279322758497754
5;0.0447789980335655;-0.134238408015965;0.279322758497754
5.01;0.0434442401079528;-0.132536906436529;0.279322758497754
5.02;0.0421266632986334;-0.130798599848101;0.279322758497754
5.03;0.040826633034415;-0.12902407258195;0.279322758497754
5.04;0.0395445088562936;-0.1272139188226;0.279322758497754
5.05;0.0382806443197956;-0.125368742412786;0.279322758497754
5.06;0.0370353868992835;-0.12348915665584;0.279322758497754
5.07;0.0358090778942482;-0.121575784115594;0.279322758497754
5.08;0.0346020523376131;-0.119629256413839;0.279322758497754
5.09;0.0334146389060753;-0.117650214025426;0.279322758497754
5.1;0.0322471598325049;-0.115639306071059;0.279322758497754
5.11;0.0310999308204275;-0.113597190107856;0.279322758497754
5.12;0.0299732609606103;-0.11152453191774;0.279322758497754
5.13;0.0288674526497745;-0.109422005293726;0.279322758497754
5.14;0.027782801511453;-0.107290291824181;0.279322758497754
5.15;0.0267195963190154;-0.105130080675108;0.279322758497754
5.16;0.0256781189208781;-0.102942068370539;0.279322758497754
5.17;0.024658644167919;-0.100726958571101;0.279322758497754
5.18;0.0236614398431149;-0.0984854618508188;0.279322758497754
5.19;0.0226867665934176;-0.0962182954722322;0.279322758497754
5.2;0.0217348778638869;-0.0939261831598922;0.279322758497754
5.21;0.0208060198340957;-0.0916098548723123;0.279322758497754
5.22;0.0199004313568217;-0.0892700465724411;0.279322758497754
5.23;0.0190183438990412;-0.0869074999967304;0.279322758497754
5.24;0.0181599814852385;-0.0845229624228686;0.279322758497754
5.25;0.0173255606430429;-0.0821171864362535;0.279322758497754
5.26;0.0165152903512075;-0.0796909296952742;0.279322758497754
5.27;0.0157293719899389;-0.0772449546954765;0.279322758497754
5.28;0.0149679992935914;-0.0747800285326832;0.279322758497754
5.29;0.0142313583057334;-0.0722969226651433;0.279322758497754
5.3;0.0135196273365972;-0.0697964126747808;0.279322758497754
5.31;0.0128329769229192;-0.0672792780276195;0.279322758497754
5.32;0.01217156979018;-0.0647463018334539;0.279322758497754
5.33;0.011535560817251;-0.0621982706048417;0.279322758497754
5.34;0.010925097003453;-0.0596359740154899;0.279322758497754
5.35;0.0103403174380344;-0.0570602046581091;0.279322758497754
5.36;0.00978135327207233;-0.0544717578018085;0.279322758497754
5.37;0.00924832769280196;-0.051871431149106;0.279322758497754
5.38;0.00874135590037686;-0.0492600245926262;0.279322758497754
5.39;0.00826054508706387;-0.0466383399715602;0.279322758497754
5.4;0.00780599441887391;-0.0440071808279601;0.279322758497754
5.41;0.00737779501963045;-0.0413673521629426;0.279322758497754
5.42;0.00697602995747604;-0.0387196601928736;0.279322758497754
5.43;0.00660077423381679;-0.0360649121056076;0.279322758497754
5.44;0.006252094774704;-0.0334039158168556;0.279322758497754
5.45;0.00593005042465124;-0.0307374797267522;0.279322758497754
5.46;0.00563469194288454;-0.0280664124766972;0.279322758497754
5.47;0.00536606200202275;-0.0253915227065419;0.279322758497754
5.48;0.00512419518918418;-0.0227136188121936;0.279322758497754
5.49;0.00490911800951502;-0.0200335087037096;0.279322758497754
5.5;0.00472084889213442;-0.017351999563953;0.279322758497754
5.51;0.00455939819849015;-0.0146698976078806;0.279322758497754
5.52;0.00442476823311836;-0.0119880078425351;0.279322758497754
5.53;0.00431695325679988;-0.00930713382781213;0.279322758497754
5.54;0.00423593950210518;-0.00662807743807146;0.279322758497754
5.55;0.00418170519131919;-0.00395163862466395;0.279322758497754
5.56;0.00415422055673637;-0.00127861517944263;0.279322758497754
5.57;0.00415344786331606;0.00139019750067229;0.279322758497754
5.58;0.00417934143368718;0.0040540066480059;0.279322758497754
5.59;0.00423184767549075;0.00671202235725018;0.279322758497754
5.6;0.00431090511104799;0.00936345781732699;0.279322758497754
5.61;0.00441644440934113;0.0120075295419249;0.279322758497754
5.62;0.00454838842029347;0.0146434575986434;0
5.63;0.00469408872708269;0.0144795373862149;0
5.64;0.00483813152090199;0.0143115585052549;0
5.65;0.00498047647213011;0.0141395782847035;0
5.66;0.00512108382940519;0.013963655154415;0
5.67;0.00525991443054681;0.0137838486257505;0
5.68;0.0053969297132827;0.0136002192718803;0
5.69;0.0055320917257771;0.0134128287078014;0
5.7;0.00566536313695808;0.0132217395700769;0
5.71;0.00579670724664107;0.013027015496305;0
5.72;0.0059260879954458;0.0128287211043218;0
5.73;0.00605346997450418;0.0126269219711472;0
5.74;0.00617881843495643;0.0124216846116787;0
5.75;0.00630209929723312;0.0122130764571413;0
5.76;0.00642327916012053;0.0120011658332989;0
5.77;0.00654232530960723;0.0117860219384359;0
5.78;0.00665920572750927;0.0115677148211147;0
5.79;0.00677388909987218;0.0113463153577166;0
5.8;0.00688634482514721;0.0111218952297726;0
5.81;0.00699654302214017;0.0108945269010931;0
5.82;0.00710445453773052;0.0106642835947012;0
5.83;0.00721005095435902;0.0104312392695784;0
5.84;0.00731330459728202;0.0101954685972301;0
5.85;0.00741418854159059;0.00995704693807697;0
5.86;0.00751267661899281;0.00971605031768143;0
5.87;0.00760874342435765;0.00947255540281458;0
5.88;0.00770236432201877;0.00922663947737268;0
5.89;0.00779351545183689;0.00897838041814984;0
5.9;0.00788217373501921;0.00872785667047463;0
5.91;0.00796831687969468;0.00847514722371816;0
5.92;0.00805192338624374;0.00822033158668114;0
5.93;0.00813297255238146;0.00796348976286758;0
5.94;0.00821144447799289;0.00770470222565264;0
5.95;0.00828732006971966;0.00744404989335237;0
5.96;0.0083605810452969;0.00718161410420286;0
5.97;0.00843120993763949;0.00691747659125658;0
5.98;0.00849919009867703;0.00665171945720345;0
5.99;0.00856450570293663;0.00638442514912441;0
6;0.00862714175087297;0.0061156764331852;0
6.01;0.00868708407194512;0.00584555636927787;0
6.02;0.00874431932743949;0.00557414828561793;0
6.03;0.00879883501303862;0.00530153575330466;0
6.04;0.00885061946113544;0.00502780256085238;0
6.05;0.00889966184289272;0.00475303268870027;0
6.06;0.00894595217004754;0.00447731028370853;0
6.07;0.00898948129646077;0.00420071963364845;0
6.08;0.00903024091941131;0.00392334514169406;0
6.09;0.00906822358063541;0.00364527130092307;0
6.1;0.00910342266711101;0.00336658266883468;0
6.11;0.00913583241158737;0.00308736384189184;0
6.12;0.00916544789286025;0.00280769943009565;0
6.13;0.00919226503579306;0.00252767403159929;0
6.14;0.00921628061108425;0.00224737220736928;0
6.15;0.00923749223478167;0.00196687845590127;0
6.16;0.00925589836754429;0.00168627718799816;0
6.17;0.00927149831365201;0.00140565270161779;0
6.18;0.00928429221976435;0.00112508915679763;0
6.19;0.00929428107342865;0.000844670550664018;0
6.2;0.0093014667013389;0.00056448069253313;0
6.21;0.00930585176734591;0.000284603179111012;0
6.22;0.00930743977022;5.12136980001821e-06;0
6.23;0.00930623504116728;-0.000273881637881204;0
6.24;0.00930224274110064;-0.000552323032756971;0
6.25;0.00929546885766669;-0.000830120314325956;0
6.26;0.00928592020203005;-0.00110719131695763;0
6.27;0.00927360440541626;-0.00138345423394675;0
6.28;0.00925852991541484;-0.00165882764141888;0
6.29;0.00924070599204397;-0.00193323052208012;0
6.3;0.00922014270357839;-0.00220658228880408;0
6.31;0.00919685092214225;-0.00247880280804943;0
6.32;0.00917084231906845;-0.0027498124231012;0
6.33;0.00914212936002656;-0.00301953197712918;0
6.34;0.00911072529992078;-0.00328788283605693;0
6.35;0.00907664417756035;-0.00355478691123466;0
6.36;0.00903990081010386;-0.00382016668190978;0
6.37;0.00900051078728003;-0.00408394521748847;0
6.38;0.00895849046538667;-0.0043460461995822;0
6.39;0.00891385696107027;-0.00460639394383275;0
6.4;0.00886662814488829;-0.00486491342150971;0
6.41;0.00881682263465655;-0.00512153028087434;0
6.42;0.00876445978858407;-0.00537617086830373;0
6.43;0.00870955969819777;-0.00562876224916943;0
6.44;0.00865214318105942;-0.00587923222846467;0
6.45;0.00859223177327764;-0.00612750937117438;0
6.46;0.0085298477218172;-0.00637352302238243;0
6.47;0.00846501397660858;-0.00661720332711042;0
6.48;0.00839775418246033;-0.00685848124988266;0
6.49;0.00832809267077696;-0.0070972885940118;0
6.5;0.00825605445108539;-0.00733355802059987;0
6.51;0.00818166520237257;-0.00756722306724963;0
6.52;0.00810495126423737;-0.00779821816648091;0
6.53;0.00802593962785964;-0.00802647866384709;0
6.54;0.00794465792678943;-0.00825194083574674;0
6.55;0.0078611344275596;-0.00847454190692567;0
6.56;0.00777539802012465;-0.0086942200676645;0
6.57;0.00768747820812926;-0.00891091449064739;0
6.58;0.00759740509900953;-0.00912456534750724;0
6.59;0.00750520939393019;-0.00933511382504295;0
6.6;0.00741092237756125;-0.00954250214110464;0
6.61;0.00731457590769719;-0.00974667356014238;0
6.62;0.00721620240472226;-0.00994757240841447;0
6.63;0.00711583484092524;-0.0101451440888514;0
6.64;0.00701350672966706;-0.0103393350955714;0
6.65;0.00690925211440494;-0.0105300930280441;0
6.66;0.00680310555757644;-0.0107173666048981;0
6.67;0.00669510212934704;-0.0109011056773701;0
6.68;0.00658527739622486;-0.0110812612423907;0
6.69;0.00647366740954622;-0.0112577854553042;0
6.7;0.00636030869383556;-0.0114306316422202;0
6.71;0.00624523823504364;-0.0115997543119922;0
6.72;0.00612849346866752;-0.0117651091678209;0
6.73;0.00601011226775626;-0.0119266531184807;0
6.74;0.00589013293080612;-0.0120843442891641;0
6.75;0.00576859416954892;-0.0122381420319439;0
6.76;0.00564553509663761;-0.0123880069358488;0
6.77;0.00552099521323279;-0.012533900836552;0
6.78;0.00539501439649409;-0.0126757868256683;0
6.79;0.00526763288698037;-0.0128136292596591;0
6.8;0.00513889127596263;-0.0129473937683435;0
6.81;0.00500883049265359;-0.0130770472630126;0
6.82;0.00487749179135789;-0.0132025579441453;0
6.83;0.00474491673854701;-0.0133238953087253;0
6.84;0.00461114719986273;-0.0134410301571565;0
6.85;0.00447622532705329;-0.0135539345997751;0
6.86;0.00434019354484626;-0.0136625820629594;0
6.87;0.00420309453776213;-0.0137669472948327;0
6.88;0.00406497123687264;-0.0138670063705621;0
6.89;0.00392586680650804;-0.0139627366972489;0
6.9;0.00378582463091719;-0.0140541170184118;0
6.91;0.00364488830088477;-0.0141411274180626;0
6.92;0.00350310160030946;-0.0142237493243714;0
6.93;0.00336050849274742;-0.0143019655129244;0
6.94;0.00321715310792489;-0.0143757601095708;0
6.95;0.00307307972822436;-0.0144451185928608;0
6.96;0.00292833277514802;-0.0145100277960737;0
6.97;0.00278295679576285;-0.0145704759088363;0
6.98;0.00263699644913141;-0.0146264524783324;0
6.99;0.00249049649273231;-0.0146779484101023;0
7;0.00234350176887453;-0.0147249559684353;0
7.01;0.00219605719110967;-0.0147674687763525;0
7.02;0.00204820773064624;-0.0148054818151837;0
7.03;0.00189999840276994;-0.0148389914237368;0
7.04;0.00175147425327409;-0.0148679952970629;0
7.05;0.0016026803449043;-0.0148924924848158;0
7.06;0.00145366174382125;-0.0149124833892087;0
7.07;0.0013044635060858;-0.0149279697625694;0
7.08;0.00115513066417029;-0.0149389547044946;0
7.09;0.00100570821350018;-0.0149454426586047;0
7.1;0.000856241099029811;-0.0149474394089025;0
7.11;0.000706774201856454;-0.0149449520757355;0
7.12;0.000557352325876485;-0.0149379891113646;0
7.13;0.000408020184487618;-0.0149265602951414;0
7.14;0.00025882238734114;-0.0149106767282961;0
7.15;0.000109803427148;-0.0148903508283377;0
7.16;-3.89923334573607e-05;-0.0148655963230694;0
7.17;-0.000187520674991618;-0.0148364282442221;0
7.18;-0.00033573753413179;-0.0148028629207067;0
7.19;-0.000483599016655286;-0.0147649179714904;0
7.2;-0.000631061410307043;-0.0147226122980982;0
7.21;-0.00077808119758998;-0.0146759660767421;0
7.22;-0.000924615068475106;-0.0146250007500829;0
7.23;-0.00107061993302758;-0.0145697390186254;0
7.24;-0.00121605293394512;-0.0145102048317524;0
7.25;-0.00136087145900508;-0.0144464233783987;0
7.26;-0.00150503315341673;-0.0143784210773706;0
7.27;-0.00164849593207508;-0.0143062255673122;0
7.28;-0.00179121799171285;-0.0142298656963246;0
7.29;-0.00193315782294706;-0.0141493715112393;0
7.3;-0.00207427422221678;-0.0140647742465511;0
7.31;-0.00221452630360877;-0.0139761063130145;0
7.32;-0.00235387351056747;-0.0138834012859061;0
7.33;-0.00249227562748626;-0.0137866938929587;0
7.34;-0.00262969279117648;-0.0136860200019709;0
7.35;-0.00276608550221116;-0.0135814166080959;0
7.36;-0.00290141463614025;-0.013472921820814;0
7.37;-0.00303564145457404;-0.013360574850594;0
7.38;-0.00316872761613196;-0.0132444159952469;0
7.39;-0.00330063518725343;-0.0131244866259778;0
7.4;-0.00343132665286798;-0.0130008291731395;0
7.41;-0.00356076492692153;-0.0128734871116932;0
7.42;-0.00368891336275594;-0.0127425049463808;0
7.43;-0.00381573576333911;-0.012607928196615;0
7.44;-0.00394119639134266;-0.0124698033810897;0
7.45;-0.00406525997906443;-0.0123281780021187;0
7.46;-0.00418789173819329;-0.0121831005297056;0
7.47;-0.00430905736941332;-0.0120346203853511;0
7.48;-0.00442872307184502;-0.0118827879256036;0
7.49;-0.00454685555232081;-0.0117276544253568;0
7.5;-0.00466342203449239;-0.0115692720609011;0
7.51;-0.0047783902677676;-0.0114076938927346;0
7.52;-0.00489172853607425;-0.0112429738481373;0
7.53;-0.00500340566644867;-0.0110751667035167;0
7.54;-0.00511339103744673;-0.0109043280665283;0
7.55;-0.00522165458737505;-0.0107305143579779;0
7.56;-0.00532816682234029;-0.0105537827935116;0
7.57;-0.00543289882411437;-0.0103741913650988;0
7.58;-0.00553582225781366;-0.0101917988223138;0
7.59;-0.00563690937939007;-0.0100066646534234;0
7.6;-0.00573613304293217;-0.00981884906628479;0
7.61;-0.00583346670777445;-0.00962841296906118;0
7.62;-0.00592888444541299;-0.00943541795076003;0
7.63;-0.00602236094622563;-0.0092399262616011;0
7.64;-0.00611387152599519;-0.00904200079321992;0
7.65;-0.00620339213223396;-0.0088417050587129;0
7.66;-0.00629089935030792;-0.0086391031725306;0
7.67;-0.00637637040935928;-0.00843425983022516;0
7.68;-0.00645978318802585;-0.00822724028805847;0
7.69;-0.00654111621995588;-0.00801811034247717;0
7.7;-0.00662034869911706;-0.00780693630946117;0
7.71;-0.00669746048489851;-0.00759378500375173;0
7.72;-0.00677243210700446;-0.00737872371796593;0
7.73;-0.00684524477013865;-0.00716182020160364;0
7.74;-0.00691588035847833;-0.00694314263995366;0
7.75;-0.00698432143993683;-0.00672275963290552;0
7.76;-0.00705055127021395;-0.00650074017367337;0
7.77;-0.00711455379663311;-0.00627715362743852;0
7.78;-0.00717631366176468;-0.00605206970991726;0
7.79;-0.00723581620683461;-0.00582555846586034;0
7.8;-0.00729304747491779;-0.00559769024749085;0
7.81;-0.00734799421391554;-0.00536853569288696;0
7.82;-0.00740064387931672;-0.00513816570431611;0
7.83;-0.00745098463674194;-0.00490665142652727;0
7.84;-0.00749900536427059;-0.00467406422500779;0
7.85;-0.00754469565455024;-0.0044404756642115;0
7.86;-0.00758804581668827;-0.00420595748576453;0
7.87;-0.00762904687792544;-0.00397058158665554;0
7.88;-0.00766769058509136;-0.00373441999741677;0
7.89;-0.0077039694058417;-0.00349754486030268;0
7.9;-0.00773787652967726;-0.00326002840747249;0
7.91;-0.00776940586874485;-0.00302194293918335;0
7.92;-0.00779855205842018;-0.0027833608020005;0
7.93;-0.00782531045767304;-0.00254435436703109;0
7.94;-0.0078496771492148;-0.00230499600818797;0
7.95;-0.00787164893942885;-0.00206535808049004;0
7.96;-0.00789122335808412;-0.00182551289840554;0
7.97;-0.00790839865783231;-0.00158553271424473;0
7.98;-0.00792317381348931;-0.00134548969660833;0
7.99;-0.00793554852110129;-0.0011054559088981;0
8;-0.00794552319679633;-0.000865503287895844;0
8.01;-0.00795309897542203;-0.00062570362241729;0
8.02;-0.00795827770897011;-0.000386128532046888;0
8.03;-0.00796106196478875;-0.000146849445959965;0
8.04;-0.00796145502358351;9.20624181616713e-05;0
8.05;-0.00795946087720787;0.000330536075114496;0
8.06;-0.00795508422624445;0.000568500793052269;0
8.07;-0.00794833047737781;0.000805886114253214;0
8.08;-0.00793920574056028;0.00104262187576932;0
8.09;-0.00792771682597168;0.00127863822995183;0
8.1;-0.00791387124077446;0.00151386566484687;0
8.11;-0.00789767718566547;0.00174823502445546;0
8.12;-0.00787914355122577;0.00198167752885199;0
8.13;-0.00785827991406987;0.00221412479415537;0
8.14;-0.00783509653279602;0.00244550885234713;0
8.15;-0.00780960434373894;0.00267576217093085;0
8.16;-0.00778181495652674;0.00290481767242718;0
8.17;-0.00775174064944368;0.00313260875369901;0
8.18;-0.00771939436460039;0.00335906930510122;0
8.19;-0.00768478970291345;0.0035841337294496;0
8.2;-0.00764794091889612;0.00380773696080353;0
8.21;-0.00760886291526203;0.00402981448305715;0
8.22;-0.00756757123734396;0.00425030234833376;0
8.23;-0.00752408206732948;0.00446913719517824;0
8.24;-0.00747841221831563;0.0046862562665425;0
8.25;-0.00743057912818469;0.00490159742755874;0
8.26;-0.00738060085330319;0.00511509918309571;0
8.27;-0.00732849606204638;0.00532670069509308;0
8.28;-0.00727428402815031;0.00553634179966892;0
8.29;-0.00721798462389394;0.0057439630239958;0
8.3;-0.00715961831311351;0.00594950560294072;0
8.31;-0.00709920614405159;0.00615291149546426;0
8.32;-0.00703676974204327;0.00635412340077451;0
8.33;-0.00697233130204188;0.00655308477423135;0
8.34;-0.00690591358098685;0.00674973984299671;0
8.35;-0.00683753989001621;0.00694403362142663;0
8.36;-0.00676723408652634;0.00713591192620081;0
8.37;-0.00669502056608164;0.00732532139118572;0
8.38;-0.00662092425417676;0.0075122094820272;0
8.39;-0.00654497059785416;0.00769652451046858;0
8.4;-0.0064671855571797;0.00787821564839069;0
8.41;-0.00638759559657915;0.00805723294156976;0
8.42;-0.00630622767603836;0.00823352732314983;0
8.43;-0.00622310924217;0.00840705062682592;0
8.44;-0.00613826821914982;0.0085777555997347;0
8.45;-0.00605173299952532;0.00874559591504907;0
8.46;-0.00596353243489978;0.00891052618427357;0
8.47;-0.00587369582649477;0.00907250196923741;0
8.48;-0.00578225291559401;0.00923147979378194;0
8.49;-0.00568923387387179;0.00938741715513974;0
8.5;-0.00559466929360903;0.00954027253500232;0
8.51;-0.00549859017780004;0.00969000541027368;0
8.52;-0.0054010279301531;0.00983657626350716;0
8.53;-0.00530201434498826;0.00997994659302275;0
8.54;-0.00520158159703526;0.0101200789227027;0
8.55;-0.00509976223113508;0.0102569368114626;0
8.56;-0.00499658915184812;0.0103904848623963;0
8.57;-0.00489209561297252;0.0105206887315919;0
8.58;-0.00478631520697574;0.0106475151366167;0
8.59;-0.00467928185434281;0.01077093186467;0
8.6;-0.00457102979284456;0.0108909077804006;0
8.61;-0.00446159356672917;0.011007412833388;0
8.62;-0.00435100801584047;0.0111204180652864;0
8.63;-0.00423930826466622;0.0112298956166276;0
8.64;-0.00412652971132007;0.0113358187332839;0
8.65;-0.00401270801646025;0.0114381617725881;0
8.66;-0.00389787909214873;0.0115369002091102;0
8.67;-0.00378207909065411;0.0116320106400886;0
8.68;-0.00366534439320177;0.0117234707905161;0
8.69;-0.0035477115986747;0.0118112595178788;0
8.7;-0.00342921751226853;0.0118953568165471;0
8.71;-0.0033098991341042;0.0119757438218193;0
8.72;-0.00318979364780179;0.012052402813615;0
8.73;-0.00306893840901893;0.0121253172198198;0
8.74;-0.0029473709339574;0.0121944716192805;0
8.75;-0.00282512888784135;0.0122598517444486;0
8.76;-0.00270225007337058;0.0123214444836757;0
8.77;-0.00257877241915256;0.0123792378831563;0
8.78;-0.00245473396811653;0.0124332211485214;0
8.79;-0.0023301728659132;0.012483384646082;0
8.8;-0.00220512734930374;0.0125297199037213;0
8.81;-0.00207963573454123;0.0125722196114384;0
8.82;-0.00195373640574841;0.0126108776215424;0
8.83;-0.00182746780329493;0.0126456889484971;0
8.84;-0.00170086841217784;0.0126766497684186;0
8.85;-0.00157397675040855;0.0127037574182249;0
8.86;-0.00144683135740996;0.0127270103944388;0
8.87;-0.00131947078242702;0.0127464083516463;0
8.88;-0.00119193357295436;0.0127619521006092;0
8.89;-0.00106425826318422;0.0127736436060351;0
8.9;-0.000936483362478348;0.0127814859840057;0
8.91;-0.000808647343867043;0.0127854834990631;0
8.92;-0.000680788632578924;0.0127856415609583;0
8.93;-0.000552945594604719;0.0127819667210609;0
8.94;-0.00042515652529846;0.0127744666684335;0
8.95;-0.000297459638019457;0.0127631502255713;0
8.96;-0.000169893052818361;0.0127480273438097;0
8.97;-4.24947851706462e-05;0.0127291090984007;0
8.98;8.46972652391949e-05;0.012706407683262;0
8.99;0.000211645325679476;0.0126799364053985;0
9;0.000338311761475899;0.0126497096790009;0
9.01;0.000464659087055664;0.0126157430192215;0
9.02;0.000590649976927913;0.0125780530356318;0
9.03;0.000716247276597301;0.0125366574253618;0
9.04;0.00084141401340757;0.0124915749659268;0
9.05;0.000966113407311962;0.0124428255077415;0
9.06;0.00109030888156739;0.0123904299663253;0
9.07;0.00121396407334931;0.0123344103142027;0
9.08;0.00133704284428416;0.0122747895724998;0
9.09;0.0014595092908965;0.0122115918022414;0
9.1;0.00158132775496774;0.0121448420953511;0
9.11;0.00170246283380353;0.012074566565358;0
9.12;0.00182287939040691;0.0120007923378134;0
9.13;0.00194254256355442;0.0119235475404196;0
9.14;0.00206141777777207;0.0118428612928768;0
9.15;0.00217947075320864;0.0117587636964486;0
9.16;0.00229666751540335;0.0116712858232521;0
9.17;0.00241297440494517;0.0115804597052751;0
9.18;0.00252835808702111;0.0114863183231247;0
9.19;0.00264278556085085;0.0113888955945101;0
9.2;0.00275622416900494;0.0112882263624655;0
9.21;0.00286864160660409;0.0111843463833147;0
9.22;0.00298000593039702;0.0110772923143835;0
9.23;0.00309028556771423;0.0109671017014623;0
9.24;0.00319944932529535;0.0108538129660249;0
9.25;0.00330746639798757;0.0107374653922059;0
9.26;0.00341430637731276;0.0106180991135423;0
9.27;0.00351993925990099;0.0104957550994834;0
9.28;0.00362433545578811;0.0103704751416729;0
9.29;0.00372746579657514;0.0102423018400083;0
9.3;0.00382930154344727;0.0101112785884824;0
9.31;0.00392981439505034;0.00997744956081005;0
9.32;0.00402897649522253;0.00984085969584726;0
9.33;0.00412676044057952;0.00970155468280477;0
9.34;0.00422313928795067;0.00955958094626281;0
9.35;0.0043180865616646;0.00941498563099097;0
9.36;0.00441157626068208;0.00926781658657827;0
9.37;0.00450358286557436;0.00911812235187844;0
9.38;0.00459408134534517;0.00896595213927522;0
9.39;0.00468304716409456;0.00881135581877286;0
9.4;0.00477045628752291;0.00865438390191689;0
9.41;0.00485628518927333;0.00849508752555008;0
9.42;0.00494051085711102;0.008333518435409;0
9.43;0.00502311079893774;0.0081697289695662;0
9.44;0.00510406304864018;0.00800377204172329;0
9.45;0.00518334617177047;0.00783570112436019;0
9.46;0.00526093927105771;0.00766557023174584;0
9.47;0.00533682199174883;0.00749343390281567;0
9.48;0.00541097452677778;0.00731934718392132;0
9.49;0.00548337762176162;0.00714336561145776;0
9.5;0.00555401257982231;0.00696554519437352;0
9.51;0.00562286126623314;0.00678594239656922;0
9.52;0.00568990611288869;0.00660461411918999;0
9.53;0.00575513012259713;0.00642161768281735;0
9.54;0.00581851687319422;0.00623701080956581;0
9.55;0.00588005052147761;0.00605085160509001;0
9.56;0.00593971580696108;0.00586319854050774;0
9.57;0.00599749805544745;0.00567411043424452;0
9.58;0.00605338318241973;0.00548364643380521;0
9.59;0.00610735769624963;0.0052918659974784;0
9.6;0.00615940870122281;0.00509882887597901;0
9.61;0.00620952390038039;0.00490459509403477;0
9.62;0.00625769159817596;0.00470922493192229;0
9.63;0.00630390070294785;0.00451277890695819;0
9.64;0.00634814072920608;0.00431531775495099;0
9.65;0.00639040179973371;0.00411690241161944;0
9.66;0.00643067464750218;0.00391759399398276;0
9.67;0.00646895061740054;0.00371745378172865;0
9.68;0.00650522166777816;0.00351654319856442;0
9.69;0.00653948037180103;0.00331492379355711;0
9.7;0.00657171991862132;0.00311265722246805;0
9.71;0.00660193411436034;0.00290980522908752;0
9.72;0.00663011738290486;0.0027064296265751;0
9.73;0.00665626476651687;0.00250259227881134;0
9.74;0.00668037192625692;0.0022983550817662;0
9.75;0.00670243514222128;0.00209377994488995;0
9.76;0.00672245131359307;0.00188892877253201;0
9.77;0.00674041795850778;0.0016838634453932;0
9.78;0.00675633321373345;0.00147864580201704;0
9.79;0.00677019583416597;0.00127333762032542;0
9.8;0.00678200519213996;0.00106800059920422;0
9.81;0.00679176127655575;0.000862696340144274;0
9.82;0.006799464691823;0.000657486328943025;0
9.83;0.00680511665662173;0.000452431917472396;0
9.84;0.00680871900248121;0.000247594305518075;0
9.85;0.00681027417217772;4.3034522695625e-05;0
9.86;0.0068097852179517;-0.000161186589551315;0
9.87;0.00680725579954542;-0.000365008395865484;0
9.88;0.00680269018206176;-0.000568370484797894;0
9.89;0.00679609323364536;-0.000771212686531964;0
9.9;0.00678747042298684;-0.000973475090504772;0
9.91;0.00677682781665145;-0.0011750980629203;0
9.92;0.00676417207623291;-0.00137602226414963;0
9.93;0.00674951045533394;-0.00157618866601303;0
9.94;0.00673285079637441;-0.00177553856893899;0
9.95;0.00671420152722854;-0.00197401361899528;0
9.96;0.00669357165769234;-0.0021715558247871;0
9.97;0.00667097077578267;-0.00236810757421754;0
9.98;0.00664640904386941;-0.0025636116511055;0
9.99;0.00661989719464205;-0.00275801125165644;0
10;0.00659144652691222;-0.00295125000078108;0
10.01;0.00656106890125382;-0.00314327196825769;0
10.02;0.0065287767354822;-0.00333402168473317;0
10.03;0.00649458299997406;-0.00352344415755843;0
10.04;0.00645850121282979;-0.00371148488645381;0
10.05;0.00642054543487989;-0.00389808987899982;0
10.06;0.00638073026453735;-0.0040832056659491;0
10.07;0.00633907083249771;-0.00426677931635527;0
10.08;0.00629558279628858;-0.00444875845251432;0
10.09;0.00625028233467079;-0.00462909126471457;0
10.1;0.00620318614189269;-0.00480772652579096;0
10.11;0.00615431142180005;-0.00498461360547978;0
10.12;0.00610367588180307;-0.00515970248456965;0
10.13;0.00605129772670305;-0.00533294376884519;0
10.14;0.00599719565238038;-0.00550428870281927;0
10.15;0.00594138883934627;-0.00567368918325019;0
10.16;0.0058838969461603;-0.00584109777244018;0
10.17;0.00582474010271594;-0.00600646771131145;0
10.18;0.0057639389033963;-0.00616975293225643;0
10.19;0.00570151440010249;-0.00633090807175858;0
10.2;0.00563748809515675;-0.00648988848278052;0
10.21;0.00557188193408278;-0.006646650246916;0
10.22;0.00550471829826564;-0.00680115018630268;0
10.23;0.00543601999749354;-0.00695334587529238;0
10.24;0.00536581026238416;-0.00710319565187577;0
10.25;0.00529411273669769;-0.00725065862885861;0
10.26;0.00522095146953936;-0.00739569470478643;0
10.27;0.0051463509074538;-0.00753826457461495;0
10.28;0.00507033588641385;-0.00767832974012337;0
10.29;0.00499293162370643;-0.00781585252006803;0
10.3;0.00491416370971805;-0.00795079606007358;0
10.31;0.00483405809962257;-0.00808312434225937;0
10.32;0.00475264110497392;-0.00821280219459855;0
10.33;0.00466993938520647;-0.00833979530000748;0
10.34;0.00458597993904562;-0.00846407020516329;0
10.35;0.00450079009583161;-0.00858559432904735;0
10.36;0.00441439750675896;-0.00870433597121253;0
10.37;0.00432683013603464;-0.00882026431977241;0
10.38;0.00423811625195752;-0.00893334945911023;0
10.39;0.00414828441792198;-0.00904356237730608;0
10.4;0.00405736348334862;-0.00915087497328035;0
10.41;0.00396538257454473;-0.00925526006365191;0
10.42;0.0038723710854975;-0.00935669138930936;0
10.43;0.0037783586686028;-0.00945514362169397;0
10.44;0.00368337522533246;-0.00955059236879291;0
10.45;0.00358745089684292;-0.00964301418084134;0
10.46;0.00349061605452813;-0.00973238655573233;0
10.47;0.00339290129051973;-0.00981868794413342;0
10.48;0.00329433740813738;-0.0099018977543087;0
10.49;0.00319495541229211;-0.00998199635664568;0
10.5;0.0030947864998459;-0.0100589650878858;0
10.51;0.0029938620499301;-0.0101327862550582;0
10.52;0.00289221361422601;-0.0102034431391158;0
10.53;0.00278987290721037;-0.0102709199982729;0
10.54;0.00268687179636878;-0.0103352020710446;0
10.55;0.00258324229238015;-0.0103962755789869;0
10.56;0.00247901653927506;-0.0104541277291374;0
10.57;0.00237422680457105;-0.0105087467161561;0
10.58;0.00226890546938787;-0.0105601217241673;0
10.59;0.00216308501854565;-0.0106082429283007;0
10.6;0.002056798030649;-0.0106531014959338;0
10.61;0.00195007716816006;-0.0106946895876338;0
10.62;0.00184295516746348;-0.0107330003578007;0
10.63;0.00173546482892624;-0.0107680279550114;0
10.64;0.00162763900695548;-0.0107997675220651;0
10.65;0.00151951060005715;-0.0108282151957302;0
10.66;0.00141111254089857;-0.0108533681061945;0
10.67;0.00130247778637777;-0.0108752243762176;0
10.68;0.00119363930770269;-0.0108937831199884;0
10.69;0.00108463008048312;-0.010909044441686;0
10.7;0.000975483074838352;-0.0109210094337474;0
10.71;0.000866231245523459;-0.0109296801748412;0
10.72;0.000756907522077195;-0.0109350597275502;0
10.73;0.000647544798994342;-0.0109371521357615;0
10.74;0.00053817592592547;-0.0109359624217682;0
10.75;0.000428833697906987;-0.0109314965830823;0
10.76;0.000319550845624345;-0.0109237615889609;0
10.77;0.00021036002571127;-0.0109127653766467;0
10.78;0.000101293811087865;-0.0108985168473254;0
10.79;-7.61531865958609e-06;-0.0108810258618005;0
10.8;-0.000116334986854309;-0.0108603032358884;0
10.81;-0.000224832929257418;-0.0108363607355348;0
10.82;-0.000333077003546215;-0.0108092110716547;0
10.83;-0.000441035198739657;-0.0107788678946981;0
10.84;-0.000548675644568248;-0.0107453457889435;0
10.85;-0.000655966620785652;-0.0107086602665211;0
10.86;-0.000762876566419327;-0.010668827761168;0
10.87;-0.000869374088957522;-0.0106258656217187;0
10.88;-0.000975427973469978;-0.0105797921053309;0
10.89;-0.00108100719165973;-0.0105306263704526;0
10.9;-0.00118608091084341;-0.0104783884695294;0
10.91;-0.00129061850285746;-0.0104230993414574;0
10.92;-0.00139458955288774;-0.0103647808037833;0
10.93;-0.00149796386822003;-0.0103034555446535;0
10.94;-0.00160071148690888;-0.0102391471145175;0
10.95;-0.00170280268636243;-0.0101718799175861;0
10.96;-0.00180420799184063;-0.0101016792030489;0
10.97;-0.00190489818486472;-0.0100285710560528;0
10.98;-0.00200484431153527;-0.00995258238844663;0
10.99;-0.00210401769075674;-0.00987374092929276;0
11;-0.00220238992236605;-0.00979207521515071;0
11.01;-0.00229993289516301;-0.0097076145801351;0
11.02;-0.00239661879484031;-0.0096203891457518;0
11.03;-0.0024924201118109;-0.00953042981051533;0
11.04;-0.00258730964893055;-0.00943776823935135;0
11.05;-0.0026812605291135;-0.00934243685278754;0
11.06;-0.00277424620283908;-0.00924446881593658;0
11.07;-0.00286624045554721;-0.00914389802727484;0
11.08;-0.00295721741492082;-0.00904075910722059;0
11.09;-0.00304715155805317;-0.00893508738651537;0
11.1;-0.00313601771849802;-0.00882691889441239;0
11.11;-0.00322379109320097;-0.00871629034667592;0
11.12;-0.00331044724930984;-0.00860323913339542;0
11.13;-0.00339596213086244;-0.00848780330661858;0
11.14;-0.00348031206534983;-0.00837002156780709;0
11.15;-0.00356347377015339;-0.00824993325511936;0
11.16;-0.00364542435885395;-0.00812757833052422;0
11.17;-0.00372614134741124;-0.00800299736674977;0
11.18;-0.00380560266021224;-0.00787623153407162;0
11.19;-0.00388378663598656;-0.00774732258694464;0
11.2;-0.00396067203358754;-0.00761631285048261;0
11.21;-0.00403623803763746;-0.00748324520679011;0
11.22;-0.00411046426403541;-0.0073481630811508;0
11.23;-0.00418333076532641;-0.00721111042807674;0
11.24;-0.00425481803593039;-0.00707213171722298;0
11.25;-0.00432490701722981;-0.00693127191917195;0
11.26;-0.00439357910251449;-0.00678857649109214;0
11.27;-0.00446081614178243;-0.00664409136227554;0
11.28;-0.00452660044639561;-0.00649786291955846;0
11.29;-0.00459091479358935;-0.00634993799263017;0
11.3;-0.00465374243083437;-0.00620036383923414;0
11.31;-0.00471506708005036;-0.00604918813026633;0
11.32;-0.00477487294167004;-0.00589645893477528;0
11.33;-0.0048331446985529;-0.00574222470486859;0
11.34;-0.0048898675197475;-0.00558653426053057;0
11.35;-0.00494502706410161;-0.00542943677435566;0
11.36;-0.00499860948371933;-0.00527098175620242;0
11.37;-0.00505060142726441;-0.00511121903777278;0
11.38;-0.00510099004310898;-0.00495019875712133;0
11.39;-0.00514976298232718;-0.00478797134309936;0
11.4;-0.0051969084015329;-0.00462458749973857;0
11.41;-0.00524241496556104;-0.00446009819057898;0
11.42;-0.00528627184999197;-0.00429455462294612;0
11.43;-0.00532846874351839;-0.00412800823218209;0
11.44;-0.00536899585015442;-0.00396051066583539;0
11.45;-0.00540784389128636;-0.00379211376781433;0
11.46;-0.0054450041075649;-0.00362286956250877;0
11.47;-0.00548046826063833;-0.00345283023888511;0
11.48;-0.00551422863472667;-0.0032820481345592;0
11.49;-0.00554627803803644;-0.00311057571985216;0
11.5;-0.00557660980401592;-0.00293846558183376;0
11.51;-0.00560521779245077;-0.00276577040835821;0
11.52;-0.00563209639040007;-0.00259254297209727;0
11.53;-0.00565724051297258;-0.00241883611457524;0
11.54;-0.00568064560394354;-0.0022447027302109;0
11.55;-0.00570230763621175;-0.00207019575037087;0
11.56;-0.00572222311209742;-0.00189536812743946;0
11.57;-0.0057403890634807;-0.00172027281890943;0
11.58;-0.00575680305178125;-0.00154496277149871;0
11.59;-0.00577146316777919;-0.00136949090529756;0
11.6;-0.00578436803127753;-0.00119391009795096;0
11.61;-0.00579551679060676;-0.00101827316888099;0
11.62;-0.00580490912197172;-0.00084263286355366;0
11.63;-0.00581254522864148;-0.000667041837795036;0
11.64;-0.0058184258399825;-0.00049155264216117;0
11.65;-0.00582255221033584;-0.000316217706366435;0
11.66;-0.0058249261177389;-0.000141089323774855;0
11.67;-0.00582554986249238;3.37803640410318e-05;0
11.68;-0.0058244262655731;0.000208339382669284;0
11.69;-0.00582155866689358;0.000382535940151132;0
11.7;-0.00581695092340892;0.00055631844219259;0
11.71;-0.00581060740707206;0.000729635507290661;0
11.72;-0.00580253300263811;0.000902435981769767;0
11.73;-0.00579273310531876;0.00107466895472404;0
11.74;-0.0057812136182877;0.00124628377286115;0
11.75;-0.00576798095003806;0.00141723005524343;0
11.76;-0.00575304201159295;0.00158745770792197;0
11.77;-0.00573640421357007;0.0017569169384596;0
11.78;-0.00571807546310171;0.00192555827033848;0
11.79;-0.00569806416061113;0.00209333255724823;0
11.8;-0.00567637919644666;0.00226019099725055;0
11.81;-0.00565302994737472;0.00242608514681627;0
11.82;-0.00562802627293297;0.00259096693473077;0
11.83;-0.0056013785116452;0.00275478867586399;0
11.84;-0.00557309747709893;0.00291750308480098;0
11.85;-0.00554319445388749;0.00307906328932921;0
11.86;-0.00551168119341785;0.00323942284377887;0
11.87;-0.00547856990958569;0.00339853574221235;0
11.88;-0.00544387327431931;0.00355635643145923;0
11.89;-0.00540760441299388;0.00371283982399322;0
11.9;-0.00536977689971761;0.00386794131064724;0
11.91;-0.00533040475249161;0.00402161677316345;0
11.92;-0.00528950242824487;0.00417382259657435;0
11.93;-0.00524708481774635;0.0043245156814119;0
11.94;-0.00520316724039561;0.00447365345574107;0
11.95;-0.00515776543889403;0.00462119388701449;0
11.96;-0.00511089557379827;0.00476709549374523;0
11.97;-0.00506257421795775;0.00491131735699411;0
11.98;-0.00501281835083826;0.00505381913166883;0
11.99;-0.00496164535273326;0.00519456105763155;0
12;-0.00490907299886515;0.00533350397061205;0
12.01;-0.00485511945337812;0.00547060931292355;0
12.02;-0.00479980326322492;0.00560583914397829;0
12.03;-0.0047431433519492;0.00573915615059996;0
12.04;-0.00468515901336584;0.00587052365713047;0
12.05;-0.00462586990514098;0.00599990563532816;0
12.06;-0.00456529604227411;0.00612726671405491;0
12.07;-0.00450345779048426;0.00625257218874974;0
12.08;-0.00444037585950232;0.00637578803068618;0
12.09;-0.00437607129627193;0.00649688089601121;0
12.1;-0.00431056547806079;0.00661581813456339;0
12.11;-0.00424388010548494;0.00673256779846783;0
12.12;-0.00417603719544803;0.00684709865050592;0
12.13;-0.00410705907399792;0.00695938017225762;0
12.14;-0.0040369683691029;0.00706938257201431;0
12.15;-0.00396578800334982;0.00717707679246017;0
12.16;-0.00389354118656647;0.00728243451812027;0
12.17;-0.00382025140837048;0.00738542818257342;0
12.18;-0.00374594243064721;0.00748603097542813;0
12.19;-0.00367063827995896;0.00758421684905995;0
12.2;-0.00359436323988785;0.00767996052510856;0
12.21;-0.00351714184331481;0.00777323750073311;0
12.22;-0.00343899886463714;0.00786402405462437;0
12.23;-0.00335995931192707;0.00795229725277222;0
12.24;-0.00328004841903368;0.00803803495398725;0
12.25;-0.00319929163763075;0.00812121581517523;0
12.26;-0.00311771462921301;0.00820181929636329;0
12.27;-0.00303534325704323;0.00827982566547662;0
12.28;-0.00295220357805263;0.00835521600286493;0
12.29;-0.0028683218346972;0.0084279722055775;0
12.3;-0.00278372444677243;0.00849807699138606;0
12.31;-0.00269843800318887;0.00856551390255483;0
12.32;-0.00261248925371117;0.00863026730935681;0
12.33;-0.00252590510066312;0.00869232241333592;0
12.34;-0.00243871259060123;0.0087516652503143;0
12.35;-0.00235093890595926;0.00880828269314438;0
12.36;-0.00226261135666658;0.00886216245420526;0
12.37;-0.00217375737174252;0.00891329308764324;0
12.38;-0.00208440449086964;0.0089616639913561;0
12.39;-0.00199458035594814;0.00900726540872104;0
12.4;-0.00190431270263431;0.00905008843006625;0
12.41;-0.00181362935186528;0.00909012499388602;0
12.42;-0.00172255820137289;0.0091273678877996;0
12.43;-0.00163112721718901;0.00916181074925378;0
12.44;-0.0015393644251451;0.00919344806596955;0
12.45;-0.00144729790236833;0.00922227517613314;0
12.46;-0.00135495576877707;0.00924828826833182;0
12.47;-0.0012623661785781;0.00927148438123477;0
12.48;-0.00116955731176809;0.00929186140301981;0
12.49;-0.00107655736564213;0.00930941807054643;0
12.5;-0.000983394546311474;0.00932415396827579;0
12.51;-0.000890097060233369;0.00933606952693856;0
12.52;-0.000796693105755253;0.00934516602195132;0
12.53;-0.000703210864675949;0.00935144557158254;0
12.54;-0.000609678493826317;0.009354911134869;0
12.55;-0.000516124116671858;0.00935556650928379;0
12.56;-0.000422575814939757;0.00935341632815698;0
12.57;-0.000329061620272825;0.00934846605785017;0
12.58;-0.000235609505912797;0.0093407219946862;0
12.59;-0.000142247378415431;0.00933019126163532;0
12.6;-4.90030693998414e-05;0.00931688180475925;0
12.61;4.40956726655369e-05;0.00930080238941467;0
12.62;0.000137021190637929;0.00928196259621764;0
12.63;0.00022974592683378;0.00926037281677047;0
12.64;0.000322242431118526;0.00923604424915299;0
12.65;0.000414483368950216;0.0092089888931797;0
12.66;0.00050644152937466;0.00917921954542478;0
12.67;0.000598089832969795;0.00914674979401685;0
12.68;0.000689401339736966;0.00911159401320533;0
12.69;0.000780349256936844;0.00907376735770054;0
12.7;0.00087090694686775;0.00903328575678956;0
12.71;0.000961047934584119;0.00899016590823003;0
12.72;0.00105074591555292;0.00894442527192405;0
12.73;0.00113997476324584;0.00889608206337454;0
12.74;0.00122870853666505;0.00884515524692632;0
12.75;0.0013169214878004;0.00879166452879434;0
12.76;0.00140458806901603;0.00873563034988146;0
12.77;0.00149168294036412;0.00867707387838848;0
12.78;0.00157818097682385;0.00861601700221869;0
12.79;0.00166405727546355;0.00855248232117983;0
12.8;0.00174928716252386;0.00848649313898605;0
12.81;0.00183384620042011;0.00841807345506256;0
12.82;0.00191771019466185;0.0083472479561559;0
12.83;0.00200085520068756;0.00827404200775252;0
12.84;0.00208325753061276;0.00819848164530866;0
12.85;0.00216489375988957;0.00812059356529457;0
12.86;0.00224574073387587;0.00804040511605579;0
12.87;0.00232577557431224;0.00795794428849494;0
12.88;0.002404975685705;0.00787323970657675;0
12.89;0.00248331876161342;0.00778632061765969;0
12.9;0.00256078279083954;0.00769721688265745;0
12.91;0.00263734606351884;0.00760595896603319;0
12.92;0.00271298717711009;0.00751257792563032;0
12.93;0.0027876850422828;0.00741710540234266;0
12.94;0.0028614188887007;0.00731957360962774;0
12.95;0.00293416827069957;0.00722001532286643;0
12.96;0.00300591307285805;0.00711846386857237;0
12.97;0.0030766335154599;0.00701495311345485;0
12.98;0.00314631015984619;0.0069095174533384;0
12.99;0.00321492391365606;0.00680219180194302;0
13;0.00328245603595472;0.00669301157952823;0
13.01;0.00334888814224722;0.00658201270140498;0
13.02;0.00341420220937684;0.00646923156631877;0
13.03;0.00347838058030663;0.00635470504470793;0
13.04;0.00354140596878314;0.00623847046684059;0
13.05;0.0036032614638808;0.00612056561083429;0
13.06;0.00366393053442619;0.00600102869056184;0
13.07;0.00372339703330069;0.00587989834344746;0
13.08;0.00378164520162069;0.00575721361815677;0
13.09;0.00383865967279428;0.00563301396218483;0
13.1;0.00389442547645328;0.00550733920934586;0
13.11;0.00394892804225981;0.00538022956716868;0
13.12;0.00400215320358637;0.00525172560420178;0
13.13;0.00405408720106861;0.005121868237232;0
13.14;0.00410471668602986;0.00499069871842083;0
13.15;0.00415402872377673;0.00485825862236217;0
13.16;0.00420201079676492;0.00472458983306583;0
13.17;0.00424865080763451;0.00458973453087052;0
13.18;0.00429393708211415;0.00445373517929058;0
13.19;0.00433785837179339;0.00431663451180041;0
13.2;0.00438040385676256;0.00417847551856069;0
13.21;0.00442156314811975;0.00403930143309049;0
13.22;0.00446132629034419;0.00389915571888928;0
13.23;0.00449968376353573;0.00375808205601305;0
13.24;0.00453662648551977;0.00361612432760855;0
13.25;0.00457214581381752;0.00347332660640986;0
13.26;0.00460623354748091;0.00332973314120122;0
13.27;0.0046388819287921;0.00318538834325048;0
13.28;0.00467008364482717;0.00304033677271704;0
13.29;0.00469983182888377;0.00289462312503864;0
13.3;0.0047281200617726;0.00274829221730091;0
13.31;0.00475494237297251;0.00260138897459389;0
13.32;0.00478029324164908;0.00245395841635967;0
13.33;0.00480416759753672;0.00230604564273515;0
13.34;0.00482656082168413;0.00215769582089414;0
13.35;0.00484746874706325;0.0020089541713928;0
13.36;0.00486688765904162;0.00185986595452254;0
13.37;0.00488481429571841;0.00171047645667451;0
13.38;0.00490124584812408;0.00156083097671967;0
13.39;0.00491617996028396;0.00141097481240851;0
13.4;0.00492961472914595;0.00126095324679451;0
13.41;0.00494154870437253;0.00111081153468533;0
13.42;0.00495198088799749;0.000960594889125767;0
13.43;0.00496091073394754;0.000810348467916408;0
13.44;0.00496833814742941;0.000660117360172091;0
13.45;0.00497426348418262;0.000509946572924001;0
13.46;0.00497868754959854;0.000359881017769416;0
13.47;0.00498161159770617;0.000209965497573007;0
13.48;0.00498303733002519;6.02446932235836e-05;0
13.49;0.00498296689428676;-8.92368495498358e-05;0
13.5;0.00498140288302289;-0.000238434733298777;0
13.51;0.0049783483320248;-0.000387304721909067;0
13.52;0.00497380671867113;-0.00053580275358379;0
13.53;0.00496778196012655;-0.000683884953751683;0
13.54;0.00496027841141178;-0.000831507647897216;0
13.55;0.00495130086334554;-0.000978627374308661;0
13.56;0.00494085454035948;-0.00112520089674045;0
13.57;0.00492894509818688;-0.0012711852169862;0
13.58;0.00491557862142599;-0.00141653758735876;0
13.59;0.00490076162097904;-0.00156121552307371;0
13.6;0.00488450103136789;-0.00170517681453279;0
13.61;0.00486680420792719;-0.00184837953950374;0
13.62;0.00484767892387641;-0.00199078207519296;0
13.63;0.00482713336727142;-0.00213234311020786;0
13.64;0.00480517613783715;-0.00227302165640507;0
13.65;0.00478181624368219;-0.0024127770606216;0
13.66;0.00475706309789661;-0.00255156901628527;0
13.67;0.00473092651503427;-0.0026893575749014;0
13.68;0.00470341670748086;-0.00282610315741232;0
13.69;0.00467454428170884;-0.00296176656542673;0
13.7;0.00464432023442074;-0.00309630899231553;0
13.71;0.00461275594858214;-0.00322969203417125;0
13.72;0.00457986318934561;-0.00336187770062784;0
13.73;0.00454565409986715;-0.00349282842553798;0
13.74;0.00451014119701649;-0.00362250707750481;0
13.75;0.00447333736698272;-0.00375087697026524;0
13.76;0.00443525586077681;-0.00387790187292207;0
13.77;0.00439591028963244;-0.00400354602002191;0
13.78;0.0043553146203068;-0.0041277741214763;0
13.79;0.00431348317028288;-0.00425055137232331;0
13.8;0.0042704306028749;-0.00437184346232693;0
13.81;0.0042261719222384;-0.00449161658541161;0
13.82;0.00418072246828686;-0.00460983744892957;0
13.83;0.00413409791151626;-0.00472647328275811;0
13.84;0.00408631424773963;-0.00484149184822486;0
13.85;0.00403738779273293;-0.00495486144685818;0
13.86;0.00398733517679435;-0.00506655092896075;0
13.87;0.00393617333921867;-0.0051765297020038;0
13.88;0.00388391952268843;-0.00528476773884;0
13.89;0.00383059126758383;-0.00539123558573269;0
13.9;0.0037762064062132;-0.00549590437019943;0
13.91;0.00372078305696584;-0.00559874580866787;0
13.92;0.00366433961838915;-0.0056997322139419;0
13.93;0.003606894763192;-0.00579883650247617;0
13.94;0.00354846743217616;-0.00589603220145725;0
13.95;0.00348907682809788;-0.00599129345568945;0
13.96;0.00342874240946139;-0.00608459503428368;0
13.97;0.00336748388424653;-0.00617591233714777;0
13.98;0.00330532120357227;-0.00626522140127641;0
13.99;0.00324227455529827;-0.0063524989068394;0
14;0.0031783643575665;-0.0064377221830666;0
14.01;0.0031136112522849;-0.0065208692139282;0
14.02;0.00304803609855518;-0.00660191864360901;0
14.03;0.00298165996604679;-0.00668084978177536;0
14.04;0.00291450412831918;-0.00675764260863351;0
14.05;0.00284659005609438;-0.00683227777977839;0
14.06;0.00277793941048212;-0.00690473663083147;0
14.07;0.00270857403615942;-0.0069750011818669;0
14.08;0.00263851595450697;-0.00704305414162479;0
14.09;0.00256778735670424;-0.00710887891151092;0
14.1;0.00249641059678569;-0.00717245958938182;0
14.11;0.00242440818465995;-0.00723378097311469;0
14.12;0.00235180277909438;-0.00729282856396123;0
14.13;0.00227861718066702;-0.00734958856968497;0
14.14;0.00220487432468814;-0.00740404790748136;0
14.15;0.0021305972740936;-0.00745619420668022;0
14.16;0.00205580921231215;-0.00750601581123001;0
14.17;0.00198053343610882;-0.0075535017819637;0
14.18;0.00190479334840674;-0.00759864189864581;0
14.19;0.0018286124510894;-0.0076414266618004;0
14.2;0.00175201433778561;-0.00768184729431992;0
14.21;0.00167502268663942;-0.00771989574285471;0
14.22;0.00159766125306706;-0.00775556467898319;0
14.23;0.00151995386250322;-0.00778884750016269;0
14.24;0.00144192440313879;-0.00781973833046111;0
14.25;0.00136359681865223;-0.00784823202106952;0
14.26;0.00128499510093692;-0.0078743241505958;0
14.27;0.00120614328282635;-0.00789801102513989;0
14.28;0.0011270654308198;-0.00791928967815072;0
14.29;0.00104778563781018;-0.00793815787006539;0
14.3;0.00096832801581664;-0.00795461408773109;0
14.31;0.00088871668872383;-0.00796865754361014;0
14.32;0.000808975785030144;-0.00798028817476908;0
14.33;0.000729129430607011;-0.00798950664165209;0
14.34;0.000649201741471423;-0.00799631432663982;0
14.35;0.000569216816573848;-0.0080007133323942;0
14.36;0.000489198730603647;-0.00800270647999025;0
14.37;0.000409171526814129;-0.00800229730683572;0
14.38;0.000329159209869364;-0.00799949006437954;0
14.39;0.000249185738714853;-0.00799428971561024;0
14.4;0.000169275019474161;-0.00798670193234532;0
14.41;8.94508983735851e-05;-0.00797673309231283;0
14.42;9.73715469694598e-06;-0.00796439027602635;0
14.43;-6.98425062274529e-05;-0.00794968126345467;0
14.44;-0.00014926446000564;-0.00793261453048755;0
14.45;-0.000228505170120534;-0.0079131992451989;0
14.46;-0.000307541194836236;-0.00789144526390894;0
14.47;-0.000386349194062032;-0.00786736312704676;0
14.48;-0.000464905936174137;-0.00784096405481501;0
14.49;-0.000543188304793202;-0.00781225994265821;0
14.5;-0.000621173305515622;-0.00778126335653639;0
14.51;-0.000698838072596713;-0.00774798752800599;0
14.52;-0.000776159875583837;-0.0077124463491096;0
14.53;-0.000853116125897571;-0.00767465436707648;0
14.54;-0.00092968438335904;-0.00763462677883589;0
14.55;-0.00100584236266154;-0.00759237942534498;0
14.56;-0.00108156793978462;-0.00754792878573345;0
14.57;-0.0011568391583488;-0.00750129197126694;0
14.58;-0.00123163423590909;-0.00745248671913132;0
14.59;-0.00130593157018558;-0.00740153138604005;0
14.6;-0.00137970974522931;-0.00734844494166676;0
14.61;-0.00145294753752167;-0.00729324696190546;0
14.62;-0.00152562392200567;-0.00723595762196053;0
14.63;-0.00159771807804731;-0.007176597689269;0
14.64;-0.00166920939532545;-0.00711518851625743;0
14.65;-0.00174007747964854;-0.0070517520329359;0
14.66;-0.00181030215869649;-0.00698631073933157;0
14.67;-0.00187986348768625;-0.0069188876977644;0
14.68;-0.00194874175495938;-0.00684950652496759;0
14.69;-0.00201691748749021;-0.00677819138405535;0
14.7;-0.00208437145631288;-0.00670496697634071;0
14.71;-0.00215108468186601;-0.00662985853300607;0
14.72;-0.00221703843925339;-0.00655289180662918;0
14.73;-0.00228221426341926;-0.00647409306256747;0
14.74;-0.00234659395423681;-0.00639348907020341;0
14.75;-0.00241015958150857;-0.00631110709405387;0
14.76;-0.0024728934898772;-0.00622697488474632;0
14.77;-0.0025347783036456;-0.00614112066986481;0
14.78;-0.0025957969315047;-0.00605357314466875;0
14.79;-0.00265593257116809;-0.00596436146268738;0
14.8;-0.00271516871391188;-0.00587351522619316;0
14.81;-0.00277348914901888;-0.00578106447655684;0
14.82;-0.0028308779681257;-0.00568703968448766;0
14.83;-0.00288731956947184;-0.0055914717401615;0
14.84;-0.00294279866204953;-0.00549439194324032;0
14.85;-0.00299730026965329;-0.00539583199278597;0
14.86;-0.00305080973482813;-0.00529582397707164;0
14.87;-0.00310331272271552;-0.00519440036329415;0
14.88;-0.00315479522479588;-0.00509159398719029;0
14.89;-0.003205243562527;-0.0049874380425606;0
14.9;-0.00325464439087716;-0.00488196607070376;0
14.91;-0.00330298470175226;-0.00477521194976502;0
14.92;-0.00335025182731605;-0.00466720988400192;0
14.93;-0.00339643344320264;-0.00455799439297076;0
14.94;-0.00344151757162058;-0.00444760030063706;0
14.95;-0.00348549258434764;-0.00433606272441358;0
14.96;-0.00352834720561573;-0.00422341706412914;0
14.97;-0.00357007051488516;-0.00410969899093178;0
14.98;-0.00361065194950768;-0.00399494443612963;0
14.99;-0.00365008130727762;-0.00387918957997305;0
15;-0.00368834874887067;-0.0037624708403813;0
15.01;-0.00372544480016961;-0.00364482486161745;0
15.02;-0.00376136035447662;-0.0035262885029149;0
15.03;-0.00379608667461164;-0.00340689882705888;0
15.04;-0.00382961539489635;-0.00328669308892678;0
15.05;-0.00386193852302337;-0.00316570872399034;0
15.06;-0.00389304844181034;-0.00304398333678369;0
15.07;-0.00392293791083856;-0.00292155468934039;0
15.08;-0.00395160006797582;-0.00279846068960316;0
15.09;-0.00397902843078325;-0.00267473937980986;0
15.1;-0.00400521689780593;-0.00255042892485908;0
15.11;-0.00403015974974712;-0.002425567600659;0
15.12;-0.0040538516505258;-0.002300193782463;0
15.13;-0.00407628764821768;-0.00217434593319556;0
15.14;-0.00409746317587928;-0.00204806259177188;0
15.15;-0.00411737405225531;-0.00192138236141485;0
15.16;-0.00413601648236915;-0.00179434389797281;0
15.17;-0.00415338705799657;-0.00166698589824161;0
15.18;-0.00416948275802266;-0.00153934708829444;0
15.19;-0.00418430094868215;-0.00141146621182299;0
15.2;-0.00419783938368317;-0.00128338201849333;0
15.21;-0.00421009620421464;-0.00115513325232005;0
15.22;-0.00422106993883757;-0.00102675864006199;0
15.23;-0.00423075950326031;-0.000898296879643214;0
15.24;-0.00423916419999827;-0.000769786628602404;0
15.25;-0.00424628371791814;-0.000641266492574299;0
15.26;-0.00425211813166719;-0.000512775013806444;0
15.27;-0.00425666790098783;-0.000384350659714688;0
15.28;-0.00425993386991798;-0.000256031811480791;0
15.29;-0.00426191726587755;-0.000127856752695462;0
15.3;-0.00426261969864166;1.36341949815043e-07;0
15.31;-0.00426204315920085;0.00012790941791889;0
15.32;-0.00426019001850917;0.000255424552031679;0
15.33;-0.00425706302612041;0.000382643963606285;0
15.34;-0.00425266530871316;0.000509530025539238;0
15.35;-0.00424700036850545;0.00063604527532067;0
15.36;-0.00424007208155948;0.000762152425981211;0
15.37;-0.0042318846959772;0.000887814376967451;0
15.38;-0.00422244282998752;0.00101299422494284;0
15.39;-0.00421175146992577;0.00113765527451088;0
15.4;-0.00419981596810639;0.0012617610488576;0
15.41;-0.0041866420405895;0.00138527530031019;0
15.42;-0.00417223576484229;0.00150816202080877;0
15.43;-0.00415660357729609;0.00163038545228841;0
15.44;-0.00413975227080006;0.00175191009696831;0
15.45;-0.00412168899197238;0.00187270072754527;0
15.46;-0.00410242123844999;0.00199272239728862;0
15.47;-0.00408195685603777;0.00211194045003363;0
15.48;-0.00406030403575832;0.00223032053007068;0
15.49;-0.00403747131080331;0.00234782859192736;0
15.5;-0.00401346755338745;0.00246443091004077;0
15.51;-0.00398830197150633;0.00258009408831727;0
15.52;-0.00396198410559909;0.0026947850695771;0
15.53;-0.00393452382511724;0.00280847114488109;0
15.54;-0.00390593132500072;0.00292111996273703;0
15.55;-0.00387621712206243;0.00303269953818302;0
15.56;-0.00384539205128254;0.00314317826174538;0
15.57;-0.00381346726201377;0.00325252490826851;0
15.58;-0.00378045421409892;0.00336070864561455;0
15.59;-0.00374636467390205;0.00346769904323006;0
15.6;-0.00371121071025459;0.0035734660805778;0
15.61;-0.00367500469031775;0.00367798015543094;0
15.62;-0.00363775927536253;0.00378121209202775;0
15.63;-0.00359948741646901;0.00388313314908439;0
15.64;-0.00356020235014595;0.00398371502766366;0
15.65;-0.00351991759387247;0.00408292987889765;0
15.66;-0.00347864694156319;0.00418075031156226;0
15.67;-0.00343640445895819;0.00427714939950141;0
15.68;-0.00339320447893955;0.00437210068889917;0
15.69;-0.00334906159677574;0.00446557820539778;0
15.7;-0.0033039906652956;0.00455755646105969;0
15.71;-0.00325800678999338;0.00464801046117182;0
15.72;-0.00321112532406646;0.00473691571089037;0
15.73;-0.00316336186338736;0.0048242482217242;0
15.74;-0.00311473224141164;0.00490998451785546;0
15.75;-0.00306525252402329;0.00499410164229554;0
15.76;-0.0030149390043194;0.00507657716287502;0
15.77;-0.00296380819733558;0.00515738917806592;0
15.78;-0.00291187683471399;0.00523651632263493;0
15.79;-0.0028591618593156;0.00531393777312615;0
15.8;-0.00280568041977833;0.005389633253172;0
15.81;-0.00275144986502292;0.00546358303863102;0
15.82;-0.00269648773870822;0.00553576796255127;0
15.83;-0.00264081177363755;0.00560616941995824;0
15.84;-0.00258443988611808;0.00567476937246599;0
15.85;-0.00252739017027481;0.00574155035271059;0
15.86;-0.00246968089232108;0.00580649546860474;0
15.87;-0.00241133048478731;0.00586958840741266;0
15.88;-0.00235235754070978;0.00593081343964425;0
15.89;-0.0022927808077814;0.0059901554227678;0
15.9;-0.00223261918246599;0.00604759980474032;0
15.91;-0.00217189170407825;0.00610313262735482;0
15.92;-0.00211061754883096;0.0061567405294038;0
15.93;-0.00204881602385148;0.00620841074965841;0
15.94;-0.00198650656116919;0.00625813112966253;0
15.95;-0.0019237087116759;0.00630589011634151;0
15.96;-0.00186044213906097;0.00635167676442481;0
15.97;-0.00179672661372305;0.00639548073868237;0
15.98;-0.0017325820066603;0.00643729231597424;0
15.99;-0.00166802828334095;0.00647710238711324;0
16;-0.00160308549755607;0.00651490245854029;0
16.01;-0.00153777378525647;0.00655068465381246;0
16.02;-0.00147211335837549;0.00658444171490333;0
16.03;-0.00140612449863971;0.00661616700331586;0
16.04;-0.0013398275513693;0.00664585450100753;0
16.05;-0.00127324291927005;0.00667349881112801;0
16.06;-0.00120639105621876;0.00669909515856925;0
16.07;-0.00113929246104408;0.00672263939032834;0
16.08;-0.00107196767130449;0.00674412797568319;0
16.09;-0.00100443725706538;0.00676355800618143;0
16.1;-0.000936721814677101;0.00678092719544276;0
16.11;-0.000868841960555834;0.00679623387877518;0
16.12;-0.000800818324969083;0.00680947701260553;0
16.13;-0.000732671545827749;0.0068206561737248;0
16.14;-0.000664422262486563;0.00682977155834883;0
16.15;-0.000596091109554736;0.00683682398099484;0
16.16;-0.000527698710718679;0.00684181487317467;0
16.17;-0.000459265672578608;0.00684474628190525;0
16.18;-0.000390812578500864;0.00684562086803709;0
16.19;-0.000322359982487764;0.00684444190440176;0
16.2;-0.000253928403066793;0.00684121327377898;0
16.21;-0.00018553831720093;0.00683593946668441;0
16.22;-0.000117210154221893;0.00682862557897913;0
16.23;-4.89642897881037e-05;0.00681927730930163;0
16.24;1.91789601308901e-05;0.0068079009563237;0
16.25;8.719934524175e-05;0.006794503415831;0
16.26;0.000155076686884711;0.00677909217762979;0
16.27;0.00022279088395923;0.00676167532228082;0
16.28;0.000290321918816207;0.00674226151766181;0
16.29;0.000357649863115053;0.00672086001535974;0
16.3;0.000424754883643936;0.0066974806468944;0
16.31;0.00049161724810149;0.00667213381977458;0
16.32;0.000558217330838355;0.00664483051338836;0
16.33;0.000624535618556869;0.00661558227472905;0
16.34;0.000690552715967287;0.00658440121395837;0
16.35;0.000756249351398907;0.00655129999980833;0
16.36;0.000821606382364496;0.00651629185482374;0
16.37;0.000886604801076425;0.0064793905504467;0
16.38;0.000951225739912952;0.00644061040194517;0
16.39;0.00101545047683309;0.00639996626318709;0
16.4;0.00107926044073852;0.00635747352126218;0
16.41;0.00114263721678108;0.00631314809095299;0
16.42;0.00120556255161423;0.00626700640905741;0
16.43;0.00126801835858714;0.00621906542856435;0
16.44;0.00132998672287984;0.00616934261268477;0
16.45;0.0013914499065781;0.00611785592873999;0
16.46;0.00145239035368643;0.00606462384190938;0
16.47;0.00151279069507812;0.00600966530883962;0
16.48;0.00157263375338056;0.00595299977111753;0
16.49;0.00163190254779482;0.00589464714860879;0
16.5;0.00169058029884798;0.00583462783266483;0
16.51;0.00174865043307692;0.00577296267919989;0
16.52;0.00180609658764236;0.00570967300164084;0
16.53;0.00186290261487174;0.00564478056375197;0
16.54;0.00191905258672993;0.00557830757233707;0
16.55;0.00197453079921629;0.00551027666982126;0
16.56;0.00202932177668706;0.00544071092671501;0
16.57;0.00208341027610192;0.00536963383396278;0
16.58;0.00213678129119346;0.00529706929517877;0
16.59;0.00218942005655852;0.00522304161877232;0
16.6;0.00224131205167032;0.00514757550996548;0
16.61;0.00229244300481029;0.00507069606270541;0
16.62;0.00234279889691852;0.00499242875147408;0
16.63;0.00239236596536193;0.00491279942299804;0
16.64;0.00244113070761898;0.00483183428786082;0
16.65;0.00248907988488022;0.00474955991202065;0
16.66;0.00253620052556349;0.00466600320823634;0
16.67;0.002582479928743;0.00458119142740376;0
16.68;0.00262790566749144;0.00449515214980606;0
16.69;0.00267246559213413;0.00440791327627999;0
16.7;0.00271614783341452;0.00431950301930147;0
16.71;0.00275894080557019;0.00422994989399297;0
16.72;0.00280083320931854;0.00413928270905566;0
16.73;0.00284181403475154;0.00404753055762914;0
16.74;0.00288187256413872;0.0039547228080816;0
16.75;0.00292099837463773;0.00386088909473332;0
16.76;0.00295918134091193;0.00376605930851641;0
16.77;0.00299641163765422;0.00367026358757361;0
16.78;0.00303267974201663;0.00357353230779924;0
16.79;0.00306797643594509;0.00347589607332508;0
16.8;0.00310229280841876;0.00337738570695416;0
16.81;0.00313562025759356;0.00327803224054555;0
16.82;0.00316795049284923;0.00317786690535284;0
16.83;0.00319927553673971;0.00307692112231966;0
16.84;0.00322958772684617;0.0029752264923348;0
16.85;0.00325887971753249;0.00287281478645034;0
16.86;0.00328714448160272;0.00276971793606542;0
16.87;0.00331437531186033;0.00266596802307893;0
16.88;0.00334056582256872;0.00256159727001394;0
16.89;0.00336570995081295;0.00245663803011698;0
16.9;0.00338980195776236;0.00235112277743515;0
16.91;0.00341283642983381;0.00224508409687406;0
16.92;0.00343480827975551;0.00213855467423965;0
16.93;0.00345571274753114;0.00203156728626683;0
16.94;0.00347554540130422;0.00192415479063807;0
16.95;0.00349430213812265;0.00181635011599483;0
16.96;0.00351197918460336;0.00170818625194488;0
16.97;0.00352857309749695;0.00159969623906857;0
16.98;0.0035440807641525;0.00149091315892693;0
16.99;0.0035584994028824;0.00138187012407473;0
17;0.00357182656322738;0.00127260026808136;0
17.01;0.0035840601261218;0.00116313673556254;0
17.02;0.00359519830395929;0.00105351267222598;0
17.03;0.00360523964055894;0.00094376121493364;0
17.04;0.00361418301103221;0.000833915481783847;0
17.05;0.0036220276215507;0.000724008562216054;0
17.06;0.00362877300901521;0.000614073507141177;0
17.07;0.00363441904062603;0.000504143319100458;0
17.08;0.00363896591335519;0.000394250942455739;0
17.09;0.00364241415332056;0.000284429253614035;0
17.1;0.00364476461506248;0.000174711051289279;0
17.11;0.00364601848072316;6.51290468040913e-05;0
17.12;0.00364617725912928;-4.42841455655855e-05;0
17.13;0.00364524278477821;-0.000153496018200167;0
17.14;0.00364321721672844;-0.000262474179697618;0
17.15;0.00364010303739451;-0.000371186364383377;0
17.16;0.00363590305124714;-0.000479600441766249;0
17.17;0.00363062038341911;-0.000587684425937516;0
17.18;0.00362425847821729;-0.000695406484910562;0
17.19;0.00361682109754165;-0.000802734949898305;0
17.2;0.00360831231921176;-0.000909638324525761;0
17.21;0.00359873653520143;-0.00101608529397509;0
17.22;0.0035880984497823;-0.00112204473406051;0
17.23;0.00357640307757686;-0.00122748572023047;0
17.24;0.00356365574152195;-0.00133237753649447;0
17.25;0.00354986207074323;-0.00143668968427211;0
17.26;0.00353502799834158;-0.00154039189116166;0
17.27;0.00351915975909212;-0.0016434541196258;0
17.28;0.0035022638870568;-0.00174584657559207;0
17.29;0.0034843472131114;-0.00184753971696549;0
17.3;0.00346541686238777;-0.00194850426205106;0
17.31;0.00344548025163223;-0.0020487111978837;0
17.32;0.00342454508648118;-0.00214813178846335;0
17.33;0.00340261935865474;-0.00224673758289287;0
17.34;0.00337971134306942;-0.00234450042341647;0
17.35;0.00335582959487099;-0.00244139245335655;0
17.36;0.00333098294638828;-0.00253738612494648;0
17.37;0.00330518050400925;-0.00263245420705751;0
17.38;0.00327843164498024;-0.00272656979281732;0
17.39;0.00325074601412953;-0.0028197063071184;0
17.4;0.0032221335205163;-0.00291183751401398;0
17.41;0.00319260433400614;-0.00300293752399966;0
17.42;0.00316216888177436;-0.0030929808011786;0
17.43;0.00313083784473803;-0.00318194217030848;0
17.44;0.00309862215391818;-0.00326979682372819;0
17.45;0.0030655329867333;-0.00335652032816242;0
17.46;0.0030315817632253;-0.00344208863140233;0
17.47;0.00299678014221921;-0.00352647806886057;0
17.48;0.00296114001741799;-0.00360966536999876;0
17.49;0.00292467351343354;-0.00369162766462585;0
17.5;0.0028873929817554;-0.00377234248906565;0
17.51;0.00284931099665833;-0.00385178779219185;0
17.52;0.00281044035105011;-0.00392994194132906;0
17.53;0.00277079405226103;-0.00400678372801828;0
17.54;0.00273038531777623;-0.00408229237364521;0
17.55;0.00268922757091248;-0.00415644753493015;0
17.56;0.00264733443644061;-0.00422922930927791;0
17.57;0.00260471973615512;-0.00430061823998638;0
17.58;0.00256139748439235;-0.0043705953213126;0
17.59;0.00251738188349859;-0.00443914200339486;0
17.6;0.00247268731924967;-0.00450624019702969;0
17.61;0.00242732835622341;-0.00457187227830257;0
17.62;0.00238131973312645;-0.00463602109307124;0
17.63;0.00233467635807687;-0.00469866996130041;0
17.64;0.0022874133038442;-0.00475980268124697;0
17.65;0.00223954580304817;-0.00481940353349459;0
17.66;0.0021910892433179;-0.00487745728483683;0
17.67;0.00214205916241282;-0.00493394919200782;0
17.68;0.00209247124330711;-0.00498886500525964;0
17.69;0.00204234130923894;-0.00504219097178567;0
17.7;0.00199168531872622;-0.00509391383898905;0
17.71;0.00194051936055041;-0.00514402085759556;0
17.72;0.00188885964870981;-0.00519249978461035;0
17.73;0.00183672251734407;-0.00523933888611775;0
17.74;0.00178412441563134;-0.00528452693992371;0
17.75;0.00173108190265979;-0.00532805323804027;0
17.76;0.00167761164227493;-0.00536990758901167;0
17.77;0.00162373039790439;-0.00541008032008158;0
17.78;0.00156945502736177;-0.00544856227920112;0
17.79;0.00151480247763112;-0.0054853448368774;0
17.8;0.00145978977963366;-0.00552041988786217;0
17.81;0.00140443404297828;-0.00555377985268047;0
17.82;0.00134875245069757;-0.00558541767899899;0
17.83;0.00129276225397079;-0.00561532684283415;0
17.84;0.00123648076683556;-0.00564350134959963;0
17.85;0.00117992536088974;-0.00566993573499347;0
17.86;0.0011231134599852;-0.00569462506572469;0
17.87;0.00106606253491502;-0.00571756494007941;0
17.88;0.00100879009809577;-0.00573875148832674;0
17.89;0.00095131369824643;-0.0057581813729645;0
17.9;0.000893650915065593;-0.00577585178880487;0
17.91;0.000835819353908523;-0.00579176046290045;0
17.92;0.000777836640465666;-0.00580590565431088;0
17.93;0.00071972041544422;-0.00581828615371028;0
17.94;0.000661488329254335;-0.00582890128283618;0
17.95;0.000603158036701542;-0.00583775089378004;0
17.96;0.000544747191686986;-0.00584483536812013;0
17.97;0.000486273441917042;-0.00585015561589713;0
17.98;0.000427754423623869;-0.00585371307443306;0
17.99;0.000369207756298492;-0.00585550970699421;0
18;0.000310651037437944;-0.00585554800129874;0
18.01;0.000252101837308032;-0.00585383096786957;0
18.02;0.000193577693723268;-0.00585036213823341;0
18.03;0.000135096106845499;-0.00584514556296672;0
18.04;7.66745340027583e-05;-0.00583818580958948;0
18.05;1.8330384529872e-05;-0.00582948796030749;0
18.06;-3.99189853676923e-05;-0.0058190576096044;0
18.07;-9.80562777252165e-05;-0.00580690086168429;0
18.08;-0.000156064257903882;-0.00579302432776577;0
18.09;-0.000213925759648196;-0.00577743512322885;0
18.1;-0.000271623690114231;-0.00576014086461554;0
18.11;-0.000329141034867211;-0.00574114966648536;0
18.12;-0.000386460862847009;-0.00572047013812701;0
18.13;-0.000443566331300114;-0.00569811138012735;0
18.14;-0.000500440690676658;-0.00567408298079906;0
18.15;-0.000557067289491078;-0.00564839501246814;0
18.16;-0.000613429579145036;-0.00562105802762284;0
18.17;-0.000669511118711204;-0.00559208305492514;0
18.18;-0.000725295579676555;-0.00556148159508644;0
18.19;-0.000780766750643802;-0.00552926561660881;0
18.2;-0.000835908541989653;-0.00549544755139329;0
18.21;-0.000890704990478554;-0.00546004029021692;0
18.22;-0.000945140263830614;-0.00542305717807989;0
18.23;-0.000999198665242433;-0.00538451200942462;0
18.24;-0.00105286463785954;-0.00534441902322824;0
18.25;-0.00110612276919921;-0.00530279289797035;0
18.26;-0.00115895779552236;-0.00525964874647759;0
18.27;-0.0012113546061534;-0.00521500211064695;0
18.28;-0.00126329824774676;-0.00516886895604946;0
18.29;-0.00131477392849887;-0.00512126566641621;0
18.3;-0.00136576702230457;-0.00507220903800846;0
18.31;-0.00141626307285663;-0.00502171627387379;0
18.32;-0.00146624779768736;-0.00496980497799018;0
18.33;-0.00151570709215115;-0.00491649314929996;0
18.34;-0.00156462703334688;-0.00486179917563562;0
18.35;-0.00161299388397909;-0.00480574182753951;0
18.36;-0.00166079409615689;-0.00474834025197939;0
18.37;-0.00170801431512954;-0.004689613965962;0
18.38;-0.00175464138295777;-0.00462958285004664;0
18.39;-0.0018006623421197;-0.00456826714176098;0
18.4;-0.0018460644390506;-0.00450568742892106;0
18.41;-0.00189083512761533;-0.00444186464285793;0
18.42;-0.0019349620725127;-0.00437682005155282;0
18.43;-0.00197843315261073;-0.00431057525268328;0
18.44;-0.00202123646421201;-0.00424315216658237;0
18.45;-0.00206336032424825;-0.00417457302911333;0
18.46;-0.00210479327340324;-0.00410486038446181;0
18.47;-0.00214552407916332;-0.00403403707784813;0
18.48;-0.00218554173879465;-0.0039621262481618;0
18.49;-0.00222483548224649;-0.00388915132052066;0
18.5;-0.00226339477497971;-0.00381513599875706;0
18.51;-0.00230120932071988;-0.00374010425783334;0
18.52;-0.00233826906413418;-0.00366408033618911;0
18.53;-0.00237456419343151;-0.00358708872802269;0
18.54;-0.00241008514288506;-0.00350915417550918;0
18.55;-0.00244482259527691;-0.00343030166095747;0
18.56;-0.00247876748426379;-0.00335055639890891;0
18.57;-0.00251191099666367;-0.0032699438281798;0
18.58;-0.00254424457466251;-0.00318848960385041;0
18.59;-0.00257575991794064;-0.00310621958920288;0
18.6;-0.00260644898571836;-0.00302315984761064;0
18.61;-0.00263630399872012;-0.00293933663438174;0
18.62;-0.00266531744105707;-0.00285477638855865;0
18.63;-0.00269348206202731;-0.00276950572467712;0
18.64;-0.00272079087783358;-0.00268355142448658;0
18.65;-0.00274723717321807;-0.00259694042863465;0
18.66;-0.0027728145030138;-0.00250969982831829;0
18.67;-0.00279751669361245;-0.00242185685690418;0
18.68;-0.00282133784434824;-0.00233343888152092;0
18.69;-0.00284427232879762;-0.00224447339462551;0
18.7;-0.00286631479599453;-0.00215498800554687;0
18.71;-0.00288746017156096;-0.00206501043200868;0
18.72;-0.00290770365875273;-0.00197456849163453;0
18.73;-0.00292704073942014;-0.00188369009343752;0
18.74;-0.00294546717488358;-0.00179240322929718;0
18.75;-0.00296297900672377;-0.00170073596542623;0
18.76;-0.00297957255748668;-0.00160871643382964;0
18.77;-0.00299524443130296;-0.00151637282375872;0
18.78;-0.00300999151442202;-0.0014237333731627;0
18.79;-0.00302381097566043;-0.00133082636014042;0
18.8;-0.00303670026676506;-0.00123768009439463;0
18.81;-0.0030486571226906;-0.00114432290869162;0
18.82;-0.00305967956179185;-0.00105078315032846;0
18.83;-0.00306976588593065;-0.000957089172610668;0
18.84;-0.00307891468049762;-0.00086326932634268;0
18.85;-0.00308712481434899;-0.000769351951333685;0
18.86;-0.00309439543965842;-0.000675365367921376;0
18.87;-0.00310072599168424;-0.000581337868516097;0
18.88;-0.00310611618845222;-0.000487297709167889;0
18.89;-0.0031105660303541;-0.000393273101158939;0
18.9;-0.00311407579966216;-0.000299292202623891;0
18.91;-0.00311664605996019;-0.000205383110200493;0
18.92;-0.00311827765549103;-0.000111573850713028;0
18.93;-0.00311897171042116;-1.7892372890968e-05;0
18.94;-0.00311872962802261;7.56334608747351e-05;0
18.95;-0.00311755308977263;0.000168975882735304;0
18.96;-0.00311544405437151;0.000262107227545352;0
18.97;-0.003112404756679;0.00035499994097929;0
18.98;-0.00310843770656971;0.000447626587600561;0
18.99;-0.00310354568770813;0.000539959858881367;0
19;-0.00309773175624365;0.000631972581170577;0
19.01;-0.00309099923942612;0.000723637723607498;0
19.02;-0.00308335173414251;0.000814928405979258;0
19.03;-0.00307479310537536;0.000905817906519513;0
19.04;-0.00306532748458337;0.000996279669646257;0
19.05;-0.00305495926800501;0.00108628731363653;0
19.06;-0.00304369311488563;0.00117581463823579;0
19.07;-0.00303153394562876;0.00126483563219987;0
19.08;-0.00301848693987235;0.00135332448076722;0
19.09;-0.00300455753449055;0.0014412555730595;0
19.1;-0.00298975142152186;0.0015286035094083;0
19.11;-0.00297407454602437;0.00161534310860595;0
19.12;-0.00295753310385875;0.00170144941507839;0
19.13;-0.00294013353939996;0.00178689770597807;0
19.14;-0.0029218825431784;0.0018716634981949;0
19.15;-0.00290278704945121;0.00195572255528332;0
19.16;-0.00288285423370487;0.00203905089430346;0
19.17;-0.00286209151008959;0.00212162479257459;0
19.18;-0.0028405065287867;0.00220342079433896;0
19.19;-0.00281810717330979;0.00228441571733415;0
19.2;-0.00279490155774045;0.00236458665927213;0
19.21;-0.00277089802389981;0.0024439110042233;0
19.22;-0.0027461051384565;0.0025223664289037;0
19.23;-0.00272053168997232;0.00259993090886366;0
19.24;-0.00269418668588641;0.00267658272457629;0
19.25;-0.00266707934943894;0.00275230046742406;0
19.26;-0.00263921911653554;0.00282706304558191;0
19.27;-0.00261061563255322;0.00290084968979529;0
19.28;-0.0025812787490891;0.00297363995905156;0
19.29;-0.00255121852065284;0.00304541374614326;0
19.3;-0.00252044520130396;0.00311615128312177;0
19.31;-0.00248896924123513;0.00318583314663987;0
19.32;-0.00245680128330251;0.00325444026318184;0
19.33;-0.00242395215950434;0.00332195391417969;0
19.34;-0.00239043288740882;0.00338835574101426;0
19.35;-0.0023562546665326;0.00345362774989969;0
19.36;-0.00232142887467086;0.00351775231665031;0
19.37;-0.00228596706418031;0.00358071219132838;0
19.38;-0.00224988095821623;0.00364249050277177;0
19.39;-0.0022131824469248;0.00370307076300028;0
19.4;-0.00217588358359186;0.00376243687149949;0
19.41;-0.00213799658074948;0.00382057311938117;0
19.42;-0.00209953380624141;0.0038774641934191;0
19.43;-0.00206050777924876;0.00393309517995932;0
19.44;-0.00202093116627715;0.00398745156870397;0
19.45;-0.00198081677710656;0.00404051925636766;0
19.46;-0.00194017756070528;0.00409228455020552;0
19.47;-0.00189902660110906;0.00414273417141221;0
19.48;-0.00185737711326692;0.00419185525839092;0
19.49;-0.00181524243885479;0.00423963536989175;0
19.5;-0.00177263604205847;0.00428606248801865;0
19.51;-0.00172957150532698;0.00433112502110431;0
19.52;-0.00168606252509788;0.00437481180645234;0
19.53;-0.00164212290749565;0.00441711211294616;0
19.54;-0.00159776656400469;0.00445801564352398;0
19.55;-0.00155300750711813;0.00449751253751951;0
19.56;-0.0015078598459638;0.00453559337286772;0
19.57;-0.00146233778190881;0.00457224916817546;0
19.58;-0.00141645560414402;0.00460747138465628;0
19.59;-0.00137022768524975;0.00464125192792941;0
19.6;-0.00132366847674415;0.00467358314968228;0
19.61;-0.0012767925046155;0.00470445784919657;0
19.62;-0.00122961436483996;0.00473386927473742;0
19.63;-0.00118214871888592;0.00476181112480571;0
19.64;-0.00113441028920657;0.00478827754925316;0
19.65;-0.00108641385472183;0.00481326315026025;0
19.66;-0.00103817424629123;0.0048367629831769;0
19.67;-0.000989706342178851;0.0048587725572258;0
19.68;-0.000941025063512011;0.00487928783606855;0
19.69;-0.000892145369734796;0.00489830523823451;0
19.7;-0.000843082254057963;0.00491582163741265;0
19.71;-0.000793850738906539;0.00493183436260644;0
19.72;-0.000744465871366476;0.00494634119815195;0
19.73;-0.000694942718631748;0.00495934038359943;0
19.74;-0.000645296363453241;0.00497083061345872;0
19.75;-0.000595541899590806;0.00498081103680862;0
19.76;-0.000545694427269823;0.0049892812567707;0
19.77;-0.000495769048643637;0.00499624132984796;0
19.78;-0.000445780863263221;0.00500169176512864;0
19.79;-0.000395744963555391;0.00500563352335579;0
19.8;-0.000345676430310945;0.00500806801586302;0
19.81;-0.000295590328184034;0.00500899710337703;0
19.82;-0.000245501701204104;0.00500842309468751;0
19.83;-0.000195425568301741;0.00500634874518491;0
19.84;-0.000145376918849727;0.005002777255267;0
19.85;-9.53707082206143e-05;0.00499771226861464;0
19.86;-4.54218533621322e-05;0.00499115787033773;0
19.87;4.45477160828288e-06;0.00498311858499197;0
19.88;5.42443397885507e-05;0.00497359937446731;0
19.89;0.000103932075855319;0.00496260563574895;0
19.9;0.000153503260404374;0.00495014319855173;0
19.91;0.00020294323426683;0.00493621832282893;0
19.92;0.000252237402799846;0.00492083769615631;0
19.93;0.000301371240150621;0.00490400843099252;0
19.94;0.000350330293492446;0.00488573806181682;0
19.95;0.000399100187231581;0.00486603454214524;0
19.96;0.000447666627183751;0.00484490624142621;0
19.97;0.000496015404719067;0.00482236194181694;0
19.98;0.000544132400874166;0.00479841083484151;0
19.99;0.000592003590430413;0.00477306251793208;0
20;0.000639615045956994;0.00474632699085432;0
