0;0.436184955731448;0.413314753309446;0
0.01;0.440255844554316;0.399461499346042;0
0.02;0.444187765559202;0.385512311771912;0
0.03;0.447979778951281;0.371471536880463;0
0.04;0.451630988489695;0.357343540949525;0
0.05;0.455140541681361;0.343132708898158;0
0.06;0.458507629961326;0.328843442940193;0
0.07;0.461731488859642;0.314480161234898;0
0.08;0.464811398154742;0.300047296535181;0
0.09;0.467746682013286;0.285549294833747;0
0.1;0.470536709116458;0.270990614007609;0
0.11;0.473180892772706;0.256375722461365;0
0.12;0.47567869101691;0.24170909776966;0
0.13;0.478029606695971;0.226995225319219;0
0.14;0.48023318754082;0.212238596950882;0
0.15;0.482289026224852;0.197443709602035;0
0.16;0.484196760408783;0.182615063949845;0
0.17;0.485956072771948;0.167757163055711;0
0.18;0.487566691030049;0.152874511011321;0
0.19;0.489028387939369;0.137971611586739;0
0.2;0.490340981287488;0.1230529668809;0
0.21;0.491504333870501;0.108123075974932;0
0.22;0.492518353456799;0.0931864335886989;0
0.23;0.493382992737418;0.0782475287409532;0
0.24;0.494098249263017;0.063310843413505;0
0.25;0.494664165367511;0.0483808512197957;0
0.26;0.495080828078414;0.0334620160782672;0
0.27;0.49534836901394;0.0185587908909183;0
0.28;0.49546696426691;0.00367561622743438;0
0.29;0.495436834275529;-0.0111830809847251;0
0.3;0.495258243681094;-0.0260128887638976;0
0.31;0.494931501172694;-0.040809411371069;0
0.32;0.494456959318973;-0.0555682705996259;0
0.33;0.49383501438703;-0.0702851070576375;0
0.34;0.493066106148531;-0.084955581442292;0
0.35;0.49215071767311;-0.0995753758061221;0
0.36;0.491089375109153;-0.114140194814652;0
0.37;0.48988264745204;-0.128645766995105;0
0.38;0.48853114629994;-0.143087845975812;0
0.39;0.487035525597263;-0.157462211715963;0
0.4;0.485396481365849;-0.17176467172536;0
0.41;0.483614751424016;-0.185991062273804;0
0.42;0.481691115093552;-0.20013724958979;0
0.43;0.479626392894777;-0.21419913104816;0
0.44;0.477421446229778;-0.228172636346376;0
0.45;0.475077177053929;-0.242053728669088;0
0.46;0.472594527535826;-0.25583840584065;0
0.47;0.469974479705746;-0.269522701465289;0
0.48;0.467218055092768;-0.283102686054577;0
0.49;0.464326314350668;-0.296574468141899;0
0.5;0.461300356872739;-0.309934195383624;0
0.51;0.458141320395656;-0.323178055646639;0
0.52;0.454850380592525;-0.336302278081969;0
0.53;0.451428750655263;-0.349303134184175;0
0.54;0.44787768086645;-0.362176938836237;0
0.55;0.444198458160799;-0.37492005133964;0
0.56;0.440392405676385;-0.387528876429366;0
0.57;0.436460882295804;-0.399999865273528;0
0.58;0.4324052821774;-0.41232951645737;0
0.59;0.428227034276721;-0.424514376951355;0
0.6;0.423927601858372;-0.436551043063089;0
0.61;0.419508481998423;-0.448436161372821;0
0.62;0.414971205077528;-0.460166429652262;0
0.63;0.410317334264942;-0.471738597766482;0
0.64;0.405548464993589;-0.48314946855864;0
0.65;0.400666224426368;-0.494395898717315;0
0.66;0.395672270913856;-0.505474799626203;0
0.67;0.390568293443602;-0.516383138195959;0
0.68;0.385356011081176;-0.527117937677968;0
0.69;0.380037172403174;-0.537676278459819;0
0.7;0.374613554922338;-0.548055298842298;0
0.71;0.369086964504997;-0.558252195797674;0
0.72;0.363459234781013;-0.568264225709103;0
0.73;0.357732226546411;-0.578088705090945;0
0.74;0.351907827158898;-0.587723011289822;0
0.75;0.345987949926455;-0.597164583166236;0
0.76;0.339974533489208;-0.606410921756576;0
0.77;0.333869541194755;-0.615459590915348;0
0.78;0.327674960467176;-0.62430821793747;0
0.79;0.321392802169897;-0.632954494160485;0
0.8;0.315025099962628;-0.641396175546538;0
0.81;0.308573909652576;-0.64963108324398;0
0.82;0.302041308540132;-0.657657104128468;0
0.83;0.295429394759231;-0.665472191323435;0
0.84;0.288740286612618;-0.673074364699804;0
0.85;0.281976121902194;-0.680461711354833;0
0.86;0.275139057254679;-0.687632386069992;0
0.87;0.268231267442786;-0.694584611747756;0
0.88;0.261254944702121;-0.701316679827233;0
0.89;0.254212298044026;-0.707826950678533;0
0.9;0.247105552564574;-0.71411385397579;0
0.91;0.239936948749926;-0.720175889048776;0
0.92;0.232708741778274;-0.726011625213029;0
0.93;0.225423200818576;-0.73161970207843;0
0.94;0.218082608326302;-0.736998829836183;0
0.95;0.21068925933641;-0.742147789524144;0
0.96;0.203245460753766;-0.747065433270452;0
0.97;0.195753530641223;-0.751750684515441;0
0.98;0.188215797505582;-0.756202538211781;0
0.99;0.180634599581648;-0.760420061002851;0
1;0.173012284114596;-0.764402391379306;0
1.01;0.165351206640883;-0.768148739813845;0
1.02;0.157653730267892;-0.771658388874164;0
1.03;0.149922224952557;-0.774930693314106;0
1.04;0.142159066779174;-0.777965080143022;0
1.05;0.134366637236613;-0.78076104867334;0
1.06;0.126547322495148;-0.783318170546389;0
1.07;0.11870351268314;-0.785636089736497;0
1.08;0.11083760116376;-0.787714522533395;0
1.09;0.102951983812001;-0.789553257502975;0
1.1;0.0950490582921664;-0.791152155426453;0
1.11;0.0871312233360747;-0.792511149217984;0
1.12;0.079200878022176;-0.793630243820801;0
1.13;0.0712604210558091;-0.79450951608194;0
1.14;0.0633122500508055;-0.795149114605624;0
1.15;0.0553587608126552;-0.795549259585389;0
1.16;0.0474023466234469;-0.795710242615044;0
1.17;0.0394453975287937;-0.795632426478545;0
1.18;0.0314902996269541;-0.7953162449189;0
1.19;0.023539434360358;-0.794762202386188;0
1.2;0.0155951778097467;-0.793970873764828;0
1.21;0.00765989999113242;-0.792942904080196;0
1.22;-0.000264035844215591;-0.791679008184722;0
1.23;-0.00817427390655394;-0.790179970423598;0
1.24;-0.0160684665610139;-0.788446644280225;0
1.25;-0.0239442750173142;-0.786479952001549;0
1.26;-0.0317993700156366;-0.784280884203424;0
1.27;-0.0396314325084668;-0.781850499456161;0
1.28;-0.0474381543382013;-0.779189923850422;0
1.29;-0.0552172389103257;-0.776300350543612;0
1.3;-0.06296640186197;-0.773183039286959;0
1.31;-0.0706833717256482;-0.769839315933431;0
1.32;-0.0783658905879915;-0.766270571926696;0
1.33;-0.0860117147432863;-0.762478263771288;0
1.34;-0.0936186153416307;-0.758463912484191;0
1.35;-0.101184379031523;-0.754229103028022;0
1.36;-0.1087068085967;-0.749775483726018;0
1.37;-0.116183723587047;-0.745104765659039;0
1.38;-0.12361296094339;-0.740218722044795;0
1.39;-0.130992375616012;-0.735119187599511;0
1.4;-0.138319841176698;-0.729808057882259;0
1.41;-0.145593250424151;-0.724287288622172;0
1.42;-0.152810515982603;-0.718558895028781;0
1.43;-0.159969570893454;-0.712624951085713;0
1.44;-0.167068369199774;-0.706487588827974;0
1.45;-0.174104886523508;-0.700148997603078;0
1.46;-0.181077120635213;-0.693611423316272;0
1.47;-0.187983092016183;-0.686877167660089;0
1.48;-0.194820844412799;-0.679948587328521;0
1.49;-0.201588445382951;-0.672828093216038;0
1.5;-0.208283986834385;-0.665518149601752;0
1.51;-0.214905585554821;-0.658021273318964;0
1.52;-0.221451383733709;-0.650340032910403;0
1.53;-0.227919549475466;-0.6424770477694;0
1.54;-0.234308277304072;-0.634434987267304;0
1.55;-0.240615788658868;-0.626216569867418;0
1.56;-0.246840332381443;-0.61782456222573;0
1.57;-0.252980185193467;-0.609261778278761;0
1.58;-0.259033652165344;-0.600531078318792;0
1.59;-0.264999067175563;-0.591635368056793;0
1.6;-0.270874793360622;-0.582577597673347;0
1.61;-0.276659223555414;-0.573360760857872;0
1.62;-0.282350780723948;-0.563987893836455;0
1.63;-0.287947918380299;-0.554462074388607;0
1.64;-0.293449120999679;-0.544786420853244;0
1.65;-0.298852904419518;-0.53496409112423;0
1.66;-0.304157816230461;-0.52499828163578;0
1.67;-0.309362436157163;-0.514892226338057;0
1.68;-0.314465376428807;-0.504649195663289;0
1.69;-0.319465282139238;-0.494272495482713;0
1.7;-0.324360831596629;-0.483765466054706;0
1.71;-0.329150736662583;-0.473131480964402;0
1.72;-0.333833743080602;-0.462373946055151;0
1.73;-0.338408630793831;-0.451496298352137;0
1.74;-0.342874214252004;-0.440502004978503;0
1.75;-0.347229342707521;-0.429394562064318;0
1.76;-0.351472900500584;-0.418177493648721;0
1.77;-0.355603807333318;-0.406854350575586;0
1.78;-0.359621018532832;-0.395428709383051;0
1.79;-0.363523525303139;-0.383904171187256;0
1.8;-0.367310354965895;-0.372284360560623;0
1.81;-0.370980571189894;-0.360572924405046;0
1.82;-0.374533274209277;-0.348773530820314;0
1.83;-0.377967601030397;-0.336889867968124;0
1.84;-0.381282725627317;-0.324925642932043;0
1.85;-0.384477859125881;-0.312884580573744;0
1.86;-0.387552249976337;-0.300770422385888;0
1.87;-0.390505184114474;-0.288586925341991;0
1.88;-0.393335985111245;-0.276337860743619;0
1.89;-0.396044014310849;-0.264027013065283;0
1.9;-0.398628670957257;-0.251658178797358;0
1.91;-0.40108939230916;-0.239235165287398;0
1.92;-0.403425653743316;-0.226761789580179;0
1.93;-0.405636968846306;-0.214241877256837;0
1.94;-0.407722889494664;-0.201679261273438;0
1.95;-0.409683005923405;-0.189077780799333;0
1.96;-0.411516946782929;-0.176441280055651;0
1.97;-0.413224379184313;-0.163773607154266;0
1.98;-0.414805008732995;-0.151078612937605;0
1.99;-0.416258579550867;-0.138360149819617;0
2;-0.417584874286778;-0.125622070628277;0
2.01;-0.418783714115469;-0.112868227449947;0
2.02;-0.419854958724972;-0.100102470475945;0
2.03;-0.420798506292469;-0.0873286468516699;0
2.04;-0.421614293448674;-0.0745505995286113;0
2.05;-0.42230229523073;-0.061772166119595;0
2.06;-0.422862525023694;-0.0489971777575924;0
2.07;-0.423295034490609;-0.0362294579584351;0
2.08;-0.423599913491232;-0.0234728214877676;0
2.09;-0.423777289989456;-0.0107310732325695;0
2.1;-0.423827329949455;0.00199199292242086;0
2.11;-0.423750237220628;0.0146925952130537;0
2.12;-0.423546253411384;0.0273669651085605;0
2.13;-0.423215657751816;0.0400113484184664;0
2.14;-0.422758766945344;0.0526220063933019;0
2.15;-0.422175935009374;0.0651952168187947;0
2.16;-0.421467553105048;0.0777272751032234;0
2.17;-0.42063404935615;0.0902144953576207;0
2.18;-0.419675888657246;0.102653211468513;0
2.19;-0.41859357247113;0.115039778162891;0
2.2;-0.417387638615658;0.127370572065095;0
2.21;-0.416058661040045;0.139641992745332;0
2.22;-0.414607249590725;0.151850463759504;0
2.23;-0.413034049766843;0.163992433680058;0
2.24;-0.411339742465489;0.176064377117573;0
2.25;-0.409525043716751;0.188062795732776;0
2.26;-0.407590704408697;0.199984219238722;0
2.27;-0.40553751000238;0.211825206392833;0
2.28;-0.403366280236966;0.223582345978527;0
2.29;-0.401077868825098;0.235252257776165;0
2.3;-0.398673163138596;0.246831593523032;0
2.31;-0.39615308388461;0.258317037862089;0
2.32;-0.393518584772335;0.269705309279236;0
2.33;-0.39077065217041;0.28099316102881;0
2.34;-0.387910304755107;0.29217738204708;0
2.35;-0.384938593149452;0.303254797853472;0
2.36;-0.381856599553381;0.314222271439274;0
2.37;-0.378665437365067;0.32507670414359;0
2.38;-0.375366250793554;0.335815036516285;0
2.39;-0.371960214462808;0.346434249167702;0
2.4;-0.36844853300734;0.356931363604899;0
2.41;-0.364832440659529;0.3673034430542;0
2.42;-0.361113200828775;0.377547593269822;0
2.43;-0.357292105672635;0.387660963328361;0
2.44;-0.353370475660077;0.397640746408931;0
2.45;-0.349349659126996;0.407484180558741;0
2.46;-0.345231031824143;0.417188549443907;0
2.47;-0.341015996457613;0.426751183085293;0
2.48;-0.336705982222041;0.436169458579201;0
2.49;-0.332302444326662;0.445440800802709;0
2.5;-0.327806863514383;0.454562683103463;0
2.51;-0.323220745574035;0.463532627973772;0
2.52;-0.318545620845949;0.472348207708798;0
2.53;-0.313783043721024;0.481007045048693;0
2.54;-0.30893459213345;0.48950681380451;0
2.55;-0.30400186704724;0.497845239467727;0
2.56;-0.298986491936742;0.506020099803234;0
2.57;-0.293890112261304;0.514029225425631;0
2.58;-0.288714394934237;0.521870500358693;0
2.59;-0.283461027786275;0.529541862577861;0
2.6;-0.278131719023677;0.537041304535633;0
2.61;-0.272728196681155;0.54436687366972;0
2.62;-0.267252208069799;0.551516672893841;0
2.63;-0.261705519220175;0.558488861071056;0
2.64;-0.256089914320762;0.565281653469502;0
2.65;-0.250407195151919;0.571893322200448;0
2.66;-0.244659180515546;0.578322196638549;0
2.67;-0.238847705660625;0.584566663824221;0
2.68;-0.232974621704819;0.59062516884803;0
2.69;-0.227041795052303;0.596496215217025;0
2.7;-0.221051106808023;0.602178365202932;0
2.71;-0.215004452188547;0.607670240172124;0
2.72;-0.208903739929696;0.612970520897325;0
2.73;-0.202750891691155;0.618077947850955;0
2.74;-0.196547841458215;0.622991321480089;0
2.75;-0.19029653494086;0.627709502462953;0
2.76;-0.18399892897037;0.632231411946934;0
2.77;-0.177656990893625;0.63655603176805;0
2.78;-0.171272697965302;0.640682404651853;0
2.79;-0.16484803673814;0.644609634395729;0
2.8;-0.158385002451472;0.648336886032586;0
2.81;-0.151885598418201;0.651863385975899;0
2.82;-0.145351835410411;0.655188422146107;0
2.83;-0.138785731043798;0.658311344078359;0
2.84;-0.132189309161102;0.661231563011597;0
2.85;-0.125564599214743;0.663948551959001;0
2.86;-0.118913635648825;0.666461845759785;0
2.87;-0.112238457280715;0.668771041112378;0
2.88;-0.105541106682366;0.670875796589001;0
2.89;-0.0988236295615845;0.672775832631672;0
2.9;-0.092088074143419;0.674470931529675;0
2.91;-0.0853364905518545;0.675960937378525;0
2.92;-0.0785709301920039;0.677245756020476;0
2.93;-0.0717934451329762;0.678325354966627;0
2.94;-0.0650060874916057;0.67919976330067;0
2.95;-0.0582109088172266;0.679869071564348;0
2.96;-0.0514099594776746;0.680333431624692;0
2.97;-0.0446052880466987;0.680593056523095;0
2.98;-0.0377989406929629;0.680648220306315;0
2.99;-0.0309929605708193;0.680499257839477;0
3;-0.0241893872130318;0.680146564601169;0
3.01;-0.0173902559256289;0.679590596460716;0
3.02;-0.0105975971850641;0.678831869437737;0
3.03;-0.00381343603785929;0.677870959444089;0
3.04;0.00296020849709165;0.676708502008288;0
3.05;0.00972132402338548;0.675345191982549;0
3.06;0.0164679053589646;0.673781783232536;0
3.07;0.0231979551247926;0.672019088309955;0
3.08;0.0299094843301784;0.670057978108128;0
3.09;0.0366005129545803;0.667899381500658;0
3.1;0.0432690705257216;0.665544284963344;0
3.11;0.0499131966938496;0.662993732179472;0
3.12;0.0565309418019738;0.660248823628642;0
3.13;0.0631203674519189;0.657310716159274;0
3.14;0.0696795470660294;0.654180622544948;0
3.15;0.0762065664443664;0.650859811024749;0
3.16;0.0826995243172357;0.647349604827769;0
3.17;0.0891565328928901;0.643651381681948;0
3.18;0.0955757184002514;0.639766573307421;0
3.19;0.101955221626495;0.635696664894545;0
3.2;0.10829319844935;0.631443194566808;0
3.21;0.114587820363954;0.627007752828776;0
3.22;0.120837275004131;0.622391981999306;0
3.23;0.127039766657926;0.617597575630187;0
3.24;0.133193516777265;0.612626277910429;0
3.25;0.1392967644816;0.607479883056394;0
3.26;0.14534776705538;0.602160234687983;0
3.27;0.151344800439233;0.596669225191082;0
3.28;0.157286159714703;0.591008795066484;0
3.29;0.163170159582427;0.585180932265517;0
3.3;0.168995134833595;0.579187671512574;0
3.31;0.174759440814589;0.573031093614803;0
3.32;0.180461453884658;0.566713324759159;0
3.33;0.186099571866503;0.560236535797065;0
3.34;0.191672214489665;0.55360294151691;0
3.35;0.197177823826568;0.546814799904637;0
3.36;0.202614864721131;0.539874411392637;0
3.37;0.207981825209811;0.532784118097226;0
3.38;0.213277216934961;0.525546303044927;0
3.39;0.218499575550422;0.51816338938782;0
3.4;0.223647461119199;0.510637839608219;0
3.41;0.228719458503149;0.502972154712917;0
3.42;0.233714177744564;0.495168873417274;0
3.43;0.238630254439548;0.487230571319401;0
3.44;0.24346635010309;0.479159860064712;0
3.45;0.248221152525748;0.470959386501095;0
3.46;0.252893376121831;0.462631831824999;0
3.47;0.257481762269019;0.454179910718674;0
3.48;0.261985079639298;0.445606370478876;0
3.49;0.266402124521161;0.436913990137272;0
3.5;0.270731721132964;0.428105579572863;0
3.51;0.274972721927379;0.419183978616672;0
3.52;0.279124007886858;0.410152056148997;0
3.53;0.283184488810037;0.401012709189511;0
3.54;0.287153103589011;0.391768861980486;0
3.55;0.291028820477405;0.382423465063434;0
3.56;0.294810637349194;0.37297949434945;0
3.57;0.298497581948192;0.363439950183554;0
3.58;0.302088712128156;0.353807856403307;0
3.59;0.30558311608346;0.344086259392014;0
3.6;0.30897991257027;0.334278227126782;0
3.61;0.312278251118179;0.324386848221756;0
3.62;0.315477312232259;0.314415230966806;0
3.63;0.318576307585476;0.304366502361962;0
3.64;0.321574480201427;0.294243807147913;0
3.65;0.324471104627378;0.284050306832847;0
3.66;0.327265487097539;0.273789178715932;0
3.67;0.329956965686576;0.263463614907757;0
3.68;0.332544910453301;0.253076821348;0
3.69;0.335028723574537;0.242632016820649;0
3.7;0.337407839469119;0.232132431967063;0
3.71;0.339681724912021;0.221581308297173;0
3.72;0.341849879138587;0.210981897199129;0
3.73;0.343911833938849;0.200337458947682;0
3.74;0.345867153741929;0.189651261711609;0
3.75;0.347715435690511;0.178926580560481;0
3.76;0.349456309705376;0.168166696471062;0
3.77;0.351089438540005;0.157374895333655;0
3.78;0.352614517825239;0.146554466958672;0
3.79;0.354031276104016;0.135708704083742;0
3.8;0.355339474856177;0.124840901381652;0
3.81;0.356538908513357;0.113954354469404;0
3.82;0.357629404463971;0.103052358918697;0
3.83;0.358610823048318;0.0921382092681236;0
3.84;0.35948305754381;0.0812151980373732;0
3.85;0.360246034140355;0.0702866147437342;0
3.86;0.360899711905916;0.0593557449211865;0
3.87;0.361444082742277;0.0484258691423749;0
3.88;0.361879171331038;0.0375002620437492;0
3.89;0.36220503506988;0.0265821913541605;0
3.9;0.362421763999129;0.0156749169271971;0
3.91;0.362529480718667;0.00478168977754359;0
3.92;0.362528340295217;-0.00609424887835311;0
3.93;0.362418530160068;-0.0169496685770328;0
3.94;0.362200269997259;-0.0277813505579062;0
3.95;0.361873811622299;-0.0385860887079991;0
3.96;0.361439438851459;-0.0493606905012812;0
3.97;0.360897467361694;-0.0601019779323076;0
3.98;0.360248244541261;-0.0708067884439035;0
3.99;0.359492149331079;-0.081471975848623;0
4;0.358629592056917;-0.0920944112437183;0
4.01;0.357661014252446;-0.102670983919354;0
4.02;0.356586888473254;-0.113198602259806;0
4.03;0.355407718101875;-0.123674194637393;0
4.04;0.354124037143911;-0.134094710298871;0
4.05;0.352736410015333;-0.14445712024406;0
4.06;0.351245431321017;-0.154758418096422;0
4.07;0.34965172562463;-0.16499562096538;0
4.08;0.347955947209914;-0.175165770300102;0
4.09;0.346158779833484;-0.185265932734527;0
4.1;0.344260936469204;-0.195293200923389;0
4.11;0.342263159044259;-0.205244694368998;0
4.12;0.340166218166986;-0.215117560238564;0
4.13;0.337970912846587;-0.224908974171813;0
4.14;0.335678070204806;-0.234616141078685;0
4.15;0.333288545179671;-0.244236295926883;0
4.16;0.330803220221414;-0.253766704519065;0
4.17;0.32822300498066;-0.263204664259451;0
4.18;0.325548835989005;-0.272547504909644;0
4.19;0.322781676332076;-0.281792589333445;0
4.2;0.319922515315203;-0.290937314230477;0
4.21;0.3169723681218;-0.299979110858396;0
4.22;0.313932275464577;-0.308915445743504;0
4.23;0.310803303229697;-0.317743821379568;0
4.24;0.307586542114005;-0.326461776914664;0
4.25;0.304283107255436;-0.335066888825837;0
4.26;0.300894137856733;-0.343556771581429;0
4.27;0.297420796802604;-0.35192907829087;0
4.28;0.29386427027043;-0.36018150134177;0
4.29;0.290225767334666;-0.368311773024147;0
4.3;0.286506519565051;-0.376317666141615;0
4.31;0.282707780618778;-0.384196994609383;0
4.32;0.278830825826728;-0.391947614038896;0
4.33;0.274876951773933;-0.399567422308979;0
4.34;0.270847475874376;-0.407054360123324;0
4.35;0.266743735940291;-0.414406411554186;0
4.36;0.262567089746074;-0.421621604572141;0
4.37;0.258318914586975;-0.428698011561775;0
4.38;0.254000606832685;-0.435633749823175;0
4.39;0.249613581475979;-0.442426982059093;0
4.4;0.245159271676549;-0.449075916847666;0
4.41;0.240639128300174;-0.45557880910056;0
4.42;0.236054619453384;-0.461933960506458;0
4.43;0.231407230013741;-0.468139719959744;0
4.44;0.226698461155912;-0.474194483974311;0
4.45;0.221929829873664;-0.480096697082381;0
4.46;0.217102868497945;-0.485844852218245;0
4.47;0.212219124211187;-0.491437491086835;0
4.48;0.207280158558003;-0.496873204517039;0
4.49;0.20228754695241;-0.502150632799693;0
4.5;0.197242878181744;-0.507268466010156;0
4.51;0.192147753907426;-0.512225444315409;0
4.52;0.187003788162712;-0.517020358265615;0
4.53;0.181812606847616;-0.521652049070073;0
4.54;0.176575847221128;-0.526119408857507;0
4.55;0.171295157390907;-0.530421380920652;0
4.56;0.165972195800601;-0.534556959945078;0
4.57;0.160608630714944;-0.538525192222217;0
4.58;0.155206139702798;-0.542325175846553;0
4.59;0.149766409118295;-0.545956060896943;0
4.6;0.144291133580233;-0.549417049602053;0
4.61;0.138782015449892;-0.552707396489861;0
4.62;0.133240764307431;-0.55582640852124;0
4.63;0.12766909642701;-0.55877344520759;0
4.64;0.122068734250819;-0.561547918712509;0
4.65;0.116441405862157;-0.564149293937518;0
4.66;0.110788844457721;-0.566577088591818;0
4.67;0.105112787819279;-0.568830873246105;0
4.68;0.0994149777848702;-0.570910271370445;0
4.69;0.0936971597196972;-0.572814959356224;0
4.7;0.0879610819868745;-0.574544666522202;0
4.71;0.0822084954181858;-0.576099175104685;0
4.72;0.0764411527850102;-0.577478320231857;0
4.73;0.0706608082695775;-0.578681989882295;0
4.74;0.0648692169367089;-0.579710124827719;0
4.75;0.0590681342062011;-0.580562718560012;0
4.76;0.0532593153260105;-0.581239817202561;0
4.77;0.0474445148463946;-0.581741519405975;0
4.78;0.0416254860951664;-0.582067976228238;0
4.79;0.035803980654217;-0.582219390999357;0
4.8;0.0299817478374611;-0.582196019170571;0
4.81;0.0241605341703596;-0.581998168148198;0
4.82;0.0183420828711731;-0.581626197112198;0
4.83;0.0125281333340975;-0.581080516819515;0
4.84;0.00672042061443486;-0.580361589392311;0
4.85;0.000920674915949623;-0.57946992809116;0
4.86;-0.00486937891944019;-0.578406097073297;0
4.87;-0.010648021919487;-0.577170711136039;0
4.88;-0.0164135414868057;-0.575764435445453;0
4.89;-0.0221642319012864;-0.574187985250403;0
4.9;-0.027898394819582;-0.572442125582068;0
4.91;-0.0336143397715264;-0.570527670939057;0
4.92;-0.0393103846533392;-0.56844548495824;0
4.93;-0.0449848562174748;-0.566196480071403;0
4.94;-0.0506360905589753;-0.563781617147885;0
4.95;-0.056262433598186;-0.561201905123291;0
4.96;-0.0618622415596973;-0.558458400614448;0
4.97;-0.0674338814473738;-0.555552207520721;0
4.98;-0.0729757315153359;-0.552484476611847;0
4.99;-0.0784861817347599;-0.549256405102426;0
5;-0.0839636342563628;-0.545869236213216;0
5.01;-0.0894065038684426;-0.5423242587194;0
5.02;-0.0948132184503415;-0.538622806485965;0
5.03;-0.100182219421207;-0.534766257990369;0
5.04;-0.105511962183921;-0.530756035832656;0
5.05;-0.110800916564079;-0.526593606233182;0
5.06;-0.116047567243883;-0.522280478518129;0
5.07;-0.121250414190844;-0.517818204592991;0
5.08;-0.126407973081163;-0.513208378404188;0
5.09;-0.131518775717671;-0.508452635389012;0
5.1;-0.13658137044222;-0.503552651914077;0
5.11;-0.141594322542413;-0.498510144702471;0
5.12;-0.146556214652545;-0.493326870249782;0
5.13;-0.151465647148661;-0.488004624229223;0
5.14;-0.156321238537616;-0.482545240886024;0
5.15;-0.161121625840032;-0.476950592421302;0
5.16;-0.165865464967046;-0.471222588365619;0
5.17;-0.170551431090747;-0.465363174942424;0
5.18;-0.175178219008206;-0.459374334421584;0
5.19;-0.179744543498993;-0.453258084463232;0
5.2;-0.184249139676093;-0.447016477452125;0
5.21;-0.188690763330123;-0.44065159982274;0
5.22;-0.19306819126676;-0.434165571375324;0
5.23;-0.197380221637286;-0.427560544583115;0
5.24;-0.20162567426217;-0.420838703890964;0
5.25;-0.205803390947595;-0.414002265005577;0
5.26;-0.209912235794858;-0.407053474177599;0
5.27;-0.213951095502543;-0.39999460747579;0
5.28;-0.217918879661412;-0.392827970053496;0
5.29;-0.221814521041921;-0.385555895407669;0
5.3;-0.225636975874293;-0.378180744630667;0
5.31;-0.229385224121083;-0.370704905655061;0
5.32;-0.233058269742157;-0.3631307924917;0
5.33;-0.236655140952017;-0.355460844461264;0
5.34;-0.240174890469424;-0.347697525419553;0
5.35;-0.243616595759237;-0.339843322976756;0
5.36;-0.246979359266423;-0.331900747710933;0
5.37;-0.250262308642179;-0.323872332375971;0
5.38;-0.2534645969621;-0.315760631104252;0
5.39;-0.256585402936366;-0.307568218604282;0
5.4;-0.259623931111866;-0.299297689353532;0
5.41;-0.262579412066246;-0.290951656786739;0
5.42;-0.265451102593808;-0.282532752479919;0
5.43;-0.268238285883239;-0.27404362533035;0
5.44;-0.270940271687118;-0.265486940732763;0
5.45;-0.273556396483171;-0.256865379752011;0
5.46;-0.276086023627237;-0.24818163829246;0
5.47;-0.278528543497914;-0.239438426264357;0
5.48;-0.280883373632856;-0.230638466747436;0
5.49;-0.283149958856696;-0.221784495152015;0
5.5;-0.285327771400565;-0.212879258377829;0
5.51;-0.287416311013198;-0.203925513970879;0
5.52;-0.289415105063593;-0.194926029278526;0
5.53;-0.291323708635219;-0.185883580603106;0
5.54;-0.29314170461175;-0.176800952354315;0
5.55;-0.294868703754322;-0.167680936200618;0
5.56;-0.296504344770299;-0.158526330219939;0
5.57;-0.298048294373545;-0.149339938049899;0
5.58;-0.299500247336194;-0.140124568037832;0
5.59;-0.300859926531924;-0.130883032390868;0
5.6;-0.302127082970731;-0.121618146326303;0
5.61;-0.303301495825209;-0.112332727222538;0
5.62;-0.304382972448343;-0.103029593770829;0
5.63;-0.305371348382824;-0.0937115651280924;0
5.64;-0.306266487361901;-0.0843814600710367;0
5.65;-0.307068281301772;-0.0750420961518572;0
5.66;-0.307776650285552;-0.0656962888557497;0
5.67;-0.308391542538817;-0.0563468507604918;0
5.68;-0.308912934396754;-0.04699659069834;0
5.69;-0.30934083026295;-0.0376483129204899;0
5.7;-0.309675262559824;-0.0283048162643464;0
5.71;-0.309916291670758;-0.018968893323847;0
5.72;-0.310064005873941;-0.00964332962308269;0
5.73;-0.31011852126796;-0.000330902793459146;0
5.74;-0.310079981689189;0.00896561824536285;0
5.75;-0.309948558620999;0.0182434741005074;0
5.76;-0.309724451094838;0.027499915716667;0
5.77;-0.309407885583221;0.036732205182394;0
5.78;-0.308999115884686;0.0459376165316655;0
5.79;-0.308498423000742;0.0551134365404901;0
5.8;-0.307906115004894;0.0642569655183256;0
5.81;-0.307222526903757;0.0733655180940808;0
5.82;-0.306448020490349;0.0824364239964723;0
5.83;-0.305582984189606;0.0914670288285155;0
5.84;-0.304627832896171;0.100454694835925;0
5.85;-0.303583007804534;0.109396801669205;0
5.86;-0.302448976231581;0.118290747139215;0
5.87;-0.30122623143161;0.127133947965991;0
5.88;-0.2999152924039;0.135923840520611;0
5.89;-0.298516703692888;0.144657881559898;0
5.9;-0.297031035181027;0.153333548953747;0
5.91;-0.295458881874417;0.161948342404871;0
5.92;-0.293800863681263;0.170499784160771;0
5.93;-0.292057625183252;0.178985419717721;0
5.94;-0.290229835399929;0.187402818516572;0
5.95;-0.28831818754615;0.195749574630188;0
5.96;-0.286323398782699;0.204023307442311;0
5.97;-0.284246209960159;0.212221662317675;0
5.98;-0.282087385356116;0.220342311263181;0
5.99;-0.279847712405798;0.228382953579948;0
6;-0.277528001426232;0.236341316506061;0
6.01;-0.275129085334016;0.244215155849841;0
6.02;-0.272651819356803;0.252002256613464;0
6.03;-0.270097080738593;0.259700433606753;0
6.04;-0.267465768438929;0.267307532050983;0
6.05;-0.264758802826103;0.27482142817253;0
6.06;-0.261977125364476;0.282240029786211;0
6.07;-0.259121698295999;0.289561276868144;0
6.08;-0.256193504316068;0.296783142117988;0
6.09;-0.253193546243793;0.303903631510408;0
6.1;-0.250122846686812;0.310920784835616;0
6.11;-0.246982447700738;0.317832676228846;0
6.12;-0.24377341044337;0.324637414688624;0
6.13;-0.24049681482377;0.331333144583699;0
6.14;-0.237153759146321;0.337918046148495;0
6.15;-0.233745359749883;0.344390335966966;0
6.16;-0.230272750642162;0.350748267444723;0
6.17;-0.226737083129417;0.356990131269304;0
6.18;-0.22313952544161;0.363114255858487;0
6.19;-0.219481262353127;0.369119007796517;0
6.2;-0.215763494799205;0.375002792258147;0
6.21;-0.211987439488153;0.380764053420374;0
6.22;-0.20815432850953;0.386401274861786;0
6.23;-0.204265408938374;0.391912979949403;0
6.24;-0.200321942435625;0.397297732212934;0
6.25;-0.196325204844858;0.402554135706346;0
6.26;-0.192276485785466;0.407680835356664;0
6.27;-0.188177088242398;0.412676517299922;0
6.28;-0.184028328152613;0.417539909204187;0
6.29;-0.17983153398835;0.422269780579565;0
6.3;-0.175588046337359;0.42686494307515;0
6.31;-0.171299217480229;0.431324250762817;0
6.32;-0.166966410964925;0.435646600407814;0
6.33;-0.162591001178689;0.439830931726096;0
6.34;-0.158174372917422;0.443876227628336;0
6.35;-0.153717920952691;0.447781514450571;0
6.36;-0.149223049596483;0.451545862171434;0
6.37;-0.144691172263853;0.455168384615931;0
6.38;-0.140123711033592;0.458648239645725;0
6.39;-0.135522096207056;0.461984629335889;0
6.4;-0.130887765865281;0.465176800138104;0
6.41;-0.12622216542454;0.468224043030277;0
6.42;-0.121526747190451;0.471125693652549;0
6.43;-0.116802969910796;0.473881132429688;0
6.44;-0.112052298327173;0.476489784679839;0
6.45;-0.107276202725623;0.478951120709634;0
6.46;-0.102476158486368;0.481264655895659;0
6.47;-0.0976536456327936;0.483429950752257;0
6.48;-0.0928101483798186;0.485446610985695;0
6.49;-0.08794715468178;0.48731428753469;0
6.5;-0.0830661557799777;0.489032676597299;0
6.51;-0.0781686457500091;0.490601519644204;0
6.52;-0.0732561210490339;0.492020603418402;0
6.53;-0.0683300800631016;0.493289759921318;0
6.54;-0.0633920226546798;0.494408866385384;0
6.55;-0.0584434497105172;0.495377845233103;0
6.56;-0.0534858626899766;0.496196664022632;0
6.57;-0.0485207631739723;0.49686533537994;0
6.58;-0.0435496524146471;0.497383916917561;0
6.59;-0.038574030885921;0.497752511140013;0
6.6;-0.0335953978350458;0.497971265335909;0
6.61;-0.0286152508352985;0.498040371456844;0
6.62;-0.0236350853399446;0.49796006598309;0
6.63;-0.0186563942376047;0.497730629776181;0
6.64;-0.0136806674091522;0.497352387918442;0
6.65;-0.00870939128627621;0.496825709539546;0
6.66;-0.00374404841183528;0.496151007630155;0
6.67;0.00121388299786623;0.495328738842746;0
6.68;0.00616292948875335;0.494359403279676;0
6.69;0.011101622802479;0.493243544268603;0
6.7;0.01602850030762;0.491981748125324;0
6.71;0.0209421054284458;0.490574643904137;0
6.72;0.0258409880711339;0.489022903135826;0
6.73;0.0307237050473109;0.487327239553356;0
6.74;0.0355888204947952;0.485488408805395;0
6.75;0.0404349062954202;0.483507208157758;0
6.76;0.0452605424898183;0.481384476182897;0
6.77;0.0500643176890465;0.479121092437532;0
6.78;0.0548448294829354;0.476717977128561;0
6.79;0.0596006848450445;0.474176090767351;0
6.8;0.064330500534109;0.471496433812546;0
6.81;0.0690329034918637;0.468680046301513;0
6.82;0.0737065312371301;0.465728007470556;0
6.83;0.0783500322560561;0.462641435364035;0
6.84;0.0829620663883971;0.459421486432521;0
6.85;0.0875413052097301;0.456069355120132;0
6.86;0.0920864324094926;0.452586273441185;0
6.87;0.0965961441647412;0.448973510546318;0
6.88;0.101069149509524;0.445232372278223;0
6.89;0.105504170699763;0.441364200717144;0
6.9;0.109899943573551;0.437370373716297;0
6.91;0.114255217906749;0.433252304427356;0
6.92;0.118568757763803;0.429011440816186;0
6.93;0.12283934184367;0.424649265168962;0
6.94;0.127065763820766;0.420167293588856;0
6.95;0.131246832680833;0.415567075483444;0
6.96;0.135381373051647;0.410850193043021;0
6.97;0.13946822552846;0.406018260709978;0
6.98;0.143506246994108;0.401072924639424;0
6.99;0.14749431093367;0.396015862151232;0
7;0.151431307743629;0.390848781173681;0
7.01;0.155316145035414;0.385573419678884;0
7.02;0.159147747933271;0.380191545110174;0
7.03;0.162925059366372;0.374704953801643;0
7.04;0.166647040355078;0.369115470390022;0
7.05;0.170312670291296;0.363424947219079;0
7.06;0.173920947212836;0.357635263736747;0
7.07;0.177470888071721;0.351748325885148;0
7.08;0.180961528996353;0.34576606548374;0
7.09;0.184391925547487;0.339690439605754;0
7.1;0.187761152967942;0.333523429948142;0
7.11;0.191068306425974;0.32726704219522;0
7.12;0.19431250125227;0.320923305376215;0
7.13;0.197492873170479;0.314494271216925;0
7.14;0.200608578521242;0.307982013485681;0
7.15;0.203658794479652;0.30138862733383;0
7.16;0.2066427192661;0.294716228630942;0
7.17;0.209559572350444;0.287966953294948;0
7.18;0.21240859464946;0.281142956617418;0
7.19;0.215189048717529;0.274246412584195;0
7.2;0.217900218930502;0.267279513191591;0
7.21;0.220541411662713;0.260244467758355;0
7.22;0.223111955457093;0.253143502233641;0
7.23;0.225611201188347;0.245978858501169;0
7.24;0.228038522219151;0.238752793679814;0
7.25;0.23039331454935;0.231467579420826;0
7.26;0.232674996958102;0.224125501201899;0
7.27;0.234883011138956;0.216728857618318;0
7.28;0.237016821827833;0.209279959671383;0
7.29;0.239075916923867;0.201781130054337;0
7.3;0.241059807603108;0.194234702436027;0
7.31;0.242968028425045;0.186643020742492;0
7.32;0.244800137431939;0.179008438436724;0
7.33;0.246555716240945;0.171333317796795;0
7.34;0.248234370129008;0.163620029192595;0
7.35;0.249835728110525;0.15587095036138;0
7.36;0.251359443007752;0.148088465682357;0
7.37;0.252805191513957;0.140274965450526;0
7.38;0.254172674249309;0.132432845149999;0
7.39;0.255461615809498;0.124564504727007;0
7.4;0.256671764807085;0.116672347862826;0
7.41;0.257802893905576;0.108758781246825;0
7.42;0.258854799846241;0.100826213849867;0
7.43;0.259827303467654;0.0928770561982747;0
7.44;0.260720249717987;0.084913719648577;0
7.45;0.261533507660051;0.0769386156632501;0
7.46;0.262266970469101;0.0689541550876766;0
7.47;0.262920555423418;0.0609627474285289;0
7.48;0.263494203887674;0.0529668001337953;0
7.49;0.263987881289123;0.0449687178746607;0
7.5;0.264401577086598;0.036970901829453;0
7.51;0.264735304732376;0.0289757489698684;0
7.52;0.264989101626904;0.0209856513496834;0
7.53;0.265163029066434;0.0130029953961643;0
7.54;0.265257172183574;0.00503016120437994;0
7.55;0.265271639880805;-0.00293047816537291;0
7.56;0.265206564756984;-0.0108765573868294;0
7.57;0.265062103026869;-0.0188057195634955;0
7.58;0.264838434433703;-0.0267156169206644;0
7.59;0.264535762154899;-0.0346039114935094;0
7.6;0.264154312700859;-0.0424682758110535;0
7.61;0.263694335806972;-0.0503063935758174;0
7.62;0.263156104318836;-0.058115960338951;0
7.63;0.262539914070757;-0.0658946841706516;0
7.64;0.261846083757552;-0.0736402863256782;0
7.65;0.261074954799734;-0.0813505019037694;0
7.66;0.260226891202102;-0.0890230805047758;0
7.67;0.259302279405821;-0.0966557868783203;0
7.68;0.258301528134012;-0.1042464015678;0
7.69;0.257225068230946;-0.111792721548549;0
7.7;0.25607335249487;-0.119292560859975;0
7.71;0.254846855504546;-0.126743751231495;0
7.72;0.253546073439556;-0.1341441427021;0
7.73;0.252171523894445;-0.141491604233354;0
7.74;0.250723745686758;-0.148784024315677;0
7.75;0.249203298659053;-0.156019311567724;0
7.76;0.247610763474943;-0.163195395328713;0
7.77;0.245946741409253;-0.170310226243507;0
7.78;0.244211854132358;-0.177361776840316;0
7.79;0.242406743488778;-0.184348042100844;0
7.8;0.240532071270103;-0.191267040022722;0
7.81;0.238588518982337;-0.198116812174077;0
7.82;0.236576787607722;-0.204895424240085;0
7.83;0.234497597361138;-0.21160096656135;0
7.84;0.23235168744116;-0.218231554663972;0
7.85;0.230139815775847;-0.224785329781151;0
7.86;0.227862758763353;-0.231260459366191;0
7.87;0.225521311007455;-0.237655137596761;0
7.88;0.223116285048066;-0.243967585870277;0
7.89;0.220648511086848;-0.250196053290279;0
7.9;0.21811883670799;-0.256338817143659;0
7.91;0.215528126594263;-0.262394183368626;0
7.92;0.21287726223844;-0.268360487013277;0
7.93;0.210167141650158;-0.274236092684655;0
7.94;0.207398679058355;-0.280019394988167;0
7.95;0.204572804609336;-0.285708818957269;0
7.96;0.2016904640606;-0.291302820473278;0
7.97;0.198752618470506;-0.296799886675219;0
7.98;0.195760243883889;-0.302198536359605;0
7.99;0.192714331013727;-0.307497320370029;0
8;0.189615884918949;-0.312694821976489;0
8.01;0.186465924678507;-0.317789657244335;0
8.02;0.183265483061797;-0.322780475392755;0
8.03;0.180015606195549;-0.327665959142705;0
8.04;0.176717353227281;-0.3324448250542;0
8.05;0.173371795985431;-0.337115823852876;0
8.06;0.169980018636271;-0.34167774074576;0
8.07;0.166543117337709;-0.346129395726149;0
8.08;0.163062199890099;-0.350469643867547;0
8.09;0.159538385384156;-0.354697375606577;0
8.1;0.155972803846089;-0.358811517014806;0
8.11;0.152366595880071;-0.362811030059419;0
8.12;0.148720912308153;-0.366694912852695;0
8.13;0.145036913807731;-0.370462199890202;0
8.14;0.14131577054668;-0.374111962277695;0
8.15;0.137558661816276;-0.377643307946636;0
8.16;0.133766775662009;-0.381055381858312;0
8.17;0.12994130851241;-0.384347366196496;0
8.18;0.126083464806001;-0.38751848054863;0
8.19;0.122198541233607;-0.387845307892373;0.680849290231572
8.2;0.118337415169318;-0.383974853304708;0.680849290231572
8.21;0.114515482794341;-0.379995950259751;0.680849290231572
8.22;0.110733822411994;-0.375909977862452;0.680849290231572
8.23;0.106993498400394;-0.371718344942697;0.680849290231572
8.24;0.103295560917334;-0.367422489581909;0.680849290231572
8.25;0.099641045609928;-0.363023878631695;0.680849290231572
8.26;0.0960309733291007;-0.358524007224695;0.680849290231572
8.27;0.0924663498490092;-0.353924398277792;0.680849290231572
8.28;0.0889481655914628;-0.349226601987853;0.680849290231572
8.29;0.0854773953554192;-0.344432195320157;0.680849290231572
8.3;0.0820549980516286;-0.339542781489671;0.680849290231572
8.31;0.0786819164424974;-0.334559989435362;0.680849290231572
8.32;0.0753590768872382;-0.329485473287691;0.680849290231572
8.33;0.0720873890923762;-0.324320911829473;0.680849290231572
8.34;0.068867745867675;-0.319068007950278;0.680849290231572
8.35;0.0657010228875479;-0.31372848809454;0.680849290231572
8.36;0.0625880784580154;-0.30830410170355;0.680849290231572
8.37;0.0595297532892689;-0.302796620651524;0.680849290231572
8.38;0.0565268702739011;-0.297207838675908;0.680849290231572
8.39;0.0535802342708572;-0.291539570802112;0.680849290231572
8.4;0.0506906318951645;-0.285793652762846;0.680849290231572
8.41;0.0478588313134913;-0.279971940412255;0.680849290231572
8.42;0.0450855820455874;-0.274076309135027;0.680849290231572
8.43;0.0423716147716557;-0.268108653250653;0.680849290231572
8.44;0.0397176411457021;-0.26207088541305;0.680849290231572
8.45;0.0371243536149095;-0.255964936005705;0.680849290231572
8.46;0.0345924252450795;-0.249792752532558;0.680849290231572
8.47;0.0321225095521844;-0.243556299004788;0.680849290231572
8.48;0.0297152403400684;-0.237257555323711;0.680849290231572
8.49;0.0273712315443367;-0.230898516659973;0.680849290231572
8.5;0.0250910770824692;-0.224481192829238;0.680849290231572
8.51;0.0228753507101919;-0.218007607664549;0.680849290231572
8.52;0.0207246058841386;-0.211479798385573;0.680849290231572
8.53;0.0186393756308347;-0.204899814964919;0.680849290231572
8.54;0.0166201724220288;-0.198269719491718;0.680849290231572
8.55;0.0146674880564009;-0.191591585532662;0.680849290231572
8.56;0.0127817935476712;-0.184867497490708;0.680849290231572
8.57;0.0109635390191307;-0.178099549961634;0.680849290231572
8.58;0.00921315360461618;-0.17128984708864;0.680849290231572
8.59;0.00753104535594657;-0.164440501915203;0.680849290231572
8.6;0.00591760115683816;-0.157553635736369;0.680849290231572
8.61;0.00437318664331318;-0.150631377448698;0.680849290231572
8.62;0.00289814613061427;-0.143675862899035;0.680849290231572
8.63;0.00149280254663582;-0.136689234232324;0.680849290231572
8.64;0.000157457371880634;-0.129673639238652;0.680849290231572
8.65;-0.00110760941405096;-0.122631230699727;0.680849290231572
8.66;-0.00230213937943504;-0.115564165734977;0.680849290231572
8.67;-0.00342589568085801;-0.108474605147479;0.680849290231572
8.68;-0.00447866309710972;-0.101364712769901;0.680849290231572
8.69;-0.0054602480565369;-0.0942366548106654;0.680849290231572
8.7;-0.00637047865785984;-0.0870925992005241;0.680849290231572
8.71;-0.00720920468445738;-0.079934714939735;0.680849290231572
8.72;-0.0079762976121272;-0.0727651714460453;0.680849290231572
8.73;-0.00867165061033017;-0.0655861379036677;0.680849290231572
8.74;-0.00929517853692968;-0.0583997826134461;0.680849290231572
8.75;-0.00984681792643875;-0.0512082723444031;0.680849290231572
8.76;-0.0103265269717894;-0.0440137716868605;0.680849290231572
8.77;-0.0107342854996413;-0.0368184424073258;0.680849290231572
8.78;-0.0110700949392472;-0.0296244428053325;0.680849290231572
8.79;-0.0113339782848977;-0.0224339270724262;0.680849290231572
8.8;-0.0115259800519641;-0.0152490446534834;0.680849290231572
8.81;-0.0116461662265681;-0.00807193961055059;0.680849290231572
8.82;-0.0116946242088995;-0.000904749989390455;0.680849290231572
8.83;-0.0116714627502142;0.00625039281107953;0.680849290231572
8.84;-0.0115768118835391;0.0133913646662727;0.680849290231572
8.85;-0.011410822848117;0.0205160493501597;0.680849290231572
8.86;-0.0111736680076247;0.0276223391560541;0.680849290231572
8.87;-0.0108798343563475;0.0299447633376708;0
8.88;-0.0105791651295507;0.030214488906586;0
8.89;-0.0102758414380451;0.0304746937965398;0
8.9;-0.00996995876843505;0.0307253163712867;0
8.91;-0.00966161321029569;0.030966297972913;0
8.92;-0.00935090142633254;0.0311975829343013;0
8.93;-0.00903792062242095;0.0314191185906773;0
8.94;-0.00872276851753398;0.0316308552902363;0
8.95;-0.00840554331356837;0.0318327464038487;0
8.96;-0.00808634366507743;0.0320247483338427;0
8.97;-0.0077652686489204;0.0322068205218629;0
8.98;-0.00744241773383724;0.0323789254558046;0
8.99;-0.00711789074995841;0.0325410286758229;0
9;-0.00679178785825855;0.0326930987794167;0
9.01;-0.00646420951996361;0.0328351074255873;0
9.02;-0.00613525646592052;0.032967029338072;0
9.03;-0.00580502966593863;0.0330888423076539;0
9.04;-0.00547363029811228;0.0332005271935483;0
9.05;-0.00514115971813365;0.033302067923866;0
9.06;-0.00480771942860505;0.0333934514951575;0
9.07;-0.00447341104836001;0.0334746679710367;0
9.08;-0.00413833628180217;0.0335457104798883;0
9.09;-0.00380259688827126;0.0336065752116604;0
9.1;-0.00346629465144528;0.0336572614137446;0
9.11;-0.0031295313487879;0.0336977713859472;0
9.12;-0.00279240872105032;0.0337281104745534;0
9.13;-0.00245502844183649;0.0337482870654889;0
9.14;-0.00211749208724077;0.0337583125765821;0
9.15;-0.00177990110556706;0.0337582014489305;0
9.16;-0.00144235678713818;0.0337479711373758;0
9.17;-0.00110496023420462;0.0337276421000924;0
9.18;-0.000767812330961253;0.0336972377872924;0
9.19;-0.000431013713681021;0.0336567846290546;0
9.2;-9.46647409742741e-05;0.0336063120222796;0
9.21;0.000241134535817582;0.0335458523167798;0
9.22;0.000576284402085432;0.033475440800506;0
9.23;0.000910685509264212;0.0333951156839206;0
9.24;0.00124423890398458;0.0333049180835205;0
9.25;0.00157684605705602;0.0332048920045174;0
9.26;0.00190840889227296;0.0330950843226821;0
9.27;0.00223882981503563;0.0329755447653596;0
9.28;0.00256801174077734;0.0328463258916617;0
9.29;0.00289585812319001;0.032707483071845;0
9.3;0.00322227298223987;0.0325590744658819;0
9.31;0.00354716093196521;0.0324011610012315;0
9.32;0.00387042720804835;0.0322338063498199;0
9.33;0.00419197769515379;0.0320570769042371;0
9.34;0.00451171895402495;0.0318710417531589;0
9.35;0.00482955824833154;0.0316757726560033;0
9.36;0.00514540357126018;0.0314713440168299;0
9.37;0.00545916367184062;0.0312578328574909;0
9.38;0.00577074808100011;0.0310353187900442;0
9.39;0.00608006713733866;0.0308038839884371;0
9.4;0.00638703201261783;0.0305636131594704;0
9.41;0.00669155473695599;0.0303145935130541;0
9.42;0.00699354822372302;0.0300569147317627;0
9.43;0.00729292629412743;0.0297906689397028;0
9.44;0.00758960370148901;0.029515950670701;0
9.45;0.00788349615519049;0.0292328568358258;0
9.46;0.00817452034430139;0.0289414866902509;0
9.47;0.00846259396086753;0.0286419417994745;0
9.48;0.00874763572285995;0.0283343260049026;0
9.49;0.00902956539677685;0.0280187453888103;0
9.5;0.00930830381989228;0.0276953082386911;0
9.51;0.00958377292214578;0.0273641250110067;0
9.52;0.00985589574766668;0.0270253082943484;0
9.53;0.0101245964759276;0.0266789727720236;0
9.54;0.010389800442521;0.0263252351840776;0
9.55;0.0106514341595539;0.0259642142887651;0
9.56;0.0109094253356544;0.0255960308234824;0
9.57;0.0111637028955853;0.0252208074651736;0
9.58;0.0114141969994598;0.0248386687902233;0
9.59;0.0116608390615532;0.0244497412338494;0
9.6;0.0119035617687071;0.0240541530490077;0
9.61;0.0121422990983198;0.0236520342648229;0
9.62;0.0123769863359193;0.0232435166445582;0
9.63;0.012607560092314;0.0228287336431376;0
9.64;0.0128339583203165;0.0224078203642339;0
9.65;0.0130561203310363;0.0219809135169363;0
9.66;0.0132739868097377;0.0215481513720114;0
9.67;0.0134874998312583;0.0211096737177706;0
9.68;0.013696602874984;0.0206656218155596;0
9.69;0.0139012408393783;0.0202161383548818;0
9.7;0.0141013600560603;0.0197613674081709;0
9.71;0.0142969083034294;0.0193014543852275;0
9.72;0.0144878348198326;0.0188365459873317;0
9.73;0.0146740903162715;0.0183667901610489;0
9.74;0.0148556269886468;0.0178923360517406;0
9.75;0.0150323985295353;0.0174133339567966;0
9.76;0.0152043601394993;0.0169299352786014;0
9.77;0.0153714685379237;0.0164422924772507;0
9.78;0.0155336819733794;0.0159505590230322;0
9.79;0.0156909602335109;0.0154548893486853;0
9.8;0.0158432646544447;0.0149554388014534;0
9.81;0.0159905581297185;0.0144523635949459;0
9.82;0.016132805118727;0.0139458207608223;0
9.83;0.0162699716546847;0.0134359681003143;0
9.84;0.016402025352103;0.0129229641356007;0
9.85;0.01652893541378;0.0124069680610493;0
9.86;0.0166506726373029;0.0118881396943421;0
9.87;0.0167672094210606;0.0113666394274964;0
9.88;0.0168785197697663;0.0108426281777988;0
9.89;0.0169845792994895;0.0103162673386657;0
9.9;0.0170853652421954;0.00978771873044575;0
9.91;0.0171808564497931;0.00925714455117857;0
9.92;0.0172710333976905;0.00872470732732518;0
9.93;0.0173558781878571;0.00819056986448451;0
9.94;0.0174353745513932;0.00765489519811095;0
9.95;0.017509507850607;0.00711784654424776;0
9.96;0.0175782650805987;0.00657958725029091;0
9.97;0.0176416348703531;0.00604028074579831;0
9.98;0.0176996074833393;0.00550009049335884;0
9.99;0.0177521748176209;0.00495917993953594;0
10;0.0177993304054749;0.00441771246590034;0
10.01;0.0178410694125219;0.00387585134016646;0
10.02;0.0178773886363682;0.00333375966744682;0
10.03;0.0179082865047607;0.00279160034163909;0
10.04;0.0179337630732568;0.00224953599695989;0
10.05;0.0179538200224097;0.00170772895963983;0
10.06;0.0179684606544721;0.00116634119979382;0
10.07;0.017977689889619;0.000625534283480883;0
10.08;0.0179815142616925;8.54693249674632e-05;0
10.09;0.0179799419134692;-0.000453693060791766;0
10.1;0.0179729825914547;-0.000991792805441777;0
10.11;0.0179606476402054;-0.00152867043426993;0
10.12;0.0179429499961813;-0.00206416711298993;0
10.13;0.0179199041811325;-0.00259812469425334;0
10.14;0.0178915262950212;-0.00313038576387537;0
10.15;0.0178578340084833;-0.00366079368676128;0
10.16;0.0178188465548321;-0.00418919265252045;0
10.17;0.017774584721607;-0.00471542772075475;0
10.18;0.017725070841671;-0.00523934486600836;0
10.19;0.0176703287838606;-0.00576079102236598;0
10.2;0.0176103839431905;-0.00627961412768685;0
10.21;0.0175452632306187;-0.00679566316746181;0
10.22;0.017474995062374;-0.00730878821828094;0
10.23;0.0173996093488509;-0.00781884049089943;0
10.24;0.0173191374830757;-0.00832567237288948;0
10.25;0.0172336123287479;-0.0088291374708661;0
10.26;0.0171430682078615;-0.00932909065227493;0
10.27;0.01704754088791;-0.00982538808673031;0
10.28;0.0169470675686808;-0.0103178872868919;0
10.29;0.0168416868686423;-0.0108064471488687;0
10.3;0.0167314388109293;-0.0112909279921383;0
10.31;0.0166163648089315;-0.0117711915989718;0
10.32;0.0164965076514902;-0.0122471012533515;0
10.33;0.0163719114877078;-0.0127185217793725;0
10.34;0.0162426218113759;-0.0131853195791156;0
10.35;0.0161086854450268;-0.0136473626699832;0
10.36;0.0159701505236145;-0.0141045207214857;0
10.37;0.0158270664778301;-0.0145566650914706;0
10.38;0.0156794840170572;-0.015003668861782;0
10.39;0.015527455111974;-0.0154454068733433;0
10.4;0.0153710329768065;-0.0158817557606512;0
10.41;0.01521027205124;-0.0163125939856735;0
10.42;0.0150452279819936;-0.0167378018711404;0
10.43;0.0148759576040656;-0.0171572616332212;0
10.44;0.0147025189216539;-0.0175708574135768;0
10.45;0.0145249710887595;-0.0179784753107805;0
10.46;0.014343374389478;-0.0183800034110973;0
10.47;0.014157790217987;-0.0187753318186157;0
10.48;0.0139682810582341;-0.0191643526847217;0
10.49;0.0137749104633342;-0.0195469602369092;0
10.5;0.0135777430346812;-0.019923050806918;0
10.51;0.0133768444007811;-0.0202925228581933;0
10.52;0.0131722811958142;-0.0206552770126583;0
10.53;0.0129641210379323;-0.0210112160767944;0
10.54;0.0127524325072983;-0.0213602450670212;0
10.55;0.0125372851238752;-0.0217022712343709;0
10.56;0.0123187493249714;-0.0220372040884499;0
10.57;0.0120968964425504;-0.022364955420683;0
10.58;0.0118717986803096;-0.0226854393268326;0
10.59;0.0116435290905394;-0.0229985722287893;0
10.6;0.0114121615507656;-0.0233042728956276;0
10.61;0.0111777707401864;-0.0236024624639214;0
10.62;0.010940432115908;-0.0238930644573151;0
10.63;0.0107002218889888;-0.0241760048053463;0
10.64;0.0104572170002988;-0.0244512118615132;0
10.65;0.0102114950962011;-0.0247186164205865;0
10.66;0.00996313450406437;-0.0249781517351578;0
10.67;0.00971221420761276;-0.025229753531424;0
10.68;0.00945881382212173;-0.025473360024203;0
10.69;0.00920301356946713;-0.0257089119311766;0
10.7;0.00894489425303528;-0.0259363524863604;0
10.71;0.00868453723250186;-0.0261556274527943;0
10.72;0.00842202439848746;-0.0263666851344546;0
10.73;0.00815743814709748;-0.0265694763873833;0
10.74;0.00789086135435424;-0.0267639546300332;0
10.75;0.00762237735052924;-0.0269500758528275;0
10.76;0.00735206989438331;-0.0271277986269316;0
10.77;0.00708002314732263;-0.0272970841122365;0
10.78;0.00680632164747845;-0.0274578960645521;0
10.79;0.00653105028371842;-0.0276102008420106;0
10.8;0.00625429426959745;-0.0277539674106784;0
10.81;0.00597613911725607;-0.0278891673493764;0
10.82;0.00569667061127405;-0.0280157748537095;0
10.83;0.00541597478248738;-0.0281337667393039;0
10.84;0.00513413788177635;-0.0282431224442543;0
10.85;0.00485124635383279;-0.0283438240307801;0
10.86;0.00456738681091427;-0.0284358561860926;0
10.87;0.00428264600659317;-0.0285192062224739;0
10.88;0.0039971108095085;-0.0285938640765678;0
10.89;0.00371086817712837;-0.0286598223078869;0
10.9;0.00342400512953091;-0.0287170760965345;0
10.91;0.00313660872321148;-0.0287656232401457;0
10.92;0.00284876602492397;-0.0288054641500488;0
10.93;0.00256056408556402;-0.0288366018466503;0
10.94;0.00227208991410183;-0.0288590419540448;0
10.95;0.0019834304515724;-0.0288727926938545;0
10.96;0.00169467254513076;-0.0288778648783007;0
10.97;0.00140590292218;-0.0288742719025098;0
10.98;0.00111720816457963;-0.0288620297360591;0
10.99;0.000828674682941905;-0.028841156913765;0
11;0.000540388691023642;-0.0288116745257185;0
11.01;0.000252436180221081;-0.0287736062065711;0
11.02;-3.50971058247744e-05;-0.0287269781240772;0
11.03;-0.000322125696504903;-0.0286718189668963;0
11.04;-0.000608564419393726;-0.0286081599316604;0
11.05;-0.00089432842526796;-0.0285360347093128;0
11.06;-0.00117933321298557;-0.0284554794707214;0
11.07;-0.00146349465421767;-0.0283665328515739;0
11.08;-0.00174672901802607;-0.0282692359365607;0
11.09;-0.00202895299527958;-0.0281636322428498;0
11.1;-0.00231008372290183;-0.0280497677028616;0
11.11;-0.00259003880794369;-0.027927690646349;0
11.12;-0.00286873635147349;-0.0277974517817904;0
11.13;-0.00314609497227798;-0.0276591041771002;0
11.14;-0.00342203383036743;-0.0275127032396667;0
11.15;-0.00369647265027808;-0.0273583066957223;0
11.16;-0.00396933174416535;-0.0271959745690536;0
11.17;-0.00424053203468113;-0.0270257691590607;0
11.18;-0.00450999507762883;-0.0268477550181707;0
11.19;-0.00477764308438968;-0.0266619989286153;0
11.2;-0.00504339894411395;-0.0264685698785802;0
11.21;-0.00530718624567089;-0.0262675390377333;0
11.22;-0.00556892929935115;-0.026058979732142;0
11.23;-0.00582855315831571;-0.0258429674185868;0
11.24;-0.00608598363978523;-0.02561957965828;0
11.25;-0.00634114734596393;-0.0253888960899996;0
11.26;-0.00659397168469226;-0.0251509984026456;0
11.27;-0.00684438488982247;-0.0249059703072298;0
11.28;-0.00709231604131172;-0.0246538975083069;0
11.29;-0.00733769508502683;-0.0243948676748577;0
11.3;-0.00758045285225562;-0.024128970410633;0
11.31;-0.00782052107891915;-0.0238562972239688;0
11.32;-0.00805783242447984;-0.0235769414970822;0
11.33;-0.00829232049054026;-0.0232909984548588;0
11.34;-0.0085239198391275;-0.0229985651331411;0
11.35;-0.00875256601065826;-0.022699740346528;0
11.36;-0.0089781955415797;-0.0223946246556978;0
11.37;-0.00920074598168155;-0.0220833203342626;0
11.38;-0.00942015591107452;-0.0217659313351669;0
11.39;-0.00963636495683085;-0.0214425632566403;0
11.4;-0.0098493138092823;-0.0211133233077159;0
11.41;-0.0100589442379715;-0.0207783202733247;0
11.42;-0.0102651991072522;-0.0204376644789773;0
11.43;-0.0104680223915349;-0.0200914677550458;0
11.44;-0.0106673591901731;-0.0197398434006543;0
11.45;-0.0108631557419869;-0.0193829061471923;0
11.46;-0.0110553594394204;-0.0190207721214615;0
11.47;-0.0112439188423282;-0.0186535588084666;0
11.48;-0.0114287836913894;-0.0182813850138643;0
11.49;-0.011609904921143;-0.0179043708260801;0
11.5;-0.0117872346726449;-0.0175226375781056;0
11.51;-0.0119607263057397;-0.017136307808989;0
11.52;-0.0121303344109477;-0.0167455052250298;0
11.53;-0.0122960148209607;-0.0163503546606905;0
11.54;-0.0124577246217479;-0.0159509820392371;0
11.55;-0.0126154221632649;-0.015547514333121;0
11.56;-0.0127690670697669;-0.0151400795241146;0
11.57;-0.0129186202497214;-0.0147288065632125;0
11.58;-0.0130640439053193;-0.0143138253303116;0
11.59;-0.0132053015415819;-0.0138952665936816;0
11.6;-0.0133423579750608;-0.013473261969239;0
11.61;-0.0134751793421314;-0.0130479438796371;0
11.62;-0.0136037331068746;-0.0126194455131843;0
11.63;-0.0137279880685488;-0.0121879007826039;0
11.64;-0.013847914368647;-0.0117534442836468;0
11.65;-0.0139634834975412;-0.0113162112535716;0
11.66;-0.0140746683007094;-0.010876337529503;0
11.67;-0.0141814429845472;-0.0104339595066825;0
11.68;-0.0142837831217602;-0.00998921409662287;0
11.69;-0.0143816656563383;-0.00954223868518051;0
11.7;-0.0144750689081104;-0.00909317109055728;0
11.71;-0.014563972576878;-0.00864214952124494;0
11.72;-0.0146483577461297;-0.00818931253392496;0
11.73;-0.0147282068863324;-0.0077347989913363;0
11.74;-0.0148035038578031;-0.00727874802012377;0
11.75;-0.0148742339131577;-0.00682129896867988;0
11.76;-0.0149403836993392;-0.00636259136499251;0
11.77;-0.0150019412592234;-0.00590276487451133;0
11.78;-0.015058896032805;-0.0054419592580453;0
11.79;-0.0151112388579607;-0.00498031432970407;0
11.8;-0.0151589619707943;-0.00451796991489559;0
11.81;-0.0152020590055601;-0.00405506580839259;0
11.82;-0.0152405249941684;-0.00359174173248026;0
11.83;-0.0152743563652728;-0.0031281372951976;0
11.84;-0.01530355094294;-0.00266439194868484;0
11.85;-0.0153281079449038;-0.0022006449476491;0
11.86;-0.0153480279804046;-0.00173703530796068;0
11.87;-0.0153633130476148;-0.00127370176539204;0
11.88;-0.015373966530653;-0.000810782734511728;0
11.89;-0.0153799931961878;-0.000348416267745203;0
11.9;-0.0153813991896322;0.000113259985385445;0
11.91;-0.0153781920309324;0.000574108818830914;0
11.92;-0.015370380609951;0.00103399351038145;0
11.93;-0.0153579751814475;0.00149277786181923;0
11.94;-0.0153409873596593;0.00195032623884459;0
11.95;-0.0153194301124828;0.00240650361076469;0
11.96;-0.0152933177552602;0.00286117558993295;0
11.97;-0.0152626659441722;0.00331420847092799;0
11.98;-0.015227491669241;0.00376546926946068;0
11.99;-0.0151878132469441;0.00421482576099824;0
12;-0.0151436503124446;0.00466214651909411;0
12.01;-0.0150950238114389;0.00510730095341279;0
12.02;-0.0150419559916255;0.00555015934743864;0
12.03;-0.0149844703937982;0.005990592895858;0
12.04;-0.0149225918425675;0.00642847374160382;0
12.05;-0.0148563464367121;0.00686367501255249;0
12.06;-0.0147857615391664;0.00729607085786225;0
12.07;-0.0147108657666449;0.00772553648394311;0
12.08;-0.0146316889789094;0.0081519481900479;0
12.09;-0.0145482622676818;0.00857518340347469;0
12.1;-0.0144606179452069;0.00899512071437049;0
12.11;-0.0143687895324685;0.00941163991012654;0
12.12;-0.014272811747064;0.00982462200935571;0
12.13;-0.0141727204907405;0.0102339492954422;0
12.14;-0.0140685528365981;0.0106395053496549;0
12.15;-0.0139603470159633;0.0110411750838142;0
12.16;-0.0138481424049386;0.0114388447725041;0
12.17;-0.013731979510631;0.0118324020848207;0
12.18;-0.0136118999570665;0.0122217361156477;0
12.19;-0.0134879464707926;0.0126067374164509;0
12.2;-0.013360162866176;0.0129872980255832;0
12.21;-0.0132285940303991;0.0133633114980919;0
12.22;-0.0130932859081609;0.0137346729350196;0
12.23;-0.0129542854860869;0.0141012790121923;0
12.24;-0.0128116407768537;0.0144630280084846;0
12.25;-0.0126654008030334;0.0148198198335576;0
12.26;-0.0125156155806626;0.015171556055058;0
12.27;-0.0123623361025426;0.0155181399252759;0
12.28;-0.0122056143212743;0.0158594764072498;0
12.29;-0.0120455031320362;0.0161954722003149;0
12.3;-0.0118820563551077;0.0165260357650871;0
12.31;-0.0117153287181464;0.0168510773478754;0
12.32;-0.0115453758382236;0.0171705090045179;0
12.33;-0.0113722542036233;0.0174842446236338;0
12.34;-0.0111960211554124;0.0177921999492862;0
12.35;-0.0110167348687865;0.0180942926030499;0
12.36;-0.0108344543341971;0.0183904421054784;0
12.37;-0.0106492393382684;0.0186805698969647;0
12.38;-0.0104611504445062;0.0189645993579906;0
12.39;-0.010270248973809;0.0192424558287603;0
12.4;-0.0100765969847842;0.0195140666282119;0
12.41;-0.00988025725387775;0.0197793610724037;0
12.42;-0.00968129325532257;0.02003827049227;0
12.43;-0.00947976914091197;0.0202907282507428;0
12.44;-0.00927574971960515;0.0205366697592339;0
12.45;-0.00906930043697057;0.0207760324934762;0
12.46;-0.0088604873544738;0.0210087560087174;0
12.47;-0.0086493771286164;0.0212347819542654;0
12.48;-0.00843603698993223;0.0214540540873805;0
12.49;-0.00822053472184789;0.0216665182865116;0
12.5;-0.00800293863941362;0.0218721225638742;0
12.51;-0.00778331756791148;0.0220708170773674;0
12.52;-0.00756174082134735;0.0222625541418263;0
12.53;-0.00733827818083337;0.0224472882396094;0
12.54;-0.00711299987286748;0.0226249760305177;0
12.55;-0.00688597654751689;0.0227955763610441;0
12.56;-0.00665727925651195;0.0229590502729512;0
12.57;-0.00642697943125732;0.0231153610111768;0
12.58;-0.00619514886076716;0.0232644740310649;0
12.59;-0.005961859669531;0.0234063570049217;0
12.6;-0.00572718429531708;0.0235409798278964;0
12.61;-0.00549119546691993;0.0236683146231847;0
12.62;-0.00525396618185903;0.0237883357465561;0
12.63;-0.00501556968403514;0.0239010197902038;0
12.64;-0.00477607944135124;0.0240063455859179;0
12.65;-0.00453556912330477;0.0241042942075817;0
12.66;-0.00429411257855794;0.0241948489729916;0
12.67;-0.00405178381249293;0.0242779954450009;0
12.68;-0.00380865696475862;0.0243537214319894;0
12.69;-0.00356480628681568;0.0244220169876584;0
12.7;-0.00332030611948678;0.0244828744101533;0
12.71;-0.00307523087051855;0.0245362882405149;0
12.72;-0.00282965499216207;0.024582255260461;0
12.73;-0.00258365295877852;0.0246207744894998;0
12.74;-0.00233729924447672;0.0246518471813785;0
12.75;-0.00209066830078916;0.0246754768198667;0
12.76;-0.00184383453439318;0.0246916691138802;0
12.77;-0.0015968722848839;0.0247004319919448;0
12.78;-0.00134985580260539;0.0247017755960054;0
12.79;-0.00110285922654678;0.0246957122745811;0
12.8;-0.00085595656230972;0.0246822565752718;0
12.81;-0.000609221660153616;0.0246614252366177;0
12.82;-0.000362728193125269;0.0246332371793161;0
12.83;-0.000116549635279163;0.0245977134967994;0
12.84;0.000129240760005153;0.0245548774451782;0
12.85;0.000374569981602266;0.0245047544325526;0
12.86;0.000619365282110393;0.0244473720076976;0
12.87;0.000863554199204925;0.024382759848126;0
12.88;0.00110706457686981;0.0243109497475336;0
12.89;0.00134982458650066;0.0242319756026315;0
12.9;0.00159176274787335;0.024145873399371;0
12.91;0.00183280794997231;0.0240526811985658;0
12.92;0.00207288947167215;0.0239524391209167;0
12.93;0.00231193700226705;0.0238451893314447;0
12.94;0.00254988066184169;0.0237309760233384;0
12.95;0.00278665102147817;0.0236098454012205;0
12.96;0.00302217912329288;0.0234818456638407;0
12.97;0.0032563965002978;0.0233470269862002;0
12.98;0.00348923519608056;0.0232054415011149;0
12.99;0.00372062778429753;0.0230571432802233;0
13;0.00395050738797459;0.0229021883144452;0
13.01;0.00417880769860999;0.0227406344939;0
13.02;0.00440546299507404;0.0225725415872888;0
13.03;0.00463040816230015;0.0223979712207497;0
13.04;0.00485357870976222;0.0222169868561926;0
13.05;0.00507491078973288;0.0220296537691203;0
13.06;0.00529434121531783;0.0218360390259447;0
13.07;0.00551180747826098;0.0216362114608053;0
13.08;0.00572724776651561;0.0214302416518967;0
13.09;0.00594060098157663;0.0212182018973152;0
13.1;0.00615180675556917;0.0210001661904302;0
13.11;0.00636080546808871;0.0207762101947905;0
13.12;0.00656753826278836;0.0205464112185733;0
13.13;0.00677194706370843;0.0203108481885829;0
13.14;0.00697397459134412;0.0200696016238103;0
13.15;0.00717356437844678;0.01982275360856;0
13.16;0.0073706607855546;0.0195703877651544;0
13.17;0.00756520901624839;0.0193125892262235;0
13.18;0.00775715513212849;0.0190494446065901;0
13.19;0.00794644606750872;0.0187810419747582;0
13.2;0.00813302964382346;0.0185074708240158;0
13.21;0.00831685458374408;0.018228822043159;0
13.22;0.00849787052500088;0.0179451878868491;0
13.23;0.00867602803390707;0.0176566619456108;0
13.24;0.00885127861858111;0.0173633391154813;0
13.25;0.00902357474186396;0.0170653155673208;0
13.26;0.00919286983392805;0.016762688715793;0
13.27;0.0093591183045745;0.0164555571880265;0
13.28;0.00952227555521564;0.0161440207919665;0
13.29;0.00968229799053964;0.0158281804844266;0
13.3;0.00983914302985435;0.0155081383388518;0
13.31;0.00999276911810754;0.0151839975128016;0
13.32;0.0101431357365807;0.0148558622151642;0
13.33;0.0102902034132538;0.0145238376731118;0
13.34;0.0104339337328387;0.014188030098808;0
13.35;0.010574289346478;0.013848546655876;0
13.36;0.0107112339811083;0.0135054954256407;0
13.37;0.0108447324484844;0.0131589853731523;0
13.38;0.0109747506538626;0.0128091263130045;0
13.39;0.0111012556043419;0.0124560288749563;0
13.4;0.0112242154168604;0.0120998044693683;0
13.41;0.0113435993258446;0.0117405652524648;0
13.42;0.0114593776905117;0.011378424091432;0
13.43;0.0115715220018211;0.0110134945293631;0
13.44;0.0116800048890755;0.0106458907500605;0
13.45;0.0117848001261691;0.010275727542707;0
13.46;0.0118858826374819;0.00990312026641648;0
13.47;0.0119832285034189;0.00952818481467357;0
13.48;0.012076814965594;0.00915103757967553;0
13.49;0.0121666204316555;0.00877179541658513;0
13.5;0.0122526244797554;0.00839057560770639;0
13.51;0.0123348078626587;0.00800749582659389;0
13.52;0.0124131525114947;0.00762267410210649;0
13.53;0.0124876415391479;0.00723622878241624;0
13.54;0.0125582592432889;0.00684827849898351;0
13.55;0.0126249911090454;0.00645894213050909;0
13.56;0.0126878238113122;0.00606833876687412;0
13.57;0.0127467452167003;0.00567658767307869;0
13.58;0.0128017443851268;0.00528380825318994;0
13.59;0.0128528115710425;0.00489012001431045;0
13.6;0.0128999382243007;0.00449564253057761;0
13.61;0.0129431169906654;0.00410049540720485;0
13.62;0.0129823417119607;0.00370479824457528;0
13.63;0.0130176074258612;0.00330867060239852;0
13.64;0.0130489103653238;0.00291223196394138;0
13.65;0.013076247957663;0.00251560170034281;0
13.66;0.0130996188232695;0.0021188990350239;0
13.67;0.0131190227739726;0.00172224300820327;0
13.68;0.0131344608110496;0.00132575244152841;0
13.69;0.0131459351228812;0.000929545902833247;0
13.7;0.0131534490822552;0.00053374167103246;0
13.71;0.0131570072433196;0.000138457701162671;0
13.72;0.0131566153381876;-0.000256188410419173;0
13.73;0.0131522802731945;-0.000650079460670087;0
13.74;0.0131440101248094;-0.00104309867431791;0
13.75;0.0131318141352032;-0.00143512973813074;0
13.76;0.0131157027074746;-0.00182605683498891;0
13.77;0.0130956874005363;-0.00221576467774977;0
13.78;0.0130717809236641;-0.00260413854289535;0
13.79;0.0130439971307094;-0.00299106430395324;0
13.8;0.0130123510139798;-0.00337642846468111;0
13.81;0.0129768586977881;-0.00376011819200517;0
13.82;0.0129375374316732;-0.0041420213487034;0
13.83;0.0128944055832959;-0.00452202652582382;0
13.84;0.0128474826310109;-0.0049000230748289;0
13.85;0.0127967891561192;-0.0052759011394567;0
13.86;0.0127423468348031;-0.00564955168728977;0
13.87;0.0126841784297467;-0.00602086654102286;0
13.88;0.0126223077814452;-0.00638973840942052;0
13.89;0.0125567597992062;-0.00675606091795595;0
13.9;0.0124875604518458;-0.00711972863912232;0
13.91;0.0124147367580833;-0.00748063712240818;0
13.92;0.0123383167766376;-0.00783868292392849;0
13.93;0.0122583295960289;-0.00819376363570287;0
13.94;0.0121748053240891;-0.00854577791457318;0
13.95;0.012087775077185;-0.00889462551075206;0
13.96;0.0119972709691575;-0.00924020729599474;0
13.97;0.0119033260999806;-0.00958242529138619;0
13.98;0.0118059745441446;-0.00992118269473602;0
13.99;0.0117052513387672;-0.0102563839075736;0
14;0.011601192471436;-0.0105879345617357;0
14.01;0.0114938348677878;-0.0109157415455402;0
14.02;0.011383216378827;-0.0112397130295375;0
14.03;0.0112693757679891;-0.0115597584918339;0
14.04;0.0111523526979533;-0.0118757887429788;0
14.05;0.0110321877172068;-0.0121877159504106;0
14.06;0.0109089222463685;-0.0124954536624533;0
14.07;0.0107825985642729;-0.0127989168318577;0
14.08;0.0106532597938226;-0.0130980218388819;0
14.09;0.0105209498876101;-0.0133926865139033;0
14.1;0.0103857136133172;-0.0136828301595581;0
14.11;0.0102475965388943;-0.0139683735724004;0
14.12;0.0101066450175259;-0.0142492390640767;0
14.13;0.00996290617238539;-0.0145253504820103;0
14.14;0.00981642788118699;-0.0147966332295889;0
14.15;0.00966725876053644;-0.0150630142858517;0
14.16;0.00951544815008798;-0.0153244222246702;0
14.17;0.00936104609651159;-0.0155807872334179;0
14.18;0.00920410333727582;-0.0158320411311241;0
14.19;0.00904467128425143;-0.0160781173861082;0
14.2;0.00888280200714112;-0.0163189511330877;0
14.21;0.00871854821674046;-0.0165544791897594;0
14.22;0.00855196324803545;-0.0167846400728455;0
14.23;0.00838310104314204;-0.0170093740136043;0
14.24;0.00821201613409294;-0.0172286229727998;0
14.25;0.0080387636254772;-0.0174423306551267;0
14.26;0.00786339917693802;-0.0176504425230889;0
14.27;0.0076859789855342;-0.017852905810326;0
14.28;0.00750655976797088;-0.0180496695343871;0
14.29;0.00732519874270497;-0.0182406845089468;0
14.3;0.00714195361193101;-0.0184259033554628;0
14.31;0.00695688254345293;-0.0186052805142712;0
14.32;0.00677004415244742;-0.018778772255117;0
14.33;0.00658149748312451;-0.0189463366871188;0
14.34;0.0063913019902911;-0.019107933768165;0
14.35;0.00619951752082309;-0.0192635253137389;0
14.36;0.00600620429505178;-0.0194130750051727;0
14.37;0.00581142288807037;-0.0195565483973276;0
14.38;0.00561523421096624;-0.0196939129256989;0
14.39;0.0054176994919847;-0.0198251379129457;0
14.4;0.00521888025763014;-0.0199501945748428;0
14.41;0.00501883831371018;-0.020069056025656;0
14.42;0.0048176357263287;-0.0201816972829384;0
14.43;0.00461533480283355;-0.0202880952717476;0
14.44;0.00441199807272458;-0.0203882288282848;0
14.45;0.00420768826852803;-0.0204820787029539;0
14.46;0.00400246830664282;-0.0205696275628423;0
14.47;0.0037964012681647;-0.0206508599936218;0
14.48;0.00358955037969397;-0.0207257625008726;0
14.49;0.00338197899413256;-0.0207943235108279;0
14.5;0.00317375057147627;-0.020856533370543;0
14.51;0.00296492865960793;-0.0209123843474872;0
14.52;0.00275557687509715;-0.0209618706285613;0
14.53;0.00254575888401261;-0.0210049883185412;0
14.54;0.00233553838275235;-0.0210417354379493;0
14.55;0.00212497907889804;-0.0210721119203555;0
14.56;0.00191414467209869;-0.0210961196091091;0
14.57;0.00170309883498969;-0.0211137622535039;0
14.58;0.00149190519415265;-0.0211250455043788;0
14.59;0.00128062731112187;-0.0211299769091556;0
14.6;0.00106932866344286;-0.0211285659063171;0
14.61;0.00085807262578863;-0.0211208238193277;0
14.62;0.000646922451139301;-0.0211067638499992;0
14.63;0.00043594125203048;-0.0210864010713056;0
14.64;0.000225191981876005;-0.0210597524196483;0
14.65;1.47374163704799e-05;-0.0210268366865774;0
14.66;-0.000195359865022966;-0.0209876745099696;0
14.67;-0.000405037497494262;-0.0209422883646689;0
14.68;-0.000614233349211994;-0.0208907025525924;0
14.69;-0.00082288553954765;-0.0208329431923054;0
14.7;-0.00103093245719326;-0.0207690382080699;0
14.71;-0.00123831277816715;-0.0206990173183704;0
14.72;-0.00144496548370264;-0.020622912023922;0
14.73;-0.0016508298780145;-0.0205407555951646;0
14.74;-0.00185584560593801;-0.0204525830592484;0
14.75;-0.00205995267043571;-0.0203584311865143;0
14.76;-0.00226309144996657;-0.0202583384764765;0
14.77;-0.00246520271571286;-0.0201523451433092;0
14.78;-0.00266622764865962;-0.0200404931008456;0
14.79;-0.00286610785652201;-0.0199228259470923;0
14.8;-0.00306478539051552;-0.0197993889482661;0
14.81;-0.00326220276196458;-0.0196702290223576;0
14.82;-0.00345830295874456;-0.0195353947222282;0
14.83;-0.00365302946155276;-0.0193949362182463;0
14.84;-0.00384632626000362;-0.0192489052804681;0
14.85;-0.00403813786854381;-0.0190973552603697;0
14.86;-0.00422840934218256;-0.0189403410721363;0
14.87;-0.00441708629203294;-0.0187779191735155;0
14.88;-0.00460411490065979;-0.0186101475462409;0
14.89;-0.00478944193722988;-0.0184370856760315;0
14.9;-0.00497301477246024;-0.0182587945321761;0
14.91;-0.00515478139336048;-0.0180753365467069;0
14.92;-0.00533469041776505;-0.0178867755931712;0
14.93;-0.00551269110865136;-0.0176931769650069;0
14.94;-0.00568873338823998;-0.0174946073535299;0
14.95;-0.00586276785187294;-0.01729113482554;0
14.96;-0.00603474578166644;-0.0170828288005536;0
14.97;-0.00620461915993418;-0.0168697600276691;0
14.98;-0.00637234068237778;-0.0166520005620742;0
14.99;-0.00653786377104067;-0.0164296237412022;0
15;-0.00670114258702195;-0.0162027041605439;0
15.01;-0.00686213204294691;-0.0159713176491251;0
15.02;-0.00702078781519081;-0.0157355412446561;0
15.03;-0.00717706635585273;-0.0154954531683611;0
15.04;-0.00733092490447627;-0.0152511327994969;0
15.05;-0.00748232149951412;-0.0150026606495675;0
15.06;-0.00763121498953339;-0.0147501183362444;0
15.07;-0.00777756504415889;-0.0144935885569992;0
15.08;-0.00792133216475142;-0.0142331550624588;0
15.09;-0.00806247769481845;-0.01396890262949;0
15.1;-0.00820096383015445;-0.0137009170340231;0
15.11;-0.00833675362870824;-0.0134292850236225;0
15.12;-0.00846981102017507;-0.0131540942898133;0
15.13;-0.00860010081531077;-0.0128754334401726;0
15.14;-0.00872758871496588;-0.0125933919701939;0
15.15;-0.0088522413188374;-0.0123080602349341;0
15.16;-0.00897402613393601;-0.0120195294204509;0
15.17;-0.0090929115827669;-0.0117278915150411;0
15.18;-0.00920886701122196;-0.011433239280287;0
15.19;-0.00932186269618166;-0.0111356662219213;0
15.2;-0.00943186985282489;-0.0108352665605188;0
15.21;-0.00953886064164478;-0.010532135202024;0
15.22;-0.00964280817516927;-0.0102263677081246;0
15.23;-0.00974368652438468;-0.00991806026647829;0
15.24;-0.00984147072486089;-0.00960730966080425;0
15.25;-0.00993613678257693;-0.00929421324084629;0
15.26;-0.0100276616794456;-0.00897886889221869;0
15.27;-0.0101160233785361;-0.00866137500614293;0
15.28;-0.0102012008289934;-0.00834183044908487;0
15.29;-0.0102831739706541;-0.00802033453230178;0
15.3;-0.0103619237383566;-0.00769698698130825;0
15.31;-0.0104374320659462;-0.00737188790527043;0
15.32;-0.0105096818899735;-0.00704513776633795;0
15.33;-0.0105786571530862;-0.00671683734892263;0
15.34;-0.0106443428071134;-0.00638708772893343;0
15.35;-0.0107067248158417;-0.00605599024297695;0
15.36;-0.0107657901574835;-0.00572364645753258;0
15.37;-0.0108215268268375;-0.00539015813811191;0
15.38;-0.0108739238371393;-0.00505562721841129;0
15.39;-0.0109229712216054;-0.00472015576946714;0
15.4;-0.010968660034667;-0.00438384596882302;0
15.41;-0.0110109823528969;-0.00404680006971778;0
15.42;-0.011049931275628;-0.00370912037030401;0
15.43;-0.0110855009252635;-0.00337090918290589;0
15.44;-0.011117686447281;-0.00303226880332565;0
15.45;-0.011146484009929;-0.00269330148020771;0
15.46;-0.0111718908036181;-0.00235410938446963;0
15.47;-0.0111939050400061;-0.00201479457880891;0
15.48;-0.0112125259507788;-0.0016754589872946;0
15.49;-0.0112277537861278;-0.00133620436505275;0
15.5;-0.0112395898129242;-0.000997132268054632;0
15.51;-0.0112480363125924;-0.000658344023016504;0
15.52;-0.0112530965786817;-0.000319940697419911;0
15.53;-0.0112547749141402;1.79769303388206e-05;0
15.54;-0.0112530766282896;0.000355308400661125;0
15.55;-0.0112480080335045;0.000691953602312105;0
15.56;-0.0112395764415958;0.0010278128018312;0
15.57;-0.0112277901599016;0.00136278667277909;0
15.58;-0.0112126584870861;0.00169677632481225;0
15.59;-0.0111941917086478;0.00202968333257692;0
15.6;-0.011172401092141;0.00236140976441394;0
15.61;-0.0111472988821101;0.00269185821086632;0
15.62;-0.01111889829474;0.00302093181298121;0
15.63;-0.0110872135122245;0.00334853429039831;0
15.64;-0.011052259676855;0.00367456996921645;0
15.65;-0.011014052884831;0.00399894380963058;0
15.66;-0.010972610179796;0.00432156143333114;0
15.67;-0.0109279495460998;0.00464232915065806;0
15.68;-0.010880089901791;0.00496115398750164;0
15.69;-0.0108290510913413;0.00527794371194272;0
15.7;-0.0107748538781047;0.00559260686062462;0
15.71;-0.0107175199365142;0.00590505276484929;0
15.72;-0.0106570718440189;0.00621519157639047;0
15.73;-0.010593533072764;0.00652293429301654;0
15.74;-0.0105269279810174;0.00682819278371582;0
15.75;-0.0104572818043447;0.00713087981361752;0
15.76;-0.0103846206465372;0.00743090906860104;0
15.77;-0.0103089714702944;0.00772819517958715;0
15.78;-0.0102303620876659;0.008022653746504;0
15.79;-0.0101488211502545;0.00831420136192155;0
15.8;-0.0100643781391845;0.00860275563434777;0
15.81;-0.00997706335483889;0.00888823521118035;0
15.82;-0.00988690790636871;0.00917055980130741;0
15.83;-0.00979394370097733;0.00944965019735132;0
15.84;-0.00969820343298457;0.00972542829754932;0
15.85;-0.00959972057267341;0.00999781712726517;0
15.86;-0.0094985293549233;0.0102667408601259;0
15.87;-0.00939466476763376;0.0105321248387783;0
15.88;-0.00928816253994227;0.0107938955952587;0
15.89;-0.0091790591302401;0.0110519808709718;0
15.9;-0.00906739171399018;0.0113063096362726;0
15.91;-0.00895319817135097;0.0115568121096459;0
15.92;-0.00883651707461031;0.0118034197764789;0
15.93;-0.00871738767543351;0.012046065407422;0
15.94;-0.00859584989192953;0.0122846830763322;0
15.95;-0.0084719442955398;0.012519208177796;0
15.96;-0.00834571209775356;0.0127495774442248;0
15.97;-0.00821719513665432;0.0129757289625215;0
15.98;-0.00808643586330151;0.0131976021903112;0
15.99;-0.00795347732795186;0.013415137971734;0
16;-0.00781836316612475;0.0136282785527941;0
16.01;-0.00768113758451622;0.0138369675962632;0
16.02;-0.0075418453467658;0.0140411501961334;0
16.03;-0.007400531759081;0.0142407728916155;0
16.04;-0.00725724265572376;0.014435783680681;0
16.05;-0.00711202438436365;0.0146261320331429;0
16.06;-0.00696492379130223;0.0148117689032733;0
16.07;-0.00681598820657345;0.0149926467419539;0
16.08;-0.00666526542892456;0.0151687195083571;0
16.09;-0.0065128037106824;0.015339942681155;0
16.1;-0.00635865174250968;0.015506273269254;0
16.11;-0.00620285863805614;0.0156676698220512;0
16.12;-0.00604547391850915;0.0158240924392125;0
16.13;-0.00588654749704889;0.0159755027799688;0
16.14;-0.00572612966321261;0.0161218640719284;0
16.15;-0.00556427106717293;0.0162631411194045;0
16.16;-0.0054010227039352;0.0163993003112555;0
16.17;-0.00523643589745848;0.0165303096282375;0
16.18;-0.00507056228470532;0.0166561386498658;0
16.19;-0.00490345379962508;0.0167767585607864;0
16.2;-0.00473516265707578;0.0168921421566549;0
16.21;-0.00456574133668931;0.0170022638495225;0
16.22;-0.00439524256668512;0.0171070996727283;0
16.23;-0.00422371930763708;0.017206627285297;0
16.24;-0.0040512247361987;0.0173008259758419;0
16.25;-0.00387781222879148;0.0173896766659724;0
16.26;-0.00370353534526141;0.0174731619132067;0
16.27;-0.00352844781250866;0.0175512659133887;0
16.28;-0.0033526035080952;0.0176239745026095;0
16.29;-0.00317605644383554;0.0176912751586344;0
16.3;-0.00299886074937537;0.0177531570018349;0
16.31;-0.00282107065576314;0.0178096107956269;0
16.32;-0.00264274047901941;0.0178606289464158;0
16.33;-0.00246392460370906;0.0179062055030489;0
16.34;-0.00228467746652114;0.0179463361557763;0
16.35;-0.00210505353986126;0.017981018234722;0
16.36;-0.00192510731546162;0.0180102507078659;0
16.37;-0.00174489328801325;0.0180340341785379;0
16.38;-0.0015644659388256;0.0180523708824266;0
16.39;-0.00138387971951821;0.0180652646841039;0
16.4;-0.00120318903574925;0.0180727210730666;0
16.41;-0.0010224482309859;0.0180747471592983;0
16.42;-0.000841711570321155;0.0180713516683533;0
16.43;-0.000661033224342043;0.0180625449359639;0
16.44;-0.000480467253053819;0.0180483389021753;0
16.45;-0.000300067589864974;0.0180287471050087;0
16.46;-0.000119888025637706;0.0180037846736572;0
16.47;6.00178071914633e-05;0.0179734683212156;0
16.48;0.000239596450416292;0.0179378163369484;0
16.49;0.000418794635786034;0.0178968485780986;0
16.5;0.000597559300646684;0.0178505864612402;0
16.51;0.00077583760349371;0.0177990529531786;0
16.52;0.000953576939431768;0.0177422725614017;0
16.53;0.00113072495553692;0.0176802713240855;0
16.54;0.0013072295661169;0.0176130767996581;0
16.55;0.00148303896786511;0.0175407180559262;0
16.56;0.0016581016549038;0.0174632256587673;0
16.57;0.00183236643371239;0.0173806316603929;0
16.58;0.00200578243793638;0.0172929695871855;0
16.59;0.0021782991430728;0.0172002744271158;0
16.6;0.00234986638102792;0.017102582616742;0
16.61;0.00252043435454313;0.0169999320277984;0
16.62;0.00268995365148481;0.0168923619533762;0
16.63;0.0028583752589943;0.0167799130937019;0
16.64;0.00302565057749373;0.0166626275415191;0
16.65;0.00319173143454397;0.0165405487670771;0
16.66;0.00335657009855076;0.0164137216027328;0
16.67;0.00352011929231504;0.0162821922271707;0
16.68;0.00368233220642386;0.0161460081492468;0
16.69;0.003843162512478;0.0160052181914606;0
16.7;0.00400256437615272;0.0158598724730629;0
16.71;0.00416049247008788;0.0157100223928031;0
16.72;0.00431690198660406;0.0155557206113226;0
16.73;0.0044717486502409;0.015397021033201;0
16.74;0.00462498873011446;0.0152339787886592;0
16.75;0.00477657905209007;0.0150666502149274;0
16.76;0.00492647701076735;0.0148950928372828;0
16.77;0.00507464058127414;0.0147193653497639;0
16.78;0.0052210283308662;0.014539527595568;0
16.79;0.00536559943032943;0.014355640547137;0
16.8;0.00550831366518155;0.0141677662859399;0
16.81;0.00564913144667033;0.0139759679819568;0
16.82;0.00578801382256529;0.0137803098728728;0
16.83;0.00592492248774009;0.0135808572429865;0
16.84;0.0060598197945427;0.0133776764018417;0
16.85;0.00619266876295073;0.0131708346625888;0
16.86;0.00632343309050916;0.0129604003200813;0
16.87;0.0064520771620478;0.0127464426287173;0
16.88;0.00657856605917615;0.01252903178003;0
16.89;0.00670286556955303;0.0123082388800368;0
16.9;0.00682494219592857;0.0120841359263527;0
16.91;0.00694476316495639;0.0118567957850761;0
16.92;0.00706229643577362;0.0116262921674531;0
16.93;0.00717751070834656;0.0113926996063303;0
16.94;0.00729037543157993;0.0111560934323999;0
16.95;0.00740086081118779;0.0109165497502477;0
16.96;0.00750893781732387;0.0106741454142096;0
16.97;0.00761457819196984;0.0104289580040454;0
16.98;0.00771775445607942;0.0101810658004369;0
16.99;0.00781843991647665;0.00993054776031694;0
17;0.00791660867250689;0.00967748349203998;0
17.01;0.00801223562243866;0.00942195323039843;0
17.02;0.0081052964696151;0.00916403781149504;0
17.03;0.00819576772835347;0.00890381864747793;0
17.04;0.00828362672959145;0.00864137770114641;0
17.05;0.00836885162627894;0.00837679746043539;0
17.06;0.00845142139851411;0.00811016091278623;0
17.07;0.00853131585842284;0.00784155151941188;0
17.08;0.00860851565478019;0.00757105318946424;0
17.09;0.00868300227737322;0.00729875025411171;0
17.1;0.00875475806110424;0.00702472744053465;0
17.11;0.0088237661898336;0.00674906984584699;0
17.12;0.00889001069996142;0.0064718629109516;0
17.13;0.00895347648374766;0.00619319239433769;0
17.14;0.0090141492923698;0.00591314434582794;0
17.15;0.00907201573871798;0.0056318050802835;0
17.16;0.00912706329992685;0.00534926115127461;0
17.17;0.00917928031964409;0.0050655993247251;0
17.18;0.00922865601003532;0.00478090655253835;0
17.19;0.00927518045352513;0.00449526994621294;0
17.2;0.0093188446042743;0.00420877675045579;0
17.21;0.00935964028939317;0.00392151431680064;0
17.22;0.0093975602098912;0.00363357007724;0
17.23;0.00943259794136304;0.00334503151787815;0
17.24;0.00946474793441114;0.00305598615261326;0
17.25;0.00949400551480538;0.00276652149685646;0
17.26;0.00952036688338017;0.00247672504129554;0
17.27;0.00954382911566924;0.00218668422571118;0
17.28;0.00956439016127906;0.00189648641285349;0
17.29;0.00958204884300115;0.00160621886238648;0
17.3;0.00959680485566428;0.00131596870490823;0
17.31;0.0096086587647272;0.00102582291605439;0
17.32;0.00961761200461283;0.000735868290692676;0
17.33;0.00962366687678476;0.000446191417215859;0
17.34;0.00962682654756726;0.000156878651940859;0
17.35;0.00962709504570971;-0.000131983906378612;0
17.36;0.00962447725969674;-0.000420310441918383;0
17.37;0.0096189789348052;-0.000708015447021761;0
17.38;0.00961060666990946;-0.000995013747301702;0
17.39;0.00959936791403627;-0.00128122052659995;0
17.4;0.00958527096267069;-0.00156655135179591;0
17.41;0.00956832495381465;-0.001850922197458;0
17.42;0.00954853986379973;-0.00213424947033052;0
17.43;0.00952592650285588;-0.00241645003364883;0
17.44;0.00950049651043766;-0.00269744123127588;0
17.45;0.00947226235031012;-0.00297714091165327;0
17.46;0.00944123730539587;-0.00325546745155975;0
17.47;0.00940743547238557;-0.00353233977967071;0
17.48;0.00937087175611367;-0.00380767739991154;0
17.49;0.00933156186370159;-0.00408140041459856;0
17.5;0.00928952229847053;-0.0043534295473607;0
17.51;0.00924477035362599;-0.00462368616583569;0
17.52;0.00919732410571637;-0.00489209230413397;0
17.53;0.00914720240786809;-0.00515857068506445;0
17.54;0.00909442488279943;-0.00542304474211543;0
17.55;0.0090390119156158;-0.00568543864118486;0
17.56;0.00898098464638873;-0.00594567730205358;0
17.57;0.00892036496252143;-0.00620368641959575;0
17.58;0.00885717549090336;-0.00645939248472048;0
17.59;0.0087914395898567;-0.00671272280503881;0
17.6;0.00872318134087727;-0.00696360552525036;0
17.61;0.00865242554017305;-0.00721196964724407;0
17.62;0.00857919769000285;-0.00745774504990739;0
17.63;0.00850352398981826;-0.00770086250863852;0
17.64;0.00842543132721188;-0.00794125371455643;0
17.65;0.00834494726867479;-0.00817885129340336;0
17.66;0.00826210005016639;-0.0084135888241346;0
17.67;0.00817691856749977;-0.00864540085719069;0
17.68;0.00808943236654586;-0.00887422293244693;0
17.69;0.00799967163325946;-0.00909999159683545;0
17.7;0.00790766718353063;-0.00932264442163514;0
17.71;0.00781345045286462;-0.00954212001942484;0
17.72;0.00771705348589387;-0.00975835806069517;0
17.73;0.00761850892572538;-0.00997129929011474;0
17.74;0.00751785000312702;-0.0101808855424464;0
17.75;0.00741511052555628;-0.0103870597581094;0
17.76;0.00731032486603497;-0.0105897659983832;0
17.77;0.00720352795187356;-0.0107889494602497;0
17.78;0.00709475525324866;-0.0109845564908685;0
17.79;0.00698404277163751;-0.0111765346016836;0
17.8;0.00687142702811301;-0.0113648324821563;0
17.81;0.00675694505150311;-0.0115494000131213;0
17.82;0.0066406343664184;-0.0117301882797631;0
17.83;0.00652253298115162;-0.0119071495842084;0
17.84;0.00640267937545297;-0.0120802374577332;0
17.85;0.00628111248818514;-0.0122494066725791;0
17.86;0.0061578717048619;-0.0124146132533785;0
17.87;0.00603299684507425;-0.0125758144881839;0
17.88;0.00590652814980804;-0.0127329689391001;0
17.89;0.00577850626865705;-0.0128860364525156;0
17.9;0.00564897224693563;-0.0130349781689324;0
17.91;0.00551796751269478;-0.0131797565323898;0
17.92;0.0053855338636459;-0.0133203352994821;0
17.93;0.00525171345399613;-0.0134566795479673;0
17.94;0.0051165487811995;-0.0135887556849642;0
17.95;0.00498008267262796;-0.0137165314547381;0
17.96;0.00484235827216636;-0.0138399759460714;0
17.97;0.00470341902673571;-0.0139590595992186;0
17.98;0.0045633086727486;-0.0140737542124447;0
17.99;0.0044220712225013;-0.0141840329481451;0
18;0.00427975095050639;-0.0142898703385454;0
18.01;0.00413639237977041;-0.0143912422909821;0
18.02;0.00399204026802047;-0.0144881260927604;0
18.03;0.00384673959388433;-0.0145805004155919;0
18.04;0.00370053554302783;-0.0146683453196077;0
18.05;0.0035534734942543;-0.0147516422569497;0
18.06;0.00340559900556973;-0.0148303740749384;0
18.07;0.00325695780021838;-0.0149045250188164;0
18.08;0.00310759575269272;-0.0149740807340684;0
18.09;0.00295755887472214;-0.0150390282683178;0
18.1;0.00280689330124458;-0.0150993560727997;0
18.11;0.00265564527636536;-0.0151550540034097;0
18.12;0.00250386113930738;-0.0152061133213314;0
18.13;0.00235158731035699;-0.0152525266932401;0
18.14;0.0021988702768097;-0.0152942881910858;0
18.15;0.00204575657891994;-0.0153313932914549;0
18.16;0.00189229279585916;-0.015363838874512;0
18.17;0.00173852553168629;-0.0153916232225227;0
18.18;0.00158450140133494;-0.0154147460179591;0
18.19;0.00143026701662142;-0.0154332083411883;0
18.2;0.00127586897227767;-0.0154470126677459;0
18.21;0.00112135383201337;-0.0154561628651963;0
18.22;0.000966768114611352;-0.0154606641895807;0
18.23;0.000812158280060239;-0.0154605232814556;0
18.24;0.000657570715728686;-0.0154557481615223;0
18.25;0.000503051722585062;-0.0154463482258508;0
18.26;0.000348647501466752;-0.0154323342406993;0
18.27;0.000194404139403059;-0.0154137183369322;0
18.28;4.03675959957337e-05;-0.0153905140040382;0
18.29;-0.000113416310138893;-0.0153627360837518;0
18.3;-0.000266901914862211;-0.0153304007632804;0
18.31;-0.000420043721936142;-0.0152935255681393;0
18.32;-0.000572796416372548;-0.0152521293545983;0
18.33;-0.000725114877705363;-0.0152062323017421;0
18.34;-0.00087695419318161;-0.0151558559031481;0
18.35;-0.00102826967086748;-0.0151010229581843;0
18.36;-0.00117901685266568;-0.0150417575629305;0
18.37;-0.00132915152724036;-0.0149780851007267;0
18.38;-0.00147862974284578;-0.0149100322323521;0
18.39;-0.00162740782005518;-0.0148376268858373;0
18.4;-0.00177544236438613;-0.0147608982459149;0
18.41;-0.00192269027881873;-0.0146798767431111;0
18.42;-0.00206910877620317;-0.0145945940424829;0
18.43;-0.00221465539155306;-0.014505083032004;0
18.44;-0.00235928799422108;-0.0144113778106051;0
18.45;-0.00250296479995342;-0.0143135136758705;0
18.46;-0.00264564438281976;-0.0142115271113977;0
18.47;-0.00278728568701525;-0.0141054557738224;0
18.48;-0.00292784803853133;-0.0139953384795147;0
18.49;-0.00306729115669199;-0.0138812151909501;0
18.5;-0.0032055751655523;-0.0137631270027604;0
18.51;-0.00334266060515608;-0.01364111612747;0
18.52;-0.00347850844264947;-0.0135152258809201;0
18.53;-0.00361308008324737;-0.0133855006673888;0
18.54;-0.00374633738104978;-0.0132519859644092;0
18.55;-0.00387824264970491;-0.0131147283072931;0
18.56;-0.00400875867291626;-0.0129737752733629;0
18.57;-0.00413784871479074;-0.0128291754658996;0
18.58;-0.00426547653002497;-0.0126809784978097;0
18.59;-0.00439160637392701;-0.0125292349750179;0
18.6;-0.00451620301227088;-0.0123739964795915;0
18.61;-0.00463923173098099;-0.0122153155525995;0
18.62;-0.00476065834564413;-0.0120532456767154;0
18.63;-0.0048804492108463;-0.0118878412585667;0
18.64;-0.00499857122933188;-0.0117191576108377;0
18.65;-0.00511499186098279;-0.0115472509341321;0
18.66;-0.0052296791316152;-0.0113721782986;0
18.67;-0.00534260164159148;-0.0111939976253361;0
18.68;-0.00545372857424509;-0.0110127676675549;0
18.69;-0.00556302970411631;-0.0108285479915486;0
18.7;-0.00567047540499649;-0.0106413989574338;0
18.71;-0.00577603665777896;-0.0104513816996941;0
18.72;-0.00587968505811435;-0.010258558107523;0
18.73;-0.00598139282386858;-0.0100629908049754;0
18.74;-0.00608113280238142;-0.0098647431309319;0
18.75;-0.00617887847752396;-0.00966387911888399;0
18.76;-0.00627460397655309;-0.00946046347654559;0
18.77;-0.00636828407676137;-0.00925456156529737;0
18.78;-0.00645989421192058;-0.00904623937947055;0
18.79;-0.00654941047851747;-0.00883556352547664;0
18.8;-0.00663680964178009;-0.00862260120078945;0
18.81;-0.0067220691414933;-0.0084074201727861;0
18.82;-0.00680516709760208;-0.00819008875745363;0
18.83;-0.00688608231560138;-0.00797067579796761;0
18.84;-0.00696479429171112;-0.00774925064314964;0
18.85;-0.00704128321783529;-0.00752588312581029;0
18.86;-0.00711552998630401;-0.00730064354098415;0
18.87;-0.00718751619439742;-0.00707360262406377;0
18.88;-0.00725722414865054;-0.0068448315288391;0
18.89;-0.00732463686893809;-0.00661440180544937;0
18.9;-0.00738973809233845;-0.00638238537825397;0
18.91;-0.00745251227677601;-0.00614885452362918;0
18.92;-0.0075129446044412;-0.00591388184769762;0
18.93;-0.00757102098498748;-0.00567754026399702;0
18.94;-0.0076267280585048;-0.00543990297109533;0
18.95;-0.00768005319826904;-0.00520104343015878;0
18.96;-0.00773098451326682;-0.00496103534247982;0
18.97;-0.00777951085049559;-0.00471995262697167;0
18.98;-0.00782562179703842;-0.00447786939763634;0
18.99;-0.00786930768191343;-0.0042348599410129;0
19;-0.00791055957769761;-0.00399099869361276;0
19.01;-0.00794936930192502;-0.0037463602193488;0
19.02;-0.00798572941825919;-0.00350101918696508;0
19.03;-0.0080196332374399;-0.00325505034747397;0
19.04;-0.0080510748180044;-0.00300852851160731;0
19.05;-0.00808004896678321;-0.00276152852728851;0
19.06;-0.00810655123917071;-0.00251412525713213;0
19.07;-0.00813057793917098;-0.00226639355597785;0
19.08;-0.00815212611921907;-0.00201840824846524;0
19.09;-0.00817119357977827;-0.00177024410665624;0
19.1;-0.00818777886871383;-0.00152197582771178;0
19.11;-0.0082018812804437;-0.00127367801162928;0
19.12;-0.00821350085486699;-0.00102542513904749;0
19.13;-0.00822263837607075;-0.000777291549125298;0
19.14;-0.00822929537081592;-0.000529351417500922;0
19.15;-0.00823347410680326;-0.000281678734338033;0
19.16;-0.00823517759072016;-3.43472824651984e-05;0
19.17;-0.00823440956606927;0.000212569384384959;0
19.18;-0.00823117451078;0.000458997963230519;0
19.19;-0.008225477634604;0.000704865423382647;0
19.2;-0.00821732487629571;0.000950099027869326;0
19.21;-0.00820672290057921;0.00119462635473423;0
19.22;-0.00819367909490276;0.00143837531820453;0
19.23;-0.00817820156598215;0.00168127418972163;0
19.24;-0.00816029913613448;0.00192325161882856;0
19.25;-0.00813998133940368;0.00216423665390821;0
19.26;-0.00811725841747939;0.00240415876276639;0
19.27;-0.00809214131541063;0.00264294785305367;0
19.28;-0.00806464167711613;0.00288053429252042;0
19.29;-0.00803477184069279;0.00311684892909899;0
19.3;-0.00800254483352415;0.00335182311080756;0
19.31;-0.00796797436719061;0.00358538870546972;0
19.32;-0.0079310748321834;0.00381747812024452;0
19.33;-0.00789186129242397;0.00404802432096113;0
19.34;-0.00785034947959108;0.00427696085125291;0
19.35;-0.0078065557872574;0.00450422185148532;0
19.36;-0.00776049726483777;0.00472974207747245;0
19.37;-0.00771219161135129;0.00495345691897693;0
19.38;-0.00766165716899939;0.00517530241798792;0
19.39;-0.00760891291656219;0.00539521528677231;0
19.4;-0.00755397846261528;0.00561313292569381;0
19.41;-0.00749687403856946;0.00582899344079531;0
19.42;-0.00743762049153574;0.00604273566113937;0
19.43;-0.00737623927701798;0.00625429915590224;0
19.44;-0.00731275245143577;0.00646362425121661;0
19.45;-0.00724718266447999;0.00667065204675851;0
19.46;-0.00717955315130372;0.00687532443207388;0
19.47;-0.00710988772455103;0.0070775841026402;0
19.48;-0.00703821076622636;0.00727737457565902;0
19.49;-0.00696454721940725;0.00747464020557504;0
19.5;-0.00688892257980306;0.00766932619931743;0
19.51;-0.00681136288716257;0.00786137863125955;0
19.52;-0.00673189471653331;0.00805074445789281;0
19.53;-0.00665054516937536;0.00823737153221103;0
19.54;-0.00656734186453272;0.0084212086178012;0
19.55;-0.00648231292906499;0.00860220540263713;0
19.56;-0.00639548698894263;0.00878031251257231;0
19.57;-0.00630689315960849;0.00895548152452843;0
19.58;-0.00621656103640893;0.0091276649793761;0
19.59;-0.00612452068489752;0.00929681639450453;0
19.6;-0.00603080263101441;0.00946289027607689;0
19.61;-0.00593543785114468;0.00962584213096814;0
19.62;-0.00583845776205857;0.00978562847838248;0
19.63;-0.00573989421073722;0.00994220686114727;0
19.64;-0.00563977946408669;0.0100955358566807;0
19.65;-0.00553814619854402;0.0102455750876307;0
19.66;-0.00543502748957818;0.0103922852321819;0
19.67;-0.00533045680108962;0.0105356280340285;0
19.68;-0.00522446797471147;0.0106755663120113;0
19.69;-0.005117095219016;0.0108120639694146;0
19.7;-0.0050083730986296;0.0109450860029233;0
19.71;-0.00489833652325968;0.0110745985112361;0
19.72;-0.0047870207366371;0.0112005687033338;0
19.73;-0.00467446130537737;0.0113229649064006;0
19.74;-0.00456069410776428;0.0114417565733963;0
19.75;-0.00444575532245934;0.0115569142902787;0
19.76;-0.0043296814171406;0.0116684097828731;0
19.77;-0.00421250913707437;0.011776215923389;0
19.78;-0.00409427549362332;0.0118803067365815;0
19.79;-0.00397501775269465;0.0119806574055569;0
19.8;-0.00385477342313175;0.012077244277221;0
19.81;-0.00373358024505299;0.0121700448673692;0
19.82;-0.00361147617814126;0.0122590378654172;0
19.83;-0.00348849938988777;0.0123442031387725;0
19.84;-0.00336468824379383;0.0124255217368442;0
19.85;-0.00324008128753406;0.0125029758946928;0
19.86;-0.00311471724108484;0.0125765490363171;0
19.87;-0.00298863498482143;0.0126462257775798;0
19.88;-0.00286187354758751;0.0127119919287709;0
19.89;-0.0027344720947407;0.0127738344968081;0
19.9;-0.0026064699161777;0.0128317416870752;0
19.91;-0.00247790641434272;0.0128857029048977;0
19.92;-0.00234882109222273;0.0129357087566566;0
19.93;-0.00221925354133321;0.0129817510505396;0
19.94;-0.00208924342969808;0.0130238227969318;0
19.95;-0.00195883048982726;0.0130619182084442;0
19.96;-0.00182805450669559;0.0130960326995824;0
19.97;-0.00169695530572673;0.0131261628860559;0
19.98;-0.00156557274078556;0.0131523065837273;0
19.99;-0.00143394668218265;0.0131744628072053;0
20;-0.00130211700469447;0.0131926317680792;0
