0;0.931111627487221;0.0953923240045611;0
0.01;0.931939125874599;0.067302296472828;0
0.02;0.932485843539979;0.0392403718407614;0
0.03;0.932752099168223;0.0112149136649536;0
0.04;0.932738294967916;-0.0167657398033942;0
0.05;0.93244491640725;-0.0446932780744581;0
0.06;0.931872531925404;-0.0725594208632356;0
0.07;0.931021792619548;-0.100355920519736;0
0.08;0.929893431907609;-0.12807456444521;0
0.09;0.92848826516694;-0.155707177493723;0
0.1;0.926807189349038;-0.18324562435837;0
0.11;0.924851182570479;-0.210681811941449;0
0.12;0.922621303680216;-0.238007691707909;0
0.13;0.920118691803429;-0.265215262021396;0
0.14;0.917344565862091;-0.292296570462219;0
0.15;0.914300224072441;-0.31924371612659;0
0.16;0.910987043419546;-0.346048851906459;0
0.17;0.907406479109159;-0.372704186749314;0
0.18;0.903560063997073;-0.399201987897286;0
0.19;0.899449407996172;-0.425534583104939;0
0.2;0.895076197461412;-0.4516943628351;0
0.21;0.890442194552935;-0.477673782432129;0
0.22;0.885549236577563;-0.503465364271993;0
0.23;0.880399235308891;-0.52906169988856;0
0.24;0.87499417628623;-0.554455452075507;0
0.25;0.869336118092642;-0.579639356963247;0
0.26;0.863427191612322;-0.604606226070311;0
0.27;0.857269599267576;-0.629348948328608;0
0.28;0.850865614235677;-0.653860492081985;0
0.29;0.84421757964585;-0.678133907057565;0
0.3;0.837327907756668;-0.70216232630929;0
0.31;0.830199079114146;-0.725938968133148;0
0.32;0.822833641690803;-0.749457137953558;0
0.33;0.815234210006001;-0.772710230180395;0
0.34;0.807403464227841;-0.795691730036147;0
0.35;0.799344149256926;-0.818395215352712;0
0.36;0.791059073792296;-0.840814358337345;0
0.37;0.782551109379839;-0.862942927307281;0
0.38;0.773823189443507;-0.884774788392561;0
0.39;0.764878308299642;-0.906303907206626;0
0.4;0.75571952015474;-0.927524350484199;0
0.41;0.746349938086996;-0.948430287686053;0
0.42;0.73677273301194;-0.969015992570225;0
0.43;0.72699113263252;-0.989275844729266;0
0.44;0.717008420373969;-1.00920433109312;0
0.45;0.706827934303788;-1.02879604739723;0
0.46;0.696453066037222;-1.04804569961558;0
0.47;0.68588725962855;-1.06694810535809;0
0.48;0.675134010448572;-1.08549819523229;0
0.49;0.664196864048637;-1.10369101416869;0
0.5;0.653079415011585;-1.12152172270963;0
0.51;0.641785305789961;-1.13898559826128;0
0.52;0.630318225531885;-1.15607803630841;0
0.53;0.618681908894928;-1.17279455159171;0
0.54;0.606880134848404;-1.18913077924736;0
0.55;0.594916725464419;-1.20508247590849;0
0.56;0.58279554469809;-1.22064552076837;0
0.57;0.570520497157297;-1.23581591660504;0
0.58;0.558095526862371;-1.25058979076707;0
0.59;0.545524615996094;-1.26496339612042;0
0.6;0.53281178364441;-1.27893311195586;0
0.61;0.519961084528234;-1.29249544485712;0
0.62;0.506976607726767;-1.30564702952922;0
0.63;0.493862475392699;-1.31838462958714;0
0.64;0.480622841459708;-1.33070513830435;0
0.65;0.467261890342654;-1.34260557932124;0
0.66;0.453783835630868;-1.3540831073133;0
0.67;0.440192918774948;-1.36513500861881;0
0.68;0.42649340776745;-1.37575870182597;0
0.69;0.412689595817897;-1.38595173831948;0
0.7;0.398785800022508;-1.39571180278622;0
0.71;0.384786360029046;-1.40503671368029;0
0.72;0.370695636697206;-1.41392442364694;0
0.73;0.356518010754945;-1.42237301990573;0
0.74;0.342257881451167;-1.43038072459261;0
0.75;0.327919665205169;-1.43794589506094;0
0.76;0.313507794253262;-1.44506702414153;0
0.77;0.299026715292981;-1.45174274036157;0
0.78;0.284480888125283;-1.45797180812255;0
0.79;0.269874784295158;-1.46375312783709;0
0.8;0.255212885731048;-1.46908573602482;0
0.81;0.240499683383501;-1.47396880536724;0
0.82;0.225739675863451;-1.47840164472174;0
0.83;0.21093736808055;-1.48238369909472;0
0.84;0.196097269881947;-1.48591454957393;0
0.85;0.181223894691928;-1.48899391322021;0
0.86;0.166321758152824;-1.4916216429186;0
0.87;0.151395376767582;-1.49379772718897;0
0.88;0.136449266544426;-1.49552228995639;0
0.89;0.121487941643978;-1.49679559028123;0
0.9;0.106515913029269;-1.49761802204931;0
0.91;0.0915376871190294;-1.49799011362203;0
0.92;0.0765577644446485;-1.49791252744692;0
0.93;0.0615806383112137;-1.49738605962861;0
0.94;0.046610793463014;-1.49641163946045;0
0.95;0.0316527047539048;-1.49499032891708;0
0.96;0.016710835822921;-1.49312332210803;0
0.97;0.00178963777552963;-1.49081194469265;0
0.98;-0.0131064521290949;-1.48805765325671;0
0.99;-0.0279730117843887;-1.48486203465068;0
1;-0.0428056355359283;-1.48122680529023;0
1.01;-0.0575999354737969;-1.477153810419;0
1.02;-0.0723515427174085;-1.47264502333408;0
1.03;-0.0870561086924212;-1.46770254457438;0
1.04;-0.101709306399368;-1.46232860107232;0
1.05;-0.11630683167364;-1.45652554526905;0
1.06;-0.130844404436461;-1.45029585419355;0
1.07;-0.145317769936486;-1.44364212850599;0
1.08;-0.159722699981683;-1.43656709150573;0
1.09;-0.174054994161129;-1.42907358810411;0
1.1;-0.188310481056381;-1.42116458376275;0
1.11;-0.202485019442073;-1.41284316339734;0
1.12;-0.216574499475402;-1.40411253024768;0
1.13;-0.230574843874157;-1.39497600471408;0
1.14;-0.244482009082971;-1.38543702316066;0
1.15;-0.258291986427447;-1.375499136686;0
1.16;-0.272000803255859;-1.36516600986143;0
1.17;-0.285604524068079;-1.35444141943756;0
1.18;-0.299099251631435;-1.3433292530193;0
1.19;-0.31248112808318;-1.33183350771004;0
1.2;-0.325746336019262;-1.31995828872527;0
1.21;-0.338891099569093;-1.30770780797618;0
1.22;-0.351911685456028;-1.29508638262373;0
1.23;-0.364804404043245;-1.28209843360362;0
1.24;-0.377565610364753;-1.26874848412278;0
1.25;-0.390191705141233;-1.25504115812763;0
1.26;-0.402679135780438;-1.24098117874496;0
1.27;-0.415024397361883;-1.22657336669557;0
1.28;-0.427224033605547;-1.21182263868156;0
1.29;-0.439274637824336;-1.19673400574748;0
1.3;-0.451172853860035;-1.18131257161612;0
1.31;-0.46291537700251;-1.16556353099928;0
1.32;-0.474498954891912;-1.14949216788426;0
1.33;-0.485920388403626;-1.13310385379647;0
1.34;-0.497176532515754;-1.11640404603886;0
1.35;-0.50826429715888;-1.09939828590852;0
1.36;-0.519180648047909;-1.08209219689135;0
1.37;-0.529922607495748;-1.06449148283508;0
1.38;-0.540487255208626;-1.04660192610131;0
1.39;-0.550871729062845;-1.02842938569734;0
1.4;-0.561073225862753;-1.00997979538809;0
1.41;-0.571089002079757;-0.991259161788882;0
1.42;-0.580916374572173;-0.972273562439758;0
1.43;-0.590552721285745;-0.953029143861723;0
1.44;-0.599995481934638;-0.933532119595726;0
1.45;-0.609242158662758;-0.913788768224899;0
1.46;-0.61829031668521;-0.893805431380695;0
1.47;-0.627137584909752;-0.873588511733566;0
1.48;-0.635781656538091;-0.853144470968783;0
1.49;-0.644220289646867;-0.832479827748054;0
1.5;-0.652451307748194;-0.811601155657561;0
1.51;-0.660472600329628;-0.790515081143067;0
1.52;-0.668282123373419;-0.769228281432714;0
1.53;-0.675877899854948;-0.74774748244818;0
1.54;-0.683258020220223;-0.726079456704825;0
1.55;-0.690420642842323;-0.70423102120148;0
1.56;-0.697363994456708;-0.682209035300524;0
1.57;-0.704086370575272;-0.660020398598913;0
1.58;-0.710586135879089;-0.637672048790805;0
1.59;-0.716861724589726;-0.615170959522429;0
1.6;-0.722911640819094;-0.592524138239882;0
1.61;-0.728734458897731;-0.569738624030475;0
1.62;-0.734328823681482;-0.546821485458317;0
1.63;-0.739693450836511;-0.523779818394773;0
1.64;-0.744827127102585;-0.500620743844475;0
1.65;-0.74972871053462;-0.477351405767527;0
1.66;-0.754397130722416;-0.453978968898575;0
1.67;-0.758831388988582;-0.430510616563403;0
1.68;-0.763030558564615;-0.406953548493697;0
1.69;-0.766993784745123;-0.383314978640657;0
1.7;-0.770720285020173;-0.359602132988102;0
1.71;-0.774209349185783;-0.335822247365724;0
1.72;-0.77746033943254;-0.311982565263147;0
1.73;-0.780472690412369;-0.288090335645459;0
1.74;-0.783245909283463;-0.264152810770839;0
1.75;-0.785779575733404;-0.240177244010961;0
1.76;-0.788073341980504;-0.216170887674806;0
1.77;-0.790126932753398;-0.192140990836533;0
1.78;-0.791940145248938;-0.168094797168051;0
1.79;-0.793512849068435;-0.144039542776939;0
1.8;-0.794844986132314;-0.119982454050344;0
1.81;-0.795936570573224;-0.0959307455055087;0
1.82;-0.796787688607699;-0.0718916176475362;0
1.83;-0.797398498386418;-0.0478722548350515;0
1.84;-0.797769229823175;-0.0238798231543628;0
1.85;-0.797900184402617;7.85316972436428e-05;0
1.86;-0.797791734966867;0.0239956865184593;0
1.87;-0.797444325481118;0.0478645427005444;0
1.88;-0.796858470778317;0.0716780283129437;0
1.89;-0.796034756283035;0.0954291001773214;0
1.9;-0.794973837714661;0.119110745929411;0
1.91;-0.793676440770026;0.142715986068088;0
1.92;-0.792143360785604;0.166237875991065;0
1.93;-0.790375462379407;0.189669508016631;0
1.94;-0.788373679072743;0.213004013390848;0
1.95;-0.786139012891955;0.236234564279625;0
1.96;-0.783672533950318;0.259354375745108;0
1.97;-0.780975380010242;0.282356707705814;0
1.98;-0.778048756025951;0.305234866879939;0
1.99;-0.774893933666801;0.327982208711318;0
2;-0.771512250821425;0.350592139277447;0
2.01;-0.76790511108288;0.373058117179063;0
2.02;-0.764073983214977;0.395373655410729;0
2.03;-0.760020400599997;0.41753232321189;0
2.04;-0.755745960667989;0.439527747897901;0
2.05;-0.751252324307846;0.461353616670489;0
2.06;-0.746541215260367;0.483003678407157;0
2.07;-0.74161441949353;0.504471745429024;0
2.08;-0.736473784560182;0.525751695246607;0
2.09;-0.73112121893837;0.546837472283063;0
2.1;-0.725558691354544;0.567723089574408;0
2.11;-0.719788230089863;0.588402630446256;0
2.12;-0.713811922269845;0.608870250166592;0
2.13;-0.707631913137592;0.629120177574153;0
2.14;-0.701250405310846;0.649146716681945;0
2.15;-0.694669658023126;0.668944248255479;0
2.16;-0.687891986349192;0.688507231365282;0
2.17;-0.680919760415105;0.707830204913267;0
2.18;-0.673755404593147;0.726907789132554;0
2.19;-0.666401396681849;0.745734687060326;0
2.2;-0.658860267071432;0.764305685983339;0
2.21;-0.651134597894903;0.782615658855689;0
2.22;-0.643227022165105;0.800659565688465;0
2.23;-0.635140222898004;0.818432454910916;0
2.24;-0.626876932222478;0.835929464702775;0
2.25;-0.618439930476933;0.853145824297387;0
2.26;-0.609832045293007;0.870076855255309;0
2.27;-0.601056150666676;0.886717972708039;0
2.28;-0.592115166017059;0.90306468657156;0
2.29;-0.583012055233226;0.919112602729389;0
2.3;-0.573749825709311;0.934857424184822;0
2.31;-0.564331527368241;0.950294952182085;0
2.32;-0.554760251674399;0.965421087296117;0
2.33;-0.545039130635531;0.980231830490693;0
2.34;-0.535171335794208;0.994723284144643;0
2.35;-0.52516007720918;1.00889165304591;0
2.36;-0.515008602426929;1.02273324535319;0
2.37;-0.504720195443753;1.03624447352495;0
2.38;-0.49429817565871;1.04942185521556;0
2.39;-0.483745896817749;1.06226201413839;0
2.4;-0.473066745949354;1.07476168089558;0
2.41;-0.462264142292048;1.08691769377437;0
2.42;-0.451341536214084;1.09872699950981;0
2.43;-0.440302408125654;1.11018665401361;0
2.44;-0.429150267383972;1.121293823069;0
2.45;-0.417888651191555;1.1320457829915;0
2.46;-0.406521123488054;1.14243992125543;0
2.47;-0.395051273835969;1.15247373708594;0
2.48;-0.383482716300611;1.16214484201664;0
2.49;-0.371819088324626;1.17145096041251;0
2.5;-0.360064049597464;1.18038992995812;0
2.51;-0.348221280920108;1.1889597021111;0
2.52;-0.336294483065436;1.19715834252059;0
2.53;-0.324287375634546;1.20498403141092;0
2.54;-0.312203695909411;1.2124350639301;0
2.55;-0.300047197702199;1.21950985046341;0
2.56;-0.28782165020162;1.22620691691185;0
2.57;-0.275530836816646;1.23252490493543;0
2.58;-0.263178554017952;1.23846257216145;0
2.59;-0.250768610177437;1.2440187923576;0
2.6;-0.238304824406171;1.2491925555699;0
2.61;-0.225791025391115;1.25398296822567;0
2.62;-0.213231050230983;1.25838925320133;0
2.63;-0.200628743271563;1.2624107498552;0
2.64;-0.187987954940888;1.26604691402539;0
2.65;-0.175312540584573;1.26929731799267;0
2.66;-0.162606359301681;1.2721616504086;0
2.67;-0.14987327278147;1.27463971618883;0
2.68;-0.137117144141359;1.27673143637178;0
2.69;-0.124341836766462;1.27843684794271;0
2.7;-0.111551213151036;1.2797561036234;0
2.71;-0.098749133742195;1.2806894716274;0
2.72;-0.0859394557862131;1.28123733538117;0
2.73;-0.073126032177778;1.28140019321115;0
2.74;-0.0603127103125243;1.28117865799686;0
2.75;-0.047503330943187;1.28057345679034;0
2.76;-0.0347017270397127;1.27958543040198;0
2.77;-0.0219117226536627;1.27821553295295;0
2.78;-0.009137131787241;1.27646483139445;0
2.79;0.00361824273272085;1.27433450499398;0
2.8;0.0163506103754947;1.27182584478878;0
2.81;0.029056194021574;1.26894025300678;0
2.82;0.0417312310718556;1.2656792424551;0
2.83;0.0543719745505622;1.26204443587658;0
2.84;0.0669746942015869;1.25803756527439;0
2.85;0.0795356775779403;1.25366047120502;0
2.86;0.0920512311239881;1.24891510204004;0
2.87;0.104517681250165;1.24380351319674;0
2.88;0.116931375399855;1.238327866338;0
2.89;0.129288683108139;1.23249042854175;0
2.9;0.141585997052091;1.22629357144015;0
2.91;0.153819734092343;1.21973977032904;0
2.92;0.165986336305599;1.21283160324777;0
2.93;0.178082272007827;1.20557175002978;0
2.94;0.190104036767821;1.19796299132438;0
2.95;0.202048154410849;1.19000820758994;0
2.96;0.213911178012112;1.18171037805891;0
2.97;0.225689690879725;1.17307257967501;0
2.98;0.237380307526945;1.16409798600291;0
2.99;0.248979674633375;1.15478986611092;0
3;0.260484471994873;1.14515158342687;0
3.01;0.271891413461903;1.13518659456773;0
3.02;0.283197247866066;1.1248984481433;0
3.03;0.294398759934545;1.11429078353435;0
3.04;0.305492771192231;1.10336732964569;0
3.05;0.316476140851256;1.09213190363453;0
3.06;0.32734576668771;1.08058840961455;0
3.07;0.338098585905282;1.06874083733617;0
3.08;0.348731575985602;1.05659326084341;0
3.09;0.359241755525053;1.04414983710775;0
3.1;0.369626185057812;1.03141480463952;0
3.11;0.379881967864909;1.01839248207724;0
3.12;0.390006250769079;1.00508726675533;0
3.13;0.399996224915202;0.991503633250731;0
3.14;0.409849126536111;0.977646131908811;0
3.15;0.419562237703566;0.963519387349172;0
3.16;0.429132887064201;0.949128096951701;0
3.17;0.438558450560244;0.934477029323427;0
3.18;0.447836352134822;0.919571022746672;0
3.19;0.456964064421657;0.904414983608974;0
3.2;0.465939109418996;0.889013884815295;0
3.21;0.474759059147572;0.873372764183018;0
3.22;0.483421536292442;0.857496722820248;0
3.23;0.491924214828543;0.841390923487926;0
3.24;0.500264820629786;0.825060588946272;0
3.25;0.508441132061556;0.808511000286093;0
3.26;0.516450980556454;0.79174749524547;0
3.27;0.524292251173141;0.774775466512353;0
3.28;0.531962883138149;0.757600360013611;0
3.29;0.539460870370527;0.740227673191052;0
3.3;0.546784261989178;0.722662953264976;0
3.31;0.553931162802794;0.704911795485781;0
3.32;0.560899733782243;0.686979841374183;0
3.33;0.567688192515313;0.668872776950582;0
3.34;0.574294813643704;0.650596330954147;0
3.35;0.580717929282167;0.632156273052136;0
3.36;0.58695592941969;0.613558412040045;0
3.37;0.593007262302649;0.594808594033107;0
3.38;0.598870434799841;0.575912700649719;0
3.39;0.604544012749308;0.556876647187346;0
3.4;0.610026621286897;0.537706380791468;0
3.41;0.615316945156476;0.51840787861812;0
3.42;0.62041372900175;0.498987145990605;0
3.43;0.625315777639617;0.479450214550917;0
3.44;0.630021956315019;0.459803140406468;0
3.45;0.634531190937244;0.440052002272654;0
3.46;0.638842468297632;0.420202899611839;0
3.47;0.642954836268657;0.400261950769325;0
3.48;0.646867403984362;0.380235291106858;0
3.49;0.650579342002115;0.36012907113424;0
3.5;0.65408988244568;0.339949454639621;0
3.51;0.657398319129577;0.319702616819012;0
3.52;0.66050400766475;0.299394742405603;0
3.53;0.663406365545517;0.279032023799432;0
3.54;0.666104872217827;0.258620659197968;0
3.55;0.668599069128827;0.238166850728179;0
3.56;0.670888559757757;0.21767680258062;0
3.57;0.672973009628201;0.197156719146117;0
3.58;0.674852146301715;0.176612803155594;0
3.59;0.676525759352869;0.156051253823589;0
3.6;0.677993700325748;0.135478264996018;0
3.61;0.679255882671944;0.114900023302735;0
3.62;0.680312281670103;0.0943227063154236;0
3.63;0.681162934327078;0.0737524807113736;0
3.64;0.68180793926074;0.0531955004436797;0
3.65;0.68224745656453;0.0326579049183977;0
3.66;0.682481707653817;0.0121458171791946;0
3.67;0.682510975094126;-0.00833465789997653;0
3.68;0.682335602411346;-0.0287774354136483;0
3.69;0.681955993883981;-0.0491764522145343;0
3.7;0.68137261431755;-0.0695256686936264;0
3.71;0.680585988801232;-0.0898190705501754;0
3.72;0.679596702446854;-0.110050670551045;0
3.73;0.678405400110342;-0.130214510278927;0
3.74;0.677012786095738;-0.150304661868916;0
3.75;0.675419623841902;-0.170315229732935;0
3.76;0.673626735592036;-0.190240352271534;0
3.77;0.671635002046138;-0.210074203572544;0
3.78;0.669445361996536;-0.229810995096124;0
3.79;0.667058811946636;-0.249444977345703;0
3.8;0.66447640571302;-0.268970441524355;0
3.81;0.661699254011054;-0.288381721176115;0
3.82;0.658728524024146;-0.307673193811794;0
3.83;0.655565438956826;-0.326839282518808;0
3.84;0.652211277571789;-0.345874457554595;0
3.85;0.648667373711092;-0.364773237923132;0
3.86;0.644935115801653;-0.383530192934151;0
3.87;0.641015946345248;-0.402139943744582;0
3.88;0.636911361393162;-0.420597164881811;0
3.89;0.632622910005705;-0.438896585748319;0
3.9;0.628152193696754;-0.457032992107287;0
3.91;0.623500865863537;-0.475001227548752;0
3.92;0.618670631201836;-0.492796194935915;0
3.93;0.613663245106823;-0.51041285783118;0
3.94;0.608480513059725;-0.527846241901568;0
3.95;0.603124290000534;-0.545091436303081;0
3.96;0.597596479686962;-0.562143595043665;0
3.97;0.59189903403987;-0.578997938324387;0
3.98;0.586033952475384;-0.595649753858468;0
3.99;0.580003281223916;-0.612094398167805;0
4;0.573809112636332;-0.62832729785665;0
4.01;0.567453584477481;-0.644343950862075;0
4.02;0.560938879207322;-0.660139927680924;0
4.03;0.554267223249896;-0.675710872572893;0
4.04;0.547440886250374;-0.691052504739435;0
4.05;0.540462180320417;-0.706160619478173;0
4.06;0.533333459272121;-0.721031089312522;0
4.07;0.526057117840759;-0.735659865096218;0
4.08;0.518635590896604;-0.750042977092463;0
4.09;0.511071352646072;-0.764176536027424;0
4.1;0.503366915822449;-0.778056734117789;0
4.11;0.495524830866453;-0.791679846072137;0
4.12;0.487547685096911;-0.805042230065856;0
4.13;0.479438101871799;-0.818140328689367;0
4.14;0.471198739739923;-0.830970669869412;0
4.15;0.462832291583514;-0.843529867763181;0
4.16;0.454341483751993;-0.855814623625053;0
4.17;0.44572907518721;-0.867821726645735;0
4.18;0.436997856540397;-0.879548054763605;0
4.19;0.428150649281148;-0.890990575448053;0
4.2;0.419190304798689;-0.902146346454643;0
4.21;0.410119703495717;-0.913012516551906;0
4.22;0.400941753875109;-0.923586326219605;0
4.23;0.391659391619771;-0.933865108318314;0
4.24;0.382275578665923;-0.943846288730143;0
4.25;0.372793302270107;-0.953527386970485;0
4.26;0.363215574070207;-0.962906016770647;0
4.27;0.353545429140779;-0.971979886631225;0
4.28;0.343785925042969;-0.980746800346138;0
4.29;0.333940140869339;-0.989204657497175;0
4.3;0.324011176283865;-0.997351453919;0
4.31;0.314002150557423;-1.00518528213449;0
4.32;0.303916201599066;-1.01270433176034;0
4.33;0.29375648498336;-1.01990688988288;0
4.34;0.283526172974113;-1.02679134140403;0
4.35;0.273228453544768;-1.03335616935731;0
4.36;0.26286652939578;-1.03959995519392;0
4.37;0.252443616969255;-1.04552137903882;0
4.38;0.241962945461178;-1.05111921991678;0
4.39;0.231427755831501;-1.05639235594842;0
4.4;0.22084129981242;-1.06133976451618;0
4.41;0.210206838915112;-1.06596052240026;0
4.42;0.199527643435265;-1.07025380588453;0
4.43;0.188806991457666;-1.07421889083247;0
4.44;0.178048167860182;-1.07785515273303;0
4.45;0.167254463317401;-1.08116206671666;0
4.46;0.156429173304262;-1.08413920754139;0
4.47;0.145575597099946;-1.08678624954904;0
4.48;0.134697036792347;-1.08910296659173;0
4.49;0.123796796283409;-1.09108923192862;0
4.5;0.112878180295628;-1.09274501809305;0
4.51;0.10194449338002;-1.09407039673018;0
4.52;0.0909990389258343;-1.09506553840514;0
4.53;0.0800451181723341;-1.09573071238192;0
4.54;0.0690860292229038;-1.09606628637301;0
4.55;0.0581250660617999;-1.09607272625997;0
4.56;0.0471655175738238;-1.09575059578507;0
4.57;0.0362106665672085;-1.0951005562141;0
4.58;0.0252637888000056;-1.09412336597054;0
4.59;0.0143281520102598;-1.09281988024125;0
4.6;0.003407014950254;-1.09119105055378;0
4.61;-0.00749637357489289;-1.0892379243256;0
4.62;-0.0183787756639929;-1.0869616443853;0
4.63;-0.029236965271644;-1.08436344846603;0
4.64;-0.0400677291548945;-1.08144466867139;0
4.65;-0.0508678678144433;-1.07820673091389;0
4.66;-0.0616341964301027;-1.07465115432635;0
4.67;-0.0723635457902531;-1.07077955064624;0
4.68;-0.083052763215021;-1.06659362357345;0
4.69;-0.0936987134729159;-1.06209516810147;0
4.7;-0.10429827969066;-1.05728606982249;0
4.71;-0.114848364255954;-1.05216830420642;0
4.72;-0.125345889712911;-1.04674393585424;0
4.73;-0.135787799649921;-1.04101511772598;0
4.74;-0.146171059579667;-1.03498409034344;0
4.75;-0.156492657811068;-1.0286531809681;0
4.76;-0.166749606312885;-1.02202480275442;0
4.77;-0.176938941568752;-1.01510145387884;0
4.78;-0.187057725423386;-1.00788571664482;0
4.79;-0.197103045919743;-1.00038025656419;0
4.8;-0.207072018126884;-0.992587821415056;0
4.81;-0.216961784958312;-0.984511240276839;0
4.82;-0.226769517980558;-0.976153422542422;0
4.83;-0.236492418211791;-0.967517356908031;0
4.84;-0.246127716910222;-0.958606110341033;0
4.85;-0.255672676352092;-0.949422827026067;0
4.86;-0.265124590599023;-0.939970727289822;0
4.87;-0.274480786254524;-0.930253106504855;0
4.88;-0.283738623209438;-0.920273333972784;0
4.89;-0.292895495376138;-0.910034851787248;0
4.9;-0.301948831411252;-0.899541173676995;0
4.91;-0.310896095426737;-0.888795883829493;0
4.92;-0.319734787689106;-0.87780263569543;0
4.93;-0.328462445306606;-0.86656515077452;0
4.94;-0.337076642904182;-0.855087217382987;0
4.95;-0.345574993286025;-0.84337268940314;0
4.96;-0.353955148085547;-0.831425485015452;0
4.97;-0.36221479840259;-0.81924958541353;0
4.98;-0.370351675427712;-0.806849033502414;0
4.99;-0.378363551053388;-0.794227932580613;0
5;-0.386248238471954;-0.781390445006304;0
5.01;-0.394003592760142;-0.76834079084811;0
5.02;-0.401627511450061;-0.755083246520915;0
5.03;-0.409117935086467;-0.741622143407115;0
5.04;-0.416470460576069;-0.723187896004659;2.3871941090418
5.05;-0.423532818290086;-0.68548965381306;2.3871941090418
5.06;-0.430217550920161;-0.647650719721907;2.3871941090418
5.07;-0.436523303660237;-0.609682678151351;2.3871941090418
5.08;-0.442448837635919;-0.571597132313075;2.3871941090418
5.09;-0.447993030076587;-0.533405700699815;2.3871941090418
5.1;-0.453154874452418;-0.495120013576331;2.3871941090418
5.11;-0.457933480576322;-0.456751709472882;2.3871941090418
5.12;-0.462328074670832;-0.418312431682248;2.3871941090418
5.13;-0.466337999399981;-0.379813824761344;2.3871941090418
5.14;-0.469962713866221;-0.341267531038473;2.3871941090418
5.15;-0.473201793572445;-0.302685187127244;2.3871941090418
5.16;-0.476054930349178;-0.264078420448197;2.3871941090418
5.17;-0.478521932247029;-0.225458845759161;2.3871941090418
5.18;-0.48060272339448;-0.186838061695374;2.3871941090418
5.19;-0.482297343821138;-0.148227647320376;2.3871941090418
5.2;-0.483605949246532;-0.109639158688704;2.3871941090418
5.21;-0.484528810834607;-0.0710841254213869;2.3871941090418
5.22;-0.485066314914027;-0.0325740472952507;2.3871941090418
5.23;-0.485218962664438;0.00587960915296687;2.3871941090418
5.24;-0.484987369768847;0.0442654140067031;2.3871941090418
5.25;-0.484372266032266;0.0825719773328689;2.3871941090418
5.26;-0.483374494966811;0.120787952527383;2.3871941090418
5.27;-0.481995013343423;0.158902039641967;2.3871941090418
5.28;-0.480234890710415;0.196902988691238;2.3871941090418
5.29;-0.478095308879033;0.234779602939137;2.3871941090418
5.3;-0.475577561376254;0.272520742163757;2.3871941090418
5.31;-0.472683052865035;0.310115325899602;2.3871941090418
5.32;-0.469413298532248;0.347552336656382;2.3871941090418
5.33;-0.465769923444527;0.384820823113379;2.3871941090418
5.34;-0.461754661872295;0.421909903288503;2.3871941090418
5.35;-0.457369356582208;0.458808767681104;2.3871941090418
5.36;-0.452615958098304;0.495506682387667;2.3871941090418
5.37;-0.447496523932109;0.531992992189483;2.3871941090418
5.38;-0.442013217782001;0.568257123611431;2.3871941090418
5.39;-0.436168308702119;0.604288587950994;2.3871941090418
5.4;-0.429964170241117;0.640076984276666;2.3871941090418
5.41;-0.423403279551081;0.675612002394889;2.3871941090418
5.42;-0.416488216466911;0.710883425784692;2.3871941090418
5.43;-0.409221662556513;0.745881134499211;2.3871941090418
5.44;-0.401606400142128;0.780595108033268;2.3871941090418
5.45;-0.393645311293133;0.815015428156216;2.3871941090418
5.46;-0.385341376790683;0.849132281709255;2.3871941090418
5.47;-0.376697675064535;0.882935963366447;2.3871941090418
5.48;-0.367717381102433;0.916416878358662;2.3871941090418
5.49;-0.358403765332416;0.949565545159696;2.3871941090418
5.5;-0.348760192478449;0.982372598133833;2.3871941090418
5.51;-0.338790120389745;1.01482879014411;2.3871941090418
5.52;-0.328497098844186;1.04692499512061;2.3871941090418
5.53;-0.317884768326245;1.07865221058796;2.3871941090418
5.54;-0.306956858779822;1.11000156015159;2.3871941090418
5.55;-0.295717188336398;1.14096429594173;2.3871941090418
5.56;-0.284169662018946;1.17153180101489;2.3871941090418
5.57;-0.272318270422025;1.20169559171178;2.3871941090418
5.58;-0.260167088368482;1.23144731997133;2.3871941090418
5.59;-0.247720273543228;1.26077877560007;2.3871941090418
5.6;-0.234982065104508;1.28968188849629;2.3871941090418
5.61;-0.221956782273151;1.31814873082829;2.3871941090418
5.62;-0.208648822900231;1.34617151916642;2.3871941090418
5.63;-0.195062662013628;1.37374261656798;2.3871941090418
5.64;-0.18120285034395;1.40085453461476;2.3871941090418
5.65;-0.167074012830296;1.42749993540248;2.3871941090418
5.66;-0.152680847106343;1.45367163348175;2.3871941090418
5.67;-0.138028121967241;1.47936259774992;2.3871941090418
5.68;-0.123120675817813;1.50456595329351;2.3871941090418
5.69;-0.107963415102562;1.52927498318055;2.3871941090418
5.7;-0.0925613127179666;1.55348313020255;2.3871941090418
5.71;-0.0769194064076023;1.57718399856562;2.3871941090418
5.72;-0.0610427971405691;1.60037135553018;2.3871941090418
5.73;-0.0449366474737604;1.62303913299912;2.3871941090418
5.74;-0.0286061798984837;1.64518142905378;2.3871941090418
5.75;-0.0120566751719561;1.66679250943751;2.3871941090418
5.76;0.00470652936579785;1.68786680898641;2.3871941090418
5.77;0.0216780414891165;1.70839893300696;2.3871941090418
5.78;0.0388524157974081;1.72838365860012;2.3871941090418
5.79;0.0562241554388565;1.74781593593171;2.3871941090418
5.8;0.0737877138465879;1.7666908894487;2.3871941090418
5.81;0.091537496486756;1.78500381904119;2.3871941090418
5.82;0.109467862618002;1.80275020114977;2.3871941090418
5.83;0.12757312706174;1.8199256898181;2.3871941090418
5.84;0.145847561982726;1.83652611769038;2.3871941090418
5.85;0.164285398679342;1.85254749695362;2.3871941090418
5.86;0.182880829383067;1.86798602022446;2.3871941090418
5.87;0.201628009066558;1.88283806138037;2.3871941090418
5.88;0.220521057259791;1.8971001763351;2.3871941090418
5.89;0.239554059873713;1.91076910375819;2.3871941090418
5.9;0.258721071030827;1.92384176573852;2.3871941090418
5.91;0.278016114902167;1.93631526839171;2.3871941090418
5.92;0.297433187550094;1.94818690241128;2.3871941090418
5.93;0.316966258776346;1.95945414356362;2.3871941090418
5.94;0.336573474524642;1.95579789658875;0
5.95;0.35606993953019;1.9420252685192;0
5.96;0.375426160860927;1.92769416860354;0
5.97;0.394636577319029;1.91280985256769;0
5.98;0.413695680971073;1.89737773293704;0
5.99;0.432598018707553;1.88140337714452;0
6;0.451338193783282;1.86489250559546;0
6.01;0.469910867338249;1.84785098968993;0
6.02;0.488310759898519;1.83028484980321;0
6.03;0.506532652856739;1.81220025322508;0
6.04;0.524571389931866;1.79360351205863;0
6.05;0.542421878607695;1.77450108107925;0
6.06;0.560079091549804;1.7548995555545;0
6.07;0.577538068000524;1.73480566902571;0
6.08;0.594793915151555;1.71422629105184;0
6.09;0.611841809493856;1.6931684249165;0
6.1;0.628676998144438;1.67163920529882;0
6.11;0.645294800149705;1.64964589590893;0
6.12;0.661690607765001;1.6271958870888;0
6.13;0.677859887710008;1.60429669337932;0
6.14;0.69379818239966;1.58095595105422;0
6.15;0.709501111150256;1.55718141562185;0
6.16;0.724964371360456;1.53298095929542;0
6.17;0.740183739666822;1.50836256843269;0
6.18;0.75515507307364;1.48333434094574;0
6.19;0.769874310056697;1.45790448368186;0
6.2;0.784337471640743;1.43208130977622;0
6.21;0.798540662450358;1.40587323597725;0
6.22;0.81248007173395;1.37928877994555;0
6.23;0.826151974360627;1.35233655752719;0
6.24;0.839552731789691;1.32502528000229;0
6.25;0.85267879301251;1.2973637513097;0
6.26;0.865526695466527;1.26936086524864;0
6.27;0.878093065921197;1.24102560265833;0
6.28;0.890374621335608;1.2123670285762;0
6.29;0.902368169687607;1.18339428937592;0
6.3;0.91407061077421;1.15411660988585;0
6.31;0.92547893698311;1.12454329048895;0
6.32;0.93659023403511;1.09468370420508;0
6.33;0.947401681697301;1.06454729375648;0
6.34;0.957910554466821;1.03414356861741;0
6.35;0.968114222225043;1.00348210204888;0
6.36;0.978010150862045;0.972572528119306;0
6.37;0.987595902871233;0.941424538712135;0
6.38;0.996869137913978;0.910047880521197;0
6.39;1.00582761335415;0.878452352034844;0
6.4;1.01446918476248;0.846647800509736;0
6.41;1.02279180639055;0.814644118935202;0
6.42;1.03079353161445;0.782451242989115;0
6.43;1.03847251334795;0.750079147986197;0
6.44;1.04582700442509;0.717537845819697;0
6.45;1.05285535795217;0.684837381897352;0
6.46;1.05955602762913;0.651987832072569;0
6.47;1.06592756804015;0.618999299571757;0
6.48;1.07196863491355;0.585881911918736;0
6.49;1.07767798535092;0.552645817857143;0
6.5;1.08305447802546;0.519301184271772;0
6.51;1.08809707334954;0.485858193109765;0
6.52;1.09280483361145;0.452327038302576;0
6.53;1.09717692308146;0.418717922689643;0
6.54;1.10121260808698;0.385041054944663;0
6.55;1.10491125705715;0.351306646505412;0
6.56;1.10827234053666;0.317524908508006;0
6.57;1.11129543116893;0.283706048726528;0
6.58;1.11398020364879;0.249860268518915;0
6.59;1.11632643464457;0.215997759780024;0
6.6;1.11833400268979;0.182128701902768;0
6.61;1.1200028880445;0.14826325874822;0
6.62;1.12133317252637;0.114411575625589;0
6.63;1.1223250393116;0.0805837762829374;0
6.64;1.12297877270585;0.0467899599095371;0
6.65;1.12329475788517;0.0130401981507431;0
6.66;1.12327348060717;-0.0206554678637504;0
6.67;1.12291552689259;-0.0542870304773976;0
6.68;1.12222158267728;-0.0878445184491717;0
6.69;1.12119243343486;-0.121317999879963;0
6.7;1.11982896377021;-0.154697585122153;0
6.71;1.1181321569839;-0.187973429671525;0
6.72;1.11610309460787;-0.221135737040671;0
6.73;1.11374295591232;-0.254174761613064;0
6.74;1.1110530173843;-0.287080811476983;0
6.75;1.10803465217795;-0.31984425123846;0
6.76;1.10468932953674;-0.352455504812456;0
6.77;1.10101861418794;-0.384905058191463;0
6.78;1.09702416570943;-0.417183462190735;0
6.79;1.09270773786924;-0.449281335169371;0
6.8;1.08807117793793;-0.481189365726473;0
6.81;1.08311642597416;-0.512898315371623;0
6.82;1.07784551408368;-0.5443990211689;0
6.83;1.07226056565199;-0.57568239835372;0
6.84;1.0663637945509;-0.606739442921736;0
6.85;1.06015750431945;-0.637561234189079;0
6.86;1.05364408731926;-0.668138937323234;0
6.87;1.04682602386473;-0.698463805843817;0
6.88;1.03970588132841;-0.728527184092579;0
6.89;1.03228631322173;-0.758320509671935;0
6.9;1.0245700582516;-0.787835315851351;0
6.91;1.01655993935296;-0.817063233940916;0
6.92;1.00825886269787;-0.845995995631439;0
6.93;0.999669816681297;-0.874625435300447;0
6.94;0.990795870883951;-0.902943492283428;0
6.95;0.981640175012662;-0.930942213109712;0
6.96;0.97220595781849;-0.958613753702378;0
6.97;0.962496525993028;-0.985950381541584;0
6.98;0.952515263043233;-1.01294447779074;0
6.99;0.942265628145158;-1.03958853938497;0
7;0.931751154976986;-1.06587518108121;0
7.01;0.920975450531723;-1.09179713746958;0
7.02;0.909942193909961;-1.11734726494528;0
7.03;0.898655135093102;-1.1425185436406;0
7.04;0.887118093697438;-1.16730407931657;0
7.05;0.875334957709503;-1.19169710521365;0
7.06;0.863309682203104;-1.21569098386106;0
7.07;0.851046288038443;-1.23927920884417;0
7.08;0.838548860543756;-1.26245540652972;0
7.09;0.8258215481799;-1.28521333774807;0
7.1;0.812868561188295;-1.30754689943244;0
7.11;0.799694170222687;-1.32945012621442;0
7.12;0.786302704965143;-1.35091719197548;0
7.13;0.772698552726734;-1.37194241135412;0
7.14;0.758886157033345;-1.39252024120816;0
7.15;0.744870016197072;-1.41264528203198;0
7.16;0.730654681873641;-1.43231227932815;0
7.17;0.716244757606322;-1.45151612493337;0
7.18;0.701644897356797;-1.47025185829813;0
7.19;0.686859804023425;-1.48851466772003;0
7.2;0.671894227947399;-1.50629989153032;0
7.21;0.656752965407242;-1.52360301923338;0
7.22;0.641440857102119;-1.54041969259904;0
7.23;0.625962786624443;-1.55674570670724;0
7.24;0.610323678922249;-1.57257701094509;0
7.25;0.594528498751811;-1.58790970995578;0
7.26;0.57858224912099;-1.60274006453952;0
7.27;0.562489969723781;-1.61706449250597;0
7.28;0.54625673536657;-1.63087956947817;0
7.29;0.529887654386554;-1.64418202964788;0
7.3;0.513387867062838;-1.65696876648192;0
7.31;0.496762544020684;-1.66923683337974;0
7.32;0.480016884629407;-1.68098344428172;0
7.33;0.463156115394407;-1.69220597422851;0
7.34;0.446185488343834;-1.70290195987093;0
7.35;0.42911027941037;-1.71306909993065;0
7.36;0.411935786808629;-1.72270525561152;0
7.37;0.394667329408667;-1.73180845096139;0
7.38;0.377310245106094;-1.74037687318456;0
7.39;0.359869889189288;-1.74840887290478;0
7.4;0.342351632704194;-1.75590296437883;0
7.41;0.324760860817219;-1.76285782566058;0
7.42;0.307102971176702;-1.76927229871585;0
7.43;0.28938337227346;-1.77514538948772;0
7.44;0.271607481800899;-1.78047626791279;0
7.45;0.253780725015193;-1.78526426788807;0
7.46;0.235908533096003;-1.7895088871889;0
7.47;0.217996341508247;-1.79320978733783;0
7.48;0.200049588365395;-1.79636679342467;0
7.49;0.182073712794789;-1.79897989387778;0
7.5;0.16407415330546;-1.80104924018682;0
7.51;0.146056346158946;-1.80257514657711;0
7.52;0.128025723743573;-1.80355808963573;0
7.53;0.109987712952701;-1.80399870788961;0
7.54;0.091947733567398;-1.80389780133582;0
7.55;0.0739111966440252;-1.80325633092424;0
7.56;0.0558835029072151;-1.80207541799287;0
7.57;0.0378700411487017;-1.80035634365607;0
7.58;0.0198761866324834;-1.79810054814589;0
7.59;0.00190729950678074;-1.79530963010692;0
7.6;-0.0160312767767454;-1.79198534584477;0
7.61;-0.0339342170360532;-1.7881296085287;0
7.62;-0.0517962159236001;-1.78374448734846;0
7.63;-0.0696119894825871;-1.77883220662592;0
7.64;-0.0873762766941164;-1.77339514488167;0
7.65;-0.105083841014815;-1.76743583385704;0
7.66;-0.122729471904478;-1.76095695749182;0
7.67;-0.14030798634329;-1.75396135085817;0
7.68;-0.157814230338195;-1.74645199905099;0
7.69;-0.175243080417968;-1.7384320360353;0
7.7;-0.192589445116577;-1.72990474345096;0
7.71;-0.209848266444393;-1.7208735493751;0
7.72;-0.227014521346842;-1.7113420270429;0
7.73;-0.244083223150076;-1.70131389352695;0
7.74;-0.261049422993257;-1.69079300837585;0
7.75;-0.277908211247037;-1.67978337221238;0
7.76;-0.294654718917851;-1.6682891252918;0
7.77;-0.311284119037603;-1.65631454602082;0
7.78;-0.327791628038377;-1.64386404943762;0
7.79;-0.34417250711177;-1.6309421856536;0
7.8;-0.360422063552471;-1.61755363825729;0
7.81;-0.376535652085715;-1.60370322268098;0
7.82;-0.392508676178234;-1.58939588453067;0
7.83;-0.408336589332347;-1.57463669787982;0
7.84;-0.424014896362822;-1.55943086352756;0
7.85;-0.439539154656171;-1.54378370722189;0
7.86;-0.454904975412013;-1.52770067784852;0
7.87;-0.470108024866177;-1.51118734558583;0
7.88;-0.485144025495204;-1.49424940002671;0
7.89;-0.500008757201921;-1.47689264826782;0
7.9;-0.514698058481761;-1.45912301296689;0
7.91;-0.529207827569519;-1.44094653036871;0
7.92;-0.543534023566223;-1.42236934830053;0
7.93;-0.557672667545833;-1.40339772413737;0
7.94;-0.571619843641446;-1.38403802273807;0
7.95;-0.585371700110751;-1.36429671435257;0
7.96;-0.59892445038041;-1.34418037250131;0
7.97;-0.612274374069126;-1.32369567182722;0
7.98;-0.625417817989102;-1.30284938592117;0
7.99;-0.638351197125637;-1.2816483851214;0
8;-0.651070995594609;-1.26009963428785;0
8.01;-0.66357376757758;-1.23821019055186;0
8.02;-0.675856138234303;-1.2159872010422;0
8.03;-0.687914804592373;-1.19343790058788;0
8.04;-0.69974653641381;-1.17056960939882;0
8.05;-0.711348177038353;-1.1473897307247;0
8.06;-0.722716644203248;-1.12390574849308;0
8.07;-0.733848930839317;-1.10012522492736;0
8.08;-0.744742105843132;-1.07605579814535;0
8.09;-0.755393314825082;-1.05170517973925;0
8.1;-0.765799780833161;-1.02708115233769;0
8.11;-0.775958805052295;-1.00219156715076;0
8.12;-0.785867767479056;-0.977044341498659;0
8.13;-0.795524127571577;-0.951647456324746;0
8.14;-0.804925424874542;-0.926008953693844;0
8.15;-0.81406927961909;-0.900136934276492;0
8.16;-0.822953393297503;-0.87403955481996;0
8.17;-0.831575549212545;-0.847725025606803;0
8.18;-0.839933613001337;-0.821201607901729;0
8.19;-0.848025533133648;-0.794477611387582;0
8.2;-0.855849341384502;-0.76756139159121;0
8.21;-0.863403153280996;-0.740461347300017;0
8.22;-0.870685168523255;-0.71318591796999;0
8.23;-0.87769367137942;-0.685743581125985;0
8.24;-0.884427031054613;-0.658142849755076;0
8.25;-0.890883702033808;-0.630392269693744;0
8.26;-0.897062224398545;-0.602500417009723;0
8.27;-0.902961224117448;-0.574475895379271;0
8.28;-0.908579413310487;-0.546327333460678;0
8.29;-0.913915590486976;-0.518063382264802;0
8.3;-0.91896864075725;-0.489692712523422;0
8.31;-0.923737536018031;-0.461224012056196;0
8.32;-0.928221335111456;-0.432665983137032;0
8.33;-0.932419183957764;-0.404027339860648;0
8.34;-0.936330315661664;-0.375316805510113;0
8.35;-0.93995405059237;-0.346543109926159;0
8.36;-0.943289796437358;-0.317714986879052;0
8.37;-0.946337048229837;-0.288841171443798;0
8.38;-0.949095388350008;-0.259930397379469;0
8.39;-0.951564486500124;-0.23099139451343;0
8.4;-0.953744099653425;-0.20203288613124;0
8.41;-0.955634071976997;-0.173063586372995;0
8.42;-0.957234334728629;-0.144092197636897;0
8.43;-0.958544906127733;-0.115127407990793;0
8.44;-0.959565891200434;-0.0861778885924709;0
8.45;-0.960297481598887;-0.0572522911194464;0
8.46;-0.960739955394948;-0.0283592452090155;0
8.47;-0.960893676848295;0.000492644090691245;0
8.48;-0.960759096149105;0.0292947988579013;0
8.49;-0.960336749135422;0.0580386708219007;0
8.5;-0.959627256985332;0.0867157438745078;0
8.51;-0.958631325884085;0.115317536567589;0
8.52;-0.957349746666314;0.143835604595893;0
8.53;-0.955783394433486;0.172261543264482;0
8.54;-0.953933228146756;0.200586989940054;0
8.55;-0.951800290195379;0.228803626485433;0
8.56;-0.949385705940863;0.256903181676552;0
8.57;-0.946690683237021;0.284877433601204;0
8.58;-0.943716511926133;0.312718212038901;0
8.59;-0.940464563311387;0.340417400821137;0
8.6;-0.936936289605815;0.367966940171401;0
8.61;-0.933133223357921;0.39535882902426;0
8.62;-0.929056976854207;0.422585127322857;0
8.63;-0.924709241498837;0.449637958294169;0
8.64;-0.920091787170638;0.476509510701397;0
8.65;-0.915206461557695;0.503192041072821;0
8.66;-0.910055189469753;0.529677875906527;0
8.67;-0.904639972128688;0.555959413850366;0
8.68;-0.898962886437298;0.582029127856532;0
8.69;-0.893026084226656;0.607879567310172;0
8.7;-0.886831791482296;0.633503360131425;0
8.71;-0.88038230754951;0.658893214850301;0
8.72;-0.873680004318009;0.684041922653834;0
8.73;-0.866727325386246;0.708942359404944;0
8.74;-0.859526785205679;0.733587487632434;0
8.75;-0.852080968205262;0.757970358491603;0
8.76;-0.84439252789647;0.782084113694913;0
8.77;-0.836464185959152;0.805921987412192;0
8.78;-0.828298731308516;0.829477308139863;0
8.79;-0.81989901914357;0.85274350053868;0
8.8;-0.811267969977326;0.875714087239478;0
8.81;-0.80240856864909;0.898382690616455;0
8.82;-0.793323863319174;0.920743034527509;0
8.83;-0.784016964446347;0.942788946021158;0
8.84;-0.774491043748371;0.964514357009595;0
8.85;-0.764749333145964;0.985913305907439;0
8.86;-0.754795123690528;1.00697993923574;0
8.87;-0.744631764475995;1.02770851319081;0
8.88;-0.734262661535144;1.04809339517751;0
8.89;-0.723691276720753;1.06812906530655;0
8.9;-0.71292112657193;1.0878101178554;0
8.91;-0.701955781166008;1.10713126269254;0
8.92;-0.690798862956366;1.12608732666453;0
8.93;-0.679454045596536;1.1446732549457;0
8.94;-0.667925052750999;1.16288411235;0
8.95;-0.65621565689302;1.18071508460476;0
8.96;-0.644329678089923;1.19816147958602;0
8.97;-0.632270982776191;1.2152187285151;0
8.98;-0.620043482514769;1.23188238711613;0
8.99;-0.607651132746973;1.24814813673435;0
9;-0.59509793153139;1.26401178541468;0
9.01;-0.582387918272176;1.27946926894063;0
9.02;-0.569525172437141;1.294516651833;0
9.03;-0.556513812266029;1.30915012830837;0
9.04;-0.543357993469399;1.32336602319697;0
9.05;-0.530061907918505;1.33716079281989;0
9.06;-0.516629782326591;1.35053102582536;0
9.07;-0.503065876922007;1.36347344398389;0
9.08;-0.489374484113561;1.37598490294216;0
9.09;-0.475559927148514;1.38806239293552;0
9.1;-0.461626558763645;1.39970303945883;0
9.11;-0.447578759829783;1.41090410389571;0
9.12;-0.433420937990249;1.42166298410587;0
9.13;-0.4191575262936;1.43197721497062;0
9.14;-0.404792981821119;1.44184446889629;0
9.15;-0.390331784309445;1.45126255627559;0
9.16;-0.375778434768797;1.46022942590684;0
9.17;-0.361137454097181;1.46874316537093;0
9.18;-0.346413381691026;1.47680200136611;0
9.19;-0.331610774052657;1.48440430000041;0
9.2;-0.316734203395039;1.49154856704186;0
9.21;-0.301788256244204;1.49823344812634;0
9.22;-0.286777532039795;1.5044577289232;0
9.23;-0.27170664173414;1.51022033525859;0
9.24;-0.256580206390284;1.51552033319656;0
9.25;-0.2414028557794;1.52035692907802;0
9.26;-0.226179226978002;1.52472946951754;0
9.27;-0.210913962965373;1.52863744135811;0
9.28;-0.195611711221645;1.53208047158401;0
9.29;-0.180277122326926;1.53505832719171;0
9.3;-0.164914848561914;1.53757091501912;0
9.31;-0.149529542510407;1.53961828153314;0
9.32;-0.134125855664119;1.54120061257581;0
9.33;-0.118708437030224;1.54231823306899;0
9.34;-0.103281931742035;1.54297160667799;0
9.35;-0.0878509796732406;1.54316133543411;0
9.36;-0.0724202140560863;1.54288815931635;0
9.37;-0.0569942601039347;1.54215295579253;0
9.38;-0.0415777336385884;1.54095673931994;0
9.39;-0.0261752397227906;1.53930066080583;0
9.4;-0.0107913712983005;1.53718600702789;0
9.41;0.00456929217005693;1.53461420001501;0
9.42;0.0199021860439717;1.53158679638855;0
9.43;0.0352027618544648;1.52810548666443;0
9.44;0.0504664886375496;1.52417209451622;0
9.45;0.0656888542623508;1.51978857599968;0
9.46;0.0808653667512951;1.51495701873883;0
9.47;0.0959915555919914;1.50967964107407;0
9.48;0.111062973040422;1.50395879117256;0
9.49;0.126075195415072;1.49779694610117;0
9.5;0.141023824381612;1.49119671086247;0
9.51;0.15590448822779;1.48416081739391;0
9.52;0.170712843128138;1.47669212353078;0
9.53;0.18544457439815;1.46879361193315;0
9.54;0.200095397737577;1.46046838897726;0
9.55;0.214661060462464;1.45171968361172;0
9.56;0.229137342725598;1.44255084617894;0
9.57;0.243520058725024;1.43296534720219;0
9.58;0.257805057900262;1.42296677613871;0
9.59;0.271988226115915;1.41255884009937;0
9.6;0.286065486832325;1.40174536253517;0
9.61;0.300032802262938;1.39053028189118;0
9.62;0.313886174518076;1.37891765022833;0
9.63;0.327621646734771;1.36691163181349;0
9.64;0.341235304192366;1.35451650167832;0
9.65;0.354723275413567;1.34173664414745;0
9.66;0.368081733250637;1.32857655133635;0
9.67;0.381306895956436;1.31504082161958;0
9.68;0.394395028240007;1.30113415806969;0
9.69;0.407342442306434;1.28686136686751;0
9.7;0.420145498880658;1.27222735568425;0
9.71;0.432800608215004;1.25723713203593;0
9.72;0.445304231080125;1.24189580161071;0
9.73;0.457652879739092;1.22620856656973;0
9.74;0.469843118904391;1.21018072382184;0
9.75;0.481871566677535;1.19381766327301;0
9.76;0.493734895471069;1.17712486605079;0
9.77;0.505429832912707;1.1601079027045;0
9.78;0.516953162731363;1.14277243138173;0
9.79;0.52830172562484;1.1251241959817;0
9.8;0.539472420108957;1.10716902428605;0
9.81;0.550462203347881;1.0889128260678;0
9.82;0.561268091965446;1.07036159117885;0
9.83;0.571887162837268;1.05152138761689;0
9.84;0.582316553863425;1.0323983595721;0
9.85;0.592553464721522;1.01299872545444;0
9.86;0.602595157599938;0.993328775902036;0
9.87;0.612438957911084;0.973394871771395;0
9.88;0.622082254984475;0.953203442109955;0
9.89;0.631522502739453;0.932760982111731;0
9.9;0.640757220337392;0.91207405105662;0
9.91;0.649783992813229;0.891149270234051;0
9.92;0.658600471686156;0.869993320851605;0
9.93;0.667204375549343;0.84861294192928;0
9.94;0.67559349063853;0.827014928180034;0
9.95;0.683765671379374;0.805206127877279;0
9.96;0.691718840913409;0.783193440709994;0
9.97;0.699450991602511;0.760983815626097;0
9.98;0.706960185511736;0.738584248664769;0
9.99;0.714244554870443;0.716001780778381;0
10;0.721302302511588;0.693243495644709;0
10.01;0.728131702289099;0.670316517470088;0
10.02;0.734731099473245;0.647228008784211;0
10.03;0.741098911123917;0.623985168227212;0
10.04;0.747233626441751;0.600595228329741;0
10.05;0.753133807097015;0.57706545328669;0
10.06;0.758798087536217;0.553403136725252;0
10.07;0.764225175266361;0.529615599467998;0
10.08;0.769413851116822;0.505710187291642;0
10.09;0.77436296947879;0.481694268682179;0
10.1;0.779071458522243;0.457575232587076;0
10.11;0.783538320390444;0.433360486165191;0
10.12;0.787762631371921;0.409057452535099;0
10.13;0.791743542049929;0.384673568522504;0
10.14;0.795480277429382;0.360216282407417;0
10.15;0.798972137041261;0.335693051671769;0
10.16;0.802218495024502;0.311111340748135;0
10.17;0.805218800185374;0.286478618770252;0
10.18;0.807972576034383;0.261802357325979;0
10.19;0.810479420800706;0.237090028213403;0
10.2;0.812739007424216;0.21234910120072;0
10.21;0.814751083525113;0.187587041790584;0
10.22;0.816515471351231;0.162811308989579;0
10.23;0.818032067703057;0.138029353083464;0
10.24;0.819300843836537;0.11324861341886;0
10.25;0.820321845343731;0.0884765161920326;0
10.26;0.821095192011379;0.0637204722454087;0
10.27;0.821621077657486;0.0389878748724889;0
10.28;0.821899769945983;0.0142860976317906;0
10.29;0.821931610179576;-0.0103775078295354;0
10.3;0.821717013070877;-0.0349956139417799;0
10.31;0.821256466491922;-0.0595609193678104;0
10.32;0.820550531202189;-0.0840661511466376;0
10.33;0.819599840555235;-0.108504066824793;0
10.34;0.818405100184077;-0.132867456574898;0
10.35;0.816967087665447;-0.157149145300812;0
10.36;0.815286652163055;-0.18134199472875;0
10.37;0.813364714050012;-0.20543890548377;0
10.38;0.811202264510553;-0.229432819151034;0
10.39;0.808800365121217;-0.253316720321238;0
10.4;0.806160147411646;-0.277083638619652;0
10.41;0.803282812405173;-0.300726650718151;0
10.42;0.800169630139367;-0.324238882329711;0
10.43;0.79682193916671;-0.347613510184753;0
10.44;0.793241146035598;-0.370843763988811;0
10.45;0.789428724751854;-0.393922928360955;0
10.46;0.78538621622094;-0.416844344752413;0
10.47;0.781115227671075;-0.439601413344869;0
10.48;0.776617432057467;-0.46218759492789;0
10.49;0.77189456744786;-0.484596412754954;0
10.5;0.766948436389631;-0.506821454377572;0
10.51;0.76178090525863;-0.528856373456978;0
10.52;0.756393903590018;-0.550694891552889;0
10.53;0.75078942339132;-0.57233079988884;0
10.54;0.744969518437925;-0.5937579610936;0
10.55;0.738936303551295;-0.61497031091819;0
10.56;0.7326919538601;-0.635961859928035;0
10.57;0.726238704044556;-0.656726695169778;0
10.58;0.719578847564204;-0.677258981812299;0
10.59;0.712714735869402;-0.697552964761511;0
10.6;0.705648777596785;-0.717602970248455;0
10.61;0.698383437748967;-0.737403407390312;0
10.62;0.690921236858753;-0.756948769723868;0
10.63;0.683264750138151;-0.77623363671105;0
10.64;0.675416606612443;-0.795252675216107;0
10.65;0.667379488239625;-0.814000640954059;0
10.66;0.659156129015486;-0.832472379910025;0
10.67;0.650749314064628;-0.850662829729046;0
10.68;0.642161878717723;-0.868567021076042;0
10.69;0.633396707575304;-0.88618007896556;0
10.7;0.624456733558399;-0.903497224060939;0
10.71;0.61534493694631;-0.920513773942583;0
10.72;0.606064344401847;-0.937225144344992;0
10.73;0.596618027984341;-0.953626850362253;0
10.74;0.587009104150736;-0.96971450762167;0
10.75;0.577240732745095;-0.985483833425243;0
10.76;0.567316115976836;-1.0009306478587;0
10.77;0.557238497388025;-1.01605087486784;0
10.78;0.547011160810049;-1.03084054330184;0
10.79;0.536637429310016;-1.04529578792338;0
10.8;0.526120664127191;-1.05941285038524;0
10.81;0.515464263599826;-1.07318808017322;0
10.82;0.504671662082714;-1.08661793551507;0
10.83;0.493746328855802;-1.09969898425528;0
10.84;0.482691767024212;-1.11242790469552;0
10.85;0.47151151241002;-1.12480148640052;0
10.86;0.46020913243612;-1.13681663096919;0
10.87;0.448788225002542;-1.14847035277086;0
10.88;0.437252417355568;-1.15975977964644;0
10.89;0.425605364949983;-1.17068215357434;0
10.9;0.413850750304841;-1.1812348313011;0
10.91;0.401992281853069;-1.19141528493641;0
10.92;0.390033692785294;-1.20122110251268;0
10.93;0.377978739888226;-1.21064998850876;0
10.94;0.365831202377971;-1.21969976433795;0
10.95;0.353594880728619;-1.22836836880004;0
10.96;0.34127359549648;-1.23665385849749;0
10.97;0.328871186140314;-1.24455440821548;0
10.98;0.31639150983793;-1.2520683112659;0
10.99;0.303838440299501;-1.2591939797953;0
11;0.291215866577963;-1.26592994505657;0
11.01;0.278527691876867;-1.27227485764454;0
11.02;0.265777832356026;-1.27822748769537;0
11.03;0.252970215935344;-1.28378672504973;0
11.04;0.240108781097164;-1.2889515793799;0
11.05;0.227197475687515;-1.29372118028063;0
11.06;0.214240255716613;-1.29809477732399;0
11.07;0.201241084158968;-1.30207174007808;0
11.08;0.18820392975348;-1.3056515580898;0
11.09;0.175132765803853;-1.30883384083165;0
11.1;0.162031568979713;-1.31161831761268;0
11.11;0.148904318118777;-1.31400483745368;0
11.12;0.135754993030426;-1.31599336892669;0
11.13;0.122587573301044;-1.31758399995896;0
11.14;0.109406037101482;-1.31877693760142;0
11.15;0.0962143599969905;-1.31957250776195;0
11.16;0.0830165137599801;-1.31997115490334;0
11.17;0.0698164651859605;-1.31997344170637;0
11.18;0.0566181749130051;-1.31958004869789;0
11.19;0.0434255962450908;-1.31879177384434;0
11.2;0.0302426739796589;-1.31760953211069;0
11.21;0.0170733432397404;-1.31603435498509;0
11.22;0.00392152831098862;-1.31406738996941;0
11.23;-0.00920885851604052;-1.31170990003587;0
11.24;-0.0223139180980231;-1.30896326305;0
11.25;-0.0353897655850806;-1.30582897116015;0
11.26;-0.0484325315607386;-1.30230863015376;0
11.27;-0.0614383631753;-1.29840395878075;0
11.28;-0.0744034252723044;-1.29411678804413;0
11.29;-0.0873239015077477;-1.2894490604582;0
11.3;-0.100195995461739;-1.28440282927465;0
11.31;-0.113015931742272;-1.27898025767671;0
11.32;-0.125779957080805;-1.27318361794181;0
11.33;-0.13848434141931;-1.26701529057294;0
11.34;-0.151125378988514;-1.26047776339905;0
11.35;-0.163699389376992;-1.25357363064484;0
11.36;-0.176202718590831;-1.24630559197027;0
11.37;-0.188631740103549;-1.23867645148011;0
11.38;-0.200982855895974;-1.23068911670383;0
11.39;-0.2132524974858;-1.22234659754632;0
11.4;-0.225437126946504;-1.2136520052097;0
11.41;-0.23753323791537;-1.20460855108657;0
11.42;-0.249537356590303;-1.19521954562518;0
11.43;-0.261446042715182;-1.18548839716687;0
11.44;-0.273255890553457;-1.17541861075612;0
11.45;-0.284963529849722;-1.16501378692366;0
11.46;-0.296565626779013;-1.15427762044309;0
11.47;-0.308058884883537;-1.14321389906135;0
11.48;-0.3194400459966;-1.1318265022035;0
11.49;-0.330705891153471;-1.12011939965228;0
11.5;-0.34185324148892;-1.10809665020282;0
11.51;-0.352878959121201;-1.09576240029299;0
11.52;-0.363779948022227;-1.08312088260983;0
11.53;-0.374553154873706;-1.07017641467253;0
11.54;-0.385195569908998;-1.05693339739241;0
11.55;-0.395704227740477;-1.04339631361038;0
11.56;-0.40607620817216;-1.02956972661233;0
11.57;-0.416308636997402;-1.01545827862301;0
11.58;-0.426398686781424;-1.00106668927879;0
11.59;-0.436343577628484;-0.986399754079848;0
11.6;-0.446140577933475;-0.971462342822289;0
11.61;-0.455787005117756;-0.95625939801069;0
11.62;-0.465280226349026;-0.940795933251561;0
11.63;-0.474617659245041;-0.925077031628267;0
11.64;-0.483796772561005;-0.909107844057914;0
11.65;-0.49281508686045;-0.89289358763072;0
11.66;-0.501670175169432;-0.876439543932409;0
11.67;-0.510359663613874;-0.859751057350157;0
11.68;-0.518881232039898;-0.842833533362618;0
11.69;-0.527232614616993;-0.825692436814579;0
11.7;-0.535411600423851;-0.808333290176786;0
11.71;-0.543416034016749;-0.790761671791485;0
11.72;-0.551243815980315;-0.772983214104229;0
11.73;-0.558892903460554;-0.755003601882512;0
11.74;-0.566361310680009;-0.736828570421772;0
11.75;-0.573647109434921;-0.718463903739337;0
11.76;-0.580748429574277;-0.699915432756869;0
11.77;-0.587663459460634;-0.68118903347187;0
11.78;-0.594390446412614;-0.662290625118818;0
11.79;-0.600927697128957;-0.643226168320508;0
11.8;-0.607273578094057;-0.624001663230158;0
11.81;-0.61342651596487;-0.60462314766486;0
11.82;-0.619384997939124;-0.585096695230951;0
11.83;-0.625147572104747;-0.565428413441874;0
11.84;-0.630712847770448;-0.545624441829111;0
11.85;-0.636079495777363;-0.525690950046771;0
11.86;-0.64124624879174;-0.505634135970392;0
11.87;-0.646211901578574;-0.485460223790569;0
11.88;-0.650975311256163;-0.465175462101952;0
11.89;-0.655535397531533;-0.444786121988228;0
11.9;-0.659891142916699;-0.424298495103643;0
11.91;-0.664041592925723;-0.403718891751662;0
11.92;-0.66798585625256;-0.383053638961334;0
11.93;-0.671723104929642;-0.362309078561955;0
11.94;-0.675252574467216;-0.3414915652566;0
11.95;-0.67857356397341;-0.320607464695112;0
11.96;-0.681685436255029;-0.299663151547113;0
11.97;-0.684587617899086;-0.278665007575629;0
11.98;-0.687279599335064;-0.257619419711903;0
11.99;-0.689760934877951;-0.236532778131956;0
12;-0.692031242752032;-0.215411474335493;0
12.01;-0.694090205095496;-0.194261899227707;0
12.02;-0.69593756794587;-0.173090441204562;0
12.03;-0.697573141206327;-0.151903484242111;0
12.04;-0.698996798592903;-0.130707405990437;0
12.05;-0.70020847756268;-0.109508575872751;0
12.06;-0.701208179222984;-0.088313353190234;0
12.07;-0.701995968221659;-0.067128085233163;0
12.08;-0.702571972618484;-0.0459591053988895;0
12.09;-0.702936383737801;-0.0248127313172134;0
12.1;-0.703089456002432;-0.00369526298370656;0
12.11;-0.703031506748967;0.0173870190984694;0
12.12;-0.702762916024515;0.038427855767709;0
12.13;-0.702284126364998;0.0594210110435328;0
12.14;-0.701595642555099;0.0803602739560476;0
12.15;-0.700698031369967;0.101239460364765;0
12.16;-0.699591921298773;0.12205241476625;0
12.17;-0.69827800225025;0.142793012090082;0
12.18;-0.696757025240329;0.163455159482605;0
12.19;-0.695029802061985;0.184032798077953;0
12.2;-0.693097204937444;0.204519904755842;0
12.21;-0.690960166152861;0.224910493885637;0
12.22;-0.688619677675636;0.245198619056165;0
12.23;-0.686076790754479;0.265378374790817;0
12.24;-0.68333261550241;0.285443898247419;0
12.25;-0.680388320462818;0.305389370902408;0
12.26;-0.677245132158759;0.325209020218824;0
12.27;-0.673904334625642;0.344897121297658;0
12.28;-0.670367268927482;0.364447998512069;0
12.29;-0.666635332656891;0.383856027124037;0
12.3;-0.662709979418977;0.403115634882972;0
12.31;-0.658592718299347;0.422221303605848;0
12.32;-0.654285113316389;0.44116757073841;0
12.33;-0.649788782858028;0.459949030897027;0
12.34;-0.645105399103157;0.478560337390754;0
12.35;-0.640236687427933;0.496996203723184;0
12.36;-0.635184425797152;0.515251405073679;0
12.37;-0.629950444140896;0.53332077975756;0
12.38;-0.624536623716689;0.551199230664873;0
12.39;-0.618944896457351;0.568881726677311;0
12.4;-0.613177244304786;0.586363304062933;0
12.41;-0.607235698529931;0.603639067848277;0
12.42;-0.601122339039073;0.620704193167505;0
12.43;-0.594839293666792;0.637553926588218;0
12.44;-0.588388737455747;0.654183587413577;0
12.45;-0.581772891923549;0.670588568960379;0
12.46;-0.574994024316959;0.686764339812759;0
12.47;-0.568054446853672;0.702706445051163;0
12.48;-0.560956515951905;0.718410507456293;0
12.49;-0.553702631448078;0.733872228687675;0
12.5;-0.546295235802813;0.749087390436572;0
12.51;-0.538736813295524;0.764051855552915;0
12.52;-0.531029889207857;0.778761569145971;0
12.53;-0.523177028996237;0.793212559658465;0
12.54;-0.515180837453803;0.807400939913872;0
12.55;-0.507043957861988;0.821322908136617;0
12.56;-0.498769071132011;0.834974748944921;0
12.57;-0.490358894936582;0.84835283431604;0
12.58;-0.481816182832066;0.861453624523669;0
12.59;-0.473143723371401;0.874273669047251;0
12.6;-0.464344339208059;0.886809607452998;0
12.61;-0.455420886191311;0.899058170246385;0
12.62;-0.446376252453111;0.911016179695919;0
12.63;-0.437213357486857;0.922680550627989;0
12.64;-0.427935151218351;0.934048291192602;0
12.65;-0.418544613069217;0.94511650359983;0
12.66;-0.409044751013099;0.955882384826793;0
12.67;-0.399438600624915;0.966343227295021;0
12.68;-0.389729224123477;0.976496419518047;0
12.69;-0.379919709407766;0.986339446719067;0
12.7;-0.370013169087164;0.99586989141857;0
12.71;-0.360012739505949;1.00508543399177;0
12.72;-0.349921579762353;1.01398385319577;0
12.73;-0.339742870722479;1.02256302666631;0
12.74;-0.329479814029392;1.03082093138403;0
12.75;-0.319135631107686;1.03875564411013;0
12.76;-0.308713562163828;1.04636534179144;0
12.77;-0.298216865182594;1.05364830193466;0
12.78;-0.287648814919899;1.06060290294991;0
12.79;-0.277012701892328;1.06722762446335;0
12.8;-0.266311831363687;1.07352104759904;0
12.81;-0.255549522328861;1.07948185522974;0
12.82;-0.244729106495323;1.08510883219693;0
12.83;-0.23385392726256;1.09040086549978;0
12.84;-0.222927338699767;1.09535694445321;0
12.85;-0.211952704522087;1.09997616081503;0
12.86;-0.200933397065727;1.10425770888208;0
12.87;-0.189872796262246;1.10820088555559;0
12.88;-0.178774288612334;1.11180509037552;0
12.89;-0.167641266159379;1.11506982552422;0
12.9;-0.156477125463142;1.11799469579921;0
12.91;-0.145285266573842;1.12057940855527;0
12.92;-0.134069092006955;1.12282377361595;0
12.93;-0.122832005719036;1.12472770315444;0
12.94;-0.111577412084874;1.12629121154399;0
12.95;-0.100308714876271;1.12751441517793;0
12.96;-0.0890293162427686;1.12839753225951;0
12.97;-0.0777426156946002;1.12894088256144;0
12.98;-0.0664520090881917;1.12914488715551;0
12.99;-0.0551608876144966;1.12901006811228;0
13;-0.0438726367904692;1.12853704817096;0
13.01;-0.0325906354539724;1.12772655037974;0
13.02;-0.0213182547624147;1.12657939770666;0
13.03;-0.0100588571954104;1.12509651262121;0
13.04;0.00118420443824435;1.12327891664671;0
13.05;0.0124075879889905;1.12112772988398;0
13.06;0.0236079629500307;1.11864417050606;0
13.07;0.0347820114356733;1.11582955422454;0
13.08;0.0459264291542124;1.1126852937275;0
13.09;0.0570379263750598;1.10921289808941;0
13.1;0.068113228889851;1.10541397215308;0
13.11;0.0791490789672456;1.10129021588401;0
13.12;0.090142236301148;1.09684342369731;0
13.13;0.101089478952075;1.09207548375749;0
13.14;0.111987604281399;1.08698837725135;0
13.15;0.122833429878203;1.08158417763419;0
13.16;0.133623794478473;1.07586504984974;0
13.17;0.14435555887638;1.06983324952389;0
13.18;0.155025606827375;1.06349112213277;0
13.19;0.165630845942858;1.05684110214516;0
13.2;0.176168208576147;1.04988571213986;0
13.21;0.18663465269952;1.04262756189805;0
13.22;0.197027162772061;1.03506934747111;0
13.23;0.207342750598079;1.02721385022419;0
13.24;0.217578456175852;1.01906393585582;0
13.25;0.227731348536466;1.01062255339399;0
13.26;0.237798526572502;1.00189273416888;0
13.27;0.247777119856355;0.992877590762763;0
13.28;0.257664289447941;0.983580315937341;0
13.29;0.267457228691588;0.974004181538856;0
13.3;0.277153164001873;0.96415253738141;0
13.31;0.286749355638193;0.954028810108824;0
13.32;0.296243098467866;0.943636502035415;0
13.33;0.305631722717544;0.932979189966096;0
13.34;0.314912594712732;0.922060523996159;0
13.35;0.32408311760522;0.910884226291161;0
13.36;0.333140732088221;0.899454089847303;0
13.37;0.34208291709903;0.887773977232704;0
13.38;0.35090719050901;0.875847819309982;0
13.39;0.359611109800721;0.863679613940566;0
13.4;0.368192272732014;0.851273424671142;0
13.41;0.376648317986903;0.838633379402673;0
13.42;0.38497692581306;0.825763669042412;0
13.43;0.393175818645752;0.812668546139352;0
13.44;0.401242761718053;0.799352323503528;0
13.45;0.409175563657188;0.785819372809649;0
13.46;0.416972077066841;0.772074123185467;0
13.47;0.424630199095271;0.758121059785358;0
13.48;0.432147871989116;0.743964722349561;0
13.49;0.439523083632711;0.729609703749526;0
13.5;0.446753868072806;0.715060648519838;0
13.51;0.453838306028543;0.700322251377176;0
13.52;0.460774525386568;0.685399255726779;0
13.53;0.467560701681148;0.67029645215688;0
13.54;0.474195058559186;0.655018676921584;0
13.55;0.480675868230011;0.639570810412663;0
13.56;0.487001451899837;0.623957775620757;0
13.57;0.493170180190793;0.608184536586435;0
13.58;0.499180473544414;0.592256096841623;0
13.59;0.505030802609506;0.576177497841873;0
13.6;0.510719688614298;0.559953817389951;0
13.61;0.51624570372279;0.543590168051248;0
13.62;0.521607471375217;0.527091695561484;0
13.63;0.526803666612564;0.510463577227218;0
13.64;0.53183301638505;0.49371102031963;0
13.65;0.536694299844523;0.476839260462091;0
13.66;0.541386348620705;0.459853560012;0
13.67;0.545908047081232;0.442759206437393;0
13.68;0.550258332575435;0.425561510688808;0
13.69;0.554436195661825;0.408265805566918;0
13.7;0.558440680319234;0.39087744408641;0
13.71;0.562270884141583;0.373401797836626;0
13.72;0.565925958516234;0.355844255339446;0
13.73;0.569405108785925;0.338210220404923;0
13.74;0.572707594394243;0.320505110485155;0
13.75;0.575832729014628;0.302734355026906;0
13.76;0.578779880662911;0.284903393823454;0
13.77;0.581548471793354;0.267017675366173;0
13.78;0.584137979378218;0.249082655196347;0
13.79;0.586547934970847;0.23110379425769;0
13.8;0.588777924752283;0.213086557250091;0
13.81;0.590827589561422;0.195036410985057;0
13.82;0.592696624908744;0.176958822743347;0
13.83;0.594384780973619;0.158859258635295;0
13.84;0.59589186258524;0.140743181964292;0
13.85;0.597217729187199;0.122616051593933;0
13.86;0.598362294785756;0.104483320319293;0
13.87;0.599325527881846;0.086350433242827;0
13.88;0.600107451386857;0.0682228261553601;0
13.89;0.600708142522252;0.0501059239226596;0
13.9;0.60112773270308;0.0320051388780499;0
13.91;0.601366407405439;0.0139258692215477;0
13.92;0.601424406017971;-0.00412650257401411;0
13.93;0.601302021677435;-0.0221466113494096;0
13.94;0.600999601088472;-0.0401291108375262;0
13.95;0.600517544327602;-0.0580686752334946;0
13.96;0.599856304631574;-0.0759600007559874;0
13.97;0.599016388170137;-0.0937978071992316;0
13.98;0.597998353803334;-0.111576839475287;0
13.99;0.596802812823423;-0.129291869146145;0
14;0.595430428681523;-0.146937695945205;0
14.01;0.593881916699091;-0.164509149287692;0
14.02;0.592158043764349;-0.18200108976958;0
14.03;0.590259628013779;-0.199408410654592;0
14.04;0.588187538498793;-0.216726039348855;0
14.05;0.585942694837726;-0.23394893886278;0
14.06;0.583526066853258;-0.251072109259765;0
14.07;0.580938674195418;-0.268090589091294;0
14.08;0.578181585950296;-0.284999456818034;0
14.09;0.575255920234606;-0.301793832216529;0
14.1;0.572162843776256;-0.318468877771091;0
14.11;0.56890357148106;-0.335019800050492;0
14.12;0.565479365985754;-0.351441851069081;0
14.13;0.561891537197476;-0.367730329631936;0
14.14;0.558141441819866;-0.38388058266368;0
14.15;0.554230482865949;-0.399888006520586;0
14.16;0.550160109157979;-0.415748048285611;0
14.17;0.54593181481441;-0.431456207045997;0
14.18;0.541547138724163;-0.447008035153093;0
14.19;0.537007664008389;-0.462399139464036;0
14.2;0.532315017469889;-0.477625182564967;0
14.21;0.527470869030386;-0.492681883975436;0
14.22;0.522476931155845;-0.50756502133367;0
14.23;0.517334958270021;-0.522270431562385;0
14.24;0.512046746156443;-0.536794012014821;0
14.25;0.506614131349023;-0.551131721600695;0
14.26;0.5010389905115;-0.56527958189176;0
14.27;0.495323239805922;-0.579233678206692;0
14.28;0.48946883425037;-0.592990160674991;0
14.29;0.48347776706614;-0.606545245279636;0
14.3;0.477352069014597;-0.619895214878201;0
14.31;0.471093807723912;-0.633036420202171;0
14.32;0.464705087005909;-0.645965280834201;0
14.33;0.458188046163236;-0.658678286163044;0
14.34;0.451544859287091;-0.671171996315926;0
14.35;0.444777734545722;-0.683443043068104;0
14.36;0.437888913463944;-0.695488130729391;0
14.37;0.430880670193884;-0.707304037007407;0
14.38;0.423755310777208;-0.71888761384735;0
14.39;0.416515172399051;-0.730235788248069;0
14.4;0.409162622633898;-0.741345563054237;0
14.41;0.401700058683648;-0.752214017724421;0
14.42;0.394129906608109;-0.762838309074878;0
14.43;0.38645462054816;-0.773215671998871;0
14.44;0.378676681941843;-0.783343420161354;0
14.45;0.3707985987336;-0.793218946668843;0
14.46;0.362822904576946;-0.802839724714331;0
14.47;0.354752158030784;-0.812203308197075;0
14.48;0.346588941749654;-0.821307332317143;0
14.49;0.338335861668139;-0.830149514144549;0
14.5;0.329995546179697;-0.838727653162883;0
14.51;0.321570645310176;-0.847039631787297;0
14.52;0.313063829886262;-0.855083415856739;0
14.53;0.304477790699118;-0.862857055100338;0
14.54;0.295815237663481;-0.870358683577839;0
14.55;0.28707889897247;-0.877586520094;0
14.56;0.278271520248365;-0.884538868586875;0
14.57;0.269395863689625;-0.891214118489915;0
14.58;0.260454707214399;-0.897610745067807;0
14.59;0.251450843600801;-0.90372730972602;0
14.6;0.242387079624205;-0.909562460293986;0
14.61;0.233266235191829;-0.915114931281898;0
14.62;0.224091142474866;-0.920383544111075;0
14.63;0.214864645038439;-0.925367207317882;0
14.64;0.205589596969622;-0.930064916731189;0
14.65;0.196268862003822;-0.934475755623351;0
14.66;0.186905312649757;-0.938598894834721;0
14.67;0.177501829313313;-0.942433592871699;0
14.68;0.168061299420544;-0.945979195978338;0
14.69;0.158586616540063;-0.949235138181514;0
14.7;0.149080679505114;-0.952200941309718;0
14.71;0.139546391535566;-0.954876214985493;0
14.72;0.129986659360102;-0.957260656591557;0
14.73;0.120404392338867;-0.959354051210694;0
14.74;0.110802501586836;-0.961156271539443;0
14.75;0.101183899098157;-0.962667277775686;0
14.76;0.0915514968717421;-0.963887117480186;0
14.77;0.0819082060383565;-0.964815925412188;0
14.78;0.0722569359894682;-0.965453923339156;0
14.79;0.0626005935081168;-0.965801419820757;0
14.8;0.0529420819020577;-0.965858809967202;0
14.81;0.0432843001394384;-0.965626575172053;0
14.82;0.0336301419872605;-0.965105282819631;0
14.83;0.0239824951528817;-0.964295585967142;0
14.84;0.0143442404288099;-0.963198223001678;0
14.85;0.0047182508410397;-0.961814017272221;0
14.86;-0.00489260919881919;-0.960143876696817;0
14.87;-0.0144854847373741;-0.958188793345065;0
14.88;-0.024057531118996;-0.955949842996115;0
14.89;-0.0336059148208367;-0.953428184672315;0
14.9;-0.0431278142830728;-0.950625060148716;0
14.91;-0.0526204207341382;-0.947541793438615;0
14.92;-0.0620809390107034;-0.944179790255325;0
14.93;-0.0715065883721673;-0.940540537450385;0
14.94;-0.0808946033094253;-0.936625602428408;0
14.95;-0.0902422343476817;-0.932436632538793;0
14.96;-0.0995467488430762;-0.927975354444515;0
14.97;-0.108805431772896;-0.923243573468227;0
14.98;-0.118015586519145;-0.918243172915903;0
14.99;-0.127174535645256;-0.912976113378274;0
15;-0.136279621665712;-0.907444432010289;0
15.01;-0.145328207808362;-0.901650241788872;0
15.02;-0.154317678769229;-0.895595730749217;0
15.03;-0.163245441459572;-0.889283161199908;0
15.04;-0.172108925745015;-0.88271486891711;0
15.05;-0.180905585176518;-0.875893262318134;0
15.06;-0.189632897712996;-0.868820821614639;0
15.07;-0.198288366435377;-0.861500097945776;0
15.08;-0.206869520251906;-0.853933712491551;0
15.09;-0.215373914594487;-0.846124355566727;0
15.1;-0.223799132105887;-0.83807478569555;0
15.11;-0.232142783317597;-0.829787828667626;0
15.12;-0.240402507318166;-0.821266376575253;0
15.13;-0.248575972411833;-0.812513386832532;0
15.14;-0.25666087676726;-0.803531881176586;0
15.15;-0.264654949056209;-0.794324944651213;0
15.16;-0.272555949081967;-0.784895724573308;0
15.17;-0.280361668397366;-0.775247429482395;0
15.18;-0.288069930912218;-0.765383328073611;0
15.19;-0.295678593490017;-0.755306748114495;0
15.2;-0.303185546533721;-0.745021075345927;0
15.21;-0.310588714560491;-0.73452975236758;0
15.22;-0.317886056765201;-0.723836277508245;0
15.23;-0.325075567572595;-0.712944203681386;0
15.24;-0.332155277177931;-0.70185713722631;0
15.25;-0.339123252075971;-0.690578736735303;0
15.26;-0.345977595578182;-0.679112711867123;0
15.27;-0.352716448318015;-0.667462822147228;0
15.28;-0.359337988744126;-0.65563287575511;0
15.29;-0.365840433601409;-0.643626728299139;0
15.3;-0.372222038399731;-0.631448281579282;0
15.31;-0.378481097870236;-0.619101482338115;0
15.32;-0.384615946409106;-0.606590321000503;0
15.33;-0.390624958508678;-0.593918830402351;0
15.34;-0.396506549175788;-0.58109108450883;0
15.35;-0.402259174337265;-0.568111197122475;0
15.36;-0.407881331232449;-0.554983320581564;0
15.37;-0.413371558792662;-0.541711644449179;0
15.38;-0.418728438007519;-0.528300394193362;0
15.39;-0.423950592278013;-0.514753829858783;0
15.4;-0.429036687756267;-0.501076244730316;0
15.41;-0.433985433671899;-0.487271963988956;0
15.42;-0.438795582644907;-0.473345343360479;0
15.43;-0.443465930985007;-0.459300767757274;0
15.44;-0.447995318977368;-0.445142649913757;0
15.45;-0.452382631154669;-0.430875429015788;0
15.46;-0.456626796555421;-0.41650356932452;0
15.47;-0.460726788968514;-0.402031558795094;0
15.48;-0.464681627163918;-0.387463907690602;0
15.49;-0.468490375109514;-0.372805147191751;0
15.5;-0.472152142173996;-0.358059828002645;0
15.51;-0.475666083315819;-0.343232518953105;0
15.52;-0.479031399258155;-0.328327805597967;0
15.53;-0.482247336649833;-0.313350288813765;0
15.54;-0.485313188212229;-0.29830458339324;0
15.55;-0.488228292872097;-0.283195316638089;0
15.56;-0.490992035880324;-0.268027126950382;0
15.57;-0.493603848916591;-0.252804662423081;0
15.58;-0.496063210179932;-0.237532579430062;0
15.59;-0.498369644465206;-0.222215541216089;0
15.6;-0.500522723225456;-0.206858216487153;0
15.61;-0.502522064620182;-0.191465278001584;0
15.62;-0.504367333549529;-0.176041401162385;0
15.63;-0.506058241674407;-0.160591262611184;0
15.64;-0.507594547422554;-0.145119538824229;0
15.65;-0.508976055980574;-0.129630904710856;0
15.66;-0.510202619271973;-0.114130032214824;0
15.67;-0.511274135921218;-0.0986215889189469;0
15.68;-0.512190551203867;-0.083110236653437;0
15.69;-0.512951856982791;-0.0676006301083548;0
15.7;-0.513558091630545;-0.0520974154505896;0
15.71;-0.514009339937934;-0.0366052289457711;0
15.72;-0.514305733008814;-0.0211286955855172;0
15.73;-0.514447448141202;-0.00567242772041995;0
15.74;-0.514434708694728;0.0097589763008286;0
15.75;-0.514267783944523;0.0251609334857752;0
15.76;-0.513946988921584;0.0405288775456133;0
15.77;-0.513472684239702;0.0558582602352675;0
15.78;-0.512845275909021;0.0711445526857672;0
15.79;-0.512065215136315;0.0863832467285208;0
15.8;-0.511132998112049;0.10156985621111;0
15.81;-0.510049165784337;0.116699918304221;0
15.82;-0.508814303619855;0.131768994799343;0
15.83;-0.507429041351837;0.146772673396848;0
15.84;-0.505894052715217;0.1617065689841;0
15.85;-0.504210055169056;0.17656632490321;0
15.86;-0.50237780960632;0.191347614208085;0
15.87;-0.500398120051149;0.206046140910414;0
15.88;-0.498271833343716;0.220657641214226;0
15.89;-0.495999838812789;0.235177884738681;0
15.9;-0.493583067936121;0.249602675728741;0
15.91;-0.491022493988792;0.263927854253385;0
15.92;-0.48831913167962;0.278149297391014;0
15.93;-0.485474036775787;0.292262920401741;0
15.94;-0.482488305715789;0.306264677886209;0
15.95;-0.479363075210868;0.320150564930631;0
15.96;-0.476099521835061;0.333916618237719;0
15.97;-0.472698861603991;0.347558917243205;0
15.98;-0.46916234954257;0.361073585217621;0
15.99;-0.465491279241751;0.374456790353058;0
16;-0.461686982404471;0.387704746834581;0
16.01;-0.457750828380964;0.400813715896022;0
16.02;-0.453684223693579;0.413780006859851;0
16.03;-0.44948861155127;0.426599978160849;0
16.04;-0.445165471353931;0.439270038353298;0
16.05;-0.440716318186728;0.451786647101412;0
16.06;-0.436142702304606;0.464146316152754;0
16.07;-0.43144620860714;0.476345610294358;0
16.08;-0.426628456103897;0.488381148291312;0
16.09;-0.421691097370503;0.500249603807555;0
16.1;-0.416635817995575;0.511947706308619;0
16.11;-0.411464336018708;0.523472241946109;0
16.12;-0.406178401359704;0.534820054423659;0
16.13;-0.400779795239224;0.545988045844153;0
16.14;-0.395270329591051;0.556973177537983;0
16.15;-0.389651846466158;0.567772470872132;0
16.16;-0.383926217428775;0.578383008039863;0
16.17;-0.378095342944643;0.588801932830826;0
16.18;-0.372161151761656;0.59902645138137;0
16.19;-0.366125600283093;0.609053832904881;0
16.2;-0.359990671933633;0.618881410401957;0
16.21;-0.353758376518363;0.628506581350236;0
16.22;-0.347430749574981;0.63792680837372;0
16.23;-0.341009851719392;0.647139619891408;0
16.24;-0.334497767984918;0.656142610745106;0
16.25;-0.327896607155322;0.664933442806234;0
16.26;-0.321208501091858;0.673509845561506;0
16.27;-0.314435604054561;0.681869616677329;0
16.28;-0.307580092017989;0.690010622542799;0
16.29;-0.300644161981632;0.697930798791164;0
16.3;-0.293630031275203;0.705628150799628;0
16.31;-0.286539936859029;0.713100754167392;0
16.32;-0.279376134619761;0.720346755171831;0
16.33;-0.27214089866162;0.72736437120269;0
16.34;-0.264836520593399;0.734151891174222;0
16.35;-0.257465308811446;0.740707675915177;0
16.36;-0.250029587778846;0.747030158536565;0
16.37;-0.242531697301026;0.753117844777115;0
16.38;-0.234973991798002;0.758969313326376;0
16.39;-0.227358839573504;0.76458321612539;0
16.4;-0.219688622081187;0.769958278644891;0
16.41;-0.211965733188165;0.775093300140985;0
16.42;-0.204192578436092;0.779987153888274;0
16.43;-0.196371574300011;0.784638787390392;0
16.44;-0.188505147445195;0.789047222567922;0
16.45;-0.180595733982222;0.793211555923692;0
16.46;-0.172645778720483;0.797130958685423;0
16.47;-0.164657734420384;0.800804676925736;0
16.48;-0.156634061044434;0.804232031659515;0
16.49;-0.148577225007468;0.807412418918641;0
16.5;-0.140489698426226;0.810345309804104;0
16.51;-0.132373958368508;0.813030250515534;0
16.52;-0.124232486102142;0.815466862358154;0
16.53;-0.116067766343973;0.817654841727225;0
16.54;-0.10788228650912;0.819593960069991;0
16.55;-0.0996785359607099;0.82128406382521;0
16.56;-0.0914590052603137;0.82272507434029;0
16.57;-0.0832261854193176;0.823916987766132;0
16.58;-0.0749825671514421;0.824859874929714;0
16.59;-0.0667306401266358;0.82555388118452;0
16.6;-0.0584728922265654;0.825999226238883;0
16.61;-0.0502118088019196;0.826196203962331;0
16.62;-0.04194987193175;0.82614518217004;0
16.63;-0.033689559685064;0.825846602385489;0
16.64;-0.02543334538489;0.82530097958143;0
16.65;-0.0171836968750294;0.824508901899279;0
16.66;-0.00894307578971199;0.823471030347068;0
16.67;-0.000713936826366703;0.822188098476066;0
16.68;0.00750127297827694;0.820660912036208;0
16.69;0.0157001149685479;0.818890348610481;0
16.7;0.0238801595864416;0.816877357228401;0
16.71;0.0320389870842702;0.814622957958736;0
16.72;0.0401741882331459;0.812128241481643;0
16.73;0.0482833650270947;0.809394368640359;0
16.74;0.0563641313825952;0.806422569972648;0
16.75;0.0644141138333413;0.803214145222143;0
16.76;0.0724309522200292;0.799770462829802;0
16.77;0.080412300374969;0.796092959405628;0
16.78;0.0883558268013266;0.792183139180872;0
16.79;0.0962592153467995;0.78804257344091;0
16.8;0.104120165871536;0.783672899938981;0
16.81;0.111936394910106;0.779075822291025;0
16.82;0.119705636327336;0.774253109351806;0
16.83;0.127425641967822;0.769206594572558;0
16.84;0.135094182298935;0.763938175340364;0
16.85;0.142709047047142;0.758449812299515;0
16.86;0.150268045827459;0.752743528655065;0
16.87;0.157769008765859;0.746821409458836;0
16.88;0.165209787114462;0.740685600878101;0
16.89;0.172588253859339;0.734338309447219;0
16.9;0.179902304320749;0.727781801302446;0
16.91;0.187149856745657;0.721018401400204;0
16.92;0.194328852892358;0.714050492719058;0
16.93;0.201437258607045;0.70688051544567;0
16.94;0.208473064392173;0.69951096614501;0
16.95;0.215434285966449;0.691944396915085;0
16.96;0.2223189648163;0.684183414526478;0
16.97;0.229125168738677;0.676230679546983;0
16.98;0.235850992375032;0.668088905451602;0
16.99;0.242494557736331;0.659760857718232;0
17;0.249054014718962;0.651249352909302;0
17.01;0.255527541611399;0.642557257739686;0
17.02;0.26191334559148;0.633687488131176;0
17.03;0.268209663214177;0.624643008253835;0
17.04;0.274414760889712;0.615426829554534;0
17.05;0.280526935351912;0.606042009772983;0
17.06;0.286544514116663;0.596491651945583;0
17.07;0.292465855930349;0.586778903397407;0
17.08;0.298289351208164;0.576906954722638;0
17.09;0.304013422462168;0.56687903875379;0
17.1;0.309636524718998;0.556698429520037;0
17.11;0.315157145927104;0.546368441194991;0
17.12;0.320573807353421;0.535892427034241;0
17.13;0.325885063969372;0.525273778303015;0
17.14;0.331089504826104;0.514515923194287;0
17.15;0.336185753418863;0.50362232573767;0
17.16;0.341172468040416;0.49259648469945;0
17.17;0.346048342123439;0.48144193247409;0
17.18;0.350812104571778;0.470162233967563;0
17.19;0.355462520080511;0.458760985472858;0
17.2;0.359998389444731;0.447241813538009;0
17.21;0.364418549856975;0.435608373827001;0
17.22;0.368721875193234;0.423864349973905;0
17.23;0.372907276287473;0.4120134524306;0
17.24;0.376973701194602;0.400059417308435;0
17.25;0.380920135441834;0.388006005214189;0
17.26;0.384745602268387;0.37585700008069;0
17.27;0.388449162853459;0.363616207992456;0
17.28;0.392029916532445;0.351287456006703;0
17.29;0.395487001001343;0.338874590970104;0
17.3;0.398819592509308;0.326381478331645;0
17.31;0.402026906039322;0.313812000951941;0
17.32;0.405108195476939;0.301170057909388;0
17.33;0.40806275376708;0.288459563303496;0
17.34;0.410889913058851;0.275684445055784;0
17.35;0.413589044838357;0.262848643708586;0
17.36;0.416159560049502;0.249956111222141;0
17.37;0.418600909202747;0.237010809770332;0
17.38;0.420912582471823;0.224016710535424;0
17.39;0.423094109778391;0.21097779250218;0
17.4;0.425145060864639;0.19789804125171;0
17.41;0.427065045353816;0.184781447755411;0
17.42;0.428853712798711;0.171632007169371;0
17.43;0.430510752718077;0.158453717629585;0
17.44;0.432035894621011;0.14525057904835;0
17.45;0.433428908019312;0.1320265919122;0
17.46;0.434689602427813;0.118785756081724;0
17.47;0.435817827352734;0.105532069593649;0
17.48;0.436813472268062;0.092269527465518;0
17.49;0.437676466579988;0.0790021205033304;0
17.5;0.438406779579442;0.0657338341124946;0
17.51;0.439004420382745;0.0524686471124434;0
17.52;0.439469437860435;0.0392105305552594;0
17.53;0.439801920554287;0.0259634465486605;0
17.54;0.440001996582596;0.0127313470836888;0
17.55;0.44006983353375;-0.00048182713255262;0
17.56;0.440005638348158;-0.0136721478387753;0
17.57;0.439809657188582;-0.0268357003756519;0
17.58;0.439482175298944;-0.0399685848358998;0
17.59;0.439023516851645;-0.0530669172079647;0
17.6;0.438434044783491;-0.0661268305129748;0
17.61;0.437714160620274;-0.0791444759346345;0
17.62;0.43686430429009;-0.0921160239417318;0
17.63;0.435884953925462;-0.105037665402936;0
17.64;0.434776625654359;-0.117905612693565;0
17.65;0.433539873380174;-0.130716100794;0
17.66;0.432175288550766;-0.143465388379443;0
17.67;0.43068349991664;-0.156149758900689;0
17.68;0.42906517327836;-0.168765521655627;0
17.69;0.427321011223294;-0.181309012851137;0
17.7;0.425451752851781;-0.193776596655107;0
17.71;0.423458173492821;-0.206164666238254;0
17.72;0.421341084409402;-0.218469644805464;0
17.73;0.419101332493553;-0.230687986616354;0
17.74;0.416739799951246;-0.242816177994773;0
17.75;0.414257403977254;-0.254850738326955;0
17.76;0.411655096420074;-0.266788221048045;0
17.77;0.408933863437047;-0.278625214616727;0
17.78;0.406094725139778;-0.290358343477671;0
17.79;0.403138735229992;-0.301984269011549;0
17.8;0.400066980625946;-0.313499690472335;0
17.81;0.396880581079525;-0.32490134591165;0
17.82;0.393580688784152;-0.336186013089881;0
17.83;0.390168487973657;-0.347350510373841;0
17.84;0.386645194512214;-0.358391697620703;0
17.85;0.383012055475517;-0.369306477047982;0
17.86;0.379270348723316;-0.380091794089329;0
17.87;0.375421382463447;-0.390744638235891;0
17.88;0.371466494807539;-0.401262043863024;0
17.89;0.367407053318493;-0.411641091042127;0
17.9;0.363244454549932;-0.42187890633739;0
17.91;0.358980123577741;-0.431972663587224;0
17.92;0.354615513523866;-0.441919584670188;0
17.93;0.350152105072524;-0.451716940255195;0
17.94;0.345591405978978;-0.4613620505358;0
17.95;0.340934950571052;-0.470852285948388;0
17.96;0.336184299243526;-0.480185067874058;0
17.97;0.331341037945591;-0.489357869324038;0
17.98;0.326406777661527;-0.498368215608438;0
17.99;0.321383153884765;-0.507213684988182;0
18;0.316271826085506;-0.515891909309943;0
18.01;0.311074477172073;-0.524400574623927;0
18.02;0.305792812946157;-0.532737421784345;0
18.03;0.300428561552137;-0.540900247032426;0
18.04;0.294983472920654;-0.548886902561825;0
18.05;0.289459318206608;-0.556695297066287;0
18.06;0.283857889221756;-0.56432339626943;0
18.07;0.278180997862094;-0.571769223436531;0
18.08;0.272430475530209;-0.579030859868172;0
18.09;0.266608172552767;-0.586106445375651;0
18.1;0.260715957593335;-0.59299417873803;0
18.11;0.254755717060718;-0.599692318140725;0
18.12;0.248729354512984;-0.606199181595532;0
18.13;0.242638790057382;-0.612513147342002;0
18.14;0.236485959746327;-0.618632654230064;0
18.15;0.230272814969645;-0.624556202083832;0
18.16;0.224001321843258;-0.630282352046501;0
18.17;0.217673460594519;-0.635809726906272;0
18.18;0.211291224944356;-0.64113701140324;0
18.19;0.204856621486451;-0.646262952517183;0
18.2;0.198371669063613;-0.651186359736195;0
18.21;0.191838398141558;-0.655906105306125;0
18.22;0.185258850180279;-0.660421124460774;0
18.23;0.178635077003203;-0.664730415632815;0
18.24;0.171969140164324;-0.668833040645403;0
18.25;0.165263110313504;-0.672728124884457;0
18.26;0.158519066560145;-0.676414857451593;0
18.27;0.151739095835413;-0.67989249129769;0
18.28;0.144925292253215;-0.683160343337094;0
18.29;0.138079756470125;-0.686217794542444;0
18.3;0.131204595044439;-0.689064290020139;0
18.31;0.124301919794576;-0.691699339066449;0
18.32;0.117373847156995;-0.694122515204287;0
18.33;0.110422497543831;-0.696333456200663;0
18.34;0.103449994700452;-0.698331864064857;0
18.35;0.0964584650631104;-0.700117505027331;0
18.36;0.0894500371169011;-0.70169020949943;0
18.37;0.0824268407542005;-0.703049872013911;0
18.38;0.0753910066337928;-0.704196451146356;0
18.39;0.0683446655408643;-0.70512996941752;0
18.4;0.0612899477480617;-0.705850513176679;0
18.41;0.0542289823778008;-0.706358232466047;0
18.42;0.047163896766017;-0.706653340866332;0
18.43;0.0400968158275442;-0.706736115323511;0
18.44;0.0330298614233106;-0.706606895956907;0
18.45;0.0259651517295369;-0.706266085848665;0
18.46;0.0189048006091239;-0.705714150814707;0
18.47;0.0118509169854131;-0.70495161915728;0
18.48;0.00480560421850394;-0.703979081399205;0
18.49;-0.00222904051568858;-0.702797189999918;0
18.5;-0.00925092684345624;-0.70140665905344;0
18.51;-0.016257971808218;-0.699808263968397;0
18.52;-0.0232481004821608;-0.698002841130198;0
18.53;-0.0302192465744218;-0.69599128754552;0
18.54;-0.0371693530356367;-0.693774560469237;0
18.55;-0.0440963726586792;-0.691353677013923;0
18.56;-0.0509982686754166;-0.688729713742089;0
18.57;-0.057873015349312;-0.685903806241294;0
18.58;-0.0647185985636995;-0.682877148682298;0
18.59;-0.0715330164055669;-0.679650993360413;0
18.6;-0.0783142797446757;-0.676226650220215;0
18.61;-0.0850604128078541;-0.672605486363793;0
18.62;-0.0917694537483001;-0.668788925542718;0
18.63;-0.0984394552097301;-0.664778447633888;0
18.64;-0.105068484885215;-0.660575588099464;0
18.65;-0.111654626070546;-0.656181937431066;0
18.66;-0.118195978211969;-0.651599140578426;0
18.67;-0.124690657448138;-0.646828896362705;0
18.68;-0.131136797146135;-0.641872956874665;0
18.69;-0.137532548431404;-0.636733126857907;0
18.7;-0.143876080711446;-0.63141126307739;0
18.71;-0.15016558219314;-0.625909273673439;0
18.72;-0.156399260393539;-0.620229117501458;0
18.73;-0.162575342643991;-0.614372803457587;0
18.74;-0.16869207658747;-0.608342389790505;0
18.75;-0.174747730668946;-0.602139983399629;0
18.76;-0.18074059461869;-0.595767739119938;0
18.77;-0.186668979928363;-0.589227858993649;0
18.78;-0.192531220319759;-0.582522591529;0
18.79;-0.198325672206089;-0.575654230946373;0
18.8;-0.20405071514566;-0.568625116412021;0
18.81;-0.209704752287843;-0.561437631259623;0
18.82;-0.215286210811198;-0.554094202199951;0
18.83;-0.220793542353648;-0.546597298518883;0
18.84;-0.226225223434579;-0.53894943126404;0
18.85;-0.231579755868755;-0.531153152420297;0
18.86;-0.236855667171941;-0.52321105407444;0
18.87;-0.242051510958122;-0.515125767569241;0
18.88;-0.247165867328224;-0.506899962647214;0
18.89;-0.252197343250215;-0.498536346584339;0
18.9;-0.257144572930507;-0.49003766331402;0
18.91;-0.262006218176557;-0.481406692541555;0
18.92;-0.266780968750562;-0.472646248849417;0
18.93;-0.271467542714174;-0.463759180793606;0
18.94;-0.276064686764136;-0.454748369991377;0
18.95;-0.280571176558761;-0.445616730200626;0
18.96;-0.284985817035164;-0.436367206391216;0
18.97;-0.289307442717173;-0.427002773808553;0
18.98;-0.293534918013845;-0.41752643702969;0
18.99;-0.297667137508507;-0.407941229012261;0
19;-0.301703026238258;-0.398250210136545;0
19.01;-0.30564153996386;-0.388456467240953;0
19.02;-0.309481665429955;-0.378563112651244;0
19.03;-0.313222420615548;-0.368573283203768;0
19.04;-0.316862854974699;-0.358490139263041;0
19.05;-0.320402049667359;-0.348316863733955;0
19.06;-0.323839117780314;-0.33805666106893;0
19.07;-0.327173204538177;-0.327712756270313;0
19.08;-0.330403487504372;-0.317288393888331;0
19.09;-0.333529176772101;-0.306786837014903;0
19.1;-0.336549515145208;-0.296211366273635;0
19.11;-0.339463778308944;-0.285565278806279;0
19.12;-0.342271274990575;-0.274851887255998;0
19.13;-0.344971347109808;-0.26407451874772;0
19.14;-0.347563369919009;-0.253236513865908;0
19.15;-0.350046752133197;-0.242341225630056;0
19.16;-0.352420936049768;-0.231392018468211;0
19.17;-0.354685397657962;-0.220392267188846;0
19.18;-0.356839646738031;-0.20934535595138;0
19.19;-0.358883226950114;-0.198254677235677;0
19.2;-0.360815715912802;-0.187123630810808;0
19.21;-0.362636725271387;-0.17595562270341;0
19.22;-0.364345900755792;-0.164754064165938;0
19.23;-0.365942922228193;-0.153522370645125;0
19.24;-0.367427503720317;-0.14226396075096;0
19.25;-0.368799393460439;-0.130982255226482;0
19.26;-0.370058373890081;-0.119680675918715;0
19.27;-0.371204261670425;-0.108362644751033;0
19.28;-0.37223690767846;-0.0970315826972756;0
19.29;-0.373156196992879;-0.0856909087579014;0
19.3;-0.37396204886974;-0.0743440389385027;0
19.31;-0.374654416707939;-0.0629943852309673;0
19.32;-0.375233288004491;-0.0516453545975971;0
19.33;-0.375698684299681;-0.0403003479584793;0
19.34;-0.376050661112094;-0.0289627591824096;0
19.35;-0.376289307863574;-0.0176359740816631;0
19.36;-0.376414747794156;-0.00632336941090848;0
19.37;-0.376427137866997;0.00497168812944315;0
19.38;-0.376326668663365;0.0162458428851616;0
19.39;-0.376113564267734;0.0274957512351056;0
19.4;-0.375788082143032;0.0387180825728274;0
19.41;-0.375350512996096;0.049909520282589;0
19.42;-0.374801180633394;0.0610667627095072;0
19.43;-0.374140441807073;0.0721865241235461;0
19.44;-0.373368686051396;0.0832655356770804;0
19.45;-0.372486335509638;0.0943005463557506;0
19.46;-0.371493844751493;0.10528832392234;0
19.47;-0.370391700581084;0.116225655853398;0
19.48;-0.369180421835643;0.12710935026835;0
19.49;-0.367860559174921;0.137936236850816;0
19.5;-0.366432694861438;0.148703167761883;0
19.51;-0.364897442531623;0.159407018545076;0
19.52;-0.363255446957952;0.170044689022756;0
19.53;-0.361507383802157;0.180613104183706;0
19.54;-0.359653959359599;0.191109215061642;0
19.55;-0.357695910294905;0.201529999604414;0
19.56;-0.355634003368943;0.211872463533637;0
19.57;-0.353469035157259;0.222133641194528;0
19.58;-0.351201831760047;0.232310596395694;0
19.59;-0.348833248503781;0.242400423238649;0
19.6;-0.346364169634583;0.252400246936827;0
19.61;-0.343795508003464;0.262307224623852;0
19.62;-0.341128204743525;0.272118546150865;0
19.63;-0.33836322893923;0.281831434872658;0
19.64;-0.335501577287879;0.291443148422426;0
19.65;-0.332544273753376;0.3009509794749;0
19.66;-0.329492369212426;0.310352256497682;0
19.67;-0.326346941093269;0.319644344490537;0
19.68;-0.323109093007073;0.328824645712485;0
19.69;-0.319779954372118;0.337890600396458;0
19.7;-0.31636068003089;0.346839687451355;0
19.71;-0.312852449860201;0.355669425151297;0
19.72;-0.309256468374492;0.364377371811889;0
19.73;-0.305573964322416;0.372961126453326;0
19.74;-0.301806190276862;0.381418329450155;0
19.75;-0.297954422218532;0.38974666316752;0
19.76;-0.29401995911323;0.39794385258373;0
19.77;-0.29000412248297;0.406007665898985;0
19.78;-0.285908255971077;0.413935915130097;0
19.79;-0.281733724901393;0.421726456691051;0
19.8;-0.277481915831745;0.429377191959266;0
19.81;-0.273154236101819;0.436886067827403;0
19.82;-0.268752113375573;0.444251077240578;0
19.83;-0.264276995178352;0.451470259718848;0
19.84;-0.259730348428841;0.458541701864842;0
19.85;-0.255113658966014;0.465463537856398;0
19.86;-0.250428431071211;0.472233949924101;0
19.87;-0.24567618698553;0.478851168813587;0
19.88;-0.24085846642264;0.48531347423252;0
19.89;-0.235976826077216;0.491619195282112;0
19.9;-0.231032839129114;0.497766710873107;0
19.91;-0.22602809474346;0.503754450126108;0
19.92;-0.220964197566812;0.509580892756177;0
19.93;-0.21584276721954;0.515244569441592;0
19.94;-0.210665437784592;0.520744062176711;0
19.95;-0.205433857292807;0.526078004608837;0
19.96;-0.200149687204928;0.531245082359018;0
19.97;-0.194814601890475;0.536244033326724;0
19.98;-0.18943028810366;0.541073647978326;0
19.99;-0.183998444456467;0.545732769619317;0
20;-0.178520780889105;0.550220294650237;0
