0;0.612809588835559;0.409711121115938;0
0.01;0.616820638130516;0.39057027702837;0
0.02;0.620639895303406;0.371345252186182;0
0.03;0.624266545119079;0.352041954171058;0
0.04;0.627699831479578;0.332666303874705;0
0.05;0.630939057549153;0.313224233701132;0
0.06;0.633983585861292;0.293721685768563;0
0.07;0.636832838407771;0.274164610111526;0
0.08;0.639486296709728;0.254558962883665;0
0.09;0.641943501870776;0.234910704561802;0
0.1;0.644204054612154;0.215225798151796;0
0.11;0.646267615289954;0.195510207396715;0
0.12;0.648133903894442;0.175769894987883;0
0.13;0.649802700031499;0.156010820779301;0
0.14;0.651273842886229;0.136238940006001;0
0.15;0.65254723116877;0.116460201506833;0
0.16;0.653622823042347;0.0966805459522396;0
0.17;0.65450063603364;0.0769059040775104;0
0.18;0.655180746925498;0.0571421949220591;0
0.19;0.655663291632083;0.0373953240752309;0
0.2;0.655948465056505;0.0176711819291559;0
0.21;0.656036520931006;-0.00202435806083831;0
0.22;0.655927771639803;-0.021685441107748;0
0.23;0.655622588024639;-0.0413062328158423;0
0.24;0.655121399173151;-0.0608809208945386;0
0.25;0.654424692190141;-0.0804037168627065;0
0.26;0.653533011951849;-0.0998688577429045;0
0.27;0.652446960843332;-0.119270607745061;0
0.28;0.651167198479052;-0.138603259939112;0
0.29;0.649694441406793;-0.157861137916111;0
0.3;0.648029462795016;-0.177038597437337;0
0.31;0.646173092103785;-0.196130028070925;0
0.32;0.644126214739379;-0.215129854815548;0
0.33;0.64188977169273;-0.234032539710689;0
0.34;0.639464759161816;-0.252832583433044;0
0.35;0.636852228158165;-0.271524526878591;0
0.36;0.634053284097589;-0.290102952729899;0
0.37;0.631069086375326;-0.3085624870082;0
0.38;0.627900847925723;-0.326897800609815;0
0.39;0.624549834766634;-0.345103610826485;0
0.4;0.621017365528682;-0.363174682849175;0
0.41;0.617304810969562;-0.381105831254942;0
0.42;0.613413593473553;-0.398891921476443;0
0.43;0.609345186536417;-0.41652787125367;0
0.44;0.605101114235855;-0.434008652067513;0
0.45;0.600682950687717;-0.451329290554746;0
0.46;0.596092319488147;-0.468484869904052;0
0.47;0.59133089314185;-0.485470531232695;0
0.48;0.586400392476685;-0.502281474943459;0
0.49;0.581302586044777;-0.518912962061489;0
0.5;0.576039289510354;-0.535360315550655;0
0.51;0.570612365024509;-0.551618921609089;0
0.52;0.56502372058711;-0.56768423094355;0
0.53;0.559275309396053;-0.583551760022244;0
0.54;0.553369129184094;-0.599217092305792;0
0.55;0.547307221543465;-0.614675879455996;0
0.56;0.541091671238505;-0.629923842522082;0
0.57;0.534724605506535;-0.64495677310411;0
0.58;0.528208193347194;-0.659770534493227;0
0.59;0.521544644800487;-0.67436106278848;0
0.6;0.514736210213764;-0.68872436798988;0
0.61;0.507785179497884;-0.702856535067432;0
0.62;0.500693881372792;-0.716753725005858;0
0.63;0.493464682602758;-0.730412175824744;0
0.64;0.486099987221534;-0.743828203573828;0
0.65;0.478602235747659;-0.756998203303197;0
0.66;0.470973904390192;-0.769918650008135;0
0.67;0.463217504245092;-0.782586099548381;0
0.68;0.45533558048254;-0.794997189541562;0
0.69;0.44733071152543;-0.807148640230593;0
0.7;0.43920550821931;-0.819037255324812;0
0.71;0.430962612994035;-0.830659922814649;0
0.72;0.422604699017378;-0.842013615759631;0
0.73;0.414134469340902;-0.853095393049536;0
0.74;0.405554656038326;-0.863902400138509;0
0.75;0.396868019336677;-0.874431869751963;0
0.76;0.388077346740501;-0.884681122566109;0
0.77;0.379185452149393;-0.894647567859954;0
0.78;0.370195174969142;-0.904328704139619;0
0.79;0.361109379216749;-0.913722119734834;0
0.8;0.351930952619612;-0.922825493367484;0
0.81;0.342662805709144;-0.931636594692085;0
0.82;0.333307870909126;-0.940153284808068;0
0.83;0.32386910161905;-0.948373516743775;0
0.84;0.314349471292758;-0.956295335912061;0
0.85;0.304751972512652;-0.963916880537429;0
0.86;0.295079616059761;-0.9712363820546;0
0.87;0.285335429979949;-0.978252165478465;0
0.88;0.275522458646554;-0.984962649745342;0
0.89;0.265643761819743;-0.991366348025499;0
0.9;0.255702413702875;-0.997461868006891;0
0.91;0.245701501996149;-1.00324791215007;0
0.92;0.235644126947842;-1.00872327791426;0
0.93;0.225533400403406;-1.01388685795456;0
0.94;0.215372444852729;-1.01873764029026;0
0.95;0.205164392475846;-1.02327470844431;0
0.96;0.194912384187374;-1.0274972415539;0
0.97;0.184619568679986;-1.03140451445218;0
0.98;0.174289101467181;-1.03499589772118;0
0.99;0.163924143925671;-1.03827085771592;0
1;0.153527862337643;-1.04122895655978;0
1.01;0.143103426933202;-1.04386985211114;0
1.02;0.132654010933278;-1.04619329790146;0
1.03;0.122182789593282;-1.04819914304464;0
1.04;0.111692939247787;-1.04988733211807;0
1.05;0.101187636356537;-1.05125790501512;0
1.06;0.0906700565520555;-1.05231099676936;0
1.07;0.0801433736891383;-1.05304683735061;0
1.08;0.0696107588965102;-1.05346575143279;0
1.09;0.0590753796309325;-1.05356815813387;0
1.1;0.048540398734036;-1.05335457072789;0
1.11;0.038008973492157;-1.0528255963293;0
1.12;0.027484254699456;-1.05198193554968;0
1.13;0.0169693857245915;-1.05082438212702;0
1.14;0.00646750158122468;-1.04935382252775;0
1.15;-0.0040182719973746;-1.04757123552166;0
1.16;-0.0144848194793491;-1.04547769172983;0
1.17;-0.0249290364506347;-1.04307435314585;0
1.18;-0.0353478305264332;-1.04036247263048;0
1.19;-0.0457381222575131;-1.03734339337989;0
1.2;-0.0560968460310743;-1.0340185483678;0
1.21;-0.0664209509659177;-1.03038945976159;0
1.22;-0.0767074018016604;-1.02645773831277;0
1.23;-0.086953179781739;-1.02222508272187;0
1.24;-0.0971552835299499;-1.01769327897805;0
1.25;-0.107310729920272;-1.01286419967377;0
1.26;-0.117416554939722;-1.00773980329459;0
1.27;-0.127469814544003;-1.00232213348445;0
1.28;-0.137467585505691;-0.99661331828674;0
1.29;-0.147406966254725;-0.990615569361336;0
1.3;-0.157285077710962;-0.984331181177909;0
1.31;-0.16709906410856;-0.977762530185821;0
1.32;-0.176846093811952;-0.97091207396086;0
1.33;-0.186523360123186;-0.963782350329129;0
1.34;-0.196128082080407;-0.956375976468381;0
1.35;-0.205657505247243;-0.948695647987113;0
1.36;-0.21510890249289;-0.940744137981731;0
1.37;-0.224479574762667;-0.932524296072114;0
1.38;-0.233766851838836;-0.924039047415886;0
1.39;-0.242968093091461;-0.915291391701749;0
1.4;-0.252080688219118;-0.906284402122199;0
1.41;-0.261102057979233;-0.897021224325978;0
1.42;-0.270029654907859;-0.8875050753506;0
1.43;-0.278860964028684;-0.87773924253532;0
1.44;-0.287593503551092;-0.867727082414892;0
1.45;-0.296224825557064;-0.857472019594493;0
1.46;-0.304752516676757;-0.846977545606164;0
1.47;-0.313174198752557;-0.836247217747167;0
1.48;-0.321487529491439;-0.825284657900617;0
1.49;-0.329690203105455;-0.814093551338782;0
1.5;-0.337779950940177;-0.802677645509442;0
1.51;-0.345754542090931;-0.791040748805691;0
1.52;-0.353611784006653;-0.779186729319585;0
1.53;-0.361349523081214;-0.767119513580041;0
1.54;-0.368965645232052;-0.754843085275386;0
1.55;-0.376458076465962;-0.742361483960959;0
1.56;-0.383824783431895;-0.729678803752205;0
1.57;-0.391063773960631;-0.716799192003644;0
1.58;-0.398173097591169;-0.703726847974158;0
1.59;-0.405150846083718;-0.690466021479017;0
1.6;-0.411995153919151;-0.677021011529057;0
1.61;-0.418704198784782;-0.663396164957458;0
1.62;-0.425276202046378;-0.649595875034546;0
1.63;-0.431709429206243;-0.63562458007105;0
1.64;-0.438002190347303;-0.621486762010267;0
1.65;-0.444152840563055;-0.607186945009558;0
1.66;-0.450159780373286;-0.592729694011637;0
1.67;-0.45602145612546;-0.57811961330608;0
1.68;-0.461736360381685;-0.563361345081522;0
1.69;-0.467303032291147;-0.548459567968971;0
1.7;-0.472720057947953;-0.533418995576711;0
1.71;-0.477986070734283;-0.518244375017232;0
1.72;-0.483099751648768;-0.502940485426652;0
1.73;-0.488059829620046;-0.487512136477082;0
1.74;-0.492865081805399;-0.471964166882392;0
1.75;-0.497514333874421;-0.456301442897851;0
1.76;-0.502006460277666;-0.440528856814071;0
1.77;-0.506340384500201;-0.424651325445754;0
1.78;-0.510515079300026;-0.408673788615672;0
1.79;-0.514529566931323;-0.392601207634359;0
1.8;-0.518382919352472;-0.376438563775981;0
1.81;-0.52207425841882;-0.360190856750829;0
1.82;-0.525602756060157;-0.343863103174927;0
1.83;-0.528967634442875;-0.327460335037181;0
1.84;-0.532168166116795;-0.31098759816458;0
1.85;-0.535203674146631;-0.294449950685862;0
1.86;-0.538073532228096;-0.277852461494152;0
1.87;-0.540777164788621;-0.261200208709005;0
1.88;-0.543314047072698;-0.244498278138326;0
1.89;-0.545683705211845;-0.22775176174064;0
1.9;-0.547885716279194;-0.210965756088142;0
1.91;-0.549919708328717;-0.19414536083103;0
1.92;-0.551785360419101;-0.177295677163528;0
1.93;-0.553482402622291;-0.160421806292106;0
1.94;-0.555010616016732;-0.143528847906313;0
1.95;-0.55636983266533;-0.126621898652701;0
1.96;-0.557559935578165;-0.109706050612283;0
1.97;-0.558580858659999;-0.0927863897819695;0
1.98;-0.559432586642619;-0.0758679945604513;0
1.99;-0.560115155002059;-0.05895593423895;0
2;-0.560628649860751;-0.0420552674972994;0
2.01;-0.560973207874667;-0.0251710409057903;0
2.02;-0.561149016105503;-0.00830828743322079;0
2.03;-0.561156311877974;0.00852797503841304;0
2.04;-0.560995382622291;0.0253327451921502;0
2.05;-0.560666565701882;0.0421010397467922;0
2.06;-0.560170248226447;0.0588278949196967;0
2.07;-0.559506866850421;0.0755083678812113;0
2.08;-0.558676907556931;0.0921375382003279;0
2.09;-0.557680905427335;0.108710509281137;0
2.1;-0.556519444396447;0.12522240978967;0
2.11;-0.55519315699353;0.141668395070713;0
2.12;-0.553702724069172;0.158043648554196;0
2.13;-0.552048874508145;0.174343383150737;0
2.14;-0.550232384928359;0.190562842635956;0
2.15;-0.548254079366027;0.206697303023156;0
2.16;-0.546114828947154;0.222742073923982;0
2.17;-0.543815551545475;0.23869249989667;0
2.18;-0.54135721142697;0.254543961781504;0
2.19;-0.538740818881083;0.270291878023096;0
2.2;-0.535967429838775;0.285931705979133;0
2.21;-0.533038145477561;0.301458943215196;0
2.22;-0.529954111813647;0.316869128785313;0
2.23;-0.526716519281347;0.332157844497866;0
2.24;-0.523326602299892;0.347320716166511;0
2.25;-0.519785638827803;0.362353414845757;0
2.26;-0.516094949904987;0.377251658050856;0
2.27;-0.512255899182691;0.392011210961676;0
2.28;-0.508269892441501;0.406627887610207;0
2.29;-0.504138377097542;0.421097552051395;0
2.3;-0.499862841697035;0.435416119516957;0
2.31;-0.495444815399408;0.44957955755188;0
2.32;-0.490885867449109;0.463583887133279;0
2.33;-0.486187606636315;0.477425183771325;0
2.34;-0.48135168074672;0.49109957859192;0
2.35;-0.476379776000565;0.504603259400853;0
2.36;-0.471273616481128;0.517932471729129;0
2.37;-0.466034963552833;0.531083519859202;0
2.38;-0.460665615269188;0.544052767831827;0
2.39;-0.455167405770748;0.556836640433276;0
2.4;-0.449542204673286;0.56943162416264;0
2.41;-0.443791916446385;0.581834268178979;0
2.42;-0.437918479782656;0.594041185228053;0
2.43;-0.431923866957773;0.606049052548403;0
2.44;-0.425810083181547;0.617854612756541;0
2.45;-0.419579165940235;0.629454674711023;0
2.46;-0.413233184330316;0.640846114355179;0
2.47;-0.406774238383928;0.652025875538283;0
2.48;-0.400204458386191;0.662990970814961;0
2.49;-0.39352600418464;0.673738482222628;0
2.5;-0.386741064490976;0.684265562036755;0
2.51;-0.379851856175373;0.694569433503793;0
2.52;-0.372860623553553;0.704647391551559;0
2.53;-0.365769637666853;0.714496803476908;0
2.54;-0.358581195555531;0.724115109610539;0
2.55;-0.351297619525516;0.733499823958761;0
2.56;-0.343921256408853;0.742648534822072;0
2.57;-0.336454476818059;0.751558905390403;0
2.58;-0.328899674394639;0.76022867431489;0
2.59;-0.321259265051986;0.768655656256049;0
2.6;-0.313535686212911;0.776837742408213;0
2.61;-0.305731396042026;0.784772901000137;0
2.62;-0.297848872673243;0.792459177771645;0
2.63;-0.2898906134326;0.799894696426223;0
2.64;-0.28185913405668;0.807077659059466;0
2.65;-0.273756967906851;0.814006346563287;0
2.66;-0.26558666517957;0.820679119005815;0
2.67;-0.257350792113005;0.827094415986901;0
2.68;-0.249051930190207;0.83325075696918;0
2.69;-0.240692675339077;0.839146741584617;0
2.7;-0.232275637129394;0.844781049916495;0
2.71;-0.223803437967112;0.850152442756811;0
2.72;-0.215278712286213;0.855259761839025;0
2.73;-0.206704105738332;0.860101930046152;0
2.74;-0.198082274380417;0.864677951594172;0
2.75;-0.189415883860665;0.868986912190737;0
2.76;-0.18070760860298;0.87302797916919;0
2.77;-0.171960130990205;0.876800401597872;0
2.78;-0.163176140546372;0.880303510364747;0
2.79;-0.154358333118214;0.883536718237359;0
2.8;-0.14550941005619;0.886499519898131;0
2.81;-0.136632077395271;0.889191491955059;0
2.82;-0.12772904503572;0.891612292927822;0
2.83;-0.118803025924134;0.893761663209369;0
2.84;-0.109856735234972;0.895639425003021;0
2.85;-0.100892889552823;0.897245482235169;0
2.86;-0.0919142060556584;0.898579820443612;0
2.87;-0.0829234016993112;0.899642506641631;0
2.88;-0.0739231924034193;0.900433689157874;0
2.89;-0.0649162922390822;0.900953597452134;0
2.9;-0.0559054126184668;0.901202541907135;0
2.91;-0.0468932614866029;0.901180913596405;0
2.92;-0.0378825425156067;0.900889184028372;0
2.93;-0.0288759543015711;0.90032790486678;0
2.94;-0.019876189564357;0.899497707627564;0
2.95;-0.0108859343505212;0.898399303352303;0
2.96;-0.0019078672396157;0.897033482258405;0
2.97;0.00705534144591197;0.89540111336615;0
2.98;0.0160010304269843;0.893503144102759;0
2.99;0.0249265482500976;0.891340599883633;0
3;0.0338292540652362;0.888914583670942;0
3.01;0.0427065183992709;0.886226275509721;0
3.02;0.0515557239246182;0.88327693204166;0
3.03;0.0603742662229373;0.880067885996768;0
3.04;0.0691595545436452;0.876600545663105;0
3.05;0.0779090125570309;0.872876394334766;0
3.06;0.0866200791017527;0.868896989738349;0
3.07;0.0952902089265038;0.864663963438073;0
3.08;0.103916873425634;0.860179020219807;0
3.09;0.112497561368516;0.855443937454194;0
3.1;0.121029779622454;0.850460564439115;0
3.11;0.12951105386892;0.845230821721729;0
3.12;0.137938929312922;0.839756700400307;0
3.13;0.146310971385299;0.834040261406133;0
3.14;0.154624766437748;0.828083634765695;0
3.15;0.162877922430386;0.821889018843434;0
3.16;0.171068069611649;0.815458679565313;0
3.17;0.179192861190342;0.808794949623466;0
3.18;0.187249973999659;0.801900227662198;0
3.19;0.195237109152968;0.794776977445619;0
3.2;0.203151992691199;0.787427727007185;0
3.21;0.210992376221646;0.779855067781433;0
3.22;0.218756037548006;0.772061653718209;0
3.23;0.226440781291479;0.764050200379674;0
3.24;0.234044439502772;0.755823484020395;0
3.25;0.241564872264815;0.747384340650822;0
3.26;0.248999968286051;0.738735665084467;0
3.27;0.256347645484118;0.729880409969087;0
3.28;0.263605851559773;0.7208215848022;0
3.29;0.270772564560905;0.711562254931249;0
3.3;0.277845793436478;0.70210554053875;0
3.31;0.284823578580262;0.692454615612733;0
3.32;0.291703992364202;0.68261270690284;0
3.33;0.298485139661281;0.672583092862385;0
3.34;0.305165158357754;0.66236910257675;0
3.35;0.311742219854589;0.651974114678431;0
3.36;0.318214529558013;0.641401556249106;0
3.37;0.324580327359014;0.630654901709058;0
3.38;0.330837888101685;0.619737671694331;0
3.39;0.336985522040285;0.608653431921941;0
3.4;0.3430215752849;0.597405792043546;0
3.41;0.348944430235589;0.585998404487901;0
3.42;0.354752506004904;0.574434963292484;0
3.43;0.360444258828687;0.562719202924659;0
3.44;0.366018182465018;0.550854897092746;0
3.45;0.371472808581248;0.538845857547368;0
3.46;0.376806707128987;0.526695932873458;0
3.47;0.382018486706978;0.514409007273298;0
3.48;0.387106794911768;0.501988999340976;0
3.49;0.392070318676075;0.489439860828637;0
3.5;0.39690778459479;0.476765575404915;0
3.51;0.40161795923853;0.463970157405936;0
3.52;0.40619964945466;0.451057650579267;0
3.53;0.410651702655738;0.438032126821216;0
3.54;0.414973007095291;0.424897684907857;0
3.55;0.419162492130883;0.411658449220184;0
3.56;0.423219128474408;0.398318568463774;0
3.57;0.427141928429555;0.384882214383368;0
3.58;0.430929946116395;0.371353580472747;0
3.59;0.434582277683055;0.357736880680311;0
3.6;0.43809806150442;0.344036348110744;0
3.61;0.441476478367842;0.33025623372318;0
3.62;0.444716751645817;0.316400805026246;0
3.63;0.447818147455593;0.302474344770382;0
3.64;0.450779974805697;0.288481149637854;0
3.65;0.453601585729354;0.274425528930831;0
3.66;0.456282375404772;0.260311803257936;0
3.67;0.458821782262292;0.246144303219668;0
3.68;0.461219288078394;0.231927368093087;0
3.69;0.463474418056534;0.217665344516153;0
3.7;0.465586740894839;0.203362585172133;0
3.71;0.467555868840638;0.18902344747444;0
3.72;0.46938145773185;0.17465229225233;0
3.73;0.471063207025231;0.160253482437824;0
3.74;0.472600859811501;0.145831381754258;0
3.75;0.473994202817358;0.131390353406854;0
3.76;0.47524306639442;0.116934758775692;0
3.77;0.476347324495095;0.10246895611148;0
3.78;0.477306894635436;0.0879972992344956;0
3.79;0.47812173784499;0.0735241362371044;0
3.8;0.478791858603696;0.0590538081902123;0
3.81;0.479317304765869;0.0445906478540542;0
3.82;0.479698167471303;0.0301389783936862;0
3.83;0.47993458104356;0.0157031120995629;0
3.84;0.480026722875489;0.00128734911357261;0
3.85;0.479974813302024;-0.0131040238390957;0
3.86;0.479779115460336;-0.0274667347118844;0
3.87;0.479439935137393;-0.0417965273922303;0
3.88;0.478957620604993;-0.0560891629499938;0
3.89;0.478332562442351;-0.0703404208785916;0
3.9;0.477565193346305;-0.0845461003284738;0
3.91;0.476655987929227;-0.098702021332589;0
3.92;0.475605462504708;-0.112804026023483;0
3.93;0.474414174861124;-0.12684797984168;0
3.94;0.473082724023148;-0.140829772735004;0
3.95;0.471611750001314;-0.154745320348488;0
3.96;0.470001933529728;-0.168590565204539;0
3.97;0.468253995792019;-0.182361477873013;0
3.98;0.466368698135637;-0.196054058130879;0
3.99;0.464346841774606;-0.209664336111127;0
4;0.462189267480829;-0.223188373440605;0
4.01;0.459896855264075;-0.236622264366466;0
4.02;0.45747052404075;-0.249962136870885;0
4.03;0.454911231291569;-0.263204153773767;0
4.04;0.45221997270827;-0.276344513823103;0
4.05;0.449397781829468;-0.289379452772684;0
4.06;0.446445729665794;-0.30230524444688;0
4.07;0.443364924314449;-0.315118201792162;0
4.08;0.440156510563299;-0.327814677915101;0
4.09;0.436821669484655;-0.340391067106542;0
4.1;0.433361618018871;-0.352843805851665;0
4.11;0.429777608547911;-0.365169373825674;0
4.12;0.42607092845902;-0.377364294874819;0
4.13;0.422242899698654;-0.389425137982494;0
4.14;0.418294878316817;-0.401348518220147;0
4.15;0.414228254001958;-0.413131097682732;0
4.16;0.410044449606585;-0.424769586408472;0
4.17;0.405744920663749;-0.43626074328265;0
4.18;0.401331154894569;-0.447601376925226;0
4.19;0.39680467170695;-0.458788346562002;0
4.2;0.392167021685665;-0.469818562879128;0
4.21;0.38741978607397;-0.480688988860717;0
4.22;0.382564576246913;-0.491396640609335;0
4.23;0.37760303317653;-0.501938588149166;0
4.24;0.372536826889068;-0.512311956211626;0
4.25;0.367367655914451;-0.522513925003234;0
4.26;0.362097246728136;-0.532541730955531;0
4.27;0.356727353185556;-0.542392667456855;0
4.28;0.351259755949323;-0.552064085565786;-0.0137503801593032
4.29;0.345693993909603;-0.562309255105396;-0.151254181752335
4.3;0.340020430822577;-0.573742198706426;-0.288757983345366
4.31;0.33422721327047;-0.586357447833287;-0.426261784938398
4.32;0.328302544075293;-0.600149188940516;-0.563765586531429
4.33;0.322234685738515;-0.615111265808403;-0.701269388124461
4.34;0.316011963856929;-0.631237181977325;-0.838773189717493
4.35;0.309622770513738;-0.648520103279893;-0.976276991310524
4.36;0.303055567643885;-0.666952860469968;-1.11378079290356
4.37;0.29629889037265;-0.686527951947608;-1.25128459449659
4.38;0.289341350326583;-0.707237546578962;-1.38878839608962
4.39;0.282171638915803;-0.72907348661009;-1.52629219768265
4.4;0.27477853058675;-0.752027290673685;-1.66379599927568
4.41;0.267150886044445;-0.776090156887645;-1.78754942070941
4.42;0.25928158576021;-0.799873841527174;-1.6489796981738
4.43;0.251181938881784;-0.821992288389955;-1.51040997563818
4.44;0.242868615162039;-0.842441729232689;-1.37184025310257
4.45;0.234358319755925;-0.861218902590495;-1.23327053056696
4.46;0.225667788152086;-0.878321053883588;-1.09470080803134
4.47;0.216813781104084;-0.893745935371826;-0.956131085495731
4.48;0.207813079562766;-0.907491805957397;-0.817561362960118
4.49;0.198682479611287;-0.919557430835992;-0.678991640424505
4.5;0.189438787404299;-0.929942080996788;-0.540421917888892
4.51;0.180098814112822;-0.938645532571691;-0.401852195353278
4.52;0.170679370876297;-0.945668066034272;-0.263282472817665
4.53;0.161197263763322;-0.951010465248887;-0.124712750282052
4.54;0.151669288742577;-0.954674016370551;0
4.55;0.142109941084233;-0.957422226378381;0
4.56;0.132524423838431;-0.959878715769449;0
4.57;0.122915655341354;-0.962043249556578;0
4.58;0.113286555883334;-0.963915680673209;0
4.59;0.103640046830109;-0.96549594986638;0
4.6;0.0939790497452663;-0.966784085563567;0
4.61;0.0843064855141281;-0.967780203713465;0
4.62;0.0746252734693553;-0.968484507600815;0
4.63;0.0649383305185138;-0.968897287635366;0
4.64;0.0552485702738692;-0.969018921115077;0
4.65;0.0455589021846643;-0.968849871963692;0
4.66;0.0358722306721364;-0.96839069044279;0
4.67;0.0261914542675276;-0.967642012838453;0
4.68;0.0165194647533429;-0.966604561122683;0
4.69;0.00685914630810683;-0.96527914258972;0
4.7;-0.00278662534513053;-0.963666649467406;0
4.71;-0.0124149837862896;-0.961768058503756;0
4.72;-0.0220230727415119;-0.959584430528906;0
4.73;-0.0316080469219204;-0.957116909992611;0
4.74;-0.0411670728576447;-0.954366724477465;0
4.75;-0.0506973297268708;-0.951335184188046;0
4.76;-0.060196010179674;-0.94802368141617;0
4.77;-0.0696603211563976;-0.944433689982449;0
4.78;-0.079087484700342;-0.940566764654386;0
4.79;-0.0884747387645289;-0.93642454054119;0
4.8;-0.0978193380123106;-0.932008732465555;0
4.81;-0.107118554611594;-0.927321134312625;0
4.82;-0.116369679022451;-0.922363618356373;0
4.83;-0.125570020777897;-0.917138134563644;0
4.84;-0.134716909257602;-0.911646709876107;0
4.85;-0.143807694454328;-0.905891447470357;0
4.86;-0.152839747732875;-0.899874525996448;0
4.87;-0.161810462581301;-0.893598198795105;0
4.88;-0.170717255354236;-0.887064793093892;0
4.89;-0.179557566008057;-0.880276709182614;0
4.9;-0.188328858827717;-0.873236419568238;0
4.91;-0.197028623145047;-0.86594646810961;0
4.92;-0.205654374048306;-0.858409469132283;0
4.93;-0.21420365308279;-0.850628106523731;0
4.94;-0.22267402894231;-0.842605132809276;0
4.95;-0.231063098151343;-0.834343368209019;0
4.96;-0.239368485737667;-0.82584569967611;0
4.97;-0.247587845895297;-0.817115079916658;0
4.98;-0.255718862637534;-0.808154526391618;0
4.99;-0.263759250439962;-0.798967120300987;0
5;-0.271706754873199;-0.789556005550633;0
5.01;-0.279559153225246;-0.779924387702106;0
5.02;-0.287314255113259;-0.770075532905772;0
5.03;-0.294969903084568;-0.760012766817616;0
5.04;-0.302523973206809;-0.749739473500075;0
5.05;-0.30997437564698;-0.739259094307246;0
5.06;-0.317319055239285;-0.728575126754838;0
5.07;-0.324555992041612;-0.717691123375234;0
5.08;-0.331683201880491;-0.706610690558025;0
5.09;-0.3386987368844;-0.695337487376394;0
5.1;-0.345600686005266;-0.683875224399726;0
5.11;-0.352387175528034;-0.672227662492822;0
5.12;-0.359056369568174;-0.660398611602093;0
5.13;-0.365606470556982;-0.648391929529144;0
5.14;-0.372035719714574;-0.636211520692098;0
5.15;-0.378342397510429;-0.6238613348751;0
5.16;-0.384524824111382;-0.611345365966346;0
5.17;-0.390581359816944;-0.598667650685085;0
5.18;-0.396510405481846;-0.585832267297948;0
5.19;-0.402310402925697;-0.572843334325043;0
5.2;-0.40797983532966;-0.559705009236203;0
5.21;-0.413517227620048;-0.546421487137799;0
5.22;-0.418921146838747;-0.532996999450526;0
5.23;-0.424190202500378;-0.51943581257858;0
5.24;-0.429323046936109;-0.505742226570635;0
5.25;-0.434318375624052;-0.49192057377303;0
5.26;-0.439174927506147;-0.477975217475597;0
5.27;-0.443891485291477;-0.463910550550538;0
5.28;-0.448466875745947;-0.449730994084772;0
5.29;-0.452899969968248;-0.435440996006175;0
5.3;-0.45718968365207;-0.421045029704138;0
5.31;-0.461334977334485;-0.406547592644862;0
5.32;-0.465334856630469;-0.391953204981812;0
5.33;-0.469188372453504;-0.377266408161766;0
5.34;-0.472894621222223;-0.362491763526871;0
5.35;-0.476452745053061;-0.347633850913137;0
5.36;-0.479861931938876;-0.332697267245802;0
5.37;-0.483121415913506;-0.317686625131981;0
5.38;-0.486230477202252;-0.302606551451039;0
5.39;-0.489188442358245;-0.287461685943108;0
5.4;-0.4919946843847;-0.272256679796168;0
5.41;-0.494648622843031;-0.256996194232133;0
5.42;-0.497149723946825;-0.241684899092354;0
5.43;-0.499497500641673;-0.226327471422974;0
5.44;-0.501691512670849;-0.210928594060548;0
5.45;-0.503731366626854;-0.195492954218364;0
5.46;-0.505616715988826;-0.18002524207388;0
5.47;-0.507347261145831;-0.164530149357697;0
5.48;-0.508922749406048;-0.149012367944498;0
5.49;-0.510342974991885;-0.133476588446359;0
5.5;-0.511607779021023;-0.117927498808858;0
5.51;-0.512717049473455;-0.102369782910402;0
5.52;-0.513670721144518;-0.0868081191651684;0
5.53;-0.514468775583982;-0.0712471791300982;0
5.54;-0.515111241021223;-0.0556916261163307;0
5.55;-0.515598192276534;-0.0401461138054989;0
5.56;-0.515929750658625;-0.0246152848712902;0
5.57;-0.516106083848361;-0.00910376960667491;0
5.58;-0.516127405768794;0.00638381544279423;0
5.59;-0.515993976441572;0.0218428688392126;0
5.6;-0.515706101829756;0.0372688056056881;0
5.61;-0.515264133667154;0.0526570585724447;0
5.62;-0.514668469274218;0.0680030797152753;0
5.63;-0.513919551360594;0.0833023414859545;0
5.64;-0.513017867814405;0.0985503381342275;0
5.65;-0.511963951478357;0.113742587020992;0
5.66;-0.510758379912751;0.128874629922297;0
5.67;-0.509401775145499;0.143942034323778;0
5.68;-0.507894803409237;0.158940394705168;0
5.69;-0.506238174865643;0.173865333814498;0
5.7;-0.504432643317062;0.188712503931647;0
5.71;-0.502479005905536;0.203477588120857;0
5.72;-0.500378102799372;0.218156301471872;0
5.73;-0.498130816867339;0.232744392329347;0
5.74;-0.495738073340636;0.247237643510166;0
5.75;-0.493200839462733;0.261631873508345;0
5.76;-0.490520124127227;0.275922937687167;0
5.77;-0.487696977503833;0.290106729458206;0
5.78;-0.484732490652643;0.304179181446937;0
5.79;-0.481627795126792;0.318136266644573;0
5.8;-0.478384062563671;0.331973999545827;0
5.81;-0.475002504264824;0.345688437272283;0
5.82;-0.471484370764676;0.359275680681048;0
5.83;-0.467830951388249;0.372731875458401;0
5.84;-0.464043573797997;0.386053213198108;0
5.85;-0.460123603529945;0.399235932464142;0
5.86;-0.456072443519257;0.412276319837478;0
5.87;-0.451891533615415;0.425170710946711;0
5.88;-0.44758235008717;0.437915491482188;0
5.89;-0.443146405117416;0.450507098193398;0
5.9;-0.438585246288179;0.46294201986934;0
5.91;-0.433900456055869;0.475216798301606;0
5.92;-0.429093651216987;0.487328029229919;0
5.93;-0.424166482364452;0.499272363269884;0
5.94;-0.419120633334737;0.511046506822677;0
5.95;-0.413957820645982;0.522647222966469;0
5.96;-0.408679792927286;0.534071332329313;0
5.97;-0.403288330339344;0.545315713943282;0
5.98;-0.397785243986635;0.556377306079644;0
5.99;-0.392172375321345;0.567253107064825;0
6;-0.386451595539209;0.577940176076983;0
6.01;-0.380624804967487;0.588435633922962;0
6.02;-0.374693932445247;0.598736663795448;0
6.03;-0.36866093469618;0.608840512010106;0
6.04;-0.362527795694123;0.618744488722547;0
6.05;-0.356296526021506;0.628445968624913;0
6.06;-0.349969162220934;0.637942391621923;0
6.07;-0.34354776614009;0.647231263486214;0
6.08;-0.337034424270184;0.656310156492801;0
6.09;-0.330431247078151;0.665176710032521;0
6.1;-0.323740368332814;0.673828631204298;0
6.11;-0.31696394442521;0.682263695386102;0
6.12;-0.310104153683317;0.690479746784445;0
6.13;-0.303163195681364;0.698474698962315;0
6.14;-0.296143290543982;0.706246535345407;0
6.15;-0.289046678245372;0.713793309706537;0
6.16;-0.281875617903733;0.721113146628146;0
6.17;-0.274632387071174;0.728204241942771;0
6.18;-0.267319281019302;0.735064863151416;0
6.19;-0.259938612020743;0.741693349819706;0
6.2;-0.252492708626792;0.748088113951767;0
6.21;-0.244983914941428;0.754247640341744;0
6.22;-0.237414589891916;0.760170486902903;0
6.23;-0.229787106496215;0.765855284974239;0
6.24;-0.222103851127426;0.771300739604555;0
6.25;-0.214367222775497;0.77650562981395;0
6.26;-0.206579632306417;0.781468808832697;0
6.27;-0.198743501719122;0.786189204317447;0
6.28;-0.190861263400343;0.790665818544766;0
6.29;-0.182935359377619;0.794897728581965;0
6.3;-0.174968240570702;0.798884086435219;0
6.31;-0.166962366041589;0.802624119174965;0
6.32;-0.158920202243396;0.806117129038587;0
6.33;-0.150844222268311;0.80936249351039;0
6.34;-0.142736905094846;0.812359665378879;0
6.35;-0.134600734834626;0.815108172771373;0
6.36;-0.126438199978923;0.817607619165966;0
6.37;-0.118251792645177;0.819857683380889;0
6.38;-0.110044007823732;0.821858119541302;0
6.39;-0.101817342624993;0.823608757023568;0
6.4;-0.0935742955272477;0.825109500377073;0
6.41;-0.0853173656253738;0.826360329223632;0
6.42;-0.0770490518806463;0.82736129813458;0
6.43;-0.0687718523718788;0.828112536485598;0
6.44;-0.0604882635481141;0.828614248289365;0
6.45;-0.052200779483089;0.828866712006131;0
6.46;-0.0439118911316917;0.828870280332293;0
6.47;-0.035624085588632;0.828625379967082;0
6.48;-0.0273398453495433;0.82813251135747;0
6.49;-0.0190616475747325;0.827392248421407;0
6.5;-0.0107919633557952;0.826405238249514;0
6.51;-0.00253325698530996;0.825172200785345;0
6.52;0.00571201477017404;0.823693928484373;0
6.53;0.0139414033936436;0.821971285951815;0
6.54;0.022152469337412;0.820005209559458;0
6.55;0.0303427827389836;0.817796707041625;0
6.56;0.0385099241327852;0.815346857070455;0
6.57;0.0466514851575572;0.812656808810631;0
6.58;0.0547650692592004;0.809727781453762;0
6.59;0.0628482923888758;0.806561063732559;0
6.6;0.0708987836961558;0.803158013415004;0
6.61;0.0789141862170274;0.799520056778704;0
6.62;0.0868921575565516;0.795648688065596;0
6.63;0.0948303705659804;0.791545468917225;0
6.64;0.102726514014142;0.787212027790795;0
6.65;0.110578293252897;0.782650059356177;0
6.66;0.118383430876488;0.777861323874127;0
6.67;0.126139667374574;0.772847646555892;0
6.68;0.133844761778794;0.76761091690446;0
6.69;0.141496492302647;0.762153088037664;0
6.7;0.149092656974532;0.756476175993382;0
6.71;0.156631074263757;0.750582259017068;0
6.72;0.16410958369934;0.744473476831865;0
6.73;0.171526046481447;0.738152029891538;0
6.74;0.178878346085263;0.731620178616491;0
6.75;0.186164388857169;0.724880242613118;0
6.76;0.193382104603022;0.717934599876755;0
6.77;0.200529447168402;0.710785685978503;0
6.78;0.207604395010651;0.703435993236182;0
6.79;0.21460495176255;0.695888069869708;0
6.8;0.221529146787486;0.688144519141155;0
6.81;0.228375035725947;0.680207998479805;0
6.82;0.235140701033202;0.672081218592461;0
6.83;0.241824252508022;0.663766942559312;0
6.84;0.248423827812288;0.655267984915663;0
6.85;0.254937592981365;0.646587210719814;0
6.86;0.261363742925083;0.637727534607393;0
6.87;0.267700501919209;0.628691919832462;0
6.88;0.273946124087266;0.619483377295685;0
6.89;0.280098893872581;0.610104964559895;0
6.9;0.286157126500433;0.60055978485336;0
6.91;0.292119168430172;0.59085098606107;0
6.92;0.297983397797213;0.580981759704383;0
6.93;0.303748224844757;0.570955339909326;0
6.94;0.309412092345161;0.560775002363921;0
6.95;0.314973476010825;0.550444063264818;0
6.96;0.320430884894497;0.539965878253624;0
6.97;0.325782861778904;0.529343841343208;0
6.98;0.331027983555594;0.518581383834371;0
6.99;0.336164861592908;0.50768197322319;0
7;0.341192142092979;0.49664911209939;0
7.01;0.346108506437686;0.485486337036095;0
7.02;0.350912671523453;0.474197217471292;0
7.03;0.355603390084842;0.462785354581376;0
7.04;0.360179451006836;0.45125438014711;0
7.05;0.364639679625755;0.439607955412358;0
7.06;0.368982938018724;0.427849769935959;0
7.07;0.373208125281633;0.415983540437071;0
7.08;0.377314177795523;0.404013009634371;0
7.09;0.381300069481333;0.391941945079451;0
7.1;0.385164812042962;0.379774137984772;0
7.11;0.388907455198582;0.367513402046547;0
7.12;0.392527086900164;0.3551635722629;0
7.13;0.396022833541162;0.342728503747678;0
7.14;0.399393860152315;0.330212070540262;0
7.15;0.402639370585535;0.317618164411764;0
7.16;0.405758607685842;0.304950693667947;0
7.17;0.408750853451309;0.292213581949255;0
7.18;0.411615429181001;0.279410767028301;0
7.19;0.414351695610878;0.266546199605195;0
7.2;0.416959053037643;0.253623842101061;0
7.21;0.419436941430514;0.240647667450113;0
7.22;0.421784840530919;0.227621657890658;0
7.23;0.424002269940091;0.214549803755389;0
7.24;0.426088789194567;0.201436102261331;0
7.25;0.428043997829589;0.188284556299797;0
7.26;0.429867535430399;0.17509917322673;0
7.27;0.431559081671447;0.161883963653782;0
7.28;0.433118356343511;0.148642940240497;0
7.29;0.434545119368744;0.135380116487953;0
7.3;0.435839170803671;0.122099505534226;0
7.31;0.437000350830144;0.108805118952036;0
7.32;0.438028539734289;0.0955009655489253;0
7.33;0.438923657873461;0.0821910501703274;0
7.34;0.439685665631256;0.0688793725058841;0
7.35;0.440314563360585;0.0555699258993569;0
7.36;0.440810391314884;0.0422666961624867;0
7.37;0.441173229567465;0.0289736603931503;0
7.38;0.441403197919077;0.0156947857981595;0
7.39;0.441500455793721;0.00243402852104901;0
7.4;0.441465202122754;-0.010804667524805;0
7.41;0.441297675217364;-0.0240173718173948;0
7.42;0.440998152629448;-0.0372001683812809;0
7.43;0.440566951000975;-0.0503491569364459;0
7.44;0.440004425901882;-0.0634604540404695;0
7.45;0.439310971656589;-0.0765301942236921;0
7.46;0.438487021159186;-0.0895545311170414;0
7.47;0.437533045677382;-0.102529638572194;0
7.48;0.436449554645282;-0.115451711773749;0
7.49;0.435237095445092;-0.128316968343103;0
7.5;0.433896253177806;-0.141121649433686;0
7.51;0.432427650422994;-0.153862020817282;0
7.52;0.430831946987764;-0.166534373961087;0
7.53;0.429109839644996;-0.179135027095216;0
7.54;0.427262061860944;-0.191660326270362;0
7.55;0.42528938351231;-0.204106646405288;0
7.56;0.423192610592884;-0.216470392323867;0
7.57;0.420972584909871;-0.228747999781378;0
7.58;0.418630183769993;-0.240935936479767;0
7.59;0.416166319655502;-0.25303070307158;0
7.6;0.413581939890192;-0.265028834152304;0
7.61;0.410878026295553;-0.276926899240816;0
7.62;0.408055594837165;-0.288721503747687;0
7.63;0.405115695261475;-0.300409289931057;0
7.64;0.402059410723059;-0.311986937839831;0
7.65;0.398887857402525;-0.32345116624391;0
7.66;0.395602184115159;-0.334798733551234;0
7.67;0.392203571910473;-0.346026438711353;0
7.68;0.388693233662768;-0.357131122105301;0
7.69;0.38507241365287;-0.368109666421517;0
7.7;0.381342387141161;-0.378958997517577;0
7.71;0.377504459932072;-0.389676085267511;0
7.72;0.373559967930148;-0.400257944394463;0
7.73;0.369510276687872;-0.410701635288477;0
7.74;0.365356780945371;-0.421004264809195;0
7.75;0.361100904162161;-0.431162987073232;0
7.76;0.356744098041091;-0.441175004226048;0
7.77;0.352287842044642;-0.451037567198084;0
7.78;0.347733642903732;-0.460747976444981;0
7.79;0.343083034119189;-0.470303582671677;0
7.8;0.338337575456063;-0.479701787540205;0
7.81;0.33349885243093;-0.488940044360984;0
7.82;0.328568475792358;-0.49801585876746;0
7.83;0.323548080994702;-0.506926789373884;0
7.84;0.318439327665397;-0.515670448416091;0
7.85;0.313243899065928;-0.5242445023751;0
7.86;0.307963501546627;-0.532646672583377;0
7.87;0.302599863995502;-0.540874735813623;0
7.88;0.297154737281245;-0.548926524849924;0
7.89;0.291629893690614;-0.556799929041129;0
7.9;0.286027126360364;-0.56449289483633;0
7.91;0.280348248703898;-0.572003426302293;0
7.92;0.274595093832829;-0.579329585622737;0
7.93;0.268769513973631;-0.586469493579332;0
7.94;0.262873379879565;-0.5934213300143;0
7.95;0.256908580238054;-0.600183334274524;0
7.96;0.250877021073714;-0.606753805637054;0
7.97;0.244780625147198;-0.613131103715914;0
7.98;0.23862133135007;-0.619313648850125;0
7.99;0.232401094095879;-0.625299922472863;0
8;0.226121882707621;-0.631088467461661;0
8.01;0.219785680801793;-0.636677888469594;0
8.02;0.213394485669217;-0.64206685223738;0
8.03;0.206950307652827;-0.647254087886328;0
8.04;0.20045516952262;-0.652238387192087;0
8.05;0.193911105847947;-0.65701860483914;0
8.06;0.187320162367353;-0.661593658656007;0
8.07;0.180684395356147;-0.665962529831111;0
8.08;0.174005870991905;-0.670124263109287;0
8.09;0.167286664718093;-0.674077966968892;0
8.1;0.160528860606002;-0.677822813779515;0
8.11;0.153734550715204;-0.681358039940257;0
8.12;0.1469058344527;-0.684682945998586;0
8.13;0.140044817930975;-0.687796896749754;0
8.14;0.133153613325146;-0.690699321316784;0
8.15;0.126234338229393;-0.693389713211043;0
8.16;0.119289115012877;-0.695867630373396;0
8.17;0.112320070175329;-0.698132695195996;0
8.18;0.105329333702508;-0.700184594524697;0
8.19;0.098319038421732;-0.702023079642154;0
8.2;0.0912913193576479;-0.703647966231634;0
8.21;0.0842483130884647;-0.705059134321581;0
8.22;0.0771921571028198;-0.706256528210991;0
8.23;0.0701249891574795;-0.707240156375652;0
8.24;0.0630489466360639;-0.708010091355302;0
8.25;0.0559661659089844;-0.708566469621779;0
8.26;0.0488787816947859;-0.708909491428237;0
8.27;0.0417889264230817;-0.709039420639497;0
8.28;0.0346987295992692;-0.708956584543622;0
8.29;0.0276103171712137;-0.70866137364481;0
8.3;0.0205258108980879;-0.708154241437683;0
8.31;0.0134473277215514;-0.707435704163092;0
8.32;0.00637697913945443;-0.706506340545525;0
8.33;-0.000683129417749241;-0.705366791512242;0
8.34;-0.00773089920769943;-0.704017759894245;0
8.35;-0.014764238793755;-0.7024600101092;0
8.36;-0.0217810646593677;-0.700694367826454;0
8.37;-0.0287793018190261;-0.698721719614257;0
8.38;-0.0357568844255926;-0.696543012569338;0
8.39;-0.0427117563738561;-0.694159253928978;0
8.4;-0.0496418719001289;-0.691571510665716;0
8.41;-0.0565451961777114;-0.688780909064846;0
8.42;-0.0634197059080562;-0.685788634284866;0
8.43;-0.0702633899074597;-0.682595929901027;0
8.44;-0.077074249689114;-0.679204097432163;0
8.45;-0.0838503000403528;-0.675614495850957;0
8.46;-0.0905895695949259;-0.671828541077834;0
8.47;-0.0972901014001389;-0.667847705458649;0
8.48;-0.103949953478699;-0.663673517226357;0
8.49;-0.110567199385105;-0.65930755994686;0
8.5;-0.117139928756424;-0.654751471949217;0
8.51;-0.123666247857306;-0.650006945740417;0
8.52;-0.130144280119069;-0.645075727404919;0
8.53;-0.136572166672719;-0.639959615989165;0
8.54;-0.142948066875745;-0.634660462871268;0
8.55;-0.149270158832547;-0.629180171116105;0
8.56;-0.155536639908344;-0.623520694816021;0
8.57;-0.161745727236436;-0.617684038417366;0
8.58;-0.167895658218658;-0.611672256033106;0
8.59;-0.173984691018903;-0.605487450741712;0
8.6;-0.180011105049573;-0.599131773872594;0
8.61;-0.185973201450824;-0.592607424278283;0
8.62;-0.191869303562475;-0.585916647593628;0
8.63;-0.197697757388448;-0.579061735482239;0
8.64;-0.203456932053623;-0.572045024870432;0
8.65;-0.209145220252969;-0.564868897168913;0
8.66;-0.21476103869284;-0.557535777482479;0
8.67;-0.220302828524321;-0.550048133807964;0
8.68;-0.225769055768496;-0.54240847622072;0
8.69;-0.231158211733525;-0.534619356049872;0
8.7;-0.236468813423438;-0.526683365042632;0
8.71;-0.241699403938512;-0.518603134517927;0
8.72;-0.24684855286714;-0.510381334509628;0
8.73;-0.251914856669091;-0.502020672899636;0
8.74;-0.25689693905005;-0.493523894541118;0
8.75;-0.261793451327351;-0.484893780372173;0
8.76;-0.266603072786803;-0.476133146520191;0
8.77;-0.271324511030522;-0.467244843397216;0
8.78;-0.27595650231567;-0.458231754786577;0
8.79;-0.28049781188403;-0.449096796921093;0
8.8;-0.28494723428232;-0.43984291755313;0
8.81;-0.289303593673178;-0.430473095016809;0
8.82;-0.293565744136731;-0.420990337282663;0
8.83;-0.297732569962675;-0.411397681005024;0
8.84;-0.301802985932803;-0.401698190562462;0
8.85;-0.305775937593907;-0.391894957091556;0
8.86;-0.30965040152098;-0.381991097514304;0
8.87;-0.31342538557068;-0.371989753559473;0
8.88;-0.317099929124964;-0.361894090778205;0
8.89;-0.320673103324867;-0.351707297554163;0
8.9;-0.324144011294353;-0.341432584108539;0
8.91;-0.327511788354193;-0.331073181500222;0
8.92;-0.330775602225829;-0.320632340621447;0
8.93;-0.333934653225169;-0.310113331189215;0
8.94;-0.336988174446284;-0.299519440732806;0
8.95;-0.339935431934959;-0.288853973577701;0
8.96;-0.342775724852074;-0.2781202498262;0
8.97;-0.34550838562677;-0.267321604335077;0
8.98;-0.348132780099386;-0.256461385690563;0
8.99;-0.35064830765413;-0.245542955180974;0
9;-0.353054401341471;-0.234569685767301;0
9.01;-0.355350527990226;-0.223544961052064;0
9.02;-0.35753618830933;-0.212472174246759;0
9.03;-0.359610916979274;-0.201354727138188;0
9.04;-0.361574282733208;-0.190196029053999;0
9.05;-0.363425888427684;-0.178999495827747;0
9.06;-0.365165371103065;-0.167768548763779;0
9.07;-0.366792402033572;-0.15650661360226;0
9.08;-0.368306686766987;-0.145217119484647;0
9.09;-0.369707965154011;-0.133903497919924;0
9.1;-0.370996011367297;-0.1225691817519;0
9.11;-0.372170633910148;-0.111217604127885;0
9.12;-0.373231675614922;-0.0998521974690475;0
9.13;-0.374179013631145;-0.0884763924427561;0
9.14;-0.375012559403355;-0.0770936169372168;0
9.15;-0.375732258638704;-0.0657072950387035;0
9.16;-0.376338091264352;-0.0543208460116865;0
9.17;-0.376830071374665;-0.0429376832821591;0
9.18;-0.377208247168272;-0.031561213424462;0
9.19;-0.377472700875002;-0.0201948351519025;0
9.2;-0.377623548672747;-0.00884193831146531;0
9.21;-0.377660940594288;0.00249409711709188;0
9.22;-0.37758506042414;0.0138099020174638;0
9.23;-0.377396125585449;0.025102119128055;0
9.24;-0.377094387017006;0.0363674040279799;0
9.25;-0.376680129040423;0.0476024261175192;0
9.26;-0.376153669217526;0.0588038695927479;0
9.27;-0.375515358198042;0.0699684344140532;0
9.28;-0.374765579557613;0.0810928372682627;0
9.29;-0.37390474962623;0.092173812524104;0
9.3;-0.372933317307142;0.103208113180723;0
9.31;-0.371851763886303;0.114192511808988;0
9.32;-0.370660602832455;0.125123801485306;0
9.33;-0.369360379587891;0.135998796717691;0
9.34;-0.367951671350007;0.146814334363814;0
9.35;-0.366435086843699;0.157567274540776;0
9.36;-0.364811266084713;0.168254501526348;0
9.37;-0.363080880134006;0.178872924651415;0
9.38;-0.361244630843242;0.189419479183377;0
9.39;-0.359303250591476;0.199891127200262;0
9.4;-0.357257502013155;0.210284858455296;0
9.41;-0.355108177717512;0.220597691231688;0
9.42;-0.352856099999452;0.2308266731874;0
9.43;-0.350502120542042;0.240968882189657;0
9.44;-0.348047120110706;0.251021427138967;0
9.45;-0.345492008239217;0.260981448782421;0
9.46;-0.342837722907614;0.270846120516054;0
9.47;-0.340085230212144;0.28061264917603;0
9.48;-0.337235524027342;0.290278275818457;0
9.49;-0.334289625660363;0.299840276487592;0
9.5;-0.331248583497689;0.309295962972242;0
9.51;-0.328113472644322;0.318642683550154;0
9.52;-0.32488539455559;0.327877823720181;0
9.53;-0.321565476661688;0.336998806922036;0
9.54;-0.318154871985077;0.346003095243436;0
9.55;-0.314654758750866;0.354888190114443;0
9.56;-0.311066339990315;0.363651632988824;0
9.57;-0.307390843137576;0.372291006012232;0
9.58;-0.303629519619823;0.380803932677053;0
9.59;-0.299783644440879;0.389188078463727;0
9.6;-0.295854515758507;0.397441151468378;0
9.61;-0.291843454455477;0.405560903016595;0
9.62;-0.287751803704557;0.413545128263202;0
9.63;-0.283580928527581;0.421391666777852;0
9.64;-0.279332215348714;0.429098403116303;0
9.65;-0.275007071542072;0.436663267377234;0
9.66;-0.270606924973842;0.44408423574444;0
9.67;-0.266133223539049;0.451359331014292;0
9.68;-0.261587434693103;0.458486623108309;0
9.69;-0.256971044978305;0.465464229570731;0
9.7;-0.25228555954543;0.472290316050953;0
9.71;-0.247532501670563;0.478963096770716;0
9.72;-0.242713412267329;0.485480834975932;0
9.73;-0.237829849394676;0.491841843373041;0
9.74;-0.232883387760361;0.498044484549784;0
9.75;-0.227875618220304;0.504087171380307;0
9.76;-0.222808147273957;0.509968367414495;0
9.77;-0.217682596555852;0.515686587251442;0
9.78;-0.212500602323489;0.521240396896978;0
9.79;-0.207263814941718;0.526628414105174;0
9.8;-0.201973898363779;0.531849308703748;0
9.81;-0.196632529609159;0.536901802903298;0
9.82;-0.191241398238434;0.541784671590304;0
9.83;-0.185802205825248;0.546496742603839;0
9.84;-0.180316665425607;0.551036896995926;0
9.85;-0.174786501044633;0.555404069275499;0
9.86;-0.16921344710096;0.559597247635922;0
9.87;-0.163599247888927;0.563615474166021;0
9.88;-0.157945657038732;0.567457845044602;0
9.89;-0.152254436974719;0.571123510718415;0
9.9;-0.146527358371962;0.574611676063549;0
9.91;-0.1407661996113;0.577921600530235;0
9.92;-0.134972746233008;0.581052598271035;0
9.93;-0.129148790389259;0.584004038252418;0
9.94;-0.123296130295544;0.586775344349713;0
9.95;-0.117416569681214;0.589365995425439;0
9.96;-0.11151191723932;0.591775525391012;0
9.97;-0.105583986075906;0.594003523251854;0
9.98;-0.0996345931589277;0.596049633135905;0
9.99;-0.0936655587669578;0.597913554305556;0
10;-0.0876787059378515;0.599595041153046;0
10.01;-0.0816758599175277;0.601093903179333;0
10.02;-0.0756588476090381;0.602410004956488;0
10.03;-0.0696294970220854;0.603543266073634;0
10.04;-0.0635896367231564;0.604493661066504;0
10.05;-0.0575410952864335;0.605261219330631;0
10.06;-0.0514857007456463;0.605846025018254;0
10.07;-0.0454252800470291;0.606248216918985;0
10.08;-0.0393616585035431;0.606467988324297;0
10.09;-0.0332966592505269;0.606505586875919;0
10.1;-0.0272321027029352;0.606361314398186;0
10.11;-0.0211698060143259;0.606035526714448;0
10.12;-0.0151115825377541;0.605528633447596;0
10.13;-0.00905924128873293;0.604841097804814;0
10.14;-0.00301458641041633;0.603973436346632;0
10.15;0.00302058335883731;0.602926218740385;0
10.16;0.00904447521536698;0.601700067498178;0
10.17;0.015055302817421;0.600295657699456;0
10.18;0.0210512868095256;0.598713716698298;0
10.19;0.0270306553438587;0.59695502381554;0
10.2;0.0329916445984762;0.595020410015856;0
10.21;0.0389324992922426;0.592910757569904;0
10.22;0.044851473196316;0.59062699970168;0
10.23;0.0507468296420407;0.588170120221204;0
10.24;0.0566168420251007;0.585541153142671;0
10.25;0.0624597943057909;0.582741182288207;0
10.26;0.06827398150526;0.579771340877385;0
10.27;0.0740577101975866;0.576632811102625;0
10.28;0.0798092989975453;0.573326823690659;0
10.29;0.0855270790439257;0.569854657450187;0
10.3;0.0912093944782664;0.566217638805906;0
10.31;0.0968546029188686;0.562417141319066;0
10.32;0.102461075929955;0.558454585194716;0
10.33;0.108027199485842;0.554331436775818;0
10.34;0.113551374429995;0.550049208024401;0
10.35;0.119032016928837;0.545609455989926;0
10.36;0.124467558920184;0.54101378226506;0
10.37;0.129856448556182;0.536263832429023;0
10.38;0.135197150640624;0.53136129547871;0
10.39;0.140488147060522;0.526307903247775;0
10.4;0.145727937211813;0.521105429813879;0
10.41;0.150915038419097;0.515755690894279;0
10.42;0.156047986349263;0.510260543229992;0
10.43;0.161125335418919;0.504621883958706;0
10.44;0.166145659195492;0.498841649976666;0
10.45;0.171107550791906;0.492921817289736;0
10.46;0.176009623254718;0.486864400353856;0
10.47;0.180850509945612;0.480671451405104;0
10.48;0.185628864916145;0.474345059779583;0
10.49;0.190343363275658;0.467887351223364;0
10.5;0.194992701552226;0.461300487192685;0
10.51;0.199575598046581;0.454586664144668;0
10.52;0.204090793178893;0.447748112818745;0
10.53;0.208537049828327;0.440787097509057;0
10.54;0.212913153665281;0.433705915328032;0
10.55;0.217217913476228;0.426506895461404;0
10.56;0.22145016148106;0.419192398414888;0
10.57;0.225608753642874;0.411764815252765;0
10.58;0.229692569970097;0.404226566828618;0
10.59;0.233700514810894;0.396580103008453;0
10.6;0.237631517139766;0.38882790188647;0
10.61;0.241484530836276;0.380972468993706;0
10.62;0.245258534955835;0.373016336499828;0
10.63;0.248952533992467;0.364962062408298;0
10.64;0.252565558133507;0.356812229745193;0
10.65;0.256096663506149;0.348569445741904;0
10.66;0.259544932415803;0.340236341011992;0
10.67;0.262909473576191;0.33181556872245;0
10.68;0.266189422331132;0.323309803759623;0
10.69;0.269383940867964;0.314721741890056;0
10.7;0.272492218422551;0.306054098916524;0
10.71;0.275513471475832;0.297309609829506;0
10.72;0.278446943941864;0.288491027954365;0
10.73;0.281291907347315;0.279601124094497;0
10.74;0.284047661002378;0.270642685670717;0
10.75;0.286713532163058;0.261618515857141;0
10.76;0.289288876184807;0.252531432713826;0
10.77;0.291773076667462;0.243384268316449;0
10.78;0.294165545591485;0.234179867883269;0
10.79;0.296465723445442;0.224921088899658;0
10.8;0.298673079344733;0.215610800240458;0
10.81;0.300787111141525;0.206251881290427;0
10.82;0.302807345525891;0.196847221063054;0
10.83;0.304733338118125;0.187399717317995;0
10.84;0.306564673552229;0.177912275677412;0
10.85;0.308300965550554;0.168387808741462;0
10.86;0.309941856989606;0.15882923520323;0
10.87;0.311487019956983;0.149239478963342;0
10.88;0.31293615579947;0.139621468244549;0
10.89;0.314288995162278;0.129978134706531;0
10.9;0.315545298019425;0.120312412561194;0
10.91;0.316704853695289;0.110627237688726;0
10.92;0.317767480877307;0.100925546754665;0
10.93;0.31873302761987;0.0912102763282546;0
10.94;0.319601371339389;0.0814843620023439;0
10.95;0.320372418800582;0.0717507375150875;0
10.96;0.321046106093984;0.0620123338737164;0
10.97;0.321622398604697;0.0522720784806308;0
10.98;0.322101290972424;0.0425328942620765;0
10.99;0.322482807042794;0.0327976987996594;0
11;0.322766999810019;0.0230694034649562;0
11.01;0.322953951350915;0.0133509125574728;0
11.02;0.32304377275031;0.00364512244620474;0
11.03;0.323036604017891;-0.00604507928494987;0
11.04;0.322932613996528;-0.0157168146876752;0
11.05;0.322732000262099;-0.0253672162953725;0
11.06;0.322434989014887;-0.0349934279646987;0
11.07;0.322041834962577;-0.0445926057122644;0
11.08;0.321552821194909;-0.0541619185462488;0
11.09;0.320968259050042;-0.0636985492926909;0
11.1;0.320288487972673;-0.0731996954162188;0
11.11;0.319513875363984;-0.0826625698349797;0
11.12;0.318644816423459;-0.0920844017295381;0
11.13;0.317681733982642;-0.101462437345508;0
11.14;0.316625078330901;-0.110793940789689;0
11.15;0.315475327033255;-0.120076194819486;0
11.16;0.314232984740346;-0.12930650162537;0
11.17;0.312898582990607;-0.138482183606182;0
11.18;0.311472680004721;-0.147600584137039;0
11.19;0.309955860472429;-0.15665906832963;0
11.2;0.308348735331773;-0.165655023784698;0
11.21;0.306651941540845;-0.174585861336483;0
11.22;0.304866141842138;-0.183449015788916;0
11.23;0.302992024519562;-0.192241946643373;0
11.24;0.30103030314823;-0.200962138817766;0
11.25;0.298981716337086;-0.209607103356784;0
11.26;0.296847027464477;-0.218174378133078;0
11.27;0.29462702440675;-0.226661528539206;0
11.28;0.292322519259977;-0.235066148170128;0
11.29;0.289934348054889;-0.243385859496088;0
11.3;0.287463370465139;-0.251618314525667;0
11.31;0.284910469508963;-0.259761195458861;0
11.32;0.282276551244374;-0.267812215329971;0
11.33;0.279562544457955;-0.275769118640152;0
11.34;0.276769400347387;-0.283629681979442;0
11.35;0.273898092197799;-0.291391714638103;0
11.36;0.270949615052058;-0.299053059207107;0
11.37;0.267924985375093;-0.306611592167609;0
11.38;0.264825240712388;-0.314065224469248;0
11.39;0.261651439342735;-0.321411902097124;0
11.4;0.258404659925367;-0.328649606627294;0
11.41;0.255086001141595;-0.335776355770645;0
11.42;0.251696581331053;-0.342790203905007;0
11.43;0.248237538122681;-0.349689242595352;0
11.44;0.244710028060551;-0.356471601101954;0
11.45;0.241115226224679;-0.36313544687638;0
11.46;0.237454325846919;-0.369678986045176;0
11.47;0.233728537922088;-0.37610046388113;0
11.48;0.229939090814425;-0.38239816526199;0
11.49;0.226087229859522;-0.388570415116521;0
11.5;0.22217421696186;-0.394615578857796;0
11.51;0.218201330188058;-0.400532062803594;0
11.52;0.214169863355982;-0.406318314583826;0
11.53;0.210081125619843;-0.411972823534871;0
11.54;0.205936441051399;-0.417494121080735;0
11.55;0.20173714821742;-0.422880781100934;0
11.56;0.197484599753519;-0.428131420285027;0
11.57;0.193180161934511;-0.433244698473695;0
11.58;0.188825214241415;-0.438219318986309;0
11.59;0.184421148925243;-0.443054028934901;0
11.6;0.179969370567709;-0.447747619524457;0
11.61;0.175471295639001;-0.452298926339493;0
11.62;0.170928352052745;-0.456706829616823;0
11.63;0.166341978718307;-0.460970254504477;0
11.64;0.161713625090566;-0.465088171306713;0
11.65;0.157044750717302;-0.469059595715071;0
11.66;0.152336824784329;-0.472883589025422;0
11.67;0.147591325658536;-0.476559258340976;0
11.68;0.142809740428943;-0.480085756761212;0
11.69;0.137993564445946;-0.483462283556689;0
11.7;0.133144300858869;-0.486688084329725;0
11.71;0.128263460151974;-0.489762451160902;0
11.72;0.123352559679074;-0.492684722741393;0
11.73;0.118413123196883;-0.49545428449109;0
11.74;0.113446680397249;-0.498070568662519;0
11.75;0.108454766438411;-0.500533054430536;0
11.76;0.103438921475427;-0.502841267967806;0
11.77;0.098400690189908;-0.504994782506069;0
11.78;0.0933416213192009;-0.506993218383184;0
11.79;0.0882632671851713;-0.508836243075978;0
11.8;0.0831671832227163;-0.510523571218909;0
11.81;0.0780549275081569;-0.512054964608556;0
11.82;0.0729280602876483;-0.51343023219397;0
11.83;0.0677881435057507;-0.514649230052902;0
11.84;0.0626367403343008;-0.515711861353945;0
11.85;0.0574754147017256;-0.516618076304633;0
11.86;0.0523057308229383;-0.517367872085513;0
11.87;0.0471292527299555;-0.517961292770269;0
11.88;0.041947543803377;-0.518398429231908;0
11.89;0.0367621663048656;-0.518679419035092;0
11.9;0.0315746809107659;-0.518804446314656;0
11.91;0.0263866462469995;-0.518773741640366;0
11.92;0.0211996184253748;-0.518587581868004;0
11.93;0.0160151505814474;-0.518246289976822;0
11.94;0.0108347924140659;-0.51775023489346;0
11.95;0.00566008972674052;-0.517099831302381;0
11.96;0.000492583970966997;-0.516295539442931;0
11.97;-0.00466618820836011;-0.515337864893074;0
11.98;-0.00981469542531181;-0.514227358339926;0
11.99;-0.0149514120029352;-0.512964615337149;0
12;-0.0200748184207795;-0.511550276049316;0
12.01;-0.0251834017598069;-0.509985024983346;0
12.02;-0.0302756561445607;-0.508269590707105;0
12.03;-0.0353500831824611;-0.506404745555284;0
12.04;-0.0404051924001041;-0.504391305322664;0
12.05;-0.0454395016764358;-0.502230128944875;0
12.06;-0.0504515376726788;-0.499922118166782;0
12.07;-0.0554398362588872;-0.4974682171986;0
12.08;-0.0604029429370078;-0.494869412359873;0
12.09;-0.0653394132603272;-0.492126731711441;0
12.1;-0.0702478132491851;-0.489241244675533;0
12.11;-0.0751267198028352;-0.486214061644104;0
12.12;-0.0799747211073371;-0.483046333575576;0
12.13;-0.0847904170393644;-0.4797392515801;0
12.14;-0.0895724195658138;-0.476294046493504;0
12.15;-0.0943193531391036;-0.472711988440064;0
12.16;-0.0990298550880502;-0.468994386384241;0
12.17;-0.103702576004212;-0.465142587671556;0
12.18;-0.108336180123596;-0.461157977558744;0
12.19;-0.112929345703616;-0.457041978733352;0
12.2;-0.117480765395198;-0.452796050822942;0
12.21;-0.12198914660994;-0.448421689894063;0
12.22;-0.126453211882205;-0.443920427941167;0
12.23;-0.130871699226065;-0.439293832365625;0
12.24;-0.135243362486992;-0.434543505445032;0
12.25;-0.139566971688194;-0.429671083792964;0
12.26;-0.143841313371512;-0.424678237809379;0
12.27;-0.148065190932775;-0.419566671121822;0
12.28;-0.152237424951528;-0.414338120017645;0
12.29;-0.156356853515045;-0.4089943528674;0
12.3;-0.16042233253653;-0.403537169539613;0
12.31;-0.164432736067436;-0.39796840080712;0
12.32;-0.168386956603807;-0.39228990774516;0
12.33;-0.17228390538656;-0.386503581121415;0
12.34;-0.176122512695637;-0.380611340778206;0
12.35;-0.179901728137945;-0.374615135007027;0
12.36;-0.183620520929004;-0.368516939915631;0
12.37;-0.187277880168235;-0.362318758787862;0
12.38;-0.190872815107813;-0.356022621436446;0
12.39;-0.194404355415021;-0.349630583548936;0
12.4;-0.197871551428028;-0.343144726027031;0
12.41;-0.201273474405034;-0.336567154319465;0
12.42;-0.204609216766719;-0.329899997748693;0
12.43;-0.207877892331922;-0.323145408831571;0
12.44;-0.211078636546511;-0.31630556259425;0
12.45;-0.214210606705372;-0.30938265588151;0
12.46;-0.217272982167465;-0.302378906660727;0
12.47;-0.220264964563904;-0.295296553320714;0
12.48;-0.223185777998991;-0.288137853965646;0
12.49;-0.226034669244182;-0.280905085704278;0
12.5;-0.228810907924912;-0.273600543934703;0
12.51;-0.231513786700257;-0.266226541624843;0
12.52;-0.234142621435381;-0.258785408588919;0
12.53;-0.236696751366723;-0.251279490760112;0
12.54;-0.23917553925991;-0.243711149459639;0
12.55;-0.241578371560324;-0.236082760662477;0
12.56;-0.243904658536335;-0.228396714259956;0
12.57;-0.246153834415128;-0.220655413319445;0
12.58;-0.248325357511125;-0.212861273341359;0
12.59;-0.250418710346962;-0.205016721513725;0
12.6;-0.252433399767003;-0.197124195964516;0
12.61;-0.254368957043366;-0.189186145011996;0
12.62;-0.25622493797445;-0.181205026413296;0
12.63;-0.258000922975932;-0.173183306611453;0
12.64;-0.259696517164233;-0.165123459981142;0
12.65;-0.26131135043244;-0.157027968073321;0
12.66;-0.262845077518662;-0.148899318859029;0
12.67;-0.264297378066831;-0.140740005972558;0
12.68;-0.265667956679919;-0.13255252795422;0
12.69;-0.266956542965599;-0.12433938749296;0
12.7;-0.268162891574317;-0.116103090669013;0
12.71;-0.2692867822298;-0.107846146196854;0
12.72;-0.270328019751993;-0.0995710646686545;0
12.73;-0.271286434072436;-0.0912803577984834;0
12.74;-0.272161880242082;-0.0829765376674625;0
12.75;-0.272954238431577;-0.0746621159701147;0
12.76;-0.273663413924009;-0.066339603262121;0
12.77;-0.274289337100136;-0.0580115082097127;0
12.78;-0.274831963416125;-0.0496803368409197;0
12.79;-0.275291273373807;-0.0413485917988966;0
12.8;-0.275667272483476;-0.0330187715975463;0
12.81;-0.275959991219253;-0.0246933698796614;0
12.82;-0.276169484967054;-0.0163748746778005;0
12.83;-0.276295833965164;-0.00806576767811612;0
12.84;-0.276339143237478;0.000231476512649018;0
12.85;-0.276299542519417;0.00851439109678432;0
12.86;-0.27617718617657;0.0167805178116386;0
12.87;-0.275972253116087;0.0250274076518412;0
12.88;-0.275684946690874;0.0332526215875068;0
12.89;-0.275315494596621;0.0414537312782155;0
12.9;-0.27486414876171;0.0496283197825619;0
12.91;-0.274331185230047;0.0577739822630675;0
12.92;-0.273716904036874;0.0658883266862531;0
12.93;-0.273021629077589;0.07396897451767;0
12.94;-0.272245707969655;0.0820135614116908;0
12.95;-0.271389511907624;0.0900197378958604;0
12.96;-0.270453435511344;0.097985170049613;0
12.97;-0.269437896667414;0.105907540177161;0
12.98;-0.268343336363921;0.113784547474363;0
12.99;-0.267170218518556;0.121613908689384;0
13;-0.265919029800131;0.129393358776956;0
13.01;-0.264590279443601;0.137120651546059;0
13.02;-0.263184499058628;0.144793560300835;0
13.03;-0.261702242431772;0.15240987847456;0
13.04;-0.260144085322373;0.159967420256488;0
13.05;-0.258510625252194;0.167464021211398;0
13.06;-0.256802481288911;0.174897538891669;0
13.07;-0.255020293823507;0.182265853441715;0
13.08;-0.253164724341658;0.189566868194599;0
13.09;-0.251236455189198;0.196798510260684;0
13.1;-0.249236189331719;0.203958731108134;0
13.11;-0.247164650108418;0.211045507135122;0
13.12;-0.245022580980248;0.218056840233576;0
13.13;-0.242810745272478;0.224990758344324;0
13.14;-0.240529925911737;0.231845316003462;0
13.15;-0.238180925157634;0.238618594879825;0
13.16;-0.23576456432905;0.245308704303393;0
13.17;-0.233281683525174;0.251913781784496;0
13.18;-0.230733141341408;0.258431993523686;0
13.19;-0.228119814580196;0.264861534912126;0
13.2;-0.225442597956907;0.271200631022375;0
13.21;-0.222702403800844;0.277447537089421;0
13.22;-0.219900161751495;0.283600538981862;0
13.23;-0.217036818450112;0.289657953663082;0
13.24;-0.214113337226725;0.295618129642316;0
13.25;-0.21113069778269;0.301479447415487;0
13.26;-0.208089895868877;0.307240319895693;0
13.27;-0.204991942959601;0.312899192833242;0
13.28;-0.201837865922396;0.318454545225112;0
13.29;-0.198628706683749;0.323904889713755;0
13.3;-0.195365521890884;0.329248772975117;0
13.31;-0.192049382569725;0.334484776095796;0
13.32;-0.188681373779133;0.339611514939239;0
13.33;-0.185262594261529;0.344627640500878;0
13.34;-0.181794156090016;0.349531839252126;0
13.35;-0.178277184312114;0.354322833473158;0
13.36;-0.174712816590214;0.358999381574367;0
13.37;-0.171102202838876;0.363560278406455;0
13.38;-0.167446504859067;0.368004355559058;0
13.39;-0.163746895969473;0.372330481647845;0
13.4;-0.160004560634988;0.376537562590032;0
13.41;-0.156220694092506;0.380624541868229;0
13.42;-0.152396501974115;0.384590400782585;0
13.43;-0.148533199927836;0.388434158691159;0
13.44;-0.144632013236005;0.392154873238461;0
13.45;-0.140694176431421;0.395751640572139;0
13.46;-0.136720932911385;0.399223595547744;0
13.47;-0.132713534549745;0.402569911921532;0
13.48;-0.128673241307062;0.405789802531291;0
13.49;-0.124601320839029;0.408882519465128;0
13.5;-0.120499048103249;0.411847354218206;0
13.51;-0.116367704964504;0.4146836378374;0
13.52;-0.112208579798636;0.417390741053841;0
13.53;-0.108022967095144;0.419968074403349;0
13.54;-0.10381216705865;0.422415088334716;0
13.55;-0.0995774852093175;0.42473127330584;0
13.56;-0.095320231982378;0.426916159867711;0
13.57;-0.091041722326865;0.428969318736217;0
13.58;-0.086743275303687;0.430890360851804;0
13.59;-0.0824262136831576;0.432678937426963;0
13.6;-0.0780918635421068;0.434334739981572;0
13.61;-0.0737415538606922;0.435857500366088;0
13.62;-0.0693766161190334;0.437246990772615;0
13.63;-0.0649983838937905;0.438503023733855;0
13.64;-0.0606081924548074;0.439625452109976;0
13.65;-0.0562073783619401;0.440614169063404;0
13.66;-0.0517972790621921;0.441469108021585;0
13.67;-0.0473792324872759;0.442190242627738;0
13.68;-0.0429545766517211;0.44277758667964;0
13.69;-0.0385246492516477;0.443231194056473;0
13.7;-0.0340907872643252;0.443551158633792;0
13.71;-0.0296543265486351;0.443737614186639;0
13.72;-0.0252166014465553;0.443790734280874;0
13.73;-0.0207789443857841;0.443710732152754;0
13.74;-0.0163426854836211;0.443497860576837;0
13.75;-0.0119091521522213;0.443152411722254;0
13.76;-0.007479668705339;0.442674716997426;0
13.77;-0.00305555596667538;0.442065146883277;0
13.78;0.00136186912005348;0.441324110755028;0
13.79;0.00577129387921613;0.440452056692636;0
13.8;0.0101714102894186;0.439449471279956;0
13.81;0.0145609153675982;0.438316879392708;0
13.82;0.0189385115509475;0.437054843975327;0
13.83;0.0233029070765567;0.43566396580679;0
13.84;0.0276528163586645;0.434144883255499;0
13.85;0.0319869603634101;0.432498272023318;0
13.86;0.0363040669809762;0.430724844878865;0
13.87;0.0406028713950169;0.428825351380143;0
13.88;0.0448821164492651;0.426800577586623;0
13.89;0.0491405530112125;0.424651345760884;0
13.9;0.0533769403327604;0.422378514059908;0
13.91;0.0575900464077371;0.419982976216144;0
13.92;0.0617786483261796;0.417465661208468;0
13.93;0.0659415326252807;0.414827532923128;0
13.94;0.0700774956369008;0.412069589804818;0
13.95;0.0741853438315458;0.409192864497987;0
13.96;0.0782638941587156;0.406198423478519;0
13.97;0.0823119743835254;0.403087366675895;0
13.98;0.0863284234195075;0.399860827085986;0
13.99;0.0903120916574985;0.396519970374595;0
14;0.0942618412905207;0.393065994471886;0
14.01;0.0981765466345682;0.389500129157841;0
14.02;0.102055094445207;0.385823635638882;0
14.03;0.1058963842299;0.382037806115799;0
14.04;0.109699328555981;0.378143963343127;0
14.05;0.11346285335417;0.374143460180132;0
14.06;0.117185898217576;0.370037679133529;0
14.07;0.120867416696082;0.365828031892114;0
14.08;0.12450637658604;0.361515958853434;0
14.09;0.128101760215205;0.35710292864268;0
14.1;0.131652564722813;0.35259043762393;0
14.11;0.135157802334745;0.347980009403928;0
14.12;0.138616500633695;0.343273194328545;0
14.13;0.142027702824269;0.338471568972091;0
14.14;0.145390467992941;0.333576735619642;0
14.15;0.148703871362814;0.328590321742549;0
14.16;0.151967004543088;0.323513979467302;0
14.17;0.155178975773209;0.318349385037912;0
14.18;0.158338910161591;0.313098238271989;0
14.19;0.161445949918887;0.307762262010689;0
14.2;0.16449925458573;0.302343201562705;0
14.21;0.167498001254877;0.296842824142477;0
14.22;0.170441384787726;0.291262918302804;0
14.23;0.17332861802512;0.285605293362032;0
14.24;0.17615893199241;0.279871778826001;0
14.25;0.178931576098707;0.274064223804938;0
14.26;0.181645818330286;0.268184496425475;0
14.27;0.184300945438087;0.262234483237969;0
14.28;0.186896263119264;0.256216088619334;0
14.29;0.189431096192755;0.250131234171536;0
14.3;0.191904788768804;0.243981858115977;0
14.31;0.194316704412418;0.237769914683924;0
14.32;0.196666226300709;0.231497373503193;0
14.33;0.198952757374087;0.225166218981275;0
14.34;0.201175720481265;0.218778449685081;0
14.35;0.203334558518054;0.212336077717521;0
14.36;0.205428734559907;0.205841128091087;0
14.37;0.207457731988181;0.19929563809865;0
14.38;0.209421054610104;0.192701656681652;0
14.39;0.211318226772406;0.186061243795896;0
14.4;0.213148793468604;0.179376469775122;0
14.41;0.214912320439905;0.172649414692565;0
14.42;0.216608394269725;0.165882167720695;0
14.43;0.218236622471794;0.159076826489325;0
14.44;0.219796633571832;0.152235496442289;0
14.45;0.221288077182794;0.145360290192886;0
14.46;0.222710624073658;0.138453326878277;0
14.47;0.224063966231756;0.131516731513039;0
14.48;0.225347816918635;0.124552634342073;0
14.49;0.226561910719449;0.117563170193045;0
14.5;0.22770600358587;0.110550477828577;0
14.51;0.228779872872523;0.103516699298366;0
14.52;0.229783317366941;0.0964639792914349;0
14.53;0.230716157313043;0.0893944644886991;0
14.54;0.231578234428147;0.0823103029160569;0
14.55;0.232369411913502;0.0752136432981832;0
14.56;0.233089574458382;0.0681066344132255;0
14.57;0.23373862823771;0.0609914244485939;0
14.58;0.234316500903265;0.0538701603580339;0
14.59;0.234823141568453;0.0467449872201756;0
14.6;0.235258520786674;0.0396180475987458;0
14.61;0.235622630523308;0.032491480904635;0
14.62;0.235915484121313;0.0253674227600047;0
14.63;0.236137116260492;0.0182480043646242;0
14.64;0.236287582910426;0.0111353518646217;0
14.65;0.236366961277101;0.00403158572383496;0
14.66;0.236375349743271;-0.00306117990205358;0
14.67;0.236312867802572;-0.0101408377884158;0
14.68;0.236179655987414;-0.0172052882614283;0
14.69;0.235975875790701;-0.0242524398144944;0
14.7;0.235701709581399;-0.0312802097211581;0
14.71;0.235357360513985;-0.0382865246443334;0
14.72;0.234943052431827;-0.0452693212416715;0
14.73;0.234459029764532;-0.0522265467668915;0
14.74;0.23390555741929;-0.0591561596669016;0
14.75;0.23328292066627;-0.0660561301745387;0
14.76;0.232591425018117;-0.0729244408967563;0
14.77;0.231831396103572;-0.079759087398092;0
14.78;0.231003179535297;-0.0865580787792484;0
14.79;0.230107140771922;-0.093319438250622;0
14.8;0.229143664974389;-0.100041203700616;0
14.81;0.228113156856635;-0.106721428258579;0
14.82;0.227016040530668;-0.113358180852204;0
14.83;0.225852759346096;-0.119949546759234;0
14.84;0.224623775724166;-0.126493628153324;0
14.85;0.22332957098637;-0.132988544643893;0
14.86;0.221970645177683;-0.139432433809826;0
14.87;0.220547516884486;-0.145823451726866;0
14.88;0.219060723047249;-0.152159773488568;0
14.89;0.217510818768035;-0.158439593720641;0
14.9;0.215898377112885;-0.164661127088563;0
14.91;0.214223988909165;-0.170822608798309;0
14.92;0.212488262537931;-0.176922295090067;0
14.93;0.210691823721392;-0.182958463724794;0
14.94;0.20883531530554;-0.188929414463493;0
14.95;0.206919397038018;-0.194833469539063;0
14.96;0.204944745341309;-0.200668974120604;0
14.97;0.20291205308131;-0.206434296770056;0
14.98;0.200822029331378;-0.21212782989103;0
14.99;0.198675399131922;-0.217747990169727;0
15;0.196472903245626;-0.223293219007821;0
15.01;0.19421529790837;-0.228761982947186;0
15.02;0.191903354575951;-0.234152774086358;0
15.03;0.189537859666675;-0.239464110488622;0
15.04;0.187119614299898;-0.244694536581613;0
15.05;0.184649434030623;-0.249842623548327;0
15.06;0.182128148580213;-0.254906969709441;0
15.07;0.17955660156333;-0.259886200896839;0
15.08;0.17693565021117;-0.264778970818252;0
15.09;0.174266165091103;-0.269583961412914;0
15.1;0.171549029822786;-0.274299883198142;0
15.11;0.168785140790858;-0.278925475606758;0
15.12;0.165975406854299;-0.28345950731526;0
15.13;0.163120749052553;-0.287900776562663;0
15.14;0.160222100308501;-0.292248111459934;0
15.15;0.157280405128386;-0.296500370289935;0
15.16;0.154296619298774;-0.300656441797809;0
15.17;0.151271709580667;-0.304715245471741;0
15.18;0.14820665340084;-0.308675731814009;0
15.19;0.145102438540518;-0.312536882602282;0
15.2;0.14196006282148;-0.31629771114109;0
15.21;0.138780533789699;-0.319957262503414;0
15.22;0.135564868396604;-0.323514613762334;0
15.23;0.132314092678075;-0.326968874212689;0
15.24;0.129029241431261;-0.330319185582695;0
15.25;0.125711357889337;-0.333564722235483;0
15.26;0.12236149339428;-0.3367046913605;0
15.27;0.118980707067785;-0.339738333154743;0
15.28;0.11557006548041;-0.342664920993796;0
15.29;0.112130642319058;-0.345483761592612;0
15.3;0.108663518052898;-0.34819419515604;0
15.31;0.105169779597826;-0.350795595519042;0
15.32;0.101650519979573;-0.353287370276598;0
15.33;0.0981068379955542;-0.355668960903259;0
15.34;0.0945398378755773;-0.357939842862345;0
15.35;0.0909506289414989;-0.360099525704769;0
15.36;0.0873403252659437;-0.362147553157461;0
15.37;0.0837100453301834;-0.364083503201409;0
15.38;0.0800609116812841;-0.365906988139291;0
15.39;0.0763940505886227;-0.367617654652703;0
15.4;0.0727105916998788;-0.369215183848985;0
15.41;0.0690116676966044;-0.370699291297645;0
15.42;0.0652984139494769;-0.372069727056389;0
15.43;0.0615719681733378;-0.373326275686777;0
15.44;0.0578334700821222;-0.374468756259493;0
15.45;0.0540840610437814;-0.375497022349277;0
15.46;0.0503248837353037;-0.376410962019514;0
15.47;0.0465570817979347;-0.377210497796516;0
15.48;0.042781799492702;-0.377895586633511;0
15.49;0.0390001813563453;-0.378466219864382;0
15.5;0.0352133718577562;-0.378922423147174;0
15.51;0.031422515055028;-0.37926425639741;0
15.52;0.0276287542532181;-0.379491813711257;0
15.53;0.0238332316629247;-0.379605223278571;0
15.54;0.0200370880597786;-0.379604647285876;0
15.55;0.0162414624449494;-0.379490281809318;0
15.56;0.0124474917067677;-0.379262356697643;0
15.57;0.00865631028356276;-0.378921135445256;0
15.58;0.00486904982781277;-0.378466915055408;0
15.59;0.00108683887170854;-0.377900025893576;0
15.6;-0.00268919750577331;-0.377220831531094;0
15.61;-0.00645793801018957;-0.376429728579099;0
15.62;-0.0102182654612459;-0.375527146512857;0
15.63;-0.0139690671206123;-0.374513547486542;0
15.64;-0.0177092350178441;-0.373389426138536;0
15.65;-0.0214376662743133;-0.372155309387326;0
15.66;-0.0251532634250563;-0.370811756218076;0
15.67;-0.028854934738447;-0.369359357459953;0
15.68;-0.0325415945336006;-0.36779873555429;0
15.69;-0.0362121634954189;-0.366130544313676;0
15.7;-0.0398655689871853;-0.364355468672043;0
15.71;-0.0435007453606213;-0.362474224425873;0
15.72;-0.0471166342633148;-0.36048755796658;0
15.73;-0.0507121849434329;-0.358396246004194;0
15.74;-0.0542863545516334;-0.356201095282423;0
15.75;-0.0578381084400879;-0.353902942285208;0
15.76;-0.0613664204585322;-0.351502652934859;0
15.77;-0.0648702732472617;-0.349001122281899;0
15.78;-0.0683486585269873;-0.346399274186695;0
15.79;-0.0718005773854714;-0.343698060993011;0
15.8;-0.0752250405608636;-0.340898463193573;0
15.81;-0.0786210687216564;-0.338001489087787;0
15.82;-0.0819876927431831;-0.335008174431691;0
15.83;-0.0853239539805812;-0.331919582080292;0
15.84;-0.0886289045381442;-0.328736801622389;0
15.85;-0.09190160753499;-0.325460949008011;0
15.86;-0.095141137366969;-0.322093166168592;0
15.87;-0.0983465799647434;-0.318634620630015;0
15.88;-0.101517033047964;-0.31508650511864;0
15.89;-0.104651606375478;-0.311450037160464;0
15.9;-0.107749421991494;-0.307726458673533;0
15.91;-0.110809614467647;-0.303917035553741;0
15.92;-0.113831331140888;-0.300023057254153;0
15.93;-0.116813732347139;-0.296045836357993;0
15.94;-0.11975599165065;-0.291986708145432;0
15.95;-0.122657296068998;-0.287847030154309;0
15.96;-0.125516846293663;-0.283628181734948;0
15.97;-0.12833385690613;-0.279331563599191;0
15.98;-0.131107556589455;-0.274958597363808;0
15.99;-0.133837188335236;-0.270510725088423;0
16;-0.136522009645945;-0.265989408808108;0
16.01;-0.13916129273256;-0.261396130060788;0
16.02;-0.141754324707447;-0.256732389409623;0
16.03;-0.144300407772448;-0.251999705960493;0
16.04;-0.146798859402115;-0.247199616874763;0
16.05;-0.149249012522058;-0.242333676877475;0
16.06;-0.151650215682355;-0.237403457761111;0
16.07;-0.15400183322597;-0.232410547885105;0
16.08;-0.156303245452163;-0.227356551671236;0
16.09;-0.158553848774825;-0.222243089095085;0
16.1;-0.160753055875713;-0.217071795173694;0
16.11;-0.162900295852546;-0.211844319449605;0
16.12;-0.164995014361926;-0.206562325471427;0
16.13;-0.167036673757048;-0.201227490271097;0
16.14;-0.169024753220171;-0.195841503837997;0
16.15;-0.170958748889813;-0.190406068590098;0
16.16;-0.172838173982649;-0.184922898842276;0
16.17;-0.174662558910075;-0.179393720271983;0
16.18;-0.17643145138942;-0.173820269382431;0
16.19;-0.178144416549785;-0.168204292963449;0
16.2;-0.179801037032465;-0.162547547550183;0
16.21;-0.181400913085969;-0.156851798879812;0
16.22;-0.182943662655582;-0.15111882134643;0
16.23;-0.184428921467479;-0.145350397454279;0
16.24;-0.185856343107356;-0.139548317269481;0
16.25;-0.187225599093584;-0.133714377870453;0
16.26;-0.188536378944844;-0.127850382797164;0
16.27;-0.189788390242273;-0.121958141499395;0
16.28;-0.190981358686063;-0.116039468784186;0
16.29;-0.192115028146557;-0.110096184262617;0
16.3;-0.193189160709788;-0.104130111796104;0
16.31;-0.194203536717497;-0.098143078942375;0
16.32;-0.195157954801597;-0.0921369164012876;0
16.33;-0.196052231913102;-0.0861134574606544;0
16.34;-0.196886203345516;-0.0800745374422503;0
16.35;-0.197659722752678;-0.0740219931481589;0
16.36;-0.198372662161075;-0.067957662307628;0
16.37;-0.19902491197663;-0.0618833830245975;0
16.38;-0.199616380985961;-0.0558009932260644;0
16.39;-0.200146996352139;-0.0497123301114488;0
16.4;-0.200616703604933;-0.043619229603125;0
16.41;-0.201025466625575;-0.0375235257982791;0
16.42;-0.201373267626045;-0.0314270504222558;0
16.43;-0.201660107122902;-0.0253316322835566;0
16.44;-0.201886003905664;-0.0192390967306476;0
16.45;-0.202050994999775;-0.0131512651107393;0
16.46;-0.202155135624164;-0.00706995423069528;0
16.47;-0.202198499143423;-0.000996975820228852;0
16.48;-0.202181177014629;0.00506586400245619;0
16.49;-0.202103278728833;0.011116765262424;0
16.5;-0.201964931747246;0.0171539346570098;0
16.51;-0.201766281432148;0.0231755860819139;0
16.52;-0.201507490972542;0.0291799411542331;0
16.53;-0.201188741304605;0.0351652297322798;0
16.54;-0.200810231026945;0.0411296904320359;0
16.55;-0.200372176310714;0.0470715711400953;0
16.56;-0.199874810804606;0.0529891295229444;0
16.57;-0.199318385534785;0.0588806335324369;0
16.58;-0.198703168799764;0.0647443619073165;0
16.59;-0.198029446060299;0.0705786046706431;0
16.6;-0.197297519824322;0.0763816636229831;0
16.61;-0.196507709526962;0.0821518528312203;0
16.62;-0.195660351405698;0.0878874991128509;0
16.63;-0.194755798370695;0.0935869425156227;0
16.64;-0.193794419870353;0.0992485367923852;0
16.65;-0.192776601752145;0.104870649871015;0
16.66;-0.191702746118765;0.110451664319284;0
16.67;-0.190573271179659;0.11598997780454;0
16.68;-0.189388611097979;0.121484003548074;0
16.69;-0.188149215833021;0.126932170774039;0
16.7;-0.186855550978192;0.132332925152802;0
16.71;-0.185508097594578;0.137684729238611;0
16.72;-0.184107352040157;0.142986062901434;0
16.73;-0.182653825794718;0.148235423752881;0
16.74;-0.181148045280549;0.153431327566066;0
16.75;-0.179590551678959;0.158572308689304;0
16.76;-0.177981900742686;0.163656920453537;0
16.77;-0.176322662604259;0.168683735573354;0
16.78;-0.174613421580384;0.17365134654153;0
16.79;-0.172854775972406;0.178558366016944;0
16.8;-0.171047337862933;0.183403427205789;0
16.81;-0.169191732908667;0.188185184235972;0
16.82;-0.167288600129532;0.192902312524595;0
16.83;-0.165338591694151;0.197553509138423;0
16.84;-0.163342372701754;0.202137493147243;0
16.85;-0.161300620960585;0.20665300597002;0
16.86;-0.159214026762878;0.211098811713761;0
16.87;-0.15708329265648;0.21547369750499;0
16.88;-0.154909133213191;0.219776473813762;0
16.89;-0.152692274793898;0.224005974770112;0
16.9;-0.15043345531058;0.228161058472877;0
16.91;-0.14813342398526;0.232240607290794;0
16.92;-0.145792941105975;0.236243528155814;0
16.93;-0.143412777779857;0.240168752848545;0
16.94;-0.14099371568339;0.244015238275749;0
16.95;-0.138536546809929;0.247781966739845;0
16.96;-0.136042073214561;0.25146794620032;0
16.97;-0.133511106756385;0.255072210527015;0
16.98;-0.130944468838302;0.258593819745195;0
16.99;-0.128342990144389;0.262031860272367;0
17;-0.125707510374938;0.265385445146776;0
17.01;-0.123038877979252;0.268653714247527;0
17.02;-0.120337949886278;0.271835834506289;0
17.03;-0.117605591233162;0.274931000110516;0
17.04;-0.114842675091802;0.277938432698158;0
17.05;-0.112050082193503;0.280857381543806;0
17.06;-0.109228700651804;0.283687123736225;0
17.07;-0.106379425683566;0.286426964347257;0
17.08;-0.103503159328418;0.28907623659204;0
17.09;-0.100600810166631;0.291634301980508;0
17.1;-0.0976732930355219;0.294100550460162;0
17.11;-0.0947215287444673;0.296474400550064;0
17.12;-0.0917464437886179;0.298755299466034;0
17.13;-0.0887489700613992;0.300942723237035;0
17.14;-0.0857300445658891;0.303036176812717;0
17.15;-0.0826906091251596;0.30503519416211;0
17.16;-0.0796316100916712;0.306939338363448;0
17.17;-0.0765539980558099;0.308748201685106;0
17.18;-0.0734587275536536;0.310461405657661;0
17.19;-0.0703467567740586;0.312078601137047;0
17.2;-0.067219047265155;0.313599468358812;0
17.21;-0.0640765636403386;0.315023716983479;0
17.22;-0.06092027328385;0.316351086133007;0
17.23;-0.0577511460560287;0.317581344418357;0
17.24;-0.0545701539983319;0.318714289958171;0
17.25;-0.051378271038206;0.319749750388572;0
17.26;-0.0481764726939004;0.320687582864107;0
17.27;-0.0449657357793117;0.321527674049827;0
17.28;-0.0417470381089464;0.322269940104548;0
17.29;-0.0385213582030915;0.322914326655288;0
17.3;-0.0352896749932793;0.323460808762922;0
17.31;-0.0320529675281358;0.323909390879072;0
17.32;-0.0288122146796994;0.324260106794257;0
17.33;-0.0255683948502974;0.324513019577341;0
17.34;-0.0223224856800665;0.32466822150631;0
17.35;-0.0190754637552051;0.324725833990405;0
17.36;-0.0158283043170429;0.324686007483667;0
17.37;-0.0125819809720133;0.324548921389913;0
17.38;-0.00933746540261421;0.324314783959208;0
17.39;-0.00609572707944322;0.323983832175856;0
17.4;-0.00285773297438974;0.323556331637986;0
17.41;0.000375552724930393;0.323032576428749;0
17.42;0.00360316889941499;0.322412888979213;0
17.43;0.00682415778130735;0.321697619922989;0
17.44;0.0100375652355372;0.320887147942653;0
17.45;0.0132424410394896;0.319981879608027;0
17.46;0.0164378391611195;0.318982249206373;0
17.47;0.0196228180353328;0.317888718564578;0
17.48;0.0227964408385533;0.316701776863383;0
17.49;0.0259577757613959;0.315421940443731;0
17.5;0.0291058962793689;0.314049752605314;0
17.51;0.0322398814215261;0.312585783397379;0
17.52;0.035358816036993;0.311030629401871;0
17.53;0.0384617910592902;0.309384913509008;0
17.54;0.0415479037683782;0.307649284685341;0
17.55;0.04461625805035;0.305824417734408;0
17.56;0.0476659646546969;0.303911013050047;0
17.57;0.0506961414490747;0.301909796362464;0
17.58;0.0537059136714982;0.299821518477144;0
17.59;0.0566944141798934;0.297646955006693;0
17.6;0.059660783698936;0.295386906095703;0
17.61;0.0626041710641082;0.293042196138741;0
17.62;0.0655237334629038;0.290613673491548;0
17.63;0.0684186366731166;0.288102210175554;0
17.64;0.0712880552981424;0.28550870157581;0
17.65;0.0741311729992329;0.282834066132427;0
17.66;0.0769471827246337;0.280079245025647;0
17.67;0.0797352869355454;0.277245201854624;0
17.68;0.0824946978288451;0.274332922310053;0
17.69;0.0852246375565053;0.27134341384072;0
17.7;0.0879243384416532;0.268277705314125;0
17.71;0.0905930431912091;0.26513684667125;0
17.72;0.093230005105046;0.261921908575608;0
17.73;0.0958344882816156;0.258633982056692;0
17.74;0.098405767819983;0.25527417814792;0
17.75;0.100943130018217;0.251843627519212;0
17.76;0.103445872568083;0.248343480104311;0
17.77;0.105913304745984;0.244774904722973;0
17.78;0.108344747600102;0.241139088698136;0
17.79;0.110739534133692;0.237437237468215;0
17.8;0.113097009484471;0.233670574194617;0
17.81;0.115416531100065;0.229840339364628;0
17.82;0.117697468909468;0.225947790389792;0
17.83;0.119939205490455;0.221994201199891;0
17.84;0.122141136232928;0.217980861832691;0
17.85;0.124302669498129;0.213909078019551;0
17.86;0.1264232267737;0.209780170767046;0
17.87;0.128502242824537;0.205595475934725;0
17.88;0.130539165839406;0.201356343809151;0
17.89;0.132533457573281;0.197064138674339;0
17.9;0.134484593485378;0.192720238378742;0
17.91;0.136392062872834;0.188326033898914;0
17.92;0.138255369000013;0.183882928899988;0
17.93;0.140074029223405;0.179392339293101;0
17.94;0.141847575112082;0.17485569278992;0
17.95;0.143575552563688;0.170274428454383;0
17.96;0.145257521915938;0.165649996251817;0
17.97;0.146893058053588;0.160983856595558;0
17.98;0.148481750510872;0.156277479891223;0
17.99;0.150023203569363;0.151532346078762;0
18;0.151517036351247;0.14674994417245;0
18.01;0.152962882907992;0.14193177179894;0
18.02;0.154360392304384;0.137079334733531;0
18.03;0.155709228697922;0.132194146434796;0
18.04;0.157009071413547;0.127277727577695;0
18.05;0.158259615013708;0.122331605585342;0
18.06;0.159460569363724;0.117357314159539;0
18.07;0.160611659692457;0.112356392810245;0
18.08;0.161712626648275;0.107330386384112;0
18.09;0.162763226350291;0.102280844592223;0
18.1;0.163763230434882;0.0972093215371954;0
18.11;0.164712426097471;0.09211737523977;0
18.12;0.165610616129583;0.0870065671650474;0
18.13;0.166457618951149;0.0818784617485017;0
18.14;0.167253268638079;0.0767346259219188;0
18.15;0.167997414945095;0.0715766286394027;0
18.16;0.168689923323815;0.0664060404035889;0
18.17;0.169330674936116;0.0612244327922086;0
18.18;0.169919566662749;0.0560333779851437;0
18.19;0.170456511107238;0.0508344482921149;0
18.2;0.170941436595057;0.0456292156811421;0
18.21;0.17137428716809;0.0404192513079175;0
18.22;0.171755022574399;0.0352061250462318;0
18.23;0.17208361825329;0.0299914050195909;0
18.24;0.172360065315714;0.0247766571341627;0
18.25;0.172584370519993;0.0195634446131909;0
18.26;0.172756556242901;0.0143533275330143;0
18.27;0.172876660446117;0.00914786236082492;0
18.28;0.172944736638058;0.00394860149430456;0
18.29;0.172960853831117;-0.00124290719672911;0
18.3;0.172925096494335;-0.00642512082653069;0
18.31;0.172837564501513;-0.0115965019473573;0
18.32;0.172698373074796;-0.0167555190009884;0
18.33;0.172507652723759;-0.0219006467677044;0
18.34;0.172265549180009;-0.0270303668125937;0
18.35;0.17197222332734;-0.0321431679290581;0
18.36;0.171627851127462;-0.0372375465793902;0
18.37;0.171232623541347;-0.0423120073322942;0
18.38;0.1707867464462;-0.0473650632972247;0
18.39;0.170290440548113;-0.0523952365554192;0
18.4;0.169743941290422;-0.0574010585875003;0
18.41;0.169147498757797;-0.0623810706975249;0
18.42;0.168501377576117;-0.0673338244333609;0
18.43;0.167805856808153;-0.0722578820032699;0
18.44;0.167061229845103;-0.0771518166885788;0
18.45;0.166267804294018;-0.0820142132523226;0
18.46;0.165425901861164;-0.0868436683437432;0
18.47;0.164535858231355;-0.0916387908985306;0
18.48;0.163598022943301;-0.0963982025346917;0
18.49;0.162612759261021;-0.101120537943939;0
18.5;0.161580444041363;-0.105804445278486;0
18.51;0.160501467597674;-0.110448586533145;0
18.52;0.159376233559672;-0.115051637922614;0
18.53;0.158205158729569;-0.119612290253861;0
18.54;0.156988672934489;-0.124129249293483;0
18.55;0.155727218875238;-0.128601236129962;0
18.56;0.154421251971477;-0.133026987530693;0
18.57;0.15307124020334;-0.137405256293708;0
18.58;0.151677663949569;-0.141734811593985;0
18.59;0.150241015822206;-0.146014439324254;0
18.6;0.148761800497901;-0.150242942430208;0
18.61;0.147240534545895;-0.154419141240023;0
18.62;0.145677746252734;-0.158541873788099;0
18.63;0.144073975443772;-0.162609996132946;0
18.64;0.14242977330152;-0.166622382669112;0
18.65;0.140745702180905;-0.170577926433081;0
18.66;0.139022335421496;-0.174475539403059;0
18.67;0.13726025715676;-0.178314152792564;0
18.68;0.135460062120414;-0.182092717337748;0
18.69;0.133622355449922;-0.18581020357837;0
18.7;0.131747752487226;-0.189465602132356;0
18.71;0.129836878576749;-0.193057923963858;0
18.72;0.127890368860749;-0.196586200644764;0
18.73;0.125908868072092;-0.200049484609576;0
18.74;0.123893030324502;-0.203446849403595;0
18.75;0.121843518900362;-0.206777389924354;0
18.76;0.119761006036128;-0.210040222656235;0
18.77;0.117646172705433;-0.21323448589821;0
18.78;0.11549970839994;-0.216359339984654;0
18.79;0.11332231090802;-0.219413967499174;0
18.8;0.111114686091324;-0.222397573481393;0
18.81;0.108877547659317;-0.225309385626661;0
18.82;0.10661161694185;-0.228148654478617;0
18.83;0.104317622659834;-0.230914653614581;0
18.84;0.101996300694101;-0.233606679823721;0
18.85;0.0996483938525043;-0.23622405327795;0
18.86;0.0972746516353518;-0.238766117695528;0
18.87;0.0948758299992335;-0.241232240497321;0
18.88;0.0924526911193187;-0.243621812955682;0
18.89;0.0900060031501983;-0.245934250335937;0
18.9;0.087536539985346;-0.248168992030423;0
18.91;0.0850450810152722;-0.250325501685076;0
18.92;0.0825324108844462;-0.252403267318519;0
18.93;0.0799993192470605;-0.254401801433648;0
18.94;0.0774466005217142;-0.256320641121687;0
18.95;0.0748750536450887;-0.258159348158683;0
18.96;0.0722854818246934;-0.25991750909445;0
18.97;0.0696786922907554;-0.261594735333924;0
18.98;0.0670554960473301;-0.263190663210932;0
18.99;0.0644167076227086;-0.264704954054359;0
19;0.0617631448191966;-0.266137294246711;0
19.01;0.0590956284623435;-0.267487395275064;0
19.02;0.0564149821496948;-0.268754993774407;0
19.03;0.0537220319991458;-0.269939851563363;0
19.04;0.0510176063969732;-0.271041755672306;0
19.05;0.0483025357456183;-0.27206051836387;0
19.06;0.0455776522113004;-0.272995977145858;0
19.07;0.0428437894715347;-0.273847994776565;0
19.08;0.0401017824626317;-0.274616459262519;0
19.09;0.0373524671272522;-0.27530128384866;0
19.1;0.0345966801620958;-0.275902407000967;0
19.11;0.0318352587657958;-0.276419792381558;0
19.12;0.0290690403870978;-0.27685342881628;0
19.13;0.0262988624733957;-0.277203330254809;0
19.14;0.0235255622197004;-0.277469535723289;0
19.15;0.0207499763181155;-0.277652109269536;0
19.16;0.0179729407078946;-0.277751139900836;0
19.17;0.0151952903261534;-0.277766741514363;0
19.18;0.0124178588593111;-0.277699052820264;0
19.19;0.00964147849533337;-0.277548237257432;0
19.2;0.00686697967685106;-0.277314482902015;0
19.21;0.00409519085522565;-0.276998002368689;0
19.22;0.00132693824563472;-0.27659903270476;0
19.23;-0.00143695441675148;-0.276117835277105;0
19.24;-0.00419566611943099;-0.275554695652037;0
19.25;-0.00694837881399782;-0.274909923468103;0
19.26;-0.00969427765626633;-0.274183852301905;0
19.27;-0.0124325512450222;-0.273376839526954;0
19.28;-0.0151623918593313;-0.272489266165654;0
19.29;-0.0178829956943371;-0.271521536734436;0
19.3;-0.0205935630954793;-0.270474079082125;0
19.31;-0.0232932987910659;-0.269347344221585;0
19.32;-0.0259814121231309;-0.268141806154711;0
19.33;-0.0286571172765135;-0.266857961690836;0
19.34;-0.0313196335060911;-0.265496330258604;0
19.35;-0.0339681853621016;-0.264057453711392;0
19.36;-0.0366020029134924;-0.262541896126345;0
19.37;-0.0392203219692301;-0.260950243597089;0
19.38;-0.0418223842975094;-0.259283104020208;0
19.39;-0.0444074378427995;-0.257541106875547;0
19.4;-0.0469747369406651;-0.255724903000423;0
19.41;-0.0495235425303038;-0.253835164357826;0
19.42;-0.0520531223647368;-0.25187258379868;0
19.43;-0.054562751218598;-0.249837874818256;0
19.44;-0.057051711093459;-0.247731771306815;0
19.45;-0.0595192914206371;-0.245555027294561;0
19.46;-0.0619647892614252;-0.243308416691;0
19.47;-0.0643875095046926;-0.240992733018788;0
19.48;-0.0667867650617986;-0.238608789142154;0
19.49;-0.0691618770587661;-0.236157416989994;0
19.5;-0.0715121750256635;-0.233639467273727;0
19.51;-0.0738369970831408;-0.231055809200003;0
19.52;-0.076135690126071;-0.228407330178362;0
19.53;-0.0784076100042447;-0.22569493552394;0
19.54;-0.0806521217000708;-0.222919548155315;0
19.55;-0.0828685995032335;-0.220082108287602;0
19.56;-0.0850564271822593;-0.217183573120885;0
19.57;-0.0872149981529483;-0.21422491652409;0
19.58;-0.089343715643623;-0.211207128714419;0
19.59;-0.0914419928571531;-0.208131215932415;0
19.6;-0.0935092531297106;-0.204998200112797;0
19.61;-0.0955449300862154;-0.201809118551153;0
19.62;-0.0975484677924289;-0.198565023566594;0
19.63;-0.0995193209036572;-0.195266982160494;0
19.64;-0.101456954810023;-0.191916075671411;0
19.65;-0.103360845778274;-0.188513399426301;0
19.66;-0.105230481090077;-0.185060062388143;0
19.67;-0.10706535917679;-0.18155718680008;0
19.68;-0.108864989750639;-0.178005907826188;0
19.69;-0.110628893932309;-0.174407373188997;0
19.7;-0.112356604374877;-0.170762742803858;0
19.71;-0.114047665384091;-0.167073188410299;0
19.72;-0.115701633034935;-0.163339893200456;0
19.73;-0.117318075284479;-0.159564051444716;0
19.74;-0.118896572080966;-0.155746868114686;0
19.75;-0.120436715469112;-0.151889558503594;0
19.76;-0.121938109691613;-0.147993347844254;0
19.77;-0.123400371286808;-0.14405947092471;0
19.78;-0.124823129182498;-0.140089171701665;0
19.79;-0.126206024785879;-0.136083702911845;0
19.8;-0.127548712069591;-0.132044325681378;0
19.81;-0.128850857653848;-0.127972309133346;0
19.82;-0.130112140884629;-0.123868929993604;0
19.83;-0.131332253907934;-0.119735472195006;0
19.84;-0.132510901740063;-0.11557322648014;0
19.85;-0.133647802333919;-0.111383490002717;0
19.86;-0.134742686641326;-0.107167565927713;0
19.87;-0.135795298671333;-0.1029267630304;0
19.88;-0.136805395544514;-0.0986623952943887;0
19.89;-0.137772747543233;-0.0943757815087913;0
19.9;-0.13869713815789;-0.0900682448646457;0
19.91;-0.139578364129117;-0.0857411125507079;0
19.92;-0.140416235485937;-0.0813957153487428;0
19.93;-0.141210575579871;-0.0770333872284333;0
19.94;-0.141961221114992;-0.0726554649420297;0
19.95;-0.142668022173927;-0.068263287618862;0
19.96;-0.143330842239803;-0.0638581963598367;0
19.97;-0.143949558214139;-0.0594415338320387;0
19.98;-0.144524060430683;-0.0550146438635615;0
19.99;-0.145054252665199;-0.050578871038685;0
20;-0.145540052141214;-0.0461355602935226;0
