0;0.966052749611999;0.310027527066737;0
0.01;0.969020118560584;0.280485864418622;0
0.02;0.971691913640853;0.250910895540855;0
0.03;0.974067841947956;0.221311543082893;0
0.04;0.976147699769615;0.191696721668347;0
0.05;0.977931372493901;0.162075335236515;0
0.06;0.979418834490454;0.132456274391705;0
0.07;0.980610148965233;0.102848413761093;0
0.08;0.981505467788896;0.0732606093619267;0
0.09;0.982105031298883;0.0437016959788216;0
0.1;0.982409168075332;0.014180484551935;0
0.11;0.982418294690922;-0.0152942404232253;0
0.12;0.982132915434768;-0.0447137234835958;0
0.13;0.981553622010506;-0.074069240773202;0
0.14;0.98068109320868;-0.103352102603904;0
0.15;0.979516094553599;-0.132553656001497;0
0.16;0.978059477924794;-0.161665287236435;0
0.17;0.976312181153241;-0.190678424338435;0
0.18;0.974275227592517;-0.219584539594245;0
0.19;0.971949725665054;-0.248375152027854;0
0.2;0.969336868383668;-0.277041829862426;0
0.21;0.966437932848563;-0.305576192963256;0
0.22;0.963254279719988;-0.333969915261052;0
0.23;0.959787352666749;-0.362214727154832;0
0.24;0.956038677790793;-0.390302417893784;0
0.25;0.952009863028067;-0.418224837937373;0
0.26;0.947702597525877;-0.445973901293053;0
0.27;0.943118650996971;-0.473541587830911;0
0.28;0.938259873050587;-0.500919945574589;0
0.29;0.933128192500695;-0.528101092967839;0
0.3;0.927725616651688;-0.555077221116071;0
0.31;0.922054230561775;-0.581840596002271;0
0.32;0.916116196284327;-0.608383560676667;0
0.33;0.909913752087449;-0.63469853741952;0
0.34;0.903449211652053;-0.660778029876463;0
0.35;0.896724963248692;-0.686614625165765;0
0.36;0.889743468893459;-0.712200995956961;0
0.37;0.882507263483227;-0.737529902520262;0
0.38;0.875018953910531;-0.762594194746182;0
0.39;0.867281218158383;-0.787386814134832;0
0.4;0.859296804375343;-0.811900795754333;0
0.41;0.851068529931139;-0.836129270167812;0
0.42;0.842599280453162;-0.860065465328467;0
0.43;0.833892008844156;-0.883702708442177;0
0.44;0.824949734281433;-0.907034427797156;0
0.45;0.815775541197937;-0.93005415456017;0
0.46;0.8063725782455;-0.952755524538822;0
0.47;0.79674405724063;-0.97513227990944;0
0.48;0.786893252093176;-0.997178270910116;0
0.49;0.776823497718221;-1.01888745749844;0
0.5;0.76653818893156;-1.04025391097348;0
0.51;0.756040779329115;-1.06127181556165;0
0.52;0.745334780150666;-1.08193546996591;0
0.53;0.734423759128243;-1.10223928887809;0
0.54;0.723311339319572;-1.12217780445378;0
0.55;0.712001197926941;-1.14174566774949;0
0.56;0.70049706510186;-1.1609376501217;0
0.57;0.688802722735908;-1.17974864458744;0
0.58;0.676922003238148;-1.1981736671461;0
0.59;0.664858788299498;-1.21620785806202;0
0.6;0.652617007644457;-1.23384648310772;0
0.61;0.640200637770572;-1.25108493476729;0
0.62;0.627613700676053;-1.26791873339981;0
0.63;0.614860262575941;-1.28434352836235;0
0.64;0.601944432607219;-1.30035509909245;0
0.65;0.588870361523288;-1.31594935614968;0
0.66;0.575642240378209;-1.33112234221617;0
0.67;0.562264299201131;-1.34587023305576;0
0.68;0.548740805661305;-1.36018933843166;0
0.69;0.535076063724117;-1.37407610298228;0
0.7;0.521274412298549;-1.38752710705525;0
0.71;0.507340223876488;-1.40053906749921;0
0.72;0.493277903164307;-1.41310883841338;0
0.73;0.479091885707143;-1.42523341185471;0
0.74;0.464786636506295;-1.43690991850239;0
0.75;0.450366648630166;-1.44813562827976;0
0.76;0.435836441819182;-1.45890795093337;0
0.77;0.421200561085109;-1.46922443656906;0
0.78;0.406463575305211;-1.4790827761452;0
0.79;0.391630075811657;-1.48848080192268;0
0.8;0.376704674976634;-1.49741648787195;0
0.81;0.361692004793578;-1.50588795003671;0
0.82;0.346596715454959;-1.51389344685452;0
0.83;0.331423473927065;-1.52143137943411;0
0.84;0.316176962522197;-1.52850029178946;0
0.85;0.300861877468725;-1.53509887103064;0
0.86;0.285482927479422;-1.54122594751142;0
0.87;0.27004483231853;-1.54688049493371;0
0.88;0.254552321367958;-1.55206163040881;0
0.89;0.239010132193078;-1.55676861447564;0
0.9;0.22342300910852;-1.56100085107584;0
0.91;0.207795701744418;-1.56475788748603;0
0.92;0.192132963613522;-1.56803941420712;0
0.93;0.176439550679609;-1.57084526481099;0
0.94;0.160720219927619;-1.57317541574445;0
0.95;0.144979727935947;-1.57502998609076;0
0.96;0.129222829451307;-1.57640923728878;0
0.97;0.113454275966593;-1.57731357280994;0
0.98;0.0976788143021629;-1.5777435377932;0
0.99;0.081901185190958;-1.57769981863813;0
1;0.0661261218678836;-1.57718324255641;0
1.01;0.0503583486638568;-1.57619477708184;0
1.02;0.0346025796049427;-1.57473552953913;0
1.03;0.0188635170169858;-1.57280674647175;0
1.04;0.00314585013614765;-1.57040981302894;0
1.05;-0.0125457462742442;-1.56754625231233;0
1.06;-0.0282066133001315;-1.56421772468227;0
1.07;-0.043832109246044;-1.56042602702419;0
1.08;-0.059417610996903;-1.55617309197534;0
1.09;-0.0749585153719155;-1.55146098711217;0
1.1;-0.0904502404701653;-1.54629191409859;0
1.11;-0.105888227007512;-1.5406682077956;0
1.12;-0.121267939644416;-1.53459233533242;0
1.13;-0.136584868304298;-1.52806689513966;0
1.14;-0.151834529482063;-1.5210946159447;0
1.15;-0.167012467542415;-1.51367835572985;0
1.16;-0.182114256007577;-1.50582110065343;0
1.17;-0.197135498834063;-1.4975259639344;0
1.18;-0.212071831678132;-1.48879618470072;0
1.19;-0.226918923149564;-1.47963512680202;0
1.2;-0.241672476053406;-1.4700462775869;0
1.21;-0.256328228619325;-1.46003324664527;0
1.22;-0.270881955718243;-1.44959976451629;0
1.23;-0.285329470065882;-1.4387496813622;0
1.24;-0.299666623412909;-1.42748696560861;0
1.25;-0.313889307721326;-1.41581570255167;0
1.26;-0.327993456326789;-1.40374009293258;0
1.27;-0.341975045086527;-1.39126445148002;0
1.28;-0.355830093512535;-1.37839320542076;0
1.29;-0.369554665889748;-1.3651308929593;0
1.3;-0.383144872378851;-1.3514821617267;0
1.31;-0.396596870103467;-1.33745176719938;0
1.32;-0.409906864221375;-1.32304457108822;0
1.33;-0.423071108979506;-1.30826553969867;0
1.34;-0.436085908752397;-1.29311974226226;0
1.35;-0.448947619063849;-1.27761234924015;0
1.36;-0.461652647591482;-1.26174863059927;0
1.37;-0.474197455153938;-1.24553395406154;0
1.38;-0.486578556680456;-1.22897378332688;0
1.39;-0.49879252216256;-1.2120736762704;0
1.4;-0.510835977587607;-1.19483928311455;0
1.41;-0.522705605853944;-1.17727634457666;0
1.42;-0.534398147667431;-1.15939068999263;0
1.43;-0.5459104024191;-1.14118823541714;0
1.44;-0.557239229043708;-1.12267498170125;0
1.45;-0.568381546858969;-1.10385701254788;0
1.46;-0.579334336385242;-1.08474049254567;0
1.47;-0.590094640145468;-1.06533166518217;0
1.48;-0.600659563445136;-1.0456368508366;0
1.49;-0.611026275132102;-1.02566244475315;0
1.5;-0.621192008336046;-1.00541491499525;0
1.51;-0.63115406118739;-0.984900800381566;0
1.52;-0.6409097975155;-0.964126708404284;0
1.53;-0.650456647525985;-0.943099313130448;0
1.54;-0.659792108456949;-0.921825353086908;0
1.55;-0.668913745214008;-0.900311629129584;0
1.56;-0.677819190983939;-0.878565002297727;0
1.57;-0.686506147826802;-0.856592391653805;0
1.58;-0.694972387246405;-0.834400772109726;0
1.59;-0.703215750738966;-0.811997172240042;0
1.6;-0.711234150319852;-0.789388672082837;0
1.61;-0.719025569028279;-0.766582400928962;0
1.62;-0.726588061409847;-0.743585535100302;0
1.63;-0.733919753976815;-0.720405295717771;0
1.64;-0.741018845646016;-0.697048946459711;0
1.65;-0.747883608154305;-0.673523791311384;0
1.66;-0.754512386451474;-0.64983717230625;0
1.67;-0.760903599070541;-0.62599646725973;0
1.68;-0.767055738475345;-0.602009087496124;0
1.69;-0.772967371385386;-0.5778824755694;0
1.7;-0.778637139077842;-0.553624102978539;0
1.71;-0.784063757666722;-0.529241467878128;0
1.72;-0.789246018359105;-0.504742092784894;0
1.73;-0.794182787688424;-0.480133522280881;0
1.74;-0.798873007724781;-0.455423320713965;0
1.75;-0.803315696262242;-0.430619069896382;0
1.76;-0.807509946983126;-0.405728366801992;0
1.77;-0.811454929599251;-0.380758821262943;0
1.78;-0.815149889970155;-0.35571805366645;0
1.79;-0.818594150198283;-0.330613692652358;0
1.8;-0.821787108701161;-0.3054533728122;0
1.81;-0.824728240260561;-0.280244732390412;0
1.82;-0.8274170960487;-0.254995410988417;0
1.83;-0.82985330363149;-0.229713047272239;0
1.84;-0.832036566948881;-0.204405276684341;0
1.85;-0.833966666272351;-0.179079729160361;0
1.86;-0.835643458139578;-0.153744026851426;0
1.87;-0.837066875266374;-0.128405781852705;0
1.88;-0.838236926435923;-0.103072593938894;0
1.89;-0.839153696365416;-0.0777520483072739;0
1.9;-0.839817345550154;-0.0524517133290216;0
1.91;-0.840228110085194;-0.027179138309433;0
1.92;-0.840386301464651;-0.00194185125770532;0
1.93;-0.840292306358736;0.0232526433330614;0
1.94;-0.839946586368646;0.0483968666949978;0
1.95;-0.839349677759412;0.0734833679830919;0
1.96;-0.838502191170825;0.0985047264606672;0
1.97;-0.837404811306564;0.12345355367208;0
1.98;-0.836058296601661;0.148322495602008;0
1.99;-0.834463478868429;0.173104234820698;0
2;-0.832621262921007;0.197791492614567;0
2.01;-0.830532626178668;0.222377031101532;0
2.02;-0.828198618248038;0.246853655330466;0
2.03;-0.825620360484409;0.271214215364172;0
2.04;-0.822799045532279;0.295451608345292;0
2.05;-0.819735936845327;0.319558780544548;0
2.06;-0.816432368185978;0.343528729390733;0
2.07;-0.812889743104763;0.367354505481884;0
2.08;-0.80910953439964;0.391029214577058;0
2.09;-0.805093283555497;0.414546019568148;0
2.1;-0.800842600164028;0.437898142431186;0
2.11;-0.796359161324183;0.461078866156582;0
2.12;-0.791644711023423;0.484081536657751;0
2.13;-0.786701059499974;0.506899564657606;0
2.14;-0.781530082586338;0.529526427552373;0
2.15;-0.776133721034245;0.551955671252223;0
2.16;-0.770513979821326;0.574180911998199;0
2.17;-0.764672927439714;0.596195838154938;0
2.18;-0.758612695166832;0.617994211978697;0
2.19;-0.752335476318612;0.639569871360184;0
2.2;-0.745843525485403;0.660916731541723;0
2.21;-0.739139157750823;0.682028786808287;0
2.22;-0.73222474789382;0.702900112151919;0
2.23;-0.725102729574212;0.723524864909115;0
2.24;-0.717775594501973;0.743897286370692;0
2.25;-0.710245891590551;0.764011703363738;0
2.26;-0.702516226094487;0.783862529805193;0
2.27;-0.694589258731633;0.80344426822666;0
2.28;-0.686467704790252;0.822751511270027;0
2.29;-0.678154333221288;0.841778943153512;0
2.3;-0.669651965716124;0.860521341107731;0
2.31;-0.660963475770099;0.878973576781427;0
2.32;-0.652091787732118;0.897130617616465;0
2.33;-0.643039875840648;0.914987528191765;0
2.34;-0.633810763246411;0.932539471535796;0
2.35;-0.624407521022103;0.949781710407305;0
2.36;-0.614833267159445;0.966709608543957;0
2.37;-0.60509116555389;0.983318631878548;0
2.38;-0.595184424977327;0.999604349722503;0
2.39;-0.58511629803908;1.01556243591635;0
2.4;-0.57489008013557;1.03118866994687;0
2.41;-0.564509108388947;1.04647893803068;0
2.42;-0.553976760575038;1.06142923416395;0
2.43;-0.543296454040951;1.076035661138;0
2.44;-0.532471644612687;1.09029443152055;0
2.45;-0.52150582549308;1.10420186860237;0
2.46;-0.510402526150436;1.11775440730912;0
2.47;-0.499165311198215;1.13094859507816;0
2.48;-0.487797779266088;1.14378109270011;0
2.49;-0.476303561862757;1.15624867512499;0
2.5;-0.464686322230859;1.1683482322328;0
2.51;-0.452949754194329;1.18007676956822;0
2.52;-0.441097580998584;1.19143140903951;0
2.53;-0.429133554143869;1.20240938958119;0
2.54;-0.417061452212151;1.21300806778064;0
2.55;-0.4048850796879;1.22322491846822;0
2.56;-0.392608265773138;1.23305753527103;0
2.57;-0.380234863197117;1.24250363113006;0
2.58;-0.367768747020984;1.25156103878072;0
2.59;-0.355213813437811;1.26022771119658;0
2.6;-0.342573978568353;1.26850172199637;0
2.61;-0.329853177252898;1.27638126581405;0
2.62;-0.317055361839586;1.28386465863205;0
2.63;-0.304184500969563;1.29095033807747;0
2.64;-0.291244578359331;1.29763686368135;0
2.65;-0.278239591580686;1.303922917101;0
2.66;-0.265173550838582;1.30980730230525;0
2.67;-0.252050477747327;1.31528894572277;0
2.68;-0.238874404105445;1.32036689635341;0
2.69;-0.225649370669604;1.32504032584264;0
2.7;-0.21237942592796;1.32930852851903;0
2.71;-0.199068624873289;1.33317092139497;0
2.72;-0.185721027776286;1.33662704413055;0
2.73;-0.172340698959382;1.33967655896077;0
2.74;-0.158931705571457;1.34231925058611;0
2.75;-0.145498116363814;1.34455502602661;0
2.76;-0.132044000467772;1.34638391443951;0
2.77;-0.118573426174249;1.34780606690057;0
2.78;-0.105090459715695;1.3488217561493;0
2.79;-0.0915991640507291;1.34943137629804;0
2.8;-0.0781035976518583;1.34963544250526;0
2.81;-0.064607813296613;1.34943459061312;0
2.82;-0.0511158568624741;1.34882957674938;0
2.83;-0.0376317661259375;1.34782127689408;0
2.84;-0.0241595695660712;1.34641068641094;0
2.85;-0.0107032851729155;1.34459891954381;0
2.86;0.0027330807389243;1.34238720887836;0
2.87;0.0161455347111466;1.3397769047692;0
2.88;0.0295300973167389;1.33676947473268;0
2.89;0.0428828043287373;1.33336650280565;0
2.9;0.0561997078824215;1.32956968887034;0
2.91;0.0694768776306074;1.32538084794572;0
2.92;0.0827104018917028;1.32080190944555;0
2.93;0.0958963887901953;1.31583491640342;0
2.94;0.109030967389242;1.31048202466499;0
2.95;0.122110288815039;1.30474550204797;0
2.96;0.135130527372638;1.29862772746979;0
2.97;0.148087881652907;1.29213119004359;0
2.98;0.1609785756303;1.28525848814267;0
2.99;0.173798859751135;1.27801232843385;0
3;0.186545012012067;1.27039552487998;0
3.01;0.199213339028444;1.26241099771199;0
3.02;0.211800177092256;1.25406177237095;0
3.03;0.224301893219364;1.24535097842025;0
3.04;0.236714886185719;1.23628184842863;0
3.05;0.249035587552283;1.22685771682405;0
3.06;0.261260462678362;1.21708201871919;0
3.07;0.27338601172306;1.20695828870862;0
3.08;0.285408770634582;1.19649015963834;0
3.09;0.297325312127117;1.18568136134792;0
3.1;0.309132246645009;1.17453571938574;0
3.11;0.320826223313964;1.16305715369773;0
3.12;0.332403930879039;1.15124967729013;0
3.13;0.34386209862912;1.13911739486659;0
3.14;0.355197497307681;1.12666450144013;0
3.15;0.366406940009536;1.11389528092043;0
3.16;0.37748728306336;1.10081410467693;0
3.17;0.388435426899732;1.08742543007811;0
3.18;0.399248316904468;1.07373379900759;0
3.19;0.409922944257012;1.05974383635736;0
3.2;0.420456346753652;1.04546024849875;0
3.21;0.430845609615358;1.03088782173167;0
3.22;0.44108786628001;1.01603142071242;0
3.23;0.451180299178808;1.00089598686083;0
3.24;0.461120140496665;0.985486536747109;0
3.25;0.470904672916381;0.969808160458854;0
3.26;0.480531230346396;0.953866019948942;0
3.27;0.489997198631941;0.937665347364648;0
3.28;0.499300016249392;0.921211443358618;0
3.29;0.508437174983663;0.904509675382203;0
3.3;0.517406220588447;0.887565475961701;0
3.31;0.526204753429149;0.870384340958066;0
3.32;0.53483042910834;0.852971827810608;0
3.33;0.543280959073583;0.835333553765259;0
3.34;0.55155411120747;0.817475194087965;0
3.35;0.559647710399731;0.799402480263736;0
3.36;0.567559639101266;0.781121198181964;0
3.37;0.575287837859979;0.762637186308528;0
3.38;0.582830305838266;0.743956333845298;0
3.39;0.590185101312051;0.725084578877585;0
3.4;0.597350342151242;0.706027906510121;0
3.41;0.604324206281495;0.686792346992152;0
3.42;0.611104932127184;0.66738397383222;0
3.43;0.617690819035477;0.647808901903214;0
3.44;0.624080227681415;0.628073285538284;0
3.45;0.630271580453916;0.608183316618194;0
3.46;0.636263361822616;0.588145222650709;0
3.47;0.642054118685467;0.567965264842605;0.00155410314365633
3.48;0.647642717032163;0.54773516544096;0.0170951345802196
3.49;0.653029125813005;0.527530931769176;0.0326361660167828
3.5;0.658213630754863;0.507358575803534;0.0481771974533461
3.51;0.663196577616331;0.487224089632039;0.0637182288899093
3.52;0.667978371980904;0.467133443692411;0.0792592603264726
3.53;0.672559479032588;0.447092585019592;0.0948002917630359
3.54;0.676940423314015;0.427107435503281;0.110341323199599
3.55;0.68112178846719;0.407183890156005;0.125882354636162
3.56;0.685104216956971;0.387327815392218;0.141423386072726
3.57;0.688888409777378;0.36754504731893;0.156964417509289
3.58;0.692475126140879;0.347841390038365;0.172505448945852
3.59;0.695865183150742;0.328222613963126;0.188046480382415
3.6;0.69905945545661;0.308694454144353;0.203587511818979
3.61;0.70205887489341;0.289262608613354;0.219128543255542
3.62;0.704864430103745;0.269932736737191;0.234669574692105
3.63;0.707477166143902;0.25071045758867;0.250210606128668
3.64;0.709898184073631;0.231601348331223;0.265751637565232
3.65;0.712128640529836;0.21261094261912;0.281292669001795
3.66;0.714169747284349;0.193744729013474;0.296833700438358
3.67;0.716022770785921;0.175008149414494;0.312374731874921
3.68;0.717689031686627;0.156406597510406;0.327915763311485
3.69;0.719169904352824;0.137945417243504;0.343456794748048
3.7;0.720466816360857;0.119629901293742;0.358997826184611
3.71;0.721581247977674;0.101465289580298;0.374538857621174
3.72;0.722514731626545;0.0834567677815373;0.390079889057738
3.73;0.723268851338063;0.0656094658737691;0.405620920494301
3.74;0.723845242186616;0.0479284566892162;0.421161951930864
3.75;0.724245589712531;0.030418754493593;0.436702983367427
3.76;0.72447162933008;0.0130853135836828;0.452244014803991
3.77;0.724525145721556;-0.00406697309469792;0.467785046240554
3.78;0.724407972217618;-0.0210332753079691;0.483326077677117
3.79;0.724121990164125;-0.0378088268749188;0.49886710911368
3.8;0.723669128275653;-0.0543889269853311;0.514408140550244
3.81;0.723051361975941;-0.0707689414967522;0.529949171986807
3.82;0.72227071272545;-0.0869443042090433;0.54549020342337
3.83;0.721329247336294;-0.102910518116377;0.561031234859933
3.84;0.720229077274744;-0.118663156636338;0.576572266296497
3.85;0.718972357951547;-0.134197864815806;0.59211329773306
3.86;0.717561288000297;-0.149510360513291;0.607654329169623
3.87;0.715998108544082;-0.164596435557406;0.623195360606187
3.88;0.714285102450659;-0.179451956881189;0.63873639204275
3.89;0.712424593576397;-0.194072867631946;0.654277423479313
3.9;0.710418945999229;-0.208455188256352;0.669818454915876
3.91;0.708270563240869;-0.222595017560509;0.685359486352439
3.92;0.705981887478538;-0.2364885337447;0.700900517789003
3.93;0.703555398746461;-0.250131995412556;0.716441549225566
3.94;0.700993614127389;-0.263521742554398;0.731982580662129
3.95;0.698299086934399;-0.276654197504479;0.747523612098693
3.96;0.695474405883247;-0.289525865871913;0.763064643535256
3.97;0.692522194255526;-0.302133337445026;0.778605674971819
3.98;0.689445109052902;-0.314473287068933;0.794146706408382
3.99;0.686245840142699;-0.326542475496098;0.809687737844946
4;0.682927109395095;-0.338337750209689;0.825228769281509
4.01;0.679491669812213;-0.349856046219517;0.840769800718072
4.02;0.675942304649372;-0.361094386830368;0.856310832154635
4.03;0.672281826528782;-0.37204988438255;0.871851863591198
4.04;0.668513076545961;-0.382719740964474;0.887392895027762
4.05;0.66463892336915;-0.393101249097115;0.902933926464325
4.06;0.660662262332009;-0.403191792390179;0.918474957900888
4.07;0.656586014519882;-0.412988846169844;0.934015989337452
4.08;0.652413125849918;-0.422489978077926;0.949557020774015
4.09;0.648146566145313;-0.431692848642346;0.965098052210578
4.1;0.643789328203999;-0.440595211818769;0.980639083647141
4.11;0.639344426862027;-0.449194915503308;0.996180115083705
4.12;0.634814898051968;-0.457489902016188;1.01172114652027
4.13;0.630203797856596;-0.465478208556273;1.02726217795683
4.14;0.625514201558173;-0.473157967626369;1.04280320939339
4.15;0.620749202683592;-0.480527407429235;1.05834424082996
4.16;0.615911912045713;-0.487584852234215;1.07388527226652
4.17;0.61100545678115;-0.494328722714456;1.08942630370308
4.18;0.606032979384826;-0.500757536254634;1.10496733513965
4.19;0.600997636741579;-0.506869907229175;1.12050836657621
4.2;0.595902599155126;-0.512664547250913;1.13604939801277
4.21;0.590751049374663;-0.518140265390178;1.15159042944934
4.22;0.585546181619415;-0.523295968364296;1.1671314608859
4.23;0.580291200601424;-0.528130660697482;1.18267249232246
4.24;0.574989320546868;-0.532643444851155;1.19821352375903
4.25;0.569643764216209;-0.536833521324654;1.21375455519559
4.26;0.564257761923473;-0.540700188726411;1.22929558663215
4.27;0.558834550554944;-0.544242843815575;1.24483661806872
4.28;0.553377372587583;-0.547460981514157;1.26037764950528
4.29;0.547889475107444;-0.550354194889722;1.27591868094184
4.3;0.542374108828416;-0.552922175108688;1.29145971237841
4.31;0.536834527111541;-0.555164711360307;1.30700074381497
4.32;0.531273984985244;-0.557081690751386;1.32098767210788
4.33;0.525695295397493;-0.558828428484535;1.30544664067131
4.34;0.520099206560829;-0.560559935709653;1.28990560923475
4.35;0.514485873002738;-0.562275719565499;1.27436457779819
4.36;0.50885545415441;-0.563975292751141;1.25882354636162
4.37;0.503208114294522;-0.565658173662476;1.24328251492506
4.38;0.49754402249166;-0.567323886526803;1.2277414834885
4.39;0.491863352545408;-0.568971961535419;1.21220045205193
4.4;0.486166282926117;-0.570601934974199;1.19665942061537
4.41;0.480452996713383;-0.572213349352125;1.18111838917881
4.42;0.47472368153324;-0.573805753527727;1.16557735774224
4.43;0.468978529494107;-0.575378702833407;1.15003632630568
4.44;0.463217737121497;-0.576931759197603;1.13449529486912
4.45;0.457441505291515;-0.578464491264772;1.11895426343255
4.46;0.451650039163165;-0.579976474513149;1.10341323199599
4.47;0.445843548109491;-0.58146729137026;1.08787220055943
4.48;0.440022245647573;-0.582936531326145;1.07233116912286
4.49;0.434186349367401;-0.584383791044278;1.0567901376863
4.5;0.428336080859649;-0.585808674470142;1.04124910624974
4.51;0.422471665642378;-0.587210792937435;1.02570807481317
4.52;0.41659333308668;-0.588589765271879;1.01016704337661
4.53;0.410701316341303;-0.589945217892606;0.994626011940048
4.54;0.404795852256269;-0.591276784911087;0.979084980503485
4.55;0.398877181305515;-0.592584108227599;0.963543949066922
4.56;0.392945547508578;-0.593866837625174;0.948002917630358
4.57;0.387001198351355;-0.595124630861038;0.932461886193795
4.58;0.38104438470596;-0.596357153755494;0.916920854757232
4.59;0.375075360749702;-0.597564080278242;0.901379823320669
4.6;0.369094383883212;-0.598745092632098;0.885838791884106
4.61;0.363101714647743;-0.599899881334112;0.870297760447542
4.62;0.357097616641675;-0.601028145294045;0.854756729010979
4.63;0.351082356436245;-0.602129591890207;0.839215697574416
4.64;0.345056203490527;-0.603203937042609;0.823674666137852
4.65;0.339019430065696;-0.604250905283446;0.808133634701289
4.66;0.332972311138602;-0.605270229824867;0.792592603264726
4.67;0.326915124314672;-0.606261652624029;0.777051571828163
4.68;0.32084814974018;-0.607224924445421;0.761510540391599
4.69;0.314771670013902;-0.608159804920434;0.745969508955036
4.7;0.308685970098187;-0.60906606260418;0.730428477518473
4.71;0.302591337229479;-0.609943475029526;0.71488744608191
4.72;0.296488060828303;-0.610791828758358;0.699346414645346
4.73;0.290376432408754;-0.611610919430041;0.683805383208783
4.74;0.284256745487519;-0.612400551807075;0.66826435177222
4.75;0.278129295492444;-0.61316053981794;0.652723320335657
4.76;0.271994379670696;-0.613890706597126;0.637182288899093
4.77;0.265852296996532;-0.614590884522318;0.62164125746253
4.78;0.259703348078712;-0.615260915248766;0.606100226025967
4.79;0.253547835067576;-0.615900649740797;0.590559194589404
4.8;0.247386061561823;-0.616509948300498;0.57501816315284
4.81;0.241218332515016;-0.617088680593541;0.559477131716277
4.82;0.235044954141839;-0.617636725672156;0.543936100279714
4.83;0.228866233824139;-0.618153971995257;0.528395068843151
4.84;0.222682480016779;-0.618640317445713;0.512854037406587
4.85;0.216494002153333;-0.619095669344756;0.497313005970024
4.86;0.210301110551645;-0.619519944463546;0.481771974533461
4.87;0.204104116319288;-0.619913069031875;0.466230943096898
4.88;0.197903331258955;-0.620274978744028;0.450689911660334
4.89;0.191699067773788;-0.620605618761789;0.435148880223771
4.9;0.18549163877271;-0.62090494371461;0.419607848787208
4.91;0.179281357575752;-0.621172917696939;0.404066817350645
4.92;0.173068537819428;-0.621409514262716;0.388525785914081
4.93;0.166853493362172;-0.621614716417044;0.372984754477518
4.94;0.16063653818988;-0.621788516605036;0.357443723040955
4.95;0.154417986321563;-0.621930916697861;0.341902691604392
4.96;0.148198151715168;-0.622041927975977;0.326361660167828
4.97;0.141977348173562;-0.622121571109583;0.310820628731265
4.98;0.135755889250739;-0.622169876136282;0.295279597294702
4.99;0.129534088158257;-0.622186882435979;0.279738565858139
5;0.123312257671931;-0.62217263870302;0.264197534421575
5.01;0.117090710038834;-0.622127202915587;0.248656502985012
5.02;0.110869756884597;-0.622050642302359;0.233115471548449
5.03;0.104649709121071;-0.621943033306467;0.217574440111886
5.04;0.0984308768543506;-0.621804461546739;0.202033408675322
5.05;0.0922135692932041;-0.621635021776266;0.186492377238759
5.06;0.0859980946579245;-0.6214348178383;0.170951345802196
5.07;0.0797847600896374;-0.621203962619501;0.155410314365632
5.08;0.0735738715600873;-0.620942578000558;0.139869282929069
5.09;0.0673657337819282;-0.620650794804196;0.124328251492506
5.1;0.0611606501195476;-0.62032875274059;0.108787220055943
5.11;0.0549589225004465;-0.619976600350213;0.0932461886193794
5.12;0.0487608513272032;-0.619594494944132;0.0777051571828162
5.13;0.0425667353900456;-0.61918260254178;0.0621641257462529
5.14;0.036376871780056;-0.618741097806219;0.0466230943096897
5.15;0.0301915558030362;-0.618270163976934;0.0310820628731265
5.16;0.0240110808940539;-0.617769992800158;0.0155410314365632
5.17;0.0178357385326984;-0.617240784456781;0
5.18;0.0116660045931681;-0.616612846451218;0
5.19;0.00550337737892248;-0.615801151496522;0
5.2;-0.000650308012016445;-0.614806258724199;0
5.21;-0.0067932223159587;-0.613628781220261;0
5.22;-0.01292354264186;-0.612269385748717;0
5.23;-0.0190394530067999;-0.610728792459446;0
5.24;-0.025139144868469;-0.609007774580574;0
5.25;-0.0312208176545108;-0.607107158095467;0
5.26;-0.0372826792885638;-0.605027821404463;0
5.27;-0.043322946712854;-0.602770694971478;0
5.28;-0.0493398464071847;-0.600336760955607;0
5.29;-0.0553316149041764;-0.597727052827864;0
5.3;-0.0612964993006066;-0.594942654973203;0
5.31;-0.0672327577647049;-0.591984702277956;0
5.32;-0.0731386600392572;-0.588854379702844;0
5.33;-0.0790124879403755;-0.585552921841712;0
5.34;-0.0848525358517917;-0.582081612466142;0
5.35;-0.090657111214534;-0.57844178405611;0
5.36;-0.0964245350118484;-0.574634817316848;0
5.37;-0.102153142249227;-0.570662140682079;0
5.38;-0.107841282429407;-0.5665252298038;0
5.39;-0.113487320022211;-0.562225607028785;0
5.4;-0.119089634929087;-0.557764840861997;0
5.41;-0.124646622942232;-0.553144545417079;0
5.42;-0.130156696198157;-0.548366379854118;0
5.43;-0.135618283625576;-0.543432047804879;0
5.44;-0.14102983138749;-0.538343296785689;0
5.45;-0.146389803317346;-0.533101917598178;0
5.46;-0.151696681349153;-0.527709743718073;0
5.47;-0.156948965941421;-0.522168650672255;0
5.48;-0.162145176494837;-0.516480555404273;0
5.49;-0.167283851763526;-0.510647415628545;0
5.5;-0.172363550259819;-0.504671229173435;0
5.51;-0.177382850652392;-0.498554033313444;0
5.52;-0.182340352157685;-0.49229790409072;0
5.53;-0.187234674924488;-0.485904955626111;0
5.54;-0.192064460411585;-0.479377339419997;0
5.55;-0.196828371758372;-0.472717243643104;0
5.56;-0.201525094148331;-0.465926892417559;0
5.57;-0.20615333516527;-0.459008545088395;0
5.58;-0.210711825142246;-0.451964495485751;0
5.59;-0.215199317503059;-0.444797071178007;0
5.6;-0.21961458909624;-0.437508632716083;0
5.61;-0.223956440521445;-0.430101572869155;0
5.62;-0.22822369644817;-0.422578315852022;0
5.63;-0.232415205926696;-0.414941316544384;0
5.64;-0.236529842691201;-0.407193059702254;0
5.65;-0.24056650545494;-0.399336059161786;0
5.66;-0.244524118197444;-0.391372857035746;0
5.67;-0.248401630443638;-0.383306022902887;0
5.68;-0.252198017534829;-0.375138152990484;0
5.69;-0.255912280891493;-0.366871869350295;0
5.7;-0.259543448267781;-0.35850981902818;0
5.71;-0.263090573997707;-0.350054673227674;0
5.72;-0.266552739232936;-0.341509126467739;0
5.73;-0.269929052172128;-0.332875895734987;0
5.74;-0.273218648281781;-0.324157719630619;0
5.75;-0.276420690508522;-0.315357357512352;0
5.76;-0.279534369482786;-0.306477588631598;0
5.77;-0.282558903713861;-0.297521211266166;0
5.78;-0.28549353977623;-0.288491041848747;0
5.79;-0.288337552487185;-0.279389914091455;0
5.8;-0.291090245075666;-0.2702206781067;0
5.81;-0.293750949342296;-0.260986199524643;0
5.82;-0.296319025810578;-0.25168935860753;0
5.83;-0.298793863869215;-0.242333049361151;0
5.84;-0.301174881905542;-0.232920178643712;0
5.85;-0.303461527430029;-0.223453665272386;0
5.86;-0.305653277191842;-0.213936439127812;0
5.87;-0.307749637285443;-0.204371440256819;0
5.88;-0.309750143248207;-0.194761617973643;0
5.89;-0.311654360149048;-0.185109929959911;0
5.9;-0.313461882668038;-0.175419341363668;0
5.91;-0.315172335167017;-0.165692823897703;0
5.92;-0.316785371751177;-0.155933354937474;0
5.93;-0.318300676321632;-0.146143916618868;0
5.94;-0.319717962618961;-0.136327494936095;0
5.95;-0.321036974257733;-0.126487078839977;0
5.96;-0.32225748475202;-0.116625659336895;0
5.97;-0.323379297531897;-0.106746228588669;0
5.98;-0.324402245950956;-0.0968517790136422;0
5.99;-0.325326193284823;-0.0869453023892317;0
6;-0.326151032720727;-0.0770297889562122;0
6.01;-0.3268766873381;-0.0671082265250016;0
6.02;-0.327503110080268;-0.0571835995842102;0
6.03;-0.328030283717224;-0.0472588884117182;0
6.04;-0.328458220799536;-0.0373370681885431;0
6.05;-0.328786963603399;-0.0274211081157573;0
6.06;-0.329016584066875;-0.0175139705347172;0
6.07;-0.329147183717347;-0.00761861005085936;0
6.08;-0.329178893590235;0.00226202733867776;0
6.09;-0.329111874139;0.0121250051133525;0
6.1;-0.328946315136486;0.0219673970931859;0
6.11;-0.328682435567647;0.0317862882981423;0
6.12;-0.328320483513691;0.041578775802677;0
6.13;-0.327860736027714;0.0513419695852002;0
6.14;-0.327303499001857;0.061072993372214;0
6.15;-0.326649107026043;0.0707689854768771;0
6.16;-0.325897923238364;0.0804270996317556;0
6.17;-0.325050339167154;0.090044505815521;0
6.18;-0.324106774564838;0.0996183910733569;0
6.19;-0.323067677233596;0.10914596033084;0
6.2;-0.321933522842921;0.118624437201062;0
6.21;-0.320704814739137;0.128051064784764;0
6.22;-0.31938208374695;0.137423106463253;0
6.23;-0.317965887963102;0.146737846683876;0
6.24;-0.3164568125422;0.155992591737829;0
6.25;-0.31485546947481;0.165184670530084;0
6.26;-0.313162497357884;0.17431143534121;0
6.27;-0.311378561157605;0.183370262580884;0
6.28;-0.309504351964737;0.192358553532863;0
6.29;-0.307540586742562;0.201273735091232;0
6.3;-0.3054880080675;0.210113260487701;0
6.31;-0.303347383862493;0.218874610009761;0
6.32;-0.301119507123244;0.227555291709492;0
6.33;-0.298805195637425;0.236152842102837;0
6.34;-0.29640529169692;0.244664826859131;0
6.35;-0.293920661803229;0.253088841480719;0
6.36;-0.291352196366117;0.26142251197245;0
6.37;-0.288700809395608;0.269663495500888;0
6.38;-0.285967438187449;0.27780948104304;0
6.39;-0.283153043002117;0.285858190024442;0
6.4;-0.280258606737507;0.293807376946413;0
6.41;-0.277285134595392;0.301654830002326;0
6.42;-0.274233653741766;0.309398371682708;0
6.43;-0.271105212961194;0.317035859369032;0
6.44;-0.267900882305273;0.324565185916018;0
6.45;-0.264621752735323;0.33198428022231;0
6.46;-0.261268935759417;0.339291107789359;0
6.47;-0.257843563063888;0.34648367126838;0
6.48;-0.254346786139414;0.353560010995227;0
6.49;-0.250779775901805;0.360518205513058;0
6.5;-0.247143722307626;0.367356372082647;0
6.51;-0.243439833964773;0.374072667180207;0
6.52;-0.239669337738119;0.380665286982613;0
6.53;-0.235833478350375;0.387132467839881;0
6.54;-0.231933517978279;0.393472486734799;0
6.55;-0.227970735844245;0.399683661729581;0
6.56;-0.22394642780361;0.405764352399449;0
6.57;-0.219861905927598;0.411712960253015;0
6.58;-0.215718498082149;0.417527929139379;0
6.59;-0.211517547502722;0.423207745641833;0
6.6;-0.207260412365241;0.428750939458075;0
6.61;-0.202948465353283;0.434156083766849;0
6.62;-0.19858309322167;0.439421795580922;0
6.63;-0.194165696356591;0.444546736086311;0
6.64;-0.189697688332395;0.449529610967685;0
6.65;-0.185180495465187;0.454369170719877;0
6.66;-0.180615556363381;0.459064210945417;0
6.67;-0.176004321475333;0.463613572638041;0
6.68;-0.171348252634205;0.4680161424521;0
6.69;-0.166648822600199;0.472270852957824;0
6.7;-0.1619075146003;0.476376682882379;0
6.71;-0.157125821865679;0.480332657336678;0
6.72;-0.15230524716688;0.484137848027895;0
6.73;-0.147447302346962;0.487791373457644;0
6.74;-0.142553507852708;0.491292399105799;0
6.75;-0.137625392264074;0.494640137599905;0
6.76;-0.132664491821998;0.497833848870172;0
6.77;-0.127672349954734;0.500872840290022;0
6.78;-0.122650516802836;0.503756466802169;0
6.79;-0.117600548742955;0.506484131030228;0
6.8;-0.112524007910577;0.509055283375837;0
6.81;-0.107422461721861;0.51146942210129;0
6.82;-0.102297482394714;0.513726093397682;0
6.83;-0.0971506464692509;0.515824891438568;0
6.84;-0.0919835343277777;0.517765458419147;0
6.85;-0.0867977297144552;0.519547484580987;0
6.86;-0.081594819254776;0.521170708222302;0
6.87;-0.0763763919750051;0.522634915693805;0
6.88;-0.0711440388217262;0.523939941380165;0
6.89;-0.0658993521816384;0.5250856676671;0
6.9;-0.060643925401747;0.526072024894133;0
6.91;-0.0553793523100898;0.526898991293057;0
6.92;-0.0501072267371442;0.52756659291215;0
6.93;-0.0448291420380558;0.528074903526184;0
6.94;-0.0395466906158298;0.528424044532288;0
6.95;-0.0342614634456283;0.528614184831707;0
6.96;-0.0289750496003128;0.528645540697531;0
6.97;-0.0236890357773724;0.528518375628446;0
6.98;-0.0184050058273769;0.528233000188584;0
6.99;-0.0131245402840939;0.527789771833538;0
7;-0.00784921589640797;0.527189094722619;0
7.01;-0.0025806051621783;0.526431419517439;0
7.02;0.00267972413582773;0.525517243166895;0
7.03;0.00793020939179028;0.524447108678654;0
7.04;0.013169293636347;0.523221604877218;0
7.05;0.0183954259936239;0.521841366148678;0
7.06;0.0236070621356536;0.520307072172239;0
7.07;0.0288026647340505;0.51861944763864;0
7.08;0.033980703908811;0.516779261955559;0
7.09;0.0391396576741097;0.514787328940121;0
7.1;0.0442780123809632;0.512644506498621;0
7.11;0.0493942631566341;0.510351696293586;0
7.12;0.0544869143406486;0.507909843398289;0
7.13;0.0595544799173038;0.505319935938841;0
7.14;0.0645954839445404;0.502583004724003;0
7.15;0.0696084609790584;0.499700122862826;0
7.16;0.074591956497555;0.496672405370279;0
7.17;0.0795445273139659;0.49350100876099;0
7.18;0.0844647419925901;0.49018713063124;0
7.19;0.0893511812569826;0.48673200922937;0
7.2;0.0942024383945003;0.483136923014733;0
7.21;0.0990171196563851;0.479403190205352;0
7.22;0.103793844653275;0.475532168314442;0
7.23;0.108531246746028;0.471525253675942;0
7.24;0.113227973431757;0.467383880959233;0
7.25;0.11788268672496;0.46310952267319;0
7.26;0.122494063533644;0.458703688659752;0
7.27;0.127060796030339;0.454167925577169;0
7.28;0.131581592017901;0.449503816373094;0
7.29;0.136055175289992;0.444712979747716;0
7.3;0.14048028598616;0.439797069607086;0
7.31;0.144855680941399;0.434757774506833;0
7.32;0.149180134030108;0.429596817086456;0
7.33;0.153452436504346;0.424315953494361;0
7.34;0.157671397326309;0.418916972803847;0
7.35;0.161835843494907;0.413401696420229;0
7.36;0.165944620366394;0.407771977479281;0
7.37;0.169996591968928;0.402029700237204;0
7.38;0.173990641311005;0.39617677945232;0
7.39;0.177925670683661;0.390215159758675;0
7.4;0.181800601956389;0.384146815031771;0
7.41;0.185614376866665;0.377973747746617;0
7.42;0.189365957303032;0.371697988328316;0
7.43;0.193054325581646;0.365321594495385;0
7.44;0.196678484716235;0.358846650596024;0
7.45;0.200237458681378;0.352275266937544;0
7.46;0.203730292669061;0.345609579109166;0
7.47;0.207156053338417;0.3388517472984;0
7.48;0.210513829058616;0.332003955601236;0
7.49;0.213802730144822;0.325068411326343;0
7.5;0.217021889087165;0.318047344293512;0
7.51;0.220170460772679;0.310943006126555;0
7.52;0.223247622700134;0.303757669540882;0
7.53;0.226252575187737;0.296493627625983;0
7.54;0.229184541573616;0.289153193123032;0
7.55;0.232042768409076;0.281738697697848;0
7.56;0.234826525644553;0.274252491209421;0
7.57;0.23753510680824;0.266696940974259;0
7.58;0.24016782917734;0.259074431026746;0
7.59;0.242724033941897;0.251387361375778;0
7.6;0.245203086361187;0.243638147257877;0
7.61;0.247604375912621;0.235829218387027;0
7.62;0.249927316433129;0.227963018201461;0
7.63;0.252171346253007;0.220042003107628;0
7.64;0.254335928322186;0.212068641721568;0
7.65;0.256420550328904;0.204045414107937;0
7.66;0.258424724810759;0.195974811016905;0
7.67;0.260347989258129;0.187859333119163;0
7.68;0.262189906209921;0.179701490239268;0
7.69;0.263950063341659;0.171503800587567;0
7.7;0.26562807354588;0.163268789990926;0
7.71;0.267223575004833;0.15499899112249;0
7.72;0.268736231255475;0.14669694273073;0
7.73;0.27016573124675;0.138365188867978;0
7.74;0.271511789389158;0.130006278118708;0
7.75;0.272774145596602;0.121622762827782;0
7.76;0.273952565320518;0.113217198328895;0
7.77;0.275046839576298;0.10479214217345;0
7.78;0.276056784961993;0.0963501533600908;0
7.79;0.276982243669326;0.0878937915651334;0
7.8;0.277823083487006;0.0794256163741072;0
7.81;0.278579197796372;0.0709481865146499;0
7.82;0.279250505559363;0.0624640590909765;0
7.83;0.279836951298847;0.0539757888201504;0
7.84;0.280338505071321;0.0454859272703833;0
7.85;0.280755162432002;0.0369970221015871;0
7.86;0.281086944392337;0.0285116163084038;0
7.87;0.28133389736995;0.0200322474659337;0
7.88;0.281496093131069;0.0115614469783855;0
7.89;0.28157362872544;0.00310173933086694;0
7.9;0.28156662641379;-0.00534435865546476;0
7.91;0.28147523358784;-0.0137743385646742;0
7.92;0.281299622682938;-0.022185701123526;0
7.93;0.281039991083323;-0.0305759569349555;0
7.94;0.28069656102008;-0.0389426272073168;0
7.95;0.280269579461822;-0.0472832444792002;0
7.96;0.279759317998141;-0.0555953533396062;0
7.97;0.279166072715881;-0.0638765111432701;0
7.98;0.27849016406828;-0.0721242887209307;0
7.99;0.277731936737034;-0.0803362710843382;0
8;0.276891759487333;-0.0885100581258;0
8.01;0.275970025015931;-0.0966432653120631;0
8.02;0.274967149792297;-0.104733524372336;0
8.03;0.273883573892917;-0.112778483980252;0
8.04;0.272719760828808;-0.120775810429585;0
8.05;0.271476197366294;-0.128723188303514;0
8.06;0.270153393341128;-0.136618321137265;0
8.07;0.268751881466012;-0.144458932073925;0
8.08;0.267272217131597;-0.152242764513258;0
8.09;0.265714978201017;-0.159967582753325;0
8.1;0.264080764798052;-0.167631172624746;0
8.11;0.262370199088972;-0.17523134211741;0
8.12;0.260583925058153;-0.182765921999472;0
8.13;0.258722608277539;-0.190232766428451;0
8.14;0.256786935670025;-0.197629753554275;0
8.15;0.254777615266855;-0.204954786114086;0
8.16;0.252695375959096;-0.212205792018666;0
8.17;0.250540967243304;-0.219380724930298;0
8.18;0.24831515896143;-0.22647756483192;0
8.19;0.246018741035094;-0.233494318587412;0
8.2;0.24365252319428;-0.240429020492855;0
8.21;0.241217334700572;-0.247279732818631;0
8.22;0.238714024065005;-0.254044546342192;0
8.23;0.236143458760628;-0.260721580871383;0
8.24;0.233506524929884;-0.267308985758149;0
8.25;0.230804127086894;-0.273804940402512;0
8.26;0.228037187814739;-0.280207654746675;0
8.27;0.225206647457856;-0.286515369759113;0
8.28;0.222313463809636;-0.292726357908543;0
8.29;0.219358611795318;-0.298838923627628;0
8.3;0.216343083150312;-0.304851403766305;0
8.31;0.213267886094015;-0.31076216803462;0
8.32;0.210134044999261;-0.316569619434945;0
8.33;0.206942600057493;-0.322272194683481;0
8.34;0.203694606939765;-0.327868364620921;0
8.35;0.20039113645369;-0.333356634612186;0
8.36;0.19703327419644;-0.338735544935122;0
8.37;0.193622120203908;-0.344003671158059;0
8.38;0.190158788596147;-0.349159624506154;0
8.39;0.18664440721919;-0.3542020522164;0
8.4;0.183080117283384;-0.359129637881245;0
8.41;0.179467072998322;-0.363941101780715;0
8.42;0.175806441204524;-0.368635201202964;0
8.43;0.172099401001948;-0.373210730753194;0
8.44;0.168347143375479;-0.377666522650843;0
8.45;0.164550870817488;-0.382001447014995;0
8.46;0.160711796947598;-0.386214412137934;0
8.47;0.156831146129762;-0.390304364746793;0
8.48;0.152910153086784;-0.394270290253223;0
8.49;0.14895006251239;-0.398111212991042;0
8.5;0.144952128680988;-0.401826196441804;0
8.51;0.140917615055213;-0.405414343448252;0
8.52;0.136847793891403;-0.408874796415602;0
8.53;0.132743945843114;-0.412206737500615;0
8.54;0.128607359562797;-0.415409388788442;0
8.55;0.124439331301763;-0.418482012457183;0
8.56;0.120241164508561;-0.421423910930153;0
8.57;0.116014169425882;-0.424234427015819;0
8.58;0.111759662686127;-0.42691294403539;0
8.59;0.107478966905747;-0.429458885938049;0
8.6;0.103173410278493;-0.431871717403798;0
8.61;0.0988443261676909;-0.434150943933929;0
8.62;0.0944930526976643;-0.436296111929093;0
8.63;0.0901209323444375;-0.438306808754981;0
8.64;0.085729311525834;-0.440182662795607;0
8.65;0.0813195401910993;-0.441923343494212;0
8.66;0.0768929714101701;-0.443528561381779;0
8.67;0.072450960962714;-0.444998068093192;0
8.68;0.0679948669270631;-0.44633165637104;0
8.69;0.0635260492691651;-0.447529160057095;0
8.7;0.0590458694316753;-0.448590454071484;0
8.71;0.0545556899233116;-0.449515454379582;0
8.72;0.0500568739085962;-0.450304117946659;0
8.73;0.0455507847981057;-0.450956442680316;0
8.74;0.0410387858393512;-0.451472467360744;0
8.75;0.0365222397084114;-0.451852271558857;0
8.76;0.0320025081024379;-0.452095975542326;0
8.77;0.0274809513331546;-0.452203740169594;0
8.78;0.0229589279214712;-0.452175766771884;0
8.79;0.0184377941933304;-0.452012297023298;0
8.8;0.0139189038769068;-0.451713612799027;0
8.81;0.0094036077012778;-0.451280036021775;0
8.82;0.00489325299668291;-0.450711928496419;0
8.83;0.000389183296488589;-0.45000969173302;0
8.84;-0.00410726205902424;-0.449173766758218;0
8.85;-0.00859474831693498;-0.448204633915119;0
8.86;-0.0130719457039054;-0.447102812651735;0
8.87;-0.017537529816235;-0.445868861298062;0
8.88;-0.0219901820076359;-0.444503376831891;0
8.89;-0.0264285897746163;-0.443006994633438;0
8.9;-0.0308514471393593;-0.441380388228876;0
8.91;-0.0352574550299884;-0.439624269022882;0
8.92;-0.0396453216581086;-0.437739386020283;0
8.93;-0.0440137628935153;-0.435726525536914;0
8.94;-0.0483615026359649;-0.433586510899783;0
8.95;-0.0526872731838971;-0.431320202136665;0
8.96;-0.0569898156000084;-0.428928495655217;0
8.97;-0.0612678800735681;-0.426412323911752;0
8.98;-0.0655202262793766;-0.423772655069763;0
8.99;-0.0697456237332641;-0.421010492648344;0
9;-0.0739428521440268;-0.418126875160604;0
9.01;-0.0781107017617043;-0.415122875742222;0
9.02;-0.0822479737220976;-0.411999601770258;0
9.03;-0.086353480387432;-0.408758194472354;0
9.04;-0.0904260456830702;-0.405399828526465;0
9.05;-0.0944645054301791;-0.40192571165124;0
9.06;-0.0984677076742596;-0.398337084187219;0
9.07;-0.102434513009448;-0.394635218668952;0
9.08;-0.106363794898498;-0.39082141938822;0
9.09;-0.110254439988354;-0.386897021948476;0
9.1;-0.114105348421233;-0.382863392810671;0
9.11;-0.117915434141121;-0.378721928830606;0
9.12;-0.121683625195616;-0.374474056787976;0
9.13;-0.125408864033007;-0.370121232907245;0
9.14;-0.129090107794548;-0.365664942370524;0
9.15;-0.132726328601805;-0.361106698822601;0
9.16;-0.136316513839028;-0.356448043868293;0
9.17;-0.139859666430467;-0.351690546562281;0
9.18;-0.143354805112543;-0.346835802891592;0
9.19;-0.146800964700816;-0.341885435250895;0
9.2;-0.150197196351678;-0.336841091910788;0
9.21;-0.153542567818691;-0.331704446479237;0
9.22;-0.156836163703514;-0.326477197356351;0
9.23;-0.160077085701347;-0.321161067182656;0
9.24;-0.16326445284083;-0.315757802281055;0
9.25;-0.166397401718329;-0.310269172092651;0
9.26;-0.169475086726562;-0.304696968606599;0
9.27;-0.172496680277491;-0.299043005784192;0
9.28;-0.17546137301943;-0.29330911897734;0
9.29;-0.178368374048315;-0.287497164341644;0
9.3;-0.18121691111308;-0.281609018244238;0
9.31;-0.184006230815092;-0.275646576666589;0
9.32;-0.186735598801583;-0.269611754602449;0
9.33;-0.189404299953054;-0.263506485451141;0
9.34;-0.192011638564576;-0.257332720406362;0
9.35;-0.194556938520975;-0.25109242784072;0
9.36;-0.197039543465829;-0.24478759268616;0
9.37;-0.199458816964267;-0.238420215810505;0
9.38;-0.201814142659502;-0.231992313390283;0
9.39;-0.204104924423086;-0.225505916280049;0
9.4;-0.206330586498837;-0.218963069378387;0
9.41;-0.208490573640419;-0.212365830990794;0
9.42;-0.210584351242531;-0.205716272189638;0
9.43;-0.212611405465685;-0.199016476171392;0
9.44;-0.214571243354545;-0.192268537611334;0
9.45;-0.216463392949804;-0.185474562015922;0
9.46;-0.218287403393573;-0.178636665073026;0
9.47;-0.220042845028263;-0.171756972000235;0
9.48;-0.221729309488945;-0.164837616891419;0
9.49;-0.223346409789166;-0.157880742061758;0
9.5;-0.224893780400206;-0.15088849739143;0
9.51;-0.226371077323778;-0.143863039668159;0
9.52;-0.227777978158134;-0.136806531928828;0
9.53;-0.229114182157594;-0.129721142800341;0
9.54;-0.230379410285479;-0.122609045839949;0
9.55;-0.231573405260445;-0.115472418875229;0
9.56;-0.23269593159621;-0.10831344334392;0
9.57;-0.233746775634694;-0.101134303633806;0
9.58;-0.23472574557254;-0.0939371864228572;0
9.59;-0.235632671481058;-0.0867242800198097;0
9.6;-0.236467405319558;-0.0794977737053974;0
9.61;-0.237229820942115;-0.0722598570744204;0
9.62;-0.237919814097752;-0.0650127193788516;0
9.63;-0.238537302424058;-0.0577585488721742;0
9.64;-0.239082225434256;-0.0504995321551464;0
9.65;-0.239554544497744;-0.0432378535231849;0
9.66;-0.239954242814107;-0.0359756943155618;0
9.67;-0.240281325380632;-0.028715232266606;0
9.68;-0.240535818953353;-0.0214586408591001;0
9.69;-0.24071777200163;-0.014208088680063;0
9.7;-0.240827254656304;-0.00696573877910755;0
9.71;-0.240864358651442;0.000266251970439133;0
9.72;-0.240829197259717;0.00748573350746638;0
9.73;-0.240721905221428;0.0146905632158752;0
9.74;-0.240542638667218;0.0218786065540545;0
9.75;-0.24029157503451;0.0290477376808549;0
9.76;-0.239968912977698;0.0361958400778785;0
9.77;-0.239574872272133;0.0433208071679052;0
9.78;-0.239109693711942;0.0504205429292754;0
9.79;-0.238573639001726;0.0574929625060527;0
9.8;-0.237966990642172;0.0645359928137919;0
9.81;-0.237290051809627;0.0715475731407357;0
9.82;-0.236543146229684;0.0785256557442705;0
9.83;-0.235726618044827;0.0854682064424692;0
9.84;-0.234840831676178;0.0923732052005518;0
9.85;-0.233886171679407;0.0992386467120981;0
9.86;-0.232863042594849;0.106062540974846;0
9.87;-0.2317718687919;0.112842913860912;0
9.88;-0.230613094307719;0.119577807681277;0
9.89;-0.229387182680329;0.126265281744366;0
9.9;-0.228094616776143;0.132903412908582;0
9.91;-0.226735898612007;0.139490296128625;0
9.92;-0.2253115491718;0.146024044995443;0
9.93;-0.223822108217665;0.152502792269682;0
9.94;-0.222268134095935;0.158924690408454;0
9.95;-0.220650203537826;0.165287912085315;0
9.96;-0.218968911454954;0.171590650703274;0
9.97;-0.217224870729762;0.177831120900713;0
9.98;-0.215418712000913;0.184007559050074;0
9.99;-0.213551083443735;0.190118223749168;0
10;-0.211622650545781;0.196161396304984;0
10.01;-0.209634095877591;0.202135381209852;0
10.02;-0.207586118858724;0.208038506609843;0
10.03;-0.205479435519137;0.213869124765272;0
10.04;-0.203314778256008;0.219625612503182;0
10.05;-0.201092895586055;0.225306371661681;0
10.06;-0.198814551893461;0.230909829526027;0
10.07;-0.196480527173466;0.236434439256326;0
10.08;-0.194091616771732;0.241878680306748;0
10.09;-0.191648631119541;0.24724105883613;0
10.1;-0.189152395464935;0.252520108109879;0
10.11;-0.186603749599875;0.257714388893052;0
10.12;-0.184003547583507;0.262822489834519;0
10.13;-0.181352657461629;0.267843027842106;0
10.14;-0.178651960982446;0.272774648448626;0
10.15;-0.175902353308707;0.277616026168695;0
10.16;-0.173104742726318;0.282365864846255;0
10.17;-0.170260050349515;0.287022897992696;0
10.18;-0.167369209822705;0.291585889115516;0
10.19;-0.16443316701906;0.296053632037417;0
10.2;-0.161452879735969;0.300424951205769;0
10.21;-0.158429317387427;0.304698701992357;0
10.22;-0.155363460693482;0.308873770983353;0
10.23;-0.152256301366823;0.312949076259418;0
10.24;-0.149108841796612;0.316923567665898;0
10.25;-0.145922094729652;0.320796227073019;0
10.26;-0.142697082949011;0.324566068626048;0
10.27;-0.139434838950179;0.328232138985339;0
10.28;-0.136136404614877;0.331793517556224;0
10.29;-0.132802830882608;0.335249316708696;0
10.3;-0.12943517742006;0.338598681986827;0
10.31;-0.12603451228846;0.341840792307887;0
10.32;-0.122601911608987;0.344974860151115;0
10.33;-0.119138459226338;0.3480001317361;0
10.34;-0.11564524637056;0.350915887190754;0
10.35;-0.112123371317251;0.353721440708815;0
10.36;-0.108573939046231;0.356416140696885;0
10.37;-0.10499806089879;0.358999369910947;0
10.38;-0.101396854233618;0.361470545582354;0
10.39;-0.0977714420815248;0.363829119533272;0
10.4;-0.0941229527990487;0.366074578281549;0
10.41;-0.090452519721069;0.368206443135007;0
10.42;-0.0867612808125196;0.370224270275144;0
10.43;-0.0830503783193151;0.372127650830234;0
10.44;-0.0793209584185926;0.373916210937832;0
10.45;-0.0755741708683768;0.375589611796671;0
10.46;-0.0718111686567736;0.377147549707964;0
10.47;-0.0680331076507986;0.378589756106112;0
10.48;-0.0642411462449455;0.379915997578825;0
10.49;-0.0604364450096015;0.381126075876674;0
10.5;-0.0566201663394148;0.382219827912087;0
10.51;-0.0527934741017189;0.383197125747799;0
10.52;-0.0489575332851204;0.384057876574798;0
10.53;-0.045113509648354;0.384802022679767;0
10.54;-0.041262569369511;0.385429541402066;0
10.55;-0.0374058786957441;0.385940445080283;0
10.56;-0.0335446035935537;0.386334780988383;0
10.57;-0.0296799093997602;0.386612631261494;0
10.58;-0.0258129604732637;0.386774112811371;0
10.59;-0.0219449198476963;0.386819377231582;0
10.6;-0.0180769488850678;0.386748610692457;0
10.61;-0.0142102069305089;0.386562033825862;0
10.62;-0.0103458509682112;0.386259901599826;0
10.63;-0.00648503527866669;0.385842503183104;0
10.64;-0.00262891109730719;0.385310161799715;0
10.65;0.00122137372535736;0.384663234573524;0
10.66;0.00506467506200149;0.383902112362925;0
10.67;0.00889985284504943;0.383027219585698;0
10.68;0.012725771401445;0.382039014034112;0
10.69;0.0165412997855286;0.380937986680335;0
10.7;0.0203453121099257;0.379724661472232;0
10.71;0.0241366878743491;0.378399595119638;0
10.72;0.0279143122922229;0.376963376871163;0
10.73;0.0316770766150305;0.375416628281645;0
10.74;0.0354238784542972;0.3737600029703;0
10.75;0.0391536221011112;0.37199418636969;0
10.76;0.0428652188430939;0.370119895465577;0
10.77;0.0465575872787286;0.368137878527775;0
10.78;0.0502296536289565;0.366048914832076;0
10.79;0.0538803520459529;0.363853814373365;0
10.8;0.0575086249189953;0.361553417570025;0
10.81;0.0611134231773363;0.359148594959718;0
10.82;0.0646937065899958;0.356640246886673;0
10.83;0.0682484440623893;0.354029303180566;0
10.84;0.0717766139297061;0.35131672282712;0
10.85;0.0752772042469579;0.348503493630533;0
10.86;0.0787492130756145;0.345590631867835;0
10.87;0.0821916487667475;0.342579181935324;0
10.88;0.0856035302406035;0.339470215987159;0
10.89;0.0889838872625276;0.336264833566271;0
10.9;0.0923317607151625;0.33296416122769;0
10.91;0.0956462028668472;0.329569352154422;0
10.92;0.0989262776361409;0.326081585766004;0
10.93;0.102171060852401;0.322502067319873;0
10.94;0.10537964051234;0.318832027505668;0
10.95;0.108551117032501;0.31507272203261;0
10.96;0.111684603497567;0.311225431210086;0
10.97;0.114779225904452;0.307291459521587;0
10.98;0.117834123402103;0.303272135192126;0
10.99;0.120848448526943;0.299168809749288;0
11;0.123821367433897;0.294982857578041;0
11.01;0.126752060122945;0.290715675469468;0
11.02;0.129639720661125;0.286368682163558;0
11.03;0.132483557399947;0.281943317886197;0
11.04;0.135282793188147;0.277441043880518;0
11.05;0.138036665579727;0.27286334193276;0
11.06;0.140744427037238;0.268211713892777;0
11.07;0.143405345130237;0.263487681189362;0
11.08;0.146018702728874;0.258692784340532;0
11.09;0.148583798192568;0.253828582458931;0
11.1;0.151099945553704;0.248896652752518;0
11.11;0.153566474696327;0.243898590020678;0
11.12;0.155982731529773;0.238836006145929;0
11.13;0.158348078157193;0.233710529581386;0
11.14;0.160661893038941;0.228523804834137;0
11.15;0.162923571150771;0.223277491944689;0
11.16;0.165132524136821;0.217973265962659;0
11.17;0.167288180457325;0.212612816418864;0
11.18;0.169389985531039;0.20719784679398;0
11.19;0.171437401872338;0.201730073983928;0
11.2;0.17342990922295;0.196211227762162;0
11.21;0.1753670046783;0.190643050239017;0
11.22;0.177248202808437;0.185027295318291;0
11.23;0.179073035773511;0.179365728151227;0
11.24;0.180841053433786;0.173660124588057;0
11.25;0.182551823454149;0.167912270627284;0
11.26;0.18420493140311;0.162123961862872;0
11.27;0.185799980846259;0.156297002929503;0
11.28;0.187336593434171;0.150433206946083;0
11.29;0.188814408984741;0.144534394957657;0
11.3;0.190233085559925;0.138602395375912;0
11.31;0.191592299536885;0.132639043418428;0
11.32;0.192891745673522;0.126646180546855;0
11.33;0.194131137168385;0.120625653904189;0
11.34;0.195310205714945;0.1145793157513;0
11.35;0.196428701550244;0.108509022902907;0
11.36;0.197486393497885;0.102416636163147;0
11.37;0.198483069005394;0.0963040197609293;0
11.38;0.19941853417592;0.0901730407852209;0
11.39;0.200292613794296;0.0840255686204553;0
11.4;0.201105151347456;0.0778634743822184;0
11.41;0.201856009039209;0.071688630353387;0
11.42;0.202545067799373;0.0655029094208863;0
11.43;0.203172227287287;0.059308184513234;0
11.44;0.203737405889699;0.0531063280390391;0
11.45;0.204240540713043;0.046899211326621;0
11.46;0.204681587570119;0.0406887040649162;0
11.47;0.205060520961191;0.034476673745837;0
11.48;0.20537733404951;0.0282649851082468;0
11.49;0.20563203863129;0.0220554995837171;0
11.5;0.205824665100145;0.0158500747442276;0
11.51;0.205955262406022;0.00965056375197331;0
11.52;0.206023898008628;0.00345881481143836;0
11.53;0.206030657825401;-0.00272332937610188;0
11.54;0.20597564617403;-0.00889403215549161;0
11.55;0.205858985709562;-0.01505146345786;0
11.56;0.205680817356119;-0.0211938003378839;0
11.57;0.205441300233256;-0.0273192275079917;0
11.58;0.205140611576991;-0.0334259378693538;0
11.59;0.204778946655539;-0.0395121330395057;0
11.6;0.204356518679791;-0.0455760238764511;0
11.61;0.203873558708561;-0.0516158309990954;0
11.62;0.203330315548647;-0.0576297853038572;0
11.63;0.202727055649752;-0.0636161284773127;0
11.64;0.202064062994286;-0.0695731135047235;0
11.65;0.201341638982105;-0.0754990051743041;0
11.66;0.200560102310234;-0.0813920805770842;0
11.67;0.199719788847601;-0.0872506296022245;0
11.68;0.198821051504845;-0.0930729554276446;0
11.69;0.197864260099242;-0.0988573750058241;0
11.7;0.196849801214786;-0.10460221954464;0
11.71;0.195778078057492;-0.110305834983103;0
11.72;0.194649510305966;-0.115966582461865;0
11.73;0.193464533957287;-0.121582838788354;0
11.74;0.192223601168268;-0.12715299689642;0
11.75;0.190927180092142;-0.132675466300352;0
11.76;0.189575754710741;-0.138148673543146;0
11.77;0.188169824662206;-0.143571062638902;0
11.78;0.186709905064313;-0.148941095509216;0
11.79;0.185196526333454;-0.154257252413461;0
11.8;0.183630233999346;-0.159518032372826;0
11.81;0.182011588515527;-0.164721953588008;0
11.82;0.18034116506571;-0.16986755385043;0
11.83;0.178619553366042;-0.174953390946886;0
11.84;0.176847357463359;-0.179978043057494;0
11.85;0.175025195529486;-0.184940109146851;0
11.86;0.173153699651656;-0.189838209348286;0
11.87;0.171233515619121;-0.194670985341108;0
11.88;0.169265302706019;-0.199437100720749;0
11.89;0.167249733450575;-0.204135241361694;0
11.9;0.165187493430702;-0.208764115773116;0
11.91;0.163079281036085;-0.213322455447114;0
11.92;0.160925807236807;-0.217809015199459;0
11.93;0.158727795348609;-0.222222573502766;0
11.94;0.156485980794854;-0.226561932812002;0
11.95;0.15420111086526;-0.230825919882244;0
11.96;0.151873944471504;-0.235013386078607;0
11.97;0.149505251899751;-0.239123207678267;0
11.98;0.147095814560208;-0.243154286164488;0
11.99;0.144646424733769;-0.247105548512594;0
12;0.142157885315832;-0.250975947467811;0
12.01;0.139631009557387;-0.254764461814897;0
12.02;0.137066620803434;-0.258470096639513;0
12.03;0.134465552228828;-0.262091883581252;0
12.04;0.131828646571634;-0.265628881078286;0
12.05;0.12915675586407;-0.269080174603539;0
12.06;0.126450741161128;-0.272444876892373;0
12.07;0.123711472266956;-0.275722128161696;0
12.08;0.120939827459089;-0.278911096320457;0
12.09;0.118136693210615;-0.282010977171482;0
12.1;0.115302963910354;-0.285020994604604;0
12.11;0.112439541581159;-0.287940400781032;0
12.12;0.109547335596398;-0.290768476308938;0
12.13;0.106627262394731;-0.29350453041021;0
12.14;0.103680245193253;-0.296147901078342;0
12.15;0.1007072136991;-0.29869795522743;0
12.16;0.0977091038196075;-0.301154088832242;0
12.17;0.0946868573711032;-0.303515727059332;0
12.18;0.0916414217864341;-0.305782324389182;0
12.19;0.0885737498213104;-0.30795336472935;0
12.2;0.0854847992595583;-0.310028361518594;0
12.21;0.0823755326173728;-0.312006857821972;0
12.22;0.0792469168466601;-0.313888426416895;0
12.23;0.0760999230375598;-0.315672669870124;0
12.24;0.0729355261202388;-0.317359220605711;0
12.25;0.0697547045660451;-0.318947740963863;0
12.26;0.0665584400881154;-0.320437923250748;0
12.27;0.0633477173415245;-0.321829489779226;0
12.28;0.0601235236230684;-0.323122192900516;0
12.29;0.0568868485707713;-0.324315815026808;0
12.3;0.0536386838632077;-0.325410168644818;0
12.31;0.0503800229187292;-0.326405096320316;0
12.32;0.0471118605946867;-0.327300470693614;0
12.33;0.0438351928867387;-0.328096194466063;0
12.34;0.0405510166283343;-0.328792200377548;0
12.35;0.0372603291904623;-0.329388451175027;0
12.36;0.0339641281817551;-0.329884939572127;0
12.37;0.0306634111490361;-0.330281688199822;0
12.38;0.0273591752784014;-0.330578749548234;0
12.39;0.0240524170969222;-0.330776205899576;0
12.4;0.0207441321750587;-0.330874169252291;0
12.41;0.0174353148298708;-0.330872781236401;0
12.42;0.0141269578291159;-0.33077221302013;0
12.43;0.0108200520963185;-0.330572665207824;0
12.44;0.00751558641690078;-0.330274367729227;0
12.45;0.00421454714545794;-0.32987757972016;0
12.46;0.000917917914266153;-0.329382589394643;0
12.47;-0.00237332065689287;-0.328789713908528;0
12.48;-0.00565819124950543;-0.328099299214681;0
12.49;-0.00893572013361354;-0.327311719909792;0
12.5;-0.0122049374535331;-0.326427379072854;0
12.51;-0.0154648775119199;-0.325446708095385;0
12.52;-0.0187145790521003;-0.32437016650345;0
12.53;-0.0219530855385865;-0.323198241771567;0
12.54;-0.0251794454356935;-0.321931449128542;0
12.55;-0.0283927124841791;-0.320570331355321;0
12.56;-0.0315919459758265;-0.319115458574941;0
12.57;-0.034776211025891;-0.317567428034629;0
12.58;-0.0379445788433331;-0.315926863880157;0
12.59;-0.0410961269987601;-0.314194416922521;0
12.6;-0.0442299396900005;-0.312370764397018;0
12.61;-0.0473451080052352;-0.31045660971483;0
12.62;-0.0504407301836114;-0.308452682207177;0
12.63;-0.0535159118732642;-0.306359736862145;0
12.64;-0.0565697663866751;-0.304178554054277;0
12.65;-0.0596014149532924;-0.301909939267013;0
12.66;-0.0626099869693464;-0.299554722808089;0
12.67;-0.0655946202447851;-0.297113759517972;0
12.68;-0.0685544612472645;-0.294587928471455;0
12.69;-0.0714886653431247;-0.291978132672493;0
12.7;-0.0743963970352831;-0.289285298742389;0
12.71;-0.0772768301979808;-0.286510376601441;0
12.72;-0.0801291483083166;-0.283654339144151;0
12.73;-0.082952544674504;-0.280718181908104;0
12.74;-0.0857462226607889;-0.277702922736628;0
12.75;-0.0885093959089666;-0.27460960143535;0
12.76;-0.0912412885564373;-0.271439279422758;0
12.77;-0.0939411354507408;-0.268193039374881;0
12.78;-0.0966081823605111;-0.264871984864214;0
12.79;-0.0992416861827963;-0.261477239992998;0
12.8;-0.101840915146685;-0.258009949020969;0
12.81;-0.104405149013185;-0.254471275987714;0
12.82;-0.106933679271306;-0.250862404329744;0
12.83;-0.109425809330284;-0.247184536492406;0
12.84;-0.111880854707905;-0.243438893536771;0
12.85;-0.114298143214877;-0.239626714741611;0
12.86;-0.116677015135197;-0.235749257200603;0
12.87;-0.119016823402468;-0.231807795414886;0
12.88;-0.121316933772129;-0.227803620881095;0
12.89;-0.123576724989535;-0.223738041675013;0
12.9;-0.125795588953861;-0.219612382030968;0
12.91;-0.12797293087778;-0.21542798191711;0
12.92;-0.130108169442875;-0.211186196606697;0
12.93;-0.132200736950746;-0.206888396245535;0
12.94;-0.134250079469775;-0.202535965415702;0
12.95;-0.136255656977515;-0.198130302695692;0
12.96;-0.138216943498659;-0.193672820217123;0
12.97;-0.140133427238564;-0.189164943218142;0
12.98;-0.142004610712299;-0.184608109593669;0
12.99;-0.143830010869172;-0.18000376944262;0
13;-0.145609159212727;-0.175353384612248;0
13.01;-0.147341601916164;-0.170658428239752;0
13.02;-0.149026899933166;-0.165920384291281;0
13.03;-0.150664629104106;-0.161140747098491;0
13.04;-0.152254380257607;-0.156321020892785;0
13.05;-0.153795759307437;-0.151462719337394;0
13.06;-0.155288387344714;-0.146567365057427;0
13.07;-0.156731900725399;-0.141636489168046;0
13.08;-0.158125951153075;-0.136671630800908;0
13.09;-0.159470205756966;-0.131674336629016;0
13.1;-0.160764347165213;-0.126646160390125;0
13.11;-0.162008073573371;-0.121588662408853;0
13.12;-0.163201098808121;-0.116503409117636;0
13.13;-0.164343152386189;-0.111391972576674;0
13.14;-0.165433979568462;-0.106255929993022;0
13.15;-0.166473341409288;-0.101096863238954;0
13.16;-0.167461014800961;-0.095916358369767;0
13.17;-0.168396792513375;-0.0907160051411522;0
13.18;-0.169280483228862;-0.0854973965262909;0
13.19;-0.170111911572185;-0.0802621282328136;0
13.2;-0.170890918135716;-0.0750117982197704;0
13.21;-0.171617359499775;-0.0697480062147566;0
13.22;-0.17229110824814;-0.0644723532313378;0
13.23;-0.172912052978741;-0.0591864410869197;0
13.24;-0.173480098309529;-0.0538918719212043;0
13.25;-0.173995164879537;-0.0485902477153784;0
13.26;-0.174457189345128;-0.043283169812175;0
13.27;-0.174866124371463;-0.0379722384369515;0
13.28;-0.17522193861917;-0.0326590522199256;0
13.29;-0.175524616726251;-0.0273452077197109;0
13.3;-0.175774159285223;-0.0220322989482918;0
13.31;-0.175970582815525;-0.0167219168975788;0
13.32;-0.17611391973119;-0.0114156490676824;0
13.33;-0.176204218303809;-0.00611507899704423;0
13.34;-0.176241542620813;-0.000821785794564258;0
13.35;-0.176225972539074;0.00446265632614133;0
13.36;-0.176157603633869;0.00973667851021357;0
13.37;-0.176036547143212;0.0149987177226215;0
13.38;-0.175862929907593;0.0202472172066959;0
13.39;-0.17563689430514;0.025480626939993;0
13.4;-0.175358598182235;0.0306974040873564;0
13.41;-0.175028214779611;0.0358960134510448;0
13.42;-0.174645932653969;0.0410749279177982;0
13.43;-0.174211955595129;0.0462326289027109;0
13.44;-0.173726502538761;0.0513676067897865;0
13.45;-0.173189807474728;0.0564783613690459;0
13.46;-0.172602119351069;0.0615634022700654;0
13.47;-0.171963701973672;0.0666212493918202;0
13.48;-0.171274833901651;0.07165043332871;0
13.49;-0.170535808338498;0.0766494957926473;0
13.5;-0.169746933019016;0.0816169900310867;0
13.51;-0.168908530092103;0.086551481240879;0
13.52;-0.168020935999407;0.0914515469778308;0
13.53;-0.167084501349913;0.0963157775618566;0
13.54;-0.166099590790496;0.101142776477608;0
13.55;-0.165066582872483;0.105931160770466;0
13.56;-0.163985869914286;0.110679561437795;0
13.57;-0.162857857860136;0.115386623815329;0
13.58;-0.161682966134981;0.120051007958611;0
13.59;-0.160461627495589;0.124671389019353;0
13.6;-0.159194287877913;0.129246457616627;0
13.61;-0.157881406240763;0.133774920202785;0
13.62;-0.156523454405849;0.138255499424001;0
13.63;-0.155120916894242;0.142686934475339;0
13.64;-0.153674290759304;0.147067981450247;0
13.65;-0.152184085416152;0.151397413684394;0
13.66;-0.150650822467716;0.155674022093738;0
13.67;-0.149075035527428;0.159896615506751;0
13.68;-0.147457270038629;0.164064020990691;0
13.69;-0.145798083090732;0.168175084171865;0
13.7;-0.144098043232216;0.172228669549761;0
13.71;-0.142357730280502;0.176223660804991;0
13.72;-0.140577735128776;0.180158961100953;0
13.73;-0.138758659549831;0.184033493379137;0
13.74;-0.136901115996981;0.187846200647989;0
13.75;-0.135005727402111;0.191596046265272;0
13.76;-0.133073126970941;0.19528201421383;0
13.77;-0.13110395797556;0.198903109370707;0
13.78;-0.129098873544294;0.202458357769535;0
13.79;-0.127058536448985;0.205946806856127;0
13.8;-0.124983618889747;0.209367525737216;0
13.81;-0.12287480227726;0.212719605422272;0
13.82;-0.120732777012681;0.21600215905834;0
13.83;-0.118558242265237;0.219214322157832;0
13.84;-0.116351905747574;0.22235525281923;0
13.85;-0.114114483488927;0.225424131940637;0
13.86;-0.111846699606191;0.228420163426127;0
13.87;-0.109549286072958;0.231342574384841;0
13.88;-0.1072229824866;0.234190615322789;0
13.89;-0.104868535833458;0.236963560327308;0
13.9;-0.102486700252234;0.239660707244131;0
13.91;-0.10007823679563;0.242281377847035;0
13.92;-0.0976439131903384;0.244824918000018;0
13.93;-0.0951845035954312;0.247290697811987;0
13.94;-0.0927007883592466;0.249678111783898;0
13.95;-0.0901935537748328;0.251986578948343;0
13.96;-0.0876635918340313;0.254215543001537;0
13.97;-0.0851116999802751;0.256364472427691;0
13.98;-0.082538680860177;0.258432860615732;0
13.99;-0.0799453420739853;0.260420225968368;0
14;-0.0773324959249834;0.262326112003454;0
14.01;-0.0747009591679108;0.264150087447669;0
14.02;-0.0720515527564812;0.265891746322468;0
14.03;-0.0693851015900768;0.267550708022301;0
14.04;-0.0667024342596944;0.269126617385101;0
14.05;-0.0640043827932221;0.270619144755014;0
14.06;-0.0612917824001235;0.272027986037383;0
14.07;-0.0585654712156064;0.273352862745972;0
14.08;-0.055826290044355;0.274593522042433;0
14.09;-0.0530750821039017;0.275749736768013;0
14.1;-0.0503126927677169;0.276821305467518;0
14.11;-0.0475399693080942;0.277808052405522;0
14.12;-0.0447577606389084;0.278709827574844;0
14.13;-0.0419669170583227;0.279526506697291;0
14.14;-0.0391682899915245;0.280257991216699;0
14.15;-0.0363627317335643;0.280904208284264;0
14.16;-0.0335510951923764;0.281465110736197;0
14.17;-0.0307342336320578;0.28194067706372;0
14.18;-0.0279130004164807;0.282330911375419;0
14.19;-0.0250882487533165;0.282635843351985;0
14.2;-0.0222608314385464;0.282855528193367;0
14.21;-0.0194316006015343;0.282990046558368;0
14.22;-0.0166014074507378;0.283039504496708;0
14.23;-0.0137711020201324;0.283004033373597;0
14.24;-0.010941532916423;0.28288378978685;0
14.25;-0.00811354706711878;0.282678955476577;0
14.26;-0.00528798946954339;0.282389737227491;0
14.27;-0.00246570294085553;0.282016366763884;0
14.28;0.000352472130847274;0.281559100637298;0
14.29;0.00316569803426908;0.281018220106953;0
14.3;0.00597313998142778;0.28039403101297;0
14.31;0.00877396635286727;0.27968686364245;0
14.32;0.0115673489414986;0.278897072588446;0
14.33;0.0143524631949987;0.278025036601901;0
14.34;0.0171284884566976;0.277071158436588;0
14.35;0.0198946082048834;0.276035864687134;0
14.36;0.0226500102904566;0.274919605620164;0
14.37;0.025393887172865;0.273722854998648;0
14.38;0.0281254361542524;0.2724461098995;0
14.39;0.030843859611752;0.271089890524508;0
14.4;0.0335483652278608;0.269654740004651;0
14.41;0.0362381662188263;0.268141224197887;0
14.42;0.0389124815609827;0.266549931480466;0
14.43;0.0415705362149712;0.264881472531857;0
14.44;0.0442115613477812;0.263136480113361;0
14.45;0.0468347945525495;0.261315608840484;0
14.46;0.0494394800660551;0.259419534949143;0
14.47;0.0520248689838489;0.257448956055805;0
14.48;0.0545902194729581;0.255404590911619;0
14.49;0.0571347969821044;0.253287179150644;0
14.5;0.059657874449379;0.251097481032238;0
14.51;0.0621587325073149;0.248836277177721;0
14.52;0.0646366596853011;0.246504368301375;0
14.53;0.0670909526092808;0.244102574935894;0
14.54;0.0695209161986804;0.241631737152354;0
14.55;0.0719258638605128;0.239092714274814;0
14.56;0.0743051176806042;0.236486384589638;0
14.57;0.0766580086118892;0.233813645049626;0
14.58;0.0789838766597259;0.231075410973065;0
14.59;0.0812820710641772;0.228272615737786;0
14.6;0.0835519504792123;0.225406210470334;0
14.61;0.0857928831487769;0.222477163730361;0
14.62;0.0880042470796871;0.219486461190318;0
14.63;0.0901854302112992;0.216435105310589;0
14.64;0.0923358305819102;0.213324115010131;0
14.65;0.0944548564918458;0.21015452533276;0
14.66;0.0965419266631913;0.206927387109173;0
14.67;0.0985964703961243;0.203643766614815;0
14.68;0.100617927721808;0.20030474522371;0
14.69;0.102605749551804;0.196911419058357;0
14.7;0.104559397823967;0.19346489863581;0
14.71;0.106478345644787;0.189966308510045;0
14.72;0.108362077428134;0.186416786910743;0
14.73;0.110210089030373;0.182817485378588;0
14.74;0.112021887881828;0.179169568397202;0
14.75;0.113796993114537;0.175474213021837;0
14.76;0.115534935686289;0.171732608504931;0
14.77;0.1172352585009;0.167945955918656;0
14.78;0.118897516524696;0.164115467774569;0
14.79;0.120521276899193;0.160242367640489;0
14.8;0.122106119049919;0.156327889754718;0
14.81;0.123651634791379;0.152373278637725;0
14.82;0.125157428428113;0.148379788701415;0
14.83;0.126623116851854;0.14434868385611;0
14.84;0.128048329634724;0.140281237115351;0
14.85;0.129432709118488;0.136178730198653;0
14.86;0.130775910499819;0.132042453132336;0
14.87;0.132077601911558;0.127873703848545;0
14.88;0.133337464499966;0.123673787782599;0
14.89;0.134555192497935;0.119444017468775;0
14.9;0.135730493294158;0.115185712134661;0
14.91;0.136863087498225;0.110900197294199;0
14.92;0.137952709001657;0.106588804339548;0
14.93;0.138999105034844;0.10225287013188;0
14.94;0.140002036219893;0.097893736591242;0
14.95;0.140961276619365;0.0935127502856067;0
14.96;0.141876613780903;0.0891112620192386;0
14.97;0.142747848777744;0.0846906264204933;0
14.98;0.143574796245099;0.0802522015291823;0
14.99;0.144357284412411;0.0757973483836224;0
15;0.145095155131481;0.0713274306074973;0
15.01;0.145788263900465;0.0668438139966532;0
15.02;0.14643647988373;0.0623478661059546;0
15.03;0.147039685927592;0.0578409558363216;0
15.04;0.147597778571917;0.0533244530220742;0
15.05;0.148110668057597;0.0487997280187064;0
15.06;0.148578278329914;0.0442681512912113;0
15.07;0.149000547037779;0.0397310930030822;0
15.08;0.149377425528876;0.0351899226061096;0
15.09;0.149708878840699;0.030646008431097;0
15.1;0.149994885687503;0.026100717279616;0
15.11;0.150235438443182;0.0215554140169213;0
15.12;0.150430543120079;0.0170114611661461;0
15.13;0.150580219343739;0.0124702185038966;0
15.14;0.150684500323634;0.00793304265736553;0
15.15;0.150743432819859;0.00340128670308105;0
15.16;0.15075707710583;-0.00112370023258916;0
15.17;0.150725506926986;-0.00564057337106388;0
15.18;0.150648809455533;-0.0101479926771874;0
15.19;0.150527085241237;-0.0146446232527666;0
15.2;0.150360448158289;-0.0191291357278923;0
15.21;0.150149025348272;-0.0236002066499301;0
15.22;0.149892957159247;-0.0280565188700697;0
15.23;0.149592397080981;-0.0324967619273195;0
15.24;0.149247511676356;-0.0369196324298374;0
15.25;0.148858480508967;-0.0413238344334861;0
15.26;0.148425496066955;-0.0457080798175061;0
15.27;0.147948763683092;-0.0500710886571977;0
15.28;0.147428501451155;-0.0544115895935053;0
15.29;0.14686494013862;-0.058728320199399;0
15.3;0.1462583230957;-0.0630200273429497;0
15.31;0.14560890616078;-0.0672854675469927;0
15.32;0.144916957562258;-0.07152340734528;0
15.33;0.144182757816848;-0.0757326236350191;0
15.34;0.143406599624373;-0.0799119040257001;0
15.35;0.142588787759087;-0.0840600471841105;0
15.36;0.141729638957563;-0.0881758631754448;0
15.37;0.140829481803188;-0.0922581738004089;0
15.38;0.139888656607307;-0.096305812928229;0
15.39;0.138907515287054;-0.100317626825469;0
15.4;0.137886421239916;-0.104292474480568;0
15.41;0.136825749215067;-0.108229227924005;0
15.42;0.135725885181526;-0.112126772544005;0
15.43;0.134587226193175;-0.115984007397699;0
15.44;0.133410180250684;-0.119799845517648;0
15.45;0.132195166160399;-0.123573214213658;0
15.46;0.130942613390226;-0.127303055369789;0
15.47;0.129652961922572;-0.130988325736487;0
15.48;0.128326662104381;-0.134627997217764;0
15.49;0.126964174494327;-0.138221057153331;0
15.5;0.125565969707209;-0.141766508595627;0
15.51;0.124132528255591;-0.145263370581659;0
15.52;0.122664340388753;-0.148710678399586;0
15.53;0.121161905929004;-0.152107483849967;0
15.54;0.119625734105398;-0.155452855501616;0
15.55;0.11805634338492;-0.158745878941994;0
15.56;0.116454261301196;-0.161985657022055;0
15.57;0.114820024280774;-0.165171310095513;0
15.58;0.113154177467042;-0.168301976252442;0
15.59;0.111457274541835;-0.171376811547158;0
15.6;0.109729877544785;-0.174394990220327;0
15.61;0.107972556690482;-0.17735570491524;0
15.62;0.106185890183497;-0.180258166888195;0
15.63;0.104370464031325;-0.183101606212945;0
15.64;0.102526871855313;-0.185885271979151;0
15.65;0.100655714699629;-0.188608432484789;0
15.66;0.0987576008383391;-0.191270375422477;0
15.67;0.0968331455806406;-0.19387040805966;0
15.68;0.0948829710743285;-0.196407857412625;0
15.69;0.0929077061075455;-0.19888207041429;0
15.7;0.0909079859088842;-0.201292414075739;0
15.71;0.0888844519459015;-0.203638275641459;0
15.72;0.0868377517221094;-0.205919062738247;0
15.73;0.0847685385725048;-0.208134203517745;0
15.74;0.0826774714577036;-0.210283146792589;0
15.75;0.0805652147567415;-0.212365362166116;0
15.76;0.078432438058607;-0.214380340155632;0
15.77;0.0762798159525707;-0.216327592309183;0
15.78;0.0741080278173766;-0.218206651315833;0
15.79;0.0719177576093597;-0.22001707110941;0
15.8;0.069709693649555;-0.221758426965706;0
15.81;0.0674845284098652;-0.223430315593112;0
15.82;0.0652429582983507;-0.225032355216677;0
15.83;0.0629856834437089;-0.226564185655563;0
15.84;0.0607134074790091;-0.228025468393906;0
15.85;0.0584268373247482;-0.229415886645049;0
15.86;0.0561266829712936;-0.230735145409161;0
15.87;0.05381365726078;-0.231982971524223;0
15.88;0.0514884756685268;-0.233159113710372;0
15.89;0.0491518560840408;-0.234263342607625;0
15.9;0.046804518591672;-0.235295450806956;0
15.91;0.0444471852509892;-0.236255252874738;0
15.92;0.0420805798769396;-0.237142585370568;0
15.93;0.0397054278198613;-0.237957306858456;0
15.94;0.0373224557454127;-0.238699297911405;0
15.95;0.0349323914144867;-0.239368461109383;0
15.96;0.0325359634631737;-0.239964721030705;0
15.97;0.030133901182842;-0.240488024236833;0
15.98;0.0277269343003981;-0.240938339250612;0
15.99;0.0253157927587952;-0.241315656527961;0
16;0.022901206497854;-0.241619988423042;0
16.01;0.0204839052354605;-0.241851369146914;0
16.02;0.0180646182492072;-0.242009854719721;0
16.03;0.0156440741585413;-0.24209552291641;0
16.04;0.013223000707484;-0.242108473206032;0
16.05;0.0108021245479867;-0.242048826684639;0
16.06;0.00838217102398618;-0.241916726001813;0
16.07;0.00596386395622311;-0.241712335280864;0
16.08;0.00354792542788715;-0.241435840032726;0
16.09;0.00113507557115118;-0.241087447063589;0
16.1;-0.00127396764534267;-0.240667384376306;0
16.11;-0.00367848862798331;-0.24017590106562;0
16.12;-0.00607777436861545;-0.239613267207241;0
16.13;-0.00847111465382776;-0.238979773740834;0
16.14;-0.0108578022730435;-0.238275732346943;0
16.15;-0.0132371332253535;-0.237501475317919;0
16.16;-0.0156084069250314;-0.236657355422883;0
16.17;-0.0179709264056719;-0.235743745766791;0
16.18;-0.0203239985228936;-0.23476103964364;0
16.19;-0.0226669341555473;-0.233709650383874;0
16.2;-0.0249990484053727;-0.23259001119605;0
16.21;-0.0273196607950461;-0.231402575002813;0
16.22;-0.0296280954645626;-0.230147814271249;0
16.23;-0.0319236813658963;-0.228826220837665;0
16.24;-0.0342057524558843;-0.227438305726866;0
16.25;-0.0364736478872777;-0.225984598965994;0
16.26;-0.038726712197908;-0.224465649392986;0
16.27;-0.0409642954979134;-0.222882024459726;0
16.28;-0.0431857536549731;-0.221234310029953;0
16.29;-0.0453904484774976;-0.219523110171997;0
16.3;-0.0475777478957229;-0.21774904694642;0
16.31;-0.0497470261406587;-0.215912760188619;0
16.32;-0.0518976639208406;-0.214014907286483;0
16.33;-0.054029048596836;-0.212056162953166;0
16.34;-0.056140574353457;-0.210037218995056;0
16.35;-0.0582316423696307;-0.207958784075027;0
16.36;-0.0603016609858821;-0.205821583471034;0
16.37;-0.0623500458693815;-0.203626358830147;0
16.38;-0.0643762201765124;-0.201373867918107;0
16.39;-0.0663796147129149;-0.199064884364469;0
16.4;-0.068359668090961;-0.196700197403438;0
16.41;-0.0703158268846196;-0.194280611610465;0
16.42;-0.0722475457816681;-0.191806946634704;0
16.43;-0.0741542877332106;-0.189280036927405;0
16.44;-0.0760355241004619;-0.186700731466339;0
16.45;-0.0778907347987587;-0.18406989347634;0
16.46;-0.0797194084387582;-0.181388400146062;0
16.47;-0.0815210424647883;-0.178657142341031;0
16.48;-0.083295143290312;-0.175877024313092;0
16.49;-0.0850412264304696;-0.173048963406343;0
16.5;-0.0867588166316658;-0.170173889759656;0
16.51;-0.0884474479981665;-0.167252746005858;0
16.52;-0.0901066641156725;-0.164286486967704;0
16.53;-0.0917360181718392;-0.161276079350701;0
16.54;-0.0933350730737108;-0.158222501432911;0
16.55;-0.094903401562039;-0.155126742751809;0
16.56;-0.0964405863224574;-0.151989803788306;0
16.57;-0.0979462200934843;-0.148812695648043;0
16.58;-0.0994199057713254;-0.145596439740033;0
16.59;-0.100861256511453;-0.142342067452779;0
16.6;-0.102269895826933;-0.139050619827956;0
16.61;-0.103645457683482;-0.13572314723175;0
16.62;-0.104987586591221;-0.132360709023979;0
16.63;-0.106295937693121;-0.128964373225081;0
16.64;-0.107570176850096;-0.125535216181078;0
16.65;-0.108809980722752;-0.122074322226623;0
16.66;-0.110015036849742;-0.118582783346224;0
16.67;-0.111185043722741;-0.115061698833772;0
16.68;-0.112319710857996;-0.111512174950444;0
16.69;-0.113418758864459;-0.107935324581121;0
16.7;-0.114481919508468;-0.104332266889405;0
16.71;-0.115508935774981;-0.100704126971343;0
16.72;-0.116499561925335;-0.097052035507977;0
16.73;-0.117453563551528;-0.0933771284168067;0
16.74;-0.118370717627018;-0.0896805465022901;0
16.75;-0.119250812554005;-0.085963435105475;0
16.76;-0.120093648207229;-0.0822269437528743;0
16.77;-0.120899035974236;-0.0784722258046897;0
16.78;-0.121666798792129;-0.0747004381024916;0
16.79;-0.122396771180799;-0.0709127406164596;0
16.8;-0.12308879927262;-0.0671102960922931;0
16.81;-0.123742740838612;-0.0632942696978952;0
16.82;-0.124358465311078;-0.0594658286699388;0
16.83;-0.124935853802697;-0.0556261419604194;0
16.84;-0.125474799122088;-0.0517763798833018;0
16.85;-0.12597520578584;-0.0479177137613649;0
16.86;-0.126436990027015;-0.0440513155733519;0
16.87;-0.126860079800117;-0.0401783576015301;0
16.88;-0.127244414782544;-0.0363000120797652;0
16.89;-0.127589946372526;-0.032417450842215;0
16.9;-0.127896637683546;-0.028531844972747;0
16.91;-0.128164463535263;-0.0246443644551829;0
16.92;-0.128393410440942;-0.0207561778244748;0
16.93;-0.1285834765914;-0.0168684518189142;0
16.94;-0.128734671835476;-0.0129823510334783;0
16.95;-0.128847017657046;-0.00909903757441366;0
16.96;-0.128920547148582;-0.0052196707151602;0
16.97;-0.128955304981283;-0.00134540655371552;0
16.98;-0.128951347371786;0.0025226023284602;0
16.99;-0.12890874204547;0.00638320720589868;0
17;-0.128827568196372;0.010235263546839;0
17.01;-0.128707916443743;0.0140776313491053;0
17.02;-0.128549888785242;0.0179091754740495;0
17.03;-0.128353598546811;0.0217287659784624;0
17.04;-0.12811917032923;0.0255352784443566;0
17.05;-0.127846739951389;0.0293275943065266;0
17.06;-0.127536454390299;0.0331046011777915;0
17.07;-0.127188471717853;0.0368651931718265;0
17.08;-0.126802961034375;0.0406082712234916;0
17.09;-0.126380102398978;0.044332743406564;0
17.1;-0.125920086756751;0.0480375252487853;0
17.11;-0.125423115862814;0.0517215400441324;0
17.12;-0.124889402203263;0.0553837191622242;0
17.13;-0.124319168913029;0.0590230023547747;0
17.14;-0.123712649690688;0.0626383380590081;0
17.15;-0.123070088710257;0.066228683697948;0
17.16;-0.122391740529993;0.0697930059774973;0
17.17;-0.121677869998239;0.0733302811802245;0
17.18;-0.120928752156348;0.0768394954557748;0
17.19;-0.120144672138721;0.0803196451078243;0
17.2;-0.119325925069984;0.0837697368774965;0
17.21;-0.118472815959355;0.0871887882231642;0
17.22;-0.117585659592224;0.0905758275965569;0
17.23;-0.11666478041899;0.0939298947150987;0
17.24;-0.115710512441194;0.0972500408304011;0
17.25;-0.114723199094986;0.100535328992837;0
17.26;-0.113703193131955;0.103784834312122;0
17.27;-0.112650856497382;0.106997644213835;0
17.28;-0.111566560205944;0.110172858691806;0
17.29;-0.110450684214905;0.1133095905563;0
17.3;-0.109303617294859;0.116406965677933;0
17.31;-0.108125756898035;0.119464123227259;0
17.32;-0.106917509024243;0.122480215909951;0
17.33;-0.10567928808448;0.125454410197526;0
17.34;-0.104411516762245;0.128385886553542;0
17.35;-0.103114625872623;0.131273839655221;0
17.36;-0.101789054219166;0.134117478610417;0
17.37;-0.100435248448627;0.136916027169898;0
17.38;-0.099053662903594;0.139668723934865;0
17.39;-0.0976447594730679;0.14237482255967;0
17.4;-0.0962090074410392;0.145033591949667;0
17.41;-0.0947468833331035;0.147644316454153;0
17.42;-0.0932588707611731;0.150206296054352;0
17.43;-0.0917454602663298;0.152718846546385;0
17.44;-0.0902071491598711;0.155181299719184;0
17.45;-0.0886444413626005;0.157593003527315;0
17.46;-0.0870578472424119;0.159953322258647;0
17.47;-0.0854478834502216;0.162261636696844;0
17.48;-0.083815072754298;0.164517344278631;0
17.49;-0.0821599438730426;0.166719859245796;0
17.5;-0.0804830313062749;0.168868612791895;0
17.51;-0.0787848751650742;0.170963053203626;0
17.52;-0.0770660210002317;0.17300264599683;0
17.53;-0.0753270196293668;0.174986874047098;0
17.54;-0.0735684269627617;0.17691523771495;0
17.55;-0.0717908038279691;0.178787254965555;0
17.56;-0.069994715793247;0.180602461482971;0
17.57;-0.0681807329898759;0.182360410778873;0
17.58;-0.0663494299334139;0.184060674295755;0
17.59;-0.064501385343944;0.185702841504577;0
17.6;-0.0626371819653712;0.187286519996841;0
17.61;-0.0607574063838226;0.188811335571074;0
17.62;-0.058862648845209;0.190276932313709;0
17.63;-0.0569535030720023;0.191682972674344;0
17.64;-0.0550305660792863;0.193029137535363;0
17.65;-0.0530944379901355;0.194315126275916;0
17.66;-0.0511457218503811;0.195540656830246;0
17.67;-0.0491850234428179;0.196705465740348;0
17.68;-0.047212951100911;0.197809308202964;0
17.69;-0.0452301155220575;0.198851958110903;0
17.7;-0.0432371295804606;0.199833208088689;0
17.71;-0.0412346081396731;0.200752869522527;0
17.72;-0.0392231678648668;0.2016107725846;0
17.73;-0.0372034270348837;0.202406766251689;0
17.74;-0.0351760053541276;0.203140718318123;0
17.75;-0.0331415237643507;0.203812515403068;0
17.76;-0.0311006042563937;0.204422062952166;0
17.77;-0.0290538696819339;0.204969285233513;0
17.78;-0.0270019435652999;0.205454125328019;0
17.79;-0.0249454499154073;0.205876545114132;0
17.8;-0.0228850130378727;0.206236525246961;0
17.81;-0.0208212573473616;0.206534065131803;0
17.82;-0.0187548071802262;0.206769182892098;0
17.83;-0.0166862866074886;0.206941915331821;0
17.84;-0.0146163192482249;0.207052317892351;0
17.85;-0.0125455280834058;0.207100464603812;0
17.86;-0.0104745352702477;0.207086448030942;0
17.87;-0.00840396195713122;0.207010379213486;0
17.88;-0.00633442809913832;0.20687238760116;0
17.89;-0.0042665522742658;0.206672620983204;0
17.9;-0.00220095150036658;0.206411245412565;0
17.91;-0.000138241052873537;0.206088445124728;0
17.92;0.00192096571664113;0.205704422451243;0
17.93;0.00397605756101796;0.205259397727969;0
17.94;0.00602642551712121;0.204753609198086;0
17.95;0.00807146308445645;0.204187312909901;0
17.96;0.010110566402743;0.203560782609494;0
17.97;0.0121431344283896;0.20287430962824;0
17.98;0.0141685691098229;0.202128202765264;0
17.99;0.0161862755616169;0.201322788164843;0
18;0.018195662237375;0.200458409188841;0
18.01;0.0201961411013134;0.199535426284184;0
18.02;0.0221871277984972;0.198554216845451;0
18.03;0.0241680418236811;0.197515175072619;0
18.04;0.0261383066887052;0.196418711824015;0
18.05;0.0280973500883999;0.195265254464526;0
18.06;0.0300446040649505;0.19405524670912;0
18.07;0.0319795051706773;0.192789148461743;0
18.08;0.0339014946291837;0.19146743564963;0
18.09;0.0358100184948261;0.190090600053103;0
18.1;0.0377045278104634;0.188659149130909;0
18.11;0.0395844787634383;0.18717360584116;0
18.12;0.0414493328397499;0.185634508457927;0
18.13;0.0432985569763715;0.184042410383568;0
18.14;0.045131623711674;0.182397879956841;0
18.15;0.0469480113339108;0.180701500256862;0
18.16;0.0487472040277245;0.178953868902991;0
18.17;0.0505286920186337;0.177155597850699;0
18.18;0.0522919717154613;0.175307313183488;0
18.19;0.0540365458506637;0.173409654900936;0
18.2;0.0557619236185243;0.171463276702931;0
18.21;0.0574676208111715;0.169468845770173;0
18.22;0.0591531599523859;0.167427042541011;0
18.23;0.0608180704291589;0.165338560484689;0
18.24;0.0624618886209687;0.16320410587107;0
18.25;0.0640841580267375;0.161024397536935;0
18.26;0.0656844293894363;0.158800166648895;0
18.27;0.0672622608183048;0.156532156463031;0
18.28;0.0688172179086519;0.154221122081318;0
18.29;0.0703488738592076;0.151867830204911;0
18.3;0.0718568095869932;0.149473058884389;0
18.31;0.0733406138396803;0.147037597267018;0
18.32;0.0747998833054104;0.144562245341121;0
18.33;0.076234222720044;0.142047813677647;0
18.34;0.0776432449718145;0.139495123169002;0
18.35;0.0790265712033573;0.136905004765237;0
18.36;0.0803838309110898;0.134278299207682;0
18.37;0.0817146620419167;0.131615856760092;0
18.38;0.0830187110872351;0.128918536937408;0
18.39;0.0842956331742176;0.126187208232207;0
18.4;0.0855450921543491;0.123422747838935;0
18.41;0.0867667606891974;0.120626041376;0
18.42;0.0879603203333937;0.117797982605824;0
18.43;0.0891254616148067;0.114939473152928;0
18.44;0.0902618841118873;0.112051422220153;0
18.45;0.0913692965281686;0.109134746303086;0
18.46;0.0924474167639019;0.106190368902803;0
18.47;0.093495971984813;0.103219220236995;0
18.48;0.0945146986879629;0.100222236949585;0
18.49;0.0955033427646979;0.0972003618189148;0
18.5;0.0964616595606758;0.0941545434645905;0
18.51;0.0973894139329549;0.0910857360530887;0
18.52;0.0982863803041332;0.0879948990022001;0
18.53;0.0991523427135281;0.0848829966844088;0
18.54;0.0999870948653845;0.081750998129296;0
18.55;0.100790440174104;0.0785998767250597;0
18.56;0.101562191806483;0.0754306099192397;0
18.57;0.10230217272096;0.0722441789187413;0
18.58;0.103010215703854;0.0690415683892468;0
18.59;0.1036861634026;0.0658237661541073;0
18.6;0.104329868355967;0.0625917628928054;0
18.61;0.104941193021262;0.0593465518390796;0
18.62;0.105520009798514;0.0560891284788025;0
18.63;0.106066201051635;0.0528204902477024;0
18.64;0.106579659126557;0.0495416362290207;0
18.65;0.107060286366347;0.0462535668511945;0
18.66;0.107507995123298;0.0429572835856559;0
18.67;0.107922707768002;0.0396537886448373;0
18.68;0.108304356695403;0.0363440846804752;0
18.69;0.108652884327828;0.0330291744822988;0
18.7;0.108968243115018;0.0297100606771968;0
18.71;0.109250395531148;0.0263877454289489;0
18.72;0.109499314068842;0.0230632301386128;0
18.73;0.109714981230207;0.0197375151456547;0
18.74;0.10989738951487;0.0164115994299115;0
18.75;0.110046541405046;0.0130864803144728;0
18.76;0.110162449347637;0.00976315316957017;0
18.77;0.110245135733376;0.00644261111756118;0
18.78;0.110294632873021;0.00312584473909349;0
18.79;0.110310982970626;-0.000186158219463501;0
18.8;0.110294238093882;-0.00349241313723487;0
18.81;0.110244460141558;-0.00679193880861888;0
18.82;0.110161720808052;-0.010083757731544;0
18.83;0.110046101545061;-0.01336689639412;0
18.84;0.109897693520399;-0.0166403855596011;0
18.85;0.109716597573966;-0.0199032605495766;0
18.86;0.109502924170899;-0.0231545615253096;0
18.87;0.109256793351919;-0.0263933337671407;0
18.88;0.108978334680884;-0.0296186279518771;0
18.89;0.108667687189588;-0.032829500428088;0
18.9;0.108324999319813;-0.0360250134892253;0
18.91;0.107950428862658;-0.0392042356444944;0
18.92;0.107544142895169;-0.0423662418873951;0
18.93;0.107106317714302;-0.045510113961858;0
18.94;0.106637138768225;-0.048634940625899;0
18.95;0.106136800585;-0.0517398179127196;0
18.96;0.105605506698671;-0.0548238493891759;0
18.97;0.10504346957277;-0.0578861464115467;0
18.98;0.104450910521281;-0.060925828378526;0
18.99;0.103828059627091;-0.0639420229813702;0
19;0.103175155657949;-0.0669338664511298;0
19.01;0.102492445979965;-0.0699005038028957;0
19.02;0.101780186468681;-0.0728410890769938;0
19.03;0.101038641417747;-0.0757547855770581;0
19.04;0.100268083445228;-0.078640766104919;0
19.05;0.099468793397575;-0.0814982131922405;0
19.06;0.0986410602512976;-0.0843263193288422;0
19.07;0.0977851810123681;-0.0871242871876445;0
19.08;0.0969014606133899;-0.0898913298461741;0
19.09;0.0959902118085677;-0.0926266710045703;0
19.1;0.0950517550665135;-0.0953295452000324;0
19.11;0.0940864184609244;-0.0979991980176497;0
19.12;0.093094537559168;-0.100634886297557;0
19.13;0.0920764553088138;-0.103235878338364;0
19.14;0.091032521922147;-0.10580145409679;0
19.15;0.0899630947587026;-0.108330905383478;0
19.16;0.08886853820586;-0.1108235360549;0
19.17;0.0877492235575348;-0.113278662201335;0
19.18;0.0866055288910103;-0.115695612330851;0
19.19;0.0854378389419456;-0.118073727549251;0
19.2;0.0842465449776045;-0.12041236173593;0
19.21;0.0830320446683426;-0.122710881715606;0
19.22;0.0817947419573967;-0.124968667425866;0
19.23;0.0805350469290183;-0.127185112080509;0
19.24;0.0792533756749911;-0.129359622328609;0
19.25;0.077950150159579;-0.131491618409296;0
19.26;0.0766257980829448;-0.133580534302181;0
19.27;0.0752807527430843;-0.135625817873418;0
19.28;0.0739154528963199;-0.137626931017342;0
19.29;0.072530342616398;-0.13958334979366;0
19.3;0.071125871152234;-0.141494564560169;0
19.31;0.069702492784351;-0.143360080100943;0
19.32;0.0682606666800569;-0.145179415749996;0
19.33;0.0668008567474051;-0.14695210551035;0
19.34;0.0653235314879857;-0.148677698168518;0
19.35;0.0638291638485923;-0.150355757404352;0
19.36;0.0623182310718116;-0.151985861896232;0
19.37;0.0607912145455815;-0.153567605421591;0
19.38;0.0592485996517659;-0.15510059695273;0
19.39;0.0576908756137922;-0.156584460747919;0
19.4;0.0561185353433987;-0.158018836437757;0
19.41;0.0545320752865404;-0.159403379106778;0
19.42;0.0529319952685;-0.160737759370284;0
19.43;0.0513187983382518;-0.162021663446383;0
19.44;0.0496929906121276;-0.163254793223241;0
19.45;0.0480550811168305;-0.164436866321508;0
19.46;0.0464055816318475;-0.165567616151922;0
19.47;0.0447450065313067;-0.166646791968092;0
19.48;0.0430738726253293;-0.167674158914426;0
19.49;0.041392699000923;-0.168649498069223;0
19.5;0.039702006862468;-0.169572606482914;0
19.51;0.0380023193718406;-0.170443297211444;0
19.52;0.0362941614882259;-0.171261399344805;0
19.53;0.0345780598076671;-0.172026758030708;0
19.54;0.0328545424023994;-0.172739234493408;0
19.55;0.0311241386600173;-0.173398706047667;0
19.56;0.0293873791225254;-0.174005066107883;0
19.57;0.0276447953253177;-0.174558224192364;0
19.58;0.0258969196361381;-0.175058105922778;0
19.59;0.024144285094066;-0.175504653018771;0
19.6;0.0223874252485792;-0.175897823287767;0
19.61;0.0206268739987395;-0.17623759060997;0
19.62;0.0188631654325496;-0.176523944918571;0
19.63;0.0170968336665304;-0.17675689217517;0
19.64;0.0153284126855649;-0.176936454340447;0
19.65;0.0135584361830564;-0.177062669340078;0
19.66;0.01178743740145;-0.177135591025932;0
19.67;0.0100159489731619;-0.177155289132552;0
19.68;0.00824450276196636;-0.177121849228958;0
19.69;0.00647362970488437;-0.17703537266578;0
19.7;0.00470385965462296;-0.176895976517754;0
19.71;0.00293572122260966;-0.176703793521606;0
19.72;0.00116974162266906;-0.176458972009341;0
19.73;-0.000593553484613024;-0.176161675836977;0
19.74;-0.00235364014679232;-0.175812084308749;0
19.75;-0.00410999627369064;-0.175410392096807;0
19.76;-0.00586210179069722;-0.174956809156453;0
19.77;-0.00760943879120249;-0.174451560636932;0
19.78;-0.00935149168811988;-0.173894886787832;0
19.79;-0.011087747364452;-0.173287042861115;0
19.8;-0.0128176953228577;-0.172628299008814;0
19.81;-0.0145408278341763;-0.171918940176449;0
19.82;-0.0162566400848677;-0.171159265992182;0
19.83;-0.0179646303233238;-0.170349590651769;0
19.84;-0.0196643000050123;-0.169490242799336;0
19.85;-0.0213551539364079;-0.168581565404039;0
19.86;-0.023036700417673;-0.167623915632626;0
19.87;-0.0247084513840451;-0.166617664717981;0
19.88;-0.0263699225458919;-0.165563197823661;0
19.89;-0.0280206335273942;-0.164460913904502;0
19.9;-0.0296601080038169;-0.163311225563322;0
19.91;-0.0312878738373297;-0.162114558903783;0
19.92;-0.0329034632113396;-0.160871353379461;0
19.93;-0.0345064127632972;-0.159582061639168;0
19.94;-0.0360962637159392;-0.15824714936859;0
19.95;-0.0376725620069312;-0.156867095128285;0
19.96;-0.0392348584168745;-0.155442390188102;0
19.97;-0.0407827086956403;-0.153973538358077;0
19.98;-0.0423156736869985;-0.152461055815853;0
19.99;-0.0438333194515042;-0.150905470930701;0
20;-0.0453352173876097;-0.149307324084179;0
