0;0.430277845074156;0.346876287066957;0
0.01;0.43368569317323;0.333325237055335;0
0.02;0.436957682473856;0.319697559082492;0
0.03;0.440093065659279;0.305997469885935;0
0.04;0.443091137646249;0.292229200662018;0
0.05;0.445951235723794;0.278396995772746;0
0.06;0.44867273967905;0.264505111450856;0
0.07;0.451255071910133;0.250557814503561;0
0.08;0.453697697526051;0.236559381015364;0
0.09;0.456000124433636;0.222514095050302;0
0.1;0.458161903411498;0.208426247354047;0
0.11;0.460182628171;0.194300134056223;0
0.12;0.462061935404266;0.180140055373341;0
0.13;0.46379950481921;0.165950314312744;0
0.14;0.465395059161618;0.151735215377937;0
0.15;0.466848364224296;0.137499063275695;0
0.16;0.468159228843283;0.123246161625333;0
0.17;0.469327504881187;0.108980811670522;0
0.18;0.470353087197634;0.0947073109940231;0
0.19;0.471235913606893;0.0804299522357426;0
0.2;0.47197596482269;0.0661530218144561;0
0.21;0.472573264390258;0.0518807986536051;0
0.22;0.473027878605667;0.0376175529115256;0
0.23;0.473339916422478;0.0233675447164882;0
0.24;0.473509529345767;0.00913502290691789;0
0.25;0.473536911313577;-0.00507577622283571;0
0.26;0.473422298565858;-0.0192606301708134;0
0.27;0.473165969500944;-0.033415331469481;0
0.28;0.472768244519651;-0.0475356889211223;0
0.29;0.472229485857035;-0.0616175288262326;0
0.3;0.47155009740192;-0.075656696204555;0
0.31;0.470730524504229;-0.0896490560084071;0
0.32;0.469771253770236;-0.103590494327947;0
0.33;0.46867281284579;-0.117476919588034;0
0.34;0.467435770187615;-0.131304263736331;0
0.35;0.466060734822769;-0.145068483422322;0
0.36;0.464548356096354;-0.158765561166894;0
0.37;0.462899323407577;-0.172391506522151;0
0.38;0.461114365934254;-0.185942357221139;0
0.39;0.459194252345863;-0.199414180317141;0
0.4;0.457139790505258;-0.212803073312226;0
0.41;0.454951827159141;-0.226105165274735;0
0.42;0.452631247617413;-0.239316617945382;0
0.43;0.450178975421514;-0.252433626831655;0
0.44;0.447595972001877;-0.265452422290222;0
0.45;0.444883236324608;-0.278369270597029;0
0.46;0.442041804527527;-0.291180475004782;0
0.47;0.439072749545686;-0.303882376787544;0
0.48;0.435977180726506;-0.316471356272124;0
0.49;0.432756243434653;-0.328943833855997;0
0.5;0.429411118646806;-0.341296271011455;0
0.51;0.425943022536442;-0.353525171275728;0
0.52;0.422353206048777;-0.365627081226788;0
0.53;0.418642954466029;-0.377598591444575;0
0.54;0.414813586963122;-0.389436337457383;0
0.55;0.410866456154001;-0.401137000673143;0
0.56;0.4068029476287;-0.412697309295353;0
0.57;0.402624479481325;-0.424114039223412;0
0.58;0.398332501829097;-0.435384014937098;0
0.59;0.39392849632263;-0.446504110364973;0
0.6;0.389413975647597;-0.457471249736472;0
0.61;0.384790483017941;-0.468282408417442;0
0.62;0.380059591660821;-0.478934613728924;0
0.63;0.37522290429343;-0.489424945748952;0
0.64;0.370282052591886;-0.499750538097156;0
0.65;0.365238696652345;-0.509908578701969;0
0.66;0.360094524444529;-0.519896310550241;0
0.67;0.354851251257831;-0.529711032419047;0
0.68;0.349510619140184;-0.539350099589529;0
0.69;0.344074396329881;-0.548810924542565;0
0.7;0.338544376680508;-0.558090977636095;0
0.71;0.332922379079198;-0.567187787763938;0
0.72;0.327210246858372;-0.576098942995929;0
0.73;0.321409847201171;-0.584822091199214;0
0.74;0.315523070540754;-0.593354940640556;0
0.75;0.309551829953665;-0.601695260569501;0
0.76;0.303498060547448;-0.609840881782256;0
0.77;0.297363718842716;-0.617789697166155;0
0.78;0.291150782149862;-0.625539662224571;0
0.79;0.28486124794061;-0.633088795582163;0
0.8;0.278497133214595;-0.640435179470327;0
0.81;0.272060473861193;-0.647576960192748;0
0.82;0.26555332401677;-0.654512348570948;0
0.83;0.258977755417574;-0.661239620369722;0
0.84;0.252335856748465;-0.667757116702385;0
0.85;0.245629732987677;-0.674063244415725;0
0.86;0.238861504747827;-0.680156476454592;0
0.87;0.232033307613369;-0.686035352206052;0
0.88;0.2251472914747;-0.691698477823025;0
0.89;0.218205619859117;-0.69714452652736;0
0.9;0.211210469258844;-0.702372238892279;0
0.91;0.204164028456319;-0.70738042310415;0
0.92;0.197068497846963;-0.712167955203539;0
0.93;0.189926088759631;-0.716733779305514;0
0.94;0.18273902277495;-0.721076907799155;0
0.95;0.175509531041755;-0.725196421526263;0
0.96;0.16823985359184;-0.72909146993924;0
0.97;0.160932238653215;-0.732761271238128;0
0.98;0.153588941962087;-0.736205112486813;0
0.99;0.14621222607378;-0.739422349708372;0
1;0.138804359672787;-0.742412407959603;0
1.01;0.131367616882178;-0.745174781384718;0
1.02;0.123904276572554;-0.747709033248242;0
1.03;0.11641662167078;-0.750014795947135;0
1.04;0.108906938468677;-0.752091771002168;0
1.05;0.1013775159319;-0.753939729028594;0
1.06;0.0938306450092013;-0.755558509686159;0
1.07;0.086268617942288;-0.7569480216085;0
1.08;0.0786937275764736;-0.758108242311991;0
1.09;0.0711082666723378;-0.759039218084096;0
1.1;0.0635145472381478;-0.759729053557895;0.00400461896200373
1.11;0.0559151885177104;-0.760136231118902;0.00972550319343763
1.12;0.048313044109727;-0.760257686901722;0.0154463874248715
1.13;0.0407109692560611;-0.760093875559967;0.0211672716563054
1.14;0.0331118142705101;-0.759645336477662;0.0268881558877393
1.15;0.025518423692863;-0.758912693461937;0.0326090401191732
1.16;0.0179336354461442;-0.757896654410935;0.0383299243506071
1.17;0.0103602799972877;-0.756598010957091;0.044050808582041
1.18;0.00280117952148967;-0.755017638085918;0.0497716928134749
1.19;-0.0047408529295171;-0.753156493730467;0.0554925770449088
1.2;-0.0122630142550251;-0.751015618341613;0.0612134612763427
1.21;-0.0197625121285084;-0.748596134434354;0.0669343455077766
1.22;-0.0272365658161341;-0.745899246110278;0.0726552297392105
1.23;-0.0346824069903932;-0.742926238556406;0.0783761139706444
1.24;-0.0420972805386128;-0.739678477520579;0.0840969982020783
1.25;-0.0494784453661183;-0.736157408763611;0.0898178824335122
1.26;-0.0568231751938131;-0.732364557488382;0.0955387666649461
1.27;-0.0641287593499458;-0.728301527746117;0.10125965089638
1.28;-0.0713925035558395;-0.723970001820031;0.106980535127814
1.29;-0.078611730705355;-0.719371739586602;0.112701419359248
1.3;-0.0857837816378675;-0.714508577854665;0.118422303590682
1.31;-0.0929060159045363;-0.709382429682591;0.124143187822116
1.32;-0.0999758125276469;-0.70399528367378;0.129864072053549
1.33;-0.106990570752812;-0.698349203250718;0.135584956284983
1.34;-0.113947710793819;-0.692446325907858;0.141305840516417
1.35;-0.120844674569909;-0.686288862443574;0.147026724747851
1.36;-0.127678926435285;-0.679879096171469;0.152747608979285
1.37;-0.134447953900638;-0.673219382111299;0.158468493210719
1.38;-0.141149268346496;-0.666312146159788;0.164189377442153
1.39;-0.147780405728191;-0.659159884241631;0.169910261673587
1.4;-0.154338927272241;-0.651765161440953;0.175631145905021
1.41;-0.160822420163968;-0.644130611113545;0.181352030136455
1.42;-0.167228498226152;-0.63625893398014;0.187072914367888
1.43;-0.173554802588527;-0.628152897201078;0.192793798599322
1.44;-0.179799002347951;-0.619815333432622;0.198514682830756
1.45;-0.185958795219047;-0.611249139865281;0.20423556706219
1.46;-0.192031908175157;-0.602457277244431;0.209956451293624
1.47;-0.198016098079416;-0.593442768873571;0.215677335525058
1.48;-0.203909152305788;-0.58420869960054;0.221398219756492
1.49;-0.209708889349884;-0.574758214787024;0.227119103987926
1.5;-0.215413159429405;-0.565094519261703;0.23283998821936
1.51;-0.221019845074038;-0.555220876257361;0.238560872450794
1.52;-0.226526861704662;-0.545140606332324;0.244281756682227
1.53;-0.231932158201689;-0.534857086276561;0.250002640913661
1.54;-0.237233717462403;-0.524373748002816;0.255723525145095
1.55;-0.242429556947146;-0.513694077423112;0.261444409376529
1.56;-0.247517729214203;-0.502821613311014;0.267165293607963
1.57;-0.252496322443243;-0.491759946149986;0.272886177839397
1.58;-0.257363460947188;-0.480512716968237;0.278607062070831
1.59;-0.262117305672369;-0.469083616160413;0.284327946302265
1.6;-0.26675605468684;-0.457476382296521;0.290048830533699
1.61;-0.271277943656727;-0.445694800918451;0.295769714765133
1.62;-0.275681246310486;-0.433742703324499;0.301490598996566
1.63;-0.279964274890954;-0.421623965342244;0.307211483228
1.64;-0.284125380595081;-0.409342506090207;0.312932367459434
1.65;-0.288162954001224;-0.396902286728645;0.318653251690868
1.66;-0.292075425483904;-0.3843073091999;0.324374135922302
1.67;-0.295861265615925;-0.371561614958681;0.330095020153736
1.68;-0.299518985557744;-0.358669283692687;0.33581590438517
1.69;-0.303047137434014;-0.345634432033969;0.341536788616604
1.7;-0.30644431469719;-0.332461212261433;0.347257672848038
1.71;-0.309709152478133;-0.319153810994881;0.352978557079472
1.72;-0.31284032792361;-0.305716447881012;0.358699441310905
1.73;-0.315836560520622;-0.292153374271773;0.364420325542339
1.74;-0.318696612407482;-0.278468871895483;0.370141209773773
1.75;-0.321419288671574;-0.264667251521131;0.375862094005207
1.76;-0.324003437633726;-0.250752851616268;0.381582978236641
1.77;-0.326447951119131;-0.236730036998902;0.387303862468075
1.78;-0.328751764714769;-0.222603197483808;0.393024746699509
1.79;-0.33091385801326;-0.208376746523674;0.398745630930943
1.8;-0.332933254843112;-0.1940551198455;0.404466515162377
1.81;-0.334809023485313;-0.179642774082656;0.41018739939381
1.82;-0.336540276876223;-0.16514418540303;0.415908283625244
1.83;-0.338126172796731;-0.150563848133676;0.421629167856678
1.84;-0.339565914047652;-0.135906273382383;0.427350052088112
1.85;-0.340858748611315;-0.121175987656584;0.433070936319546
1.86;-0.342003969799339;-0.106377531480018;0.43879182055098
1.87;-0.343000916386565;-0.0915154580075733;0.444512704782414
1.88;-0.343848972731127;-0.0765943316387214;0.450233589013848
1.89;-0.344547568880655;-0.0616187266299663;0.455954473245282
1.9;-0.345096180664601;-0.0465932257067207;0.461675357476716
1.91;-0.345494329772679;-0.0315224186750315;0.467396241708149
1.92;-0.345741583819424;-0.0164109010335677;0.473117125939583
1.93;-0.345837556394875;-0.001263272586288;0.478838010171017
1.94;-0.345781907101392;0.0139158639437983;0.484558894402451
1.95;-0.34557434157661;0.0291219042993624;0.490279778633885
1.96;-0.345214611502558;0.0443502440715676;0.496000662865319
1.97;-0.344702514600962;0.0595962800805495;0.501721547096753
1.98;-0.344037894614752;0.0748554117531552;0.507442431328187
1.99;-0.343220641275804;0.0901230424975332;0.513163315559621
2;-0.342250690258961;0.105394581074168;0.518884199791055
2.01;-0.341128023122345;0.120665442962952;0.524605084022489
2.02;-0.339852667234035;0.135931051725896;0.530325968253922
2.03;-0.338424695685127;0.151186840365076;0.536046852485356
2.04;-0.336844227189242;0.16642825267541;0.54176773671679
2.05;-0.335111425968531;0.181650744591882;0.547488620948224
2.06;-0.333226501626233;0.196849785530808;0.553209505179658
2.07;-0.331189709005848;0.212020859724756;0.558930389411092
2.08;-0.329001348036997;0.227159467550728;0.564651273642526
2.09;-0.326661763568018;0.242261126851228;0.57037215787396
2.1;-0.324171345185402;0.25732137424781;0.576093042105394
2.11;-0.321530527020117;0.272335766446756;0.581813926336827
2.12;-0.318739787540915;0.287299881536476;0.587534810568261
2.13;-0.315799649334703;0.302209320276273;0.593255694799695
2.14;-0.312710678874071;0.3170597073761;0.598976579031129
2.15;-0.309473486272057;0.331846692766937;0.604697463262563
2.16;-0.306088725024261;0.34656595286142;0.610418347493997
2.17;-0.302557091738385;0.361213191804368;0.616139231725431
2.18;-0.298879325851329;0.375784142712852;0.621860115956865
2.19;-0.295056209333924;0.390274568905444;0.627581000188299
2.2;-0.291088566383429;0.404680265120294;0.633301884419733
2.21;-0.286977263103892;0.41899705872171;0.639022768651166
2.22;-0.282723207174507;0.433220810894868;0.6447436528826
2.23;-0.278327347506071;0.447347417828345;0.650464537114034
2.24;-0.273790673885672;0.461372811884116;0.656185421345468
2.25;-0.269114216609744;0.475292962754702;0.661906305576902
2.26;-0.264299046105596;0.489103878607138;0.667627189808336
2.27;-0.259346272541573;0.502801607213443;0.67334807403977
2.28;-0.254257045425967;0.516382237067273;0.679068958271204
2.29;-0.249032553194829;0.529841898486448;0.684789842502638
2.3;-0.243674022788817;0.543176764701049;0.690510726734072
2.31;-0.238182719219233;0.556383052926781;0.696231610965505
2.32;-0.232559945123392;0.569457025423305;0.701952495196939
2.33;-0.226807040309474;0.582394990537249;0.707673379428373
2.34;-0.220925381291019;0.595193303729611;0.713394263659807
2.35;-0.214916380811218;0.607848368587275;0.719115147891241
2.36;-0.208781487357164;0.62035663781836;0.724836032122675
2.37;-0.202522184664217;0.632714614231135;0.730556916354109
2.38;-0.196139991210662;0.644918851696234;0.736277800585543
2.39;-0.189636459702814;0.65696595609191;0.741998684816977
2.4;-0.183013176550756;0.668852586232074;0.747719569048411
2.41;-0.176271761334866;0.680575454776871;0.753440453279844
2.42;-0.169413866263325;0.692131329125554;0.759161337511278
2.43;-0.162441175620771;0.703517032291406;0.764882221742712
2.44;-0.155355405208292;0.714729443758499;0.770603105974146
2.45;-0.148158301774927;0.725765500320043;0.77632399020558
2.46;-0.140851642440872;0.73662219689812;0.782044874437014
2.47;-0.13343723411257;0.747296587344583;0.787765758668448
2.48;-0.125916912889882;0.757785785222914;0.793486642899882
2.49;-0.118292543465519;0.76808696457084;0.799207527131316
2.5;-0.110566018516944;0.778197360643508;0.80492841136275
2.51;-0.102739258090921;0.788114270637035;0.810649295594183
2.52;-0.0948142089809252;0.797835054392245;0.816370179825617
2.53;-0.0867928440976001;0.80735713507842;0.822091064057051
2.54;-0.0786771618324723;0.81667799985689;0.827811948288485
2.55;-0.070469185415118;0.825795200524303;0.833532832519919
2.56;-0.0621709622639909;0.834706354135411;0.839253716751353
2.57;-0.0537845633311141;0.843409143605228;0.844974600982787
2.58;-0.0453120824408444;0.851901318290405;0.850695485214221
2.59;-0.0367556356229162;0.860180694549698;0.856416369445654
2.6;-0.0281173604399759;0.868245156283377;0.862137253677088
2.61;-0.0193994153098169;0.876092655451474;0.867858137908522
2.62;-0.0106039788225286;0.883721212570725;0.873579022139956
2.63;-0.00173324905277095;0.891128917190121;0.87929990637139
2.64;0.00721055713260829;0.898313928344938;0.885020790602824
2.65;0.0162252047714006;0.905274474989163;0.890741674834258
2.66;0.02530844150709;0.912008856406218;0.896462559065692
2.67;0.0344579982939155;0.91851544259789;0.902183443297126
2.68;0.0436715901057244;0.924792674651404;0.90790432752856
2.69;0.0529469166483985;0.930839065084548;0.913625211759994
2.7;0.0622816630756314;0.936653198168796;0.919346095991427
2.71;0.0716735007078385;0.942233730230368;0.925066980222861
2.72;0.081120087753978;0.947579389929171;0.930787864454295
2.73;0.0906190700360617;0.952688978515578;0.936508748685729
2.74;0.100168081716133;0.957561370065008;0.942229632917163
2.75;0.109764746025493;0.962195511690273;0.947950517148597
2.76;0.119406675995946;0.966590423731661;0.953671401380031
2.77;0.129091475192848;0.970745199924749;0.959392285611465
2.78;0.138816738449735;0.974659007545921;0.965113169842899
2.79;0.148580052604301;0.978331087535593;0.970834054074333
2.8;0.158378997235515;0.981760754599148;0.976554938305766
2.81;0.168211145401637;0.984947397285579;0.9822758225372
2.82;0.178074064378932;0.987890478043868;0.987996706768634
2.83;0.187965316400839;0.990589533257108;0.993717591000068
2.84;0.197882459397383;0.993044173254418;0.999438475231502
2.85;0.20782304773461;0.995254082300651;1.00515935946294
2.86;0.217784632953815;0.997219018563977;1.01088024369437
2.87;0.227764764510348;0.998938814061354;1.0166011279258
2.88;0.237760990511777;1.00041337458196;1.02232201215724
2.89;0.247770858455181;1.00164267958866;1.02804289638867
2.9;0.257791915963369;1.0026267820975;1.03376378062011
2.91;0.267821711519783;1.00336580853546;1.03948466485154
2.92;0.277857795201891;1.00385995857633;1.04520554908297
2.93;0.287897719412837;1.00410950495502;1.05092643331441
2.94;0.297939039611134;1.00411479326019;1.05664731754584
2.95;0.307979315038194;1.00387624170547;1.06236820177727
2.96;0.318016109443463;1.00339434087929;1.06808908600871
2.97;0.328046991806974;1.0026696534734;1.07380997024014
2.98;0.338069537059072;1.0017028139903;1.07953085447158
2.99;0.348081326797133;1.00049452842961;1.08525173870301
3;0.358079949999046;0.999045573953566;1.09097262293444
3.01;0.368063003733256;0.997356798531752;1.09669350716588
3.02;0.378028093865166;0.995429120565215;1.10241439139731
3.03;0.387972835759679;0.993263528490116;1.10813527562875
3.04;0.397894854979698;0.99086108036107;1.11385615986018
3.05;0.407791787980358;0.988222903414335;1.11957704409161
3.06;0.417661282798801;0.985350193611005;1.12529792832305
3.07;0.427500999739302;0.982244215160395;1.13101881255448
3.08;0.437308612053527;0.978906300023788;1.13673969678592
3.09;0.447081806615753;0.975337847398719;1.14246058101735
3.1;0.456818284592838;0.971540323183993;1.14818146524878
3.11;0.466515762108753;0.967515259425633;1.15390234948022
3.12;0.476171970903497;0.963264253743945;1.15962323371165
3.13;0.485784658986187;0.958788968741915;1.16534411794309
3.14;0.49535159128216;0.954091131395142;1.17106500217452
3.15;0.504870550273882;0.949172532423525;1.17678588640595
3.16;0.514339336635501;0.94403502564492;1.18250677063739
3.17;0.523755769860851;0.938680527310992;1.18822765486882
3.18;0.533117688884734;0.933111015425499;1.19394853910025
3.19;0.542422952697315;0.92732852904523;1.19966942333169
3.2;0.551669440951441;0.921335167563851;1.20539030756312
3.21;0.560855054562721;0.915133089978882;1.21111119179456
3.22;0.569977716302211;0.908724514142087;1.21683207602599
3.23;0.579035371381522;0.902111715993488;1.22255296025742
3.24;0.588025988030192;0.895297028779301;1.22827384448886
3.25;0.596947558065175;0.888282842254026;1.23399472872029
3.26;0.605798097452272;0.881071601866977;1.23971561295173
3.27;0.614575646859366;0.87366580793351;1.24543649718316
3.28;0.623278272201297;0.866068014791233;1.25115738141459
3.29;0.631904065176229;0.858280829941467;1.25687826564603
3.3;0.640451143793376;0.85030691317625;1.26259914987746
3.31;0.648917652891926;0.84214897569117;1.2683200341089
3.32;0.657301764651032;0.833809779184304;1.27404091834033
3.33;0.665601679090733;0.825292134941577;1.27976180257176
3.34;0.673815624563668;0.816598902908823;1.2854826868032
3.35;0.681941858237453;0.807732990750856;1.29120357103463
3.36;0.689978666567587;0.798697352897855;1.29692445526606
3.37;0.697924365760769;0.789494989579365;1.3026453394975
3.38;0.705777302228502;0.780128945846238;1.30836622372893
3.39;0.71353585303086;0.77060231058081;1.31408710796037
3.4;0.721198426310308;0.760918215495646;1.3198079921918
3.41;0.728763461715457;0.751079834121163;1.32552887642323
3.42;0.736229430814645;0.741090380782464;1.33124976065467
3.43;0.743594837499244;0.730953109565695;1.3369706448861
3.44;0.75085821837658;0.720671313274263;1.34269152911754
3.45;0.758018143152373;0.71024832237524;1.34841241334897
3.46;0.765073215002597;0.699687503936294;1.3541332975804
3.47;0.772022070934668;0.688992260553463;1.35985418181184
3.48;0.778863382137872;0.678166029270138;1.36557506604327
3.49;0.785595854322942;0.667212280487563;1.37129595027471
3.5;0.7922182280507;0.656134516867221;1.37701683450614
3.51;0.798729279049699;0.644936272225422;1.38273771873757
3.52;0.805127818522762;0.633621110420466;1.38845860296901
3.53;0.811412693442372;0.622192624232706;1.39417948720044
3.54;0.817582786834828;0.610654434237864;1.39990037143187
3.55;0.823637018053102;0.599010187673956;1.40562125566331
3.56;0.829574343038343;0.587263557302171;1.41134213989474
3.57;0.835393754569963;0.575418240262058;1.41706302412618
3.58;0.841094282504246;0.563477956921365;1.42278390835761
3.59;0.846674994001436;0.551446449720907;1.42850479258904
3.6;0.852134993741256;0.539327482014787;1.43422567682048
3.61;0.857473424126803;0.52712483690635;1.43994656105191
3.62;0.862689465476786;0.514842316080219;1.44566744528335
3.63;0.867782336206075;0.502483738630759;1.45138832951478
3.64;0.87275129299451;0.490052939887347;1.45710921374621
3.65;0.877595630943957;0.477553770236787;1.46283009797765
3.66;0.882314683723571;0.464990093943236;1.46855098220908
3.67;0.886907823703254;0.452365787966004;1.47427186644052
3.68;0.891374462075278;0.439684740775571;1.47999275067195
3.69;0.895714048964064;0.426950851168199;1.48571363490338
3.7;0.899926073524104;0.414168027079472;1.49143451913482
3.71;0.904010064026008;0.401340184397155;1.49715540336625
3.72;0.907965587930685;0.388471245773687;1.50287628759769
3.73;0.911792251951646;0.375565139438708;1.50859717182912
3.74;0.915489702105431;0.362625798011937;1.51431805606055
3.75;0.919057623750175;0.349657157316792;1.52003894029199
3.76;0.922495741612305;0.336663155195072;1.52575982452342
3.77;0.925803819801399;0.323647730323083;1.53148070875485
3.78;0.928981661813205;0.310614821029542;1.53720159298629
3.79;0.932029110520862;0.297568364115621;1.54292247721772
3.8;0.934946048154313;0.284512293677472;1.54864336144916
3.81;0.937732396267976;0.271450539931594;1.55436424568059
3.82;0.940388115696668;0.258387028043372;1.56008512991202
3.83;0.942913206499834;0.245325676959152;1.56580601414346
3.84;0.945307707894119;0.232270398242185;1.57152689837489
3.85;0.947571698174313;0.21922509491278;1.57724778260633
3.86;0.949705294622717;0.206193660293019;1.58296866683776
3.87;0.951708653406981;0.19317997685636;1.58868955106919
3.88;0.953581969466461;0.180187915082469;1.59441043530063
3.89;0.955325476387145;0.167221332317617;1.60013131953206
3.9;0.956939446265218;0.154284071640973;1.6058522037635
3.91;0.958424189559306;0.141379960737118;1.61157308799493
3.92;0.959780054931483;0.12851281077512;1.61729397222636
3.93;0.961007429077098;0.115686415294475;1.6230148564578
3.94;0.962106736543491;0.102904549098258;1.62873574068923
3.95;0.963078439537673;0.0901709671537848;1.63445662492066
3.96;0.963923037723058;0.0774894035011128;1.6401775091521
3.97;0.964641068005297;0.0648635701696914;1.64589839338353
3.98;0.965233104307339;0.0522971561034704;1.65161927761497
3.99;0.965699757333763;0.0397938260947771;1.6573401618464
4;0.966041674324501;0.0273572197272645;1.66306104607783
4.01;0.96625953879803;0.0149909503282341;1.66878193030927
4.02;0.966354070284127;0.00269860393062833;1.6745028145407
4.03;0.966326024046289;-0.00951626175500996;1.68022369877214
4.04;0.966176190793927;-0.0216501183583219;1.68594458300357
4.05;0.965905396384415;-0.0336994678563723;1.691665467235
4.06;0.96551450151513;-0.045660843570062;1.69738635146644
4.07;0.965004401405565;-0.0575308111494311;1.70310723569787
4.08;0.964376008307089;-0.0693202706401432;1.70253418739482
4.09;0.9636297565527;-0.081111584996307;1.69681138340358
4.1;0.962765532003421;-0.0929155022842437;1.69108857941234
4.11;0.961783224652345;-0.10472846249569;1.68536577542109
4.12;0.960682760078188;-0.11654690903015;1.67964297142985
4.13;0.95946409940644;-0.128367289755163;1.67392016743861
4.14;0.95812723925992;-0.140186058063416;1.66819736344737
4.15;0.956672211698786;-0.151999673926382;1.66247455945612
4.16;0.955099084150016;-0.16380460494417;1.65675175546488
4.17;0.953407959326413;-0.17559732739129;1.65102895147364
4.18;0.951598975135171;-0.187374327258018;1.64530614748239
4.19;0.949672304576049;-0.199132101287061;1.63958334349115
4.2;0.9476281556292;-0.21086715800521;1.63386053949991
4.21;0.945466771132706;-0.222576018749698;1.62813773550866
4.22;0.943188428649875;-0.234255218688948;1.62241493151742
4.23;0.94079344032636;-0.245901307837418;1.61669212752618
4.24;0.938282152737151;-0.257510852064257;1.61096932353493
4.25;0.935654946723518;-0.269080434095475;1.60524651954369
4.26;0.93291223721995;-0.280606654509332;1.59952371555245
4.27;0.930054473071186;-0.292086132724669;1.5938009115612
4.28;0.927082136839384;-0.303515507981893;1.58807810756996
4.29;0.923995744601523;-0.314891440316331;1.58235530357872
4.3;0.920795845737097;-0.326210611523685;1.57663249958748
4.31;0.917483022706202;-0.337469726117292;1.57090969559623
4.32;0.914057890818082;-0.348665512276943;1.56518689160499
4.33;0.910521097990221;-0.359794722788967;1.55946408761375
4.34;0.90687332449809;-0.370854135977329;1.5537412836225
4.35;0.903115282715606;-0.381840556625469;1.54801847963126
4.36;0.899247716846429;-0.392750816888628;1.54229567564002
4.37;0.89527140264617;-0.403581777196397;1.53657287164877
4.38;0.891187147135629;-0.414330327145244;1.53085006765753
4.39;0.88699578830514;-0.424993386380764;1.52512726366629
4.4;0.882698194810155;-0.435567905469396;1.51940445967504
4.41;0.878295265658147;-0.446050866759389;1.5136816556838
4.42;0.873787929886963;-0.456439285230745;1.50795885169256
4.43;0.869177146234717;-0.466730209333929;1.50223604770131
4.44;0.864463902801357;-0.476920721817106;1.49651324371007
4.45;0.859649216702011;-0.487007940541666;1.49079043971883
4.46;0.854734133712221;-0.496989019285829;1.48506763572759
4.47;0.849719727905209;-0.506861148536105;1.47934483173634
4.48;0.844607101281278;-0.516621556266377;1.4736220277451
4.49;0.839397383389475;-0.526267508704425;1.46789922375386
4.5;0.834091730941652;-0.535796311085652;1.46217641976261
4.51;0.828691327419043;-0.545205308393828;1.45645361577137
4.52;0.823197382671501;-0.554491886088648;1.45073081178013
4.53;0.817611132509508;-0.563653470819896;1.44500800778888
4.54;0.811933838289112;-0.572687531128047;1.43928520379764
4.55;0.80616678648992;-0.581591578131104;1.4335623998064
4.56;0.800311288286281;-0.590363166197481;1.42783959581515
4.57;0.794368679111804;-0.598999893604786;1.42211679182391
4.58;0.78834031821736;-0.607499403184284;1.41639398783267
4.59;0.78222758822269;-0.615859382950921;1.41067118384143
4.6;0.776031894661796;-0.624077566718704;1.40494837985018
4.61;0.769754665522227;-0.6321517347013;1.39922557585894
4.62;0.763397350778442;-0.6400797140977;1.3935027718677
4.63;0.756961421919368;-0.647859379662782;1.38777996787645
4.64;0.75044837147034;-0.655488654262642;1.38205716388521
4.65;0.743859712509538;-0.662965509414553;1.37633435989397
4.66;0.737196978179105;-0.670287965811407;1.37061155590272
4.67;0.730461721191089;-0.677454093830516;1.36488875191148
4.68;0.723655513328367;-0.684462014026646;1.35916594792024
4.69;0.71677994494071;-0.691309897609162;1.35344314392899
4.7;0.709836624436147;-0.697995966903167;1.34772033993775
4.71;0.702827177767793;-0.704518495794532;1.34199753594651
4.72;0.6957532479163;-0.710875810158696;1.33627473195526
4.73;0.688616494368089;-0.717066288273152;1.33055192796402
4.74;0.681418592589533;-0.723088361213514;1.32482912397278
4.75;0.674161233497258;-0.728940513233075;1.31910631998154
4.76;0.666846122924716;-0.734621282125772;1.31338351599029
4.77;0.659474981085206;-0.740129259572481;1.30766071199905
4.78;0.65204954203151;-0.745463091470561;1.30193790800781
4.79;0.644571553112306;-0.750621478246581;1.29621510401656
4.8;0.637042774425532;-0.75560317515216;1.29049230002532
4.81;0.629464978268861;-0.760406992542871;1.28476949603408
4.82;0.621839948587478;-0.765031796140142;1.27904669204283
4.83;0.614169480419298;-0.769476507276112;1.27332388805159
4.84;0.606455379337821;-0.773740103121398;1.26760108406035
4.85;0.598699460892789;-0.777821616895731;1.2618782800691
4.86;0.590903550048806;-0.781720138061425;1.25615547607786
4.87;0.583069480622107;-0.785434812499663;1.25043267208662
4.88;0.575199094715639;-0.78896484266956;1.24470986809538
4.89;0.567294242152628;-0.792309487749995;1.23898706410413
4.9;0.559356779908808;-0.795468063764199;1.23326426011289
4.91;0.551388571543478;-0.798439943687086;1.22754145612165
4.92;0.543391486629569;-0.801224557535331;1.2218186521304
4.93;0.535367400182881;-0.803821392440189;1.21609584813916
4.94;0.527318192090677;-0.806229992703079;1.21037304414792
4.95;0.519245746539789;-0.808449959833917;1.20465024015667
4.96;0.511151951444428;-0.810480952572257;1.19892743616543
4.97;0.503038697873856;-0.812322686891218;1.19320463217419
4.98;0.494907879480092;-0.813974935984266;1.18748182818294
4.99;0.486761391925835;-0.815437530234855;1.1817590241917
5;0.478601132312761;-0.816710357168982;1.17603622020046
5.01;0.470428998610374;-0.817793361390692;1.17031341620921
5.02;0.462246889085581;-0.818686544500587;1.16459061221797
5.03;0.45405670173315;-0.819389964997387;1.15886780822673
5.04;0.445860333707241;-0.819903738162604;1.15314500423549
5.05;0.437659680754152;-0.820228035928396;1.14742220024424
5.06;0.429456636646472;-0.820363086728665;1.141699396253
5.07;0.421253092618798;-0.820309175333474;1.13597659226176
5.08;0.413050936805171;-0.820066642666857;1.13025378827051
5.09;0.404852053678428;-0.819635885608121;1.12453098427927
5.1;0.396658323491593;-0.819017356776699;1.11880818028803
5.11;0.388471621721513;-0.818211564300683;1.11308537629678
5.12;0.380293818514866;-0.817219071569099;1.10736257230554
5.13;0.372126778136731;-0.816040496968056;1.1016397683143
5.14;0.363972358421859;-0.814676513600852;1.09591696432305
5.15;0.355832410228823;-0.813127848992163;1.09019416033181
5.16;0.347708776897189;-0.811395284776433;1.08447135634057
5.17;0.339603293707884;-0.809479656370569;1.07874855234932
5.18;0.331517787346897;-0.807381852631083;1.07302574835808
5.19;0.323454075372485;-0.805102815495802;1.06730294436684
5.2;0.315413965686025;-0.802643539610288;1.0615801403756
5.21;0.307399256006679;-0.800005071939088;1.05585733638435
5.22;0.299411733350005;-0.797188511361983;1.05013453239311
5.23;0.291453173510675;-0.794195008255356;1.04441172840187
5.24;0.283525340549451;-0.791025764058854;1.03868892441062
5.25;0.275629986284554;-0.787682030827481;1.03296612041938
5.26;0.267768849787577;-0.784165110769291;1.02724331642814
5.27;0.259943656884092;-0.78047635576884;1.02152051243689
5.28;0.252156119659077;-0.776617166896566;1.01579770844565
5.29;0.244407935967316;-0.772588993904272;1.01007490445441
5.3;0.23670078894891;-0.76839333470688;1.00435210046316
5.31;0.229036346550025;-0.764031734850636;0.998629296471922
5.32;0.221416261049022;-0.759505786967957;0.992906492480679
5.33;0.213842168588095;-0.754817130219094;0.987183688489435
5.34;0.206315688710555;-0.749967449720816;0.981460884498192
5.35;0.198838423903885;-0.744958475962287;0.975738080506949
5.36;0.191411959148684;-0.739791984208361;0.970015276515706
5.37;0.184037861473649;-0.734469793890467;0.964292472524463
5.38;0.17671767951669;-0.728993767985311;0.95856966853322
5.39;0.169452943092317;-0.723365812381591;0.952846864541977
5.4;0.162245162765417;-0.717587875234929;0.947124060550734
5.41;0.155095829431528;-0.711661946311254;0.941401256559491
5.42;0.148006413903732;-0.705590056318833;0.935678452568248
5.43;0.140978366506279;-0.699374276229177;0.929955648577004
5.44;0.134013116675049;-0.693016716587048;0.924232844585761
5.45;0.127112072564968;-0.686519526809786;0.918510040594518
5.46;0.12027662066447;-0.679884894476192;0.912787236603275
5.47;0.11350812541712;-0.673115044605189;0.907064432612032
5.48;0.106807928850499;-0.666212238924504;0.901341628620789
5.49;0.100177350212439;-0.659178775129598;0.895618824629546
5.5;0.093617685614718;-0.652016986133097;0.889896020638303
5.51;0.0871302076842978;-0.644729239304941;0.88417321664706
5.52;0.0807161652222061;-0.637317935703531;0.878450412655816
5.53;0.0743767828701423;-0.629785509298076;0.872727608664573
5.54;0.068113260784901;-0.622134426182431;0.86700480467333
5.55;0.0619267743206933;-0.614367183780641;0.861282000682087
5.56;0.0558184737194502;-0.606486310044472;0.855559196690844
5.57;0.0497894838091845;-0.59849436264316;0.849836392699601
5.58;0.0438409037104905;-0.590393928145648;0.844113588708358
5.59;0.0379738065512532;-0.582187621195569;0.838390784717115
5.6;0.0321892391896401;-0.573878083679224;0.832667980725872
5.61;0.0264882219454436;-0.565467983886833;0.826945176734629
5.62;0.0208717483398395;-0.556960015667299;0.821222372743385
5.63;0.0153407848436273;-0.548356897576783;0.815499568752142
5.64;0.00989627063401074;-0.539661372021313;0.809776764760899
5.65;0.0045391173599781;-0.53087620439374;0.804053960769656
5.66;-0.00072979108366192;-0.522004182205265;0.798331156778413
5.67;-0.00590959877353684;-0.513048114211848;0.79260835278717
5.68;-0.0109994779662088;-0.504010829535735;0.786885548795927
5.69;-0.0159986292978671;-0.494895176782402;0.781162744804684
5.7;-0.0209062819751711;-0.485704023153165;0.775439940813441
5.71;-0.0257216939572002;-0.476440253553747;0.769717136822198
5.72;-0.0304441521284722;-0.467106769699074;0.763994332830955
5.73;-0.0350729724629944;-0.457706489214559;0.758271528839711
5.74;-0.0396075001793121;-0.448242344734176;0.752548724848468
5.75;-0.0440471098865244;-0.438717282995569;0.746825920857225
5.76;-0.0483912057212393;-0.429134263932505;0.741103116865982
5.77;-0.0526392214754416;-0.419496259764917;0.735380312874739
5.78;-0.0567906207152525;-0.409806254086838;0.729657508883496
5.79;-0.0608448968905588;-0.400067240952487;0.723934704892253
5.8;-0.0648015734354965;-0.390282223960791;0.71821190090101
5.81;-0.0686602038597735;-0.380454215338627;0.712489096909767
5.82;-0.0724203718308197;-0.370586235023036;0.706766292918523
5.83;-0.076081691246756;-0.360681309742726;0.70104348892728
5.84;-0.0796438063001755;-0.350742472099095;0.695320684936037
5.85;-0.0831063915327349;-0.340772759647091;0.689597880944794
5.86;-0.0864691518805535;-0.330775213976157;0.683875076953551
5.87;-0.0897318227104239;-0.320752879791548;0.678152272962308
5.88;-0.0928941698468383;-0.310708803996295;0.672429468971065
5.89;-0.0959559895898383;-0.300646034774086;0.666706664979822
5.9;-0.0989171087236987;-0.290567620673339;0.660983860988579
5.91;-0.101777384516459;-0.280476609692742;0.655261056997335
5.92;-0.104536704710315;-0.27037604836853;0.649538253006092
5.93;-0.107194987502899;-0.260268980863762;0.643815449014849
5.94;-0.109752181519452;-0.250158448059885;0.638092645023606
5.95;-0.112208265775934;-0.240047486650837;0.632369841032363
5.96;-0.11456324963308;-0.229939128239961;0.62664703704112
5.97;-0.116817172741441;-0.219836398439999;0.620924233049877
5.98;-0.118970104977443;-0.209742315976432;0.615201429058634
5.99;-0.121022146370487;-0.199659891794419;0.609478625067391
6;-0.12297342702115;-0.18959212816961;0.603755821076148
6.01;-0.124824107010493;-0.179542017823078;0.598033017084904
6.02;-0.126574376300557;-0.169512543040643;0.592310213093661
6.03;-0.12822445462606;-0.159506674796835;0.586587409102418
6.04;-0.129774591377361;-0.149527371883756;0.580864605111175
6.05;-0.131225065474736;-0.139577580045082;0.575141801119932
6.06;-0.132576185234013;-0.12966023111548;0.569418997128689
6.07;-0.133828288223631;-0.119778242165658;0.563696193137446
6.08;-0.134981741113178;-0.10993451465332;0.557973389146203
6.09;-0.136036939513459;-0.100131933580256;0.55225058515496
6.1;-0.136994307808169;-0.0903733666558153;0.546527781163716
6.11;-0.137854298977225;-0.0806616634670019;0.540804977172473
6.12;-0.138617394411841;-0.0709996546554241;0.53508217318123
6.13;-0.139284103721386;-0.0613901511013433;0.529359369189987
6.14;-0.139854964532135;-0.0518359431150457;0.523636565198744
6.15;-0.140330542277951;-0.0423397996357701;0.517913761207501
6.16;-0.140711429983002;-0.0329044674384199;0.512190957216258
6.17;-0.140998248036576;-0.0235326703482811;0.506468153225015
6.18;-0.141191643960082;-0.0142271084639699;0.500745349233772
6.19;-0.141292292166317;-0.0049904573888285;0.495022545242529
6.2;-0.141300893711086;0.00417463252901607;0.489299741251285
6.21;-0.141218176037262;0.0132655369477162;0.483576937260042
6.22;-0.14104489271138;0.0222796582736813;0.477854133268799
6.23;-0.140781823152844;0.0312144263942627;0.472131329277556
6.24;-0.140429772355863;0.0400672994009408;0.466408525286313
6.25;-0.139989570604181;0.0488357643028155;0.46068572129507
6.26;-0.139462073178737;0.0575173377302015;0.454962917303827
6.27;-0.138848160058315;0.0661095666281358;0.449240113312584
6.28;-0.138148735613319;0.074610028939605;0.44351730932134
6.29;-0.137364728292755;0.0830163342783077;0.437794505330097
6.3;-0.136497090304535;0.0913261245907659;0.432071701338854
6.31;-0.135546797289214;0.0995370748076072;0.426348897347611
6.32;-0.13451484798725;0.10764689348384;0.420626093356368
6.33;-0.133402263899926;0.115653323427948;0.414903289365125
6.34;-0.132210088944027;0.123554142319638;0.409180485373882
6.35;-0.130939389100385;0.13134716331607;0.403457681382639
6.36;-0.129591252056422;0.139030235646416;0.397734877391396
6.37;-0.128166786842801;0.146601245194575;0.392012073400153
6.38;-0.126667123464293;0.154058115069906;0.38628926940891
6.39;-0.125093412525005;0.161398806165822;0.380566465417667
6.4;-0.12344682484807;0.168621317706094;0.374843661426423
6.41;-0.121728551089928;0.175723687778724;0.36912085743518
6.42;-0.119939801349329;0.182703993857259;0.363398053443937
6.43;-0.118081804771179;0.189560353309396;0.357675249452694
6.44;-0.116155809145354;0.196290923892753;0.351952445461451
6.45;-0.114163080500623;0.202893904237687;0.346229641470208
6.46;-0.112104902693789;0.209367534317028;0.340506837478965
6.47;-0.109982576994204;0.215710095902606;0.334784033487722
6.48;-0.107797421663772;0.221919913008474;0.329061229496478
6.49;-0.105550771532581;0.2279953523207;0.323338425505235
6.5;-0.103243977570298;0.233934823613634;0.317615621513992
6.51;-0.100878406453465;0.239736780152533;0.311892817522749
6.52;-0.0984554401288273;0.245399719082473;0.306170013531506
6.53;-0.0959764753728365;0.250922181803424;0.300447209540263
6.54;-0.0934429233474635;0.256302754331427;0.29472440554902
6.55;-0.0908562091524653;0.261540067645765;0.289001601557777
6.56;-0.0882177713742413;0.266632798022066;0.283278797566534
6.57;-0.0855290616314232;0.271579667351257;0.27755599357529
6.58;-0.082791544117339;0.276379443444287;0.271833189584047
6.59;-0.0800066951394935;0.281030940322574;0.266110385592804
6.6;-0.0771760026562098;0.285533018494087;0.260387581601561
6.61;-0.0743009658105742;0.289884585215032;0.254664777610318
6.62;-0.0713830944618293;0.294084594737065;0.248941973619075
6.63;-0.0684239087143605;0.298132048539998;0.243219169627832
6.64;-0.0654249384444208;0.302025995549943;0.237496365636589
6.65;-0.0623877228247394;0.305765532342869;0.231773561645346
6.66;-0.0593138098471613;0.309349803333509;0.226050757654103
6.67;-0.0562047558434632;0.312778000949621;0.22032795366286
6.68;-0.0530621250044932;0.31604936579154;0.214605149671617
6.69;-0.0498874888977812;0.319163186777028;0.208882345680373
6.7;-0.0466824259837666;0.322118801271387;0.20315954168913
6.71;-0.043448521130792;0.32491559520282;0.197436737697887
6.72;-0.0401873651290088;0.327553003163048;0.191713933706644
6.73;-0.0369005542033441;0.330030508493159;0.185991129715401
6.74;-0.0335896895256744;0.332347643354694;0.180268325724158
6.75;-0.0302563767263557;0.334503988785987;0.174545521732915
6.76;-0.0269022254052562;0.336499174743743;0.168822717741672
6.77;-0.0235288486424397;0.338332880129894;0.163099913750429
6.78;-0.0201378625086464;0.340004832803726;0.157377109759185
6.79;-0.0167308855757189;0.341514809579318;0.151654305767942
6.8;-0.0133095384271198;0.342862636208306;0.145931501776699
6.81;-0.00987544316868746;0.344048187348007;0.140208697785456
6.82;-0.0064302229397763;0.345071386514941;0.134485893794213
6.83;-0.00297550142492742;0.345932206023784;0.12876308980297
6.84;0.000487097633784782;0.3466306669118;0.123040285811727
6.85;0.00395595092358522;0.347166838848794;0.117317481820484
6.86;0.00742943604686534;0.34754084003265;0.111594677829241
6.87;0.0109059320059409;0.34775283707049;0.105871873837998
6.88;0.0143838196865572;0.347803044845536;0.100149069846754
6.89;0.0178614823399983;0.347691726369724;0.0944262658555113
6.9;0.0213373060636589;0.347419192622149;0.0887034618642681
6.91;0.0248096802799372;0.346985802373402;0.082980657873025
6.92;0.0282769982133078;0.346391961995892;0.0772578538817821
6.93;0.0317376573654347;0.345638125260212;0.0715350498905389
6.94;0.0351900599881864;0.344724793117665;0.0658122458992958
6.95;0.0386326135544133;0.343652513469002;0.0600894419080527
6.96;0.0420637312263512;0.342421880919495;0.0543666379168095
6.97;0.0454818323215148;0.341033536520431;0.0486438339255664
6.98;0.0488853427759445;0.339488167497122;0.0429210299343235
6.99;0.0522726956046737;0.337786506963543;0.0371982259430803
7;0.0556423313592828;0.335929333623711;0.0314754219518372
7.01;0.0589926985824068;0.333917471459898;0.025752617960594
7.02;0.0623222542590674;0.331751789407825;0.0200298139693509
7.03;0.0656294642646982;0.329433201018922;0.0143070099781077
7.04;0.0689128038097348;0.326962664109803;0.00858420598686482
7.05;0.0721707578806427;0.324341180399077;0.00286140199562168
7.06;0.0754018273995584;0.321575516925619;0
7.07;0.0786047612920859;0.318709638246757;0
7.08;0.0817786277988671;0.315753148509425;0
7.09;0.0849225254773578;0.312707089682872;0
7.1;0.088035563417766;0.309572528794821;0
7.11;0.0911168614920091;0.306350557568549;0
7.12;0.0941655505990114;0.303042292053185;0
7.13;0.0971807729062745;0.299648872247358;0
7.14;0.100161682087654;0.296171461716309;0
7.15;0.103107443557281;0.292611247202593;0
7.16;0.106017234699558;0.288969438230512;0
7.17;0.108890245095174;0.285247266704387;0
7.18;0.111725676743075;0.281445986500825;0
7.19;0.114522744278334;0.277566873055086;0
7.2;0.117280675185847;0.273611222941712;0
7.21;0.119998710009826;0.269580353449528;0
7.22;0.122676102559004;0.265475602151174;0
7.23;0.12531212010752;0.261298326467292;0
7.24;0.127906043591414;0.25704990322551;0
7.25;0.130457167800698;0.252731728214373;0
7.26;0.132964801566939;0.248345215732349;0
7.27;0.135428267946309;0.243891798132072;0
7.28;0.137846904398061;0.239372925359942;0
7.29;0.140220062958377;0.234790064491258;0
7.3;0.142547110409549;0.230144699261002;0
7.31;0.144827428444449;0.225438329590446;0
7.32;0.147060413826248;0.220672471109713;0
7.33;0.149245478543341;0.215848654676455;0
7.34;0.151382049959442;0.210968425890788;0
7.35;0.153469570958812;0.206033344606648;0
7.36;0.155507500086588;0.201044984439709;0
7.37;0.15749531168417;0.196004932272024;0
7.38;0.15943249601965;0.19091478775354;0
7.39;0.161318559413231;0.185776162800643;0
7.4;0.163153024357627;0.180590681091884;0
7.41;0.164935429633405;0.175359977561053;0
7.42;0.166665330419249;0.170085697887744;0
7.43;0.168342298397115;0.16476949798558;0
7.44;0.169965921852257;0.159413043488241;0
7.45;0.171535805768115;0.154018009233472;0
7.46;0.17305157191602;0.148586078745213;0
7.47;0.174512858939721;0.143118943714016;0
7.48;0.17591932243471;0.137618303475905;0
7.49;0.177270635022322;0.132085864489848;0
7.5;0.17856648641861;0.12652333981398;0
7.51;0.17980658349798;0.120932448580758;0
7.52;0.18099065035156;0.115314915471189;0
7.53;0.182118428340326;0.109672470188309;0
7.54;0.183189676142944;0.10400684693005;0
7.55;0.184204169798349;0.0983197838616721;0
7.56;0.185161702743041;0.0926130225879125;0
7.57;0.186062085843105;0.0868883076250093;0
7.58;0.186905147420951;0.0811473858727606;0
7.59;0.187690733276771;0.0753920060867764;0
7.6;0.188418706704728;0.0696239183510814;0
7.61;0.189088948503865;0.0638448735512257;0
7.62;0.189701356983755;0.058056622848061;0
7.63;0.190255847964886;0.0522609171523386;0
7.64;0.1907523547738;0.0464595066002854;0
7.65;0.191190828232992;0.0406541400303133;0
7.66;0.191571236645585;0.0348465644610171;0
7.67;0.191893565774781;0.0290385245706152;0
7.68;0.192157818818126;0.023231762177986;0
7.69;0.192364016376589;0.017428015725454;0
7.7;0.19251219641847;0.0116290197634764;0
7.71;0.192602414238172;0.00583650443738229;0
7.72;0.192634742409854;5.21949763147617e-05;0
7.73;0.192609270735968;-0.00572218881547582;0
7.74;0.192526106190738;-0.0114849330648373;0
7.75;0.192385372858577;-0.0172343303332736;0
7.76;0.192187211867486;-0.0229686801177085;0
7.77;0.191931781317456;-0.0286862893483092;0
7.78;0.191619256203907;-0.0343854728832266;0
7.79;0.191249828336195;-0.040064554000109;0
7.8;0.190823706251216;-0.0457218648842464;0
7.81;0.190341115122145;-0.0513557471132064;0
7.82;0.189802296662349;-0.0569645521378213;0
7.83;0.1892075090245;-0.0625466417593895;0
7.84;0.188557026694939;-0.0681003886029535;0
7.85;0.187851140383325;-0.0736241765865199;0
7.86;0.187090156907607;-0.0791164013860885;0
7.87;0.186274399074368;-0.0845754708963569;0
7.88;0.185404205554582;-0.0899998056869709;0
7.89;0.184479930754826;-0.0953878394541914;0
7.9;0.183501944684001;-0.10073801946785;0
7.91;0.182470632815602;-0.106048807013467;0
7.92;0.18138639594559;-0.11131867782941;0
7.93;0.180249650045913;-0.116546122538967;0
7.94;0.179060826113735;-0.121729647077216;0
7.95;0.177820370016412;-0.12686777311257;0
7.96;0.176528742332288;-0.131959038462883;0
7.97;0.175186418187342;-0.137001997505999;0
7.98;0.173793887087766;-0.141995221584628;0
7.99;0.172351652748511;-0.146937299405449;0
8;0.170860232917881;-0.151826837432315;0
8.01;0.169320159198204;-0.156662460273459;0
8.02;0.167731976862675;-0.161442811062601;0
8.03;0.166096244668407;-0.166166551833843;0
8.04;0.164413534665761;-0.170832363890254;0
8.05;0.162684432004026;-0.175438948166048;0
8.06;0.160909534733497;-0.179985025582249;0
8.07;0.159089453604034;-0.184469337395764;0
8.08;0.157224811860154;-0.188890645541747;0
8.09;0.155316245032734;-0.193247732969188;0
8.1;0.153364400727391;-0.197539403969619;0
8.11;0.151369938409597;-0.20176448449886;0
8.12;0.149333529186618;-0.205921822491714;0
8.13;0.147255855586332;-0.210010288169543;0
8.14;0.145137611333009;-0.214028774340619;0
8.15;0.142979501120115;-0.217976196693206;0
8.16;0.140782240380219;-0.221851494081262;0
8.17;0.13854655505208;-0.225653628802722;0
8.18;0.136273181344981;-0.229381586870262;0
8.19;0.133962865500392;-0.233034378274498;0
8.2;0.131616363551033;-0.23661103723954;0
8.21;0.12923444107742;-0.240110622470844;0
8.22;0.12681787296196;-0.2435322173953;0
8.23;0.124367443140691;-0.246874930393498;0
8.24;0.121883944352723;-0.250137895024109;0
8.25;0.11936817788748;-0.253320270240341;0
8.26;0.116820953329809;-0.256421240598407;0
8.27;0.114243088303043;-0.259440016457955;0
8.28;0.11163540821009;-0.262375834174428;0
8.29;0.108998745972645;-0.265227956283295;0
8.3;0.106333941768584;-0.267995671676119;0
8.31;0.103641842767649;-0.270678295768421;0
8.32;0.100923302865477;-0.273275170659306;0
8.33;0.0981791824160765;-0.275785665282815;0
8.34;0.0954103479628318;-0.278209175550974;0
8.35;0.0926176719681064;-0.280545124488511;0
8.36;0.0898020325415415;-0.282792962359208;0
8.37;0.086964313167128;-0.284952166783879;0
8.38;0.0841054024291356;-0.287022242849941;0
8.39;0.0812261937369852;-0.289002723212561;0
8.4;0.0783275850491467;-0.290893168187369;0
8.41;0.0754104785961486;-0.29269316583472;0
8.42;0.0724757806027825;-0.29440233203549;0
8.43;0.069524401009588;-0.296020310558409;0
8.44;0.0665572531937023;-0.297546773118912;0
8.45;0.0635752536891592;-0.298981419429518;0
8.46;0.0605793219067233;-0.300323977241723;0
8.47;0.0575703798533423;-0.301574202379422;0
8.48;0.0545493518513042;-0.302731878763855;0
8.49;0.0515171642571823;-0.303796818430089;0
8.5;0.0484747451806541;-0.304768861535046;0
8.51;0.0454230242032774;-0.305647876357081;0
8.52;0.0423629320973095;-0.30643375928714;0
8.53;0.039295400544651;-0.307126434811501;0
8.54;0.0362213618560019;-0.307725855486121;0
8.55;0.0331417486903105;-0.308232001902617;0
8.56;0.0300574937746008;-0.308644882645899;0
8.57;0.0269695296242607;-0.308964534243487;0
8.58;0.0238787882638744;-0.309191021106536;0
8.59;0.0207862009486819;-0.309324435462605;0
8.6;0.0176926978867478;-0.309364897280206;0
8.61;0.0145992079619212;-0.309312554185162;0
8.62;0.011506658457669;-0.30916758136882;0
8.63;0.00841597478186363;-0.308930181488165;0
8.64;0.00532808019260572;-0.308600584557861;0
8.65;0.00224389552516253;-0.308179047834285;0
8.66;-0.000835661079897952;-0.307665855691595;0
8.67;-0.00390967444729801;-0.307061319489873;0
8.68;-0.00697723263628723;-0.306365777435419;0
8.69;-0.0100374272084472;-0.305579594433226;0
8.7;-0.0130893534939862;-0.30470316193171;0
8.71;-0.0161321108564462;-0.30373689775975;0
8.72;-0.0191648029557464;-0.302681245956103;0
8.73;-0.0221865380094864;-0.301536676591247;0
8.74;-0.0251964290524341;-0.300303685581737;0
8.75;-0.0281935941941237;-0.298982794497128;0
8.76;-0.0311771568744902;-0.297574550359538;0
8.77;-0.0341462461174654;-0.296079525435926;0
8.78;-0.0370999967824661;-0.294498317023168;0
8.79;-0.0400375498136989;-0.292831547225985;0
8.8;-0.0429580524872141;-0.291079862727832;0
8.81;-0.0458606586556359;-0.289243934554797;0
8.82;-0.048744528990501;-0.287324457832625;0
8.83;-0.0516088312221371;-0.285322151536919;0
8.84;-0.0544527403770121;-0.283237758236637;0
8.85;-0.0572754390124893;-0.281072043830947;0
8.86;-0.0600761174489213;-0.278825797279543;0
8.87;-0.0628539739990179;-0.276499830326513;0
8.88;-0.0656082151944237;-0.274094977217851;0
8.89;-0.0683380560094435;-0.271612094412713;0
8.9;-0.0710427200818517;-0.269052060288503;0
8.91;-0.0737214399307249;-0.2664157748399;0
8.92;-0.076373457171239;-0.263704159371928;0
8.93;-0.0789980227263695;-0.260918156187153;0
8.94;-0.0815943970354379;-0.258058728267131;0
8.95;-0.0841618502594479;-0.255126858948209;0
8.96;-0.0866996624831536;-0.25212355159177;0
8.97;-0.0892071239138057;-0.249049829249055;0
8.98;-0.0916835350765229;-0.245906734320645;0
8.99;-0.094128207006233;-0.242695328210741;0
9;-0.0965404614361351;-0.239416690976334;0
9.01;-0.0989196309826299;-0.236071920971389;0
9.02;-0.101265059326671;-0.232662134486154;0
9.03;-0.103576101391486;-0.229188465381716;0
9.04;-0.105852123516625;-0.225652064719916;0
9.05;-0.108092503628284;-0.222054100388739;0
9.06;-0.110296631405866;-0.218395756723315;0
9.07;-0.11246390844473;-0.214678234122632;0
9.08;-0.114593748415091;-0.210902748662095;0
9.09;-0.116685577217025;-0.207070531702052;0
9.1;-0.118738833131541;-0.203182829492412;0
9.11;-0.120752966967686;-0.199240902773479;0
9.12;-0.122727442205636;-0.195246026373124;0
9.13;-0.124661735135751;-0.191199488800436;0
9.14;-0.12655533499354;-0.187102591835959;0
9.15;-0.128407744090524;-0.182956650118663;0
9.16;-0.130218477940947;-0.178762990729767;0
9.17;-0.131987065384318;-0.174522952773549;0
9.18;-0.133713048703741;-0.170237886955272;0
9.19;-0.135395983740018;-0.165909155156356;0
9.2;-0.137035440001486;-0.161538130006933;0
9.21;-0.138631000769576;-0.157126194455914;0
9.22;-0.140182263200055;-0.152674741338699;0
9.23;-0.141688838419934;-0.14818517294267;0
9.24;-0.143150351620031;-0.143658900570594;0
9.25;-0.14456644214315;-0.13909734410208;0
9.26;-0.145936763567868;-0.134501931553207;0
9.27;-0.147260983787913;-0.129874098634485;0
9.28;-0.148538785087115;-0.125215288307257;0
9.29;-0.14976986420991;-0.120526950338697;0
9.3;-0.150953932427393;-0.115810540855525;0
9.31;-0.152090715598898;-0.111067521896597;0
9.32;-0.15317995422911;-0.106299360964472;0
9.33;-0.154221403520669;-0.101507530576131;0
9.34;-0.155214833422301;-0.0966935078129504;0
9.35;-0.156160028672427;-0.0918587738700915;0
9.36;-0.157056788838276;-0.0870048136054229;0
9.37;-0.157904928350477;-0.0821331150881251;0
9.38;-0.158704276533145;-0.0772451691471074;0
9.39;-0.15945467762944;-0.0723424689193726;0
9.4;-0.16015599082262;-0.0674265093984669;0
9.41;-0.160808090252576;-0.0624987869831491;0
9.42;-0.16141086502785;-0.0575607990264144;0
9.43;-0.161964219233154;-0.0526140433850069;0
9.44;-0.162468071932379;-0.0476600179695559;0
9.45;-0.162922357167116;-0.0427002202954684;0
9.46;-0.163327023950682;-0.0377361470347127;0
9.47;-0.163682036257676;-0.0327692935686249;0
9.48;-0.163987373009062;-0.0278011535418708;0
9.49;-0.164243028052801;-0.0228332184176949;0
9.5;-0.164449010140039;-0.0178669770345878;0
9.51;-0.164605342896873;-0.0129039151645025;0
9.52;-0.1647120647917;-0.00794551507274902;0
9.53;-0.164769229098182;-0.00299325507969636;0
9.54;-0.164776903853823;0.00195139087558929;0
9.55;-0.16473517181421;0.00688695366964324;0
9.56;-0.164644130402903;0.0118119694267111;0
9.57;-0.164503891657024;0.0167249799485418;0
9.58;-0.164314582168557;0.02162453314174;0
9.59;-0.164076343021388;0.0265091834425541;0
9.6;-0.163789329724103;0.0313774922389769;0
9.61;-0.163453712138584;0.0362280282900369;0
9.62;-0.16306967440442;0.0410593681421593;0
9.63;-0.162637414859175;0.0458700965424772;0
9.64;-0.162157145954528;0.0506588068489743;0
9.65;-0.161629094168333;0.0554241014373412;0
9.66;-0.161053499912623;0.0601645921044298;0
9.67;-0.160430617437597;0.0648789004681894;0
9.68;-0.159760714731621;0.0695656583639725;0
9.69;-0.159044073417285;0.0742235082370958;0
9.7;-0.15828098864355;0.0788511035315465;0
9.71;-0.15747176897403;0.0834471090747236;0
9.72;-0.156616736271437;0.0880102014581056;0
9.73;-0.155716225578244;0.0925390694137372;0
9.74;-0.154770584993602;0.0970324141864305;0
9.75;-0.153780175546555;0.101488949901575;0
9.76;-0.15274537106559;0.105907403928454;0
9.77;-0.151666558044586;0.110286517238967;0
9.78;-0.150544135505186;0.114625044761661;0
9.79;-0.14937851485566;0.118921755730963;0
9.8;-0.148170119746287;0.123175434031529;0
9.81;-0.146919385921326;0.12738487853761;0
9.82;-0.145626761067608;0.131548903447339;0
9.83;-0.144292704659816;0.135666338611848;0
9.84;-0.142917687802488;0.139736029859136;0
9.85;-0.141502193068815;0.14375683931258;0
9.86;-0.140046714336272;0.147727645704022;0
9.87;-0.138551756619146;0.151647344681334;0
9.88;-0.137017835898008;0.155514849110389;0
9.89;-0.1354454789462;0.159329089371345;0
9.9;-0.133835223153378;0.16308901364918;0
9.91;-0.132187616346179;0.166793588218374;0
9.92;-0.130503216606063;0.170441797721701;0
9.93;-0.128782592084402;0.174032645443012;0
9.94;-0.12702632081486;0.177565153573984;0
9.95;-0.125234990523141;0.181038363474725;0
9.96;-0.12340919843415;0.184451335928194;0
9.97;-0.121549551076646;0.187803151388361;0
9.98;-0.119656664085439;0.191092910222041;0
9.99;-0.117731162001192;0.194319732944346;0
10;-0.115773678067909;0.197482760447691;0
10.01;-0.113784854028147;0.200581154224298;0
10.02;-0.11176533991605;0.203614096582144;0
10.03;-0.109715793848236;0.2065807908543;0
10.04;-0.107636881812633;0.209480461601599;0
10.05;-0.105529277455312;0.212312354808602;0
10.06;-0.103393661865396;0.215075738072805;0
10.07;-0.101230723358099;0.217769900787033;0
10.08;-0.09904115725598;0.220394154314996;0
10.09;-0.0968256656684705;0.222947832159952;0
10.1;-0.0945849572697435;0.225430290126452;0
10.11;-0.0923197470749991;0.227840906475106;0
10.12;-0.090030756215233;0.230179082070372;0
10.13;-0.0877187117105587;0.232444240521295;0
10.14;-0.0853843462421548;0.234635828315203;0
10.15;-0.0830283979229057;0.236753314944303;0
10.16;-0.08065161006681;0.238796193025174;0
10.17;-0.0782547309572249;0.24076397841111;0
10.18;-0.07583851361402;0.242656210297318;0
10.19;-0.0734037155597109;0.244472451318931;0
10.2;-0.0709510985846455;0.246212287641823;0
10.21;-0.0684814285113145;0.247875329046226;0
10.22;-0.065995474957858;0.249461209003108;0
10.23;-0.0634940111008407;0.250969584743336;0
10.24;-0.0609778134373688;0.252400137319584;0
10.25;-0.0584476615466197;0.253752571661001;0
10.26;-0.0559043378508578;0.255026616620624;0
10.27;-0.0533486273760094;0.256222025015543;0
10.28;-0.0507813175118672;0.257338573659808;0
10.29;-0.0482031977720003;0.258376063390089;0
10.3;-0.0456150595534383;0.259334319084089;0
10.31;-0.0430176958962053;0.260213189671724;0
10.32;-0.0404119012427736;0.261012548139067;0
10.33;-0.0377984711975113;0.261732291525076;0
10.34;-0.0351782022861942;0.262372340911123;0
10.35;-0.0325518917156558;0.262932641403325;0
10.36;-0.0299203371336452;0.263413162107714;0
10.37;-0.0272843363889661;0.263813896098242;0
10.38;-0.0246446872919681;0.264134860377671;0
10.39;-0.0220021873754603;0.26437609583135;0
10.4;-0.0193576336561196;0.264537667173909;0
10.41;-0.0167118223964639;0.264619662888908;0
10.42;-0.01406554886746;0.264622195161462;0
10.43;-0.0114196071118368;0.264545399803877;0
10.44;-0.00877478970817395;0.264389436174332;0
10.45;-0.00613188753583418;0.264154487088642;0
10.46;-0.00349168954080953;0.26384075872514;0
10.47;-0.000854982502549216;0.263448480522721;0
10.48;0.00177744919816215;0.262977905072089;0
10.49;0.00440482381020843;0.26242930800025;0
10.5;0.00702636244196047;0.261802987848296;0
10.51;0.00964128928984263;0.261099265942535;0
10.52;0.0122488318655806;0.260318486259008;0
10.53;0.0148482212220649;0.259461015281453;0
10.54;0.017438692177765;0.258527241852761;0
10.55;0.0200194835396285;0.257517577019994;0
10.56;0.0225898383244018;0.256432453873;0
10.57;0.0251490039783087;0.255272327376714;0
10.58;0.0276962325950236;0.254037674197173;0
10.59;0.0302307811318763;0.252728992521342;0
10.6;0.0327519116242284;0.251346801870783;0
10.61;0.0352588913979581;0.249891642909256;0
10.62;0.0377509932799946;0.248364077244321;0
10.63;0.0402274958068411;0.246764687222983;0
10.64;0.0426876834310282;0.245094075721492;0
10.65;0.0451308467254394;0.24335286592934;0
10.66;0.04755628258545;0.241541701127537;0
10.67;0.0499632944288241;0.239661244461255;0
10.68;0.0523511923933124;0.237712178706902;0
10.69;0.0547192935318966;0.235695206033713;0
10.7;0.0570669220056243;0.233611047759937;0
10.71;0.0593934092739831;0.231460444103702;0
10.72;0.0616980942827585;0.229244153928649;0
10.73;0.0639803236493255;0.226962954484404;0
10.74;0.0662394518453222;0.224617641141994;0
10.75;0.0684748413766545;0.222209027124276;0
10.76;0.0706858629607835;0.219737943231492;0
10.77;0.0728718957012466;0.217205237562009;0
10.78;0.075032327259365;0.214611775228368;0
10.79;0.0771665540230903;0.211958438068718;0
10.8;0.0792739812729458;0.209246124353722;0
10.81;0.0813540233450158;0.206475748489057;0
10.82;0.083406103790942;0.203648240713577;0
10.83;0.0854296555348803;0.20076454679325;0
10.84;0.0874241210273805;0.197825627710974;0
10.85;0.0893889523961442;0.194832459352356;0
10.86;0.0913236115936237;0.191786032187566;0
10.87;0.0932275705414218;0.18868735094937;0
10.88;0.0951003112714555;0.185537434307439;0
10.89;0.0969413260638455;0.182337314539034;0
10.9;0.0987501175814977;0.179088037196188;0
10.91;0.100526199001341;0.175790660769474;0
10.92;0.102269094142185;0.172446256348476;0
10.93;0.103978337589176;0.169055907279061;0
10.94;0.1056534748148;0.165620708817574;0
10.95;0.107294062296423;0.162141767782053;0
10.96;0.108899667630329;0.158620202200576;0
10.97;0.110469869642227;0.155057140956854;0
10.98;0.1120042584942;0.151453723433184;0
10.99;0.113502435788079;0.147811099150854;0
11;0.114964014665204;0.144130427408148;0
11.01;0.116388619902556;0.140412876916021;0
11.02;0.117775888005237;0.136659625431593;0
11.03;0.119125467295272;0.132871859389556;0
11.04;0.120437017996724;0.129050773531613;0
11.05;0.121710212317085;0.125197570534068;0
11.06;0.122944734524941;0.121313460633668;0
11.07;0.124140281023889;0.117399661251833;0
11.08;0.125296560422684;0.113457396617372;0
11.09;0.126413293601612;0.109487897387807;0
11.1;0.127490213775065;0.105492400269422;0
11.11;0.128527066550321;0.101472147636152;0
11.12;0.129523609982495;0.0974283871474262;0
11.13;0.130479614625676;0.0933623713650875;0
11.14;0.131394863580218;0.089275357369496;0
11.15;0.132269152536203;0.0851686063749409;0
11.16;0.13310228981304;0.0810433833444738;0
11.17;0.133894096395223;0.0769009566042794;0
11.18;0.134644405964223;0.0727425974577015;0
11.19;0.135353064926523;0.0685695797990398;0
11.2;0.136019932437786;0.0643831797272336;0
11.21;0.136644880423169;0.0601846751595487;0
11.22;0.137227793593762;0.0559753454453833;0
11.23;0.137768569459178;0.0517564709803083;0
11.24;0.138267118336273;0.0475293328204572;0
11.25;0.138723363354024;0.0432952122973805;0
11.26;0.139137240454547;0.0390553906334804;0
11.27;0.139508698390281;0.034811148558138;0
11.28;0.139837698717332;0.0305637659246489;0
11.29;0.140124215784992;0.0263145213280792;0
11.3;0.140368236721441;0.0220646917241559;0
11.31;0.14056976141564;0.0178155520493034;0
11.32;0.140728802495439;0.0135683748419386;0
11.33;0.140845385301889;0.00932442986513533;0
11.34;0.140919547859806;0.00508498373076966;0
11.35;0.140951340844564;0.00085129952525539;0
11.36;0.140940827545169;-0.00337536356302011;0
11.37;0.140888083823606;-0.00759375061445145;0
11.38;0.140793198070489;-0.011802611347054;0
11.39;0.140656271157036;-0.0160007004832782;0
11.4;0.140477416383378;-0.020186778114694;0
11.41;0.140256759423235;-0.0243596100644383;0
11.42;0.139994438264982;-0.0285179682473222;0
11.43;0.139690603149116;-0.0326606310274921;0
11.44;0.139345416502165;-0.0367863835735444;0
11.45;0.138959052867054;-0.0408940182109888;0
11.46;0.138531698829962;-0.0449823347719613;0
11.47;0.138063552943689;-0.0490501409420856;0
11.48;0.137554825647575;-0.0530962526043841;0
11.49;0.137005739183984;-0.0571194941801413;0
11.5;0.136416527511408;-0.0611186989666208;0
11.51;0.135787436214188;-0.0650927094715422;0
11.52;0.135118722408927;-0.0690403777442214;0
11.53;0.134410654647589;-0.0729605657032828;0
11.54;0.133663512817348;-0.076852145460848;0
11.55;0.132877588037207;-0.0807139996431137;0
11.56;0.132053182551428;-0.0845450217072254;0
11.57;0.131190609619807;-0.0883441162543607;0
11.58;0.130290193404846;-0.0921101993389335;0
11.59;0.129352268855838;-0.0958421987738339;0
11.6;0.128377181589925;-0.0995390544316185;0
11.61;0.127365287770162;-0.103199718541568;0
11.62;0.12631695398063;-0.106823155982531;0
11.63;0.125232557098632;-0.110408344571471;0
11.64;0.124112484164037;-0.11395427534764;0
11.65;0.122957132245791;-0.117459952852303;0
11.66;0.121766908305653;-0.120924395403927;0
11.67;0.120542229059207;-0.124346635368777;0
11.68;0.119283520834176;-0.127725719426827;0
11.69;0.117991219426114;-0.131060708832928;0
11.7;0.116665769951492;-0.13435067967316;0
11.71;0.115307626698255;-0.13759472311629;0
11.72;0.11391725297388;-0.140791945660286;0
11.73;0.112495120950994;-0.143941469373806;0
11.74;0.111041711510598;-0.147042432132606;0
11.75;0.109557514082951;-0.150093987850804;0
11.76;0.108043026486166;-0.153095306706937;0
11.77;0.106498754762566;-0.15604557536476;0
11.78;0.104925213012861;-0.158943997188713;0
11.79;0.103322923228186;-0.161789792454024;0
11.8;0.101692415120074;-0.16458219855137;0
11.81;0.100034225948396;-0.167320470186068;0
11.82;0.0983489003473393;-0.17000387957172;0
11.83;0.0966369901494755;-0.172631716618287;0
11.84;0.0948990542079698;-0.175203289114532;0
11.85;0.0931356582169932;-0.17771792290479;0
11.86;0.0913473745303922;-0.180174962060019;0
11.87;0.0895347819786743;-0.182573769043099;0
11.88;0.0876984656843657;-0.184913724868331;0
11.89;0.0858390168758013;-0.187194229255096;0
11.9;0.0839570326994035;-0.189414700775655;0
11.91;0.0820531160305106;-0.19157457699703;0
11.92;0.0801278752828119;-0.193673314616955;0
11.93;0.0781819242164511;-0.19571038959386;0
11.94;0.0762158817448563;-0.197685297270852;0
11.95;0.0742303717403577;-0.199597552493676;0
11.96;0.0722260228386521;-0.201446689722627;0
11.97;0.0702034682421765;-0.20323226313839;0
11.98;0.0681633455224504;-0.204953846741785;0
11.99;0.0661062964214476;-0.206611034447401;0
12;0.0640329666520601;-0.208203440171101;0
12.01;0.061944005697714;-0.209730697911373;0
12.02;0.0598400666111997;-0.211192461824537;0
12.03;0.057721805812778;-0.212588406293762;0
12.04;0.0555898828876238;-0.213918225991915;0
12.05;0.0534449603826688;-0.215181635938211;0
12.06;0.051287703602906;-0.216378371548674;0
12.07;0.0491187804072173;-0.217508188680391;0
12.08;0.0469388610037867;-0.218570863669566;0
12.09;0.0447486177451605;-0.219566193363369;0
12.1;0.0425487249230168;-0.220493995145578;0
12.11;0.0403398585627076;-0.221354106956032;0
12.12;0.0381226962176329;-0.222146387303875;0
12.13;0.0358979167635107;-0.222870715274616;0
12.14;0.0336662001926045;-0.223526990531019;0
12.15;0.0314282274079697;-0.224115133307806;0
12.16;0.0291846800177798;-0.224635084400215;0
12.17;0.026936240129796;-0.22508680514641;0
12.18;0.0246835901460393;-0.225470277403764;0
12.19;0.0224274125577274;-0.225785503519031;0
12.2;0.020168389740538;-0.226032506292428;0
12.21;0.0179072037502577;-0.22621132893565;0
12.22;0.0156445361188786;-0.226322035023832;0
12.23;0.0133810676512021;-0.226364708441498;0
12.24;0.0111174782220104;-0.226339453322507;0
12.25;0.00885444657386528;-0.226246393984039;0
12.26;0.00659265011559359;-0.226085674854639;0
12.27;0.00433276472151947;-0.225857460396359;0
12.28;0.00207546453150097;-0.225561935021028;0
12.29;-0.000178578248169361;-0.225199303000684;0
12.3;-0.00242869354294222;-0.224769788372212;0
12.31;-0.00467421360720966;-0.224273634836212;0
12.32;-0.00691447322046619;-0.223711105650157;0
12.33;-0.00914880988237573;-0.223082483515863;0
12.34;-0.011376564006688;-0.22238807046133;0
12.35;-0.013597079113948;-0.221628187716991;0
12.36;-0.0158097020229433;-0.220803175586414;0
12.37;-0.0180137830408329;-0.219913393311516;0
12.38;-0.0202086761519046;-0.218959218932325;0
12.39;-0.0223937392049049;-0.217941049141352;0
12.4;-0.024568334098889;-0.216859299132621;0
12.41;-0.026731826967537;-0.215714402445411;0
12.42;-0.0288835883618844;-0.214506810802769;0
12.43;-0.0310229934314134;-0.213236993944852;0
12.44;-0.0331494221034557;-0.211905439457148;0
12.45;-0.0352622592608542;-0.210512652593648;0
12.46;-0.0373608949178338;-0.209059156095028;0
12.47;-0.0394447243940318;-0.207545490001892;0
12.48;-0.0415131484866391;-0.205972211463162;0
12.49;-0.0435655736406035;-0.204339894539661;0
12.5;-0.0456014121168472;-0.202649130002965;0
12.51;-0.047620082158452;-0.200900525129595;0
12.52;-0.0496210081547661;-0.199094703490611;0
12.53;-0.0516036208033853;-0.197232304736687;0
12.54;-0.0535673572699664;-0.195313984378731;0
12.55;-0.0555116613458257;-0.193340413564134;0
12.56;-0.0574359836032811;-0.191312278848709;0
12.57;-0.0593397815486947;-0.189230281964408;0
12.58;-0.0612225197731736;-0.187095139582888;0
12.59;-0.0630836701008878;-0.184907583075004;0
12.6;-0.0649227117349654;-0.182668358266311;0
12.61;-0.066739131400925;-0.180378225188651;0
12.62;-0.0685324234876062;-0.178037957827912;0
12.63;-0.0703020901855618;-0.17564834386803;0
12.64;-0.0720476416228721;-0.173210184431336;0
12.65;-0.0737685959983477;-0.170724293815311;0
12.66;-0.0754644797120833;-0.168191499225849;0
12.67;-0.077134827493329;-0.165612640507111;0
12.68;-0.078779182525645;-0.162988569868047;0
12.69;-0.0803970965693069;-0.160320151605689;0
12.7;-0.08198813008093;-0.157608261825295;0
12.71;-0.0835518523302806;-0.154853788157429;0
12.72;-0.0850878415142451;-0.15205762947208;0
12.73;-0.086595684867927;-0.149220695589898;0
12.74;-0.0880749787728442;-0.146343906990643;0
12.75;-0.0895253288621979;-0.143428194518946;0
12.76;-0.0909463501231876;-0.140474499087463;0
12.77;-0.0923376669963463;-0.137483771377522;0
12.78;-0.0936989134718714;-0.134456971537357;0
12.79;-0.0950297331829271;-0.131395068878025;0
12.8;-0.0963297794958962;-0.128299041567096;0
12.81;-0.0975987155975586;-0.125169876320216;0
12.82;-0.0988362145791771;-0.122008568090637;0
12.83;-0.100041959517469;-0.11881611975681;0
12.84;-0.101215643552444;-0.115593541808143;0
12.85;-0.102356969962098;-0.112341852029015;0
12.86;-0.103465652233927;-0.109062075181148;0
12.87;-0.104541414133274;-0.105755242684429;0
12.88;-0.105583989768462;-0.10242239229629;0
12.89;-0.106593123652726;-0.0990645677897373;0
12.9;-0.107568570762913;-0.0956828186301311;0
12.91;-0.108510096594949;-0.0922781996508122;0
12.92;-0.109417477216051;-0.0888517707276806;0
12.93;-0.110290499313691;-0.0854045964528192;0
12.94;-0.11112896024128;-0.0819377458072659;0
12.95;-0.111932668060586;-0.0784522918330323;0
12.96;-0.112701441580862;-0.0749493113044683;0
12.97;-0.113435110394693;-0.0714298843990733;0
12.98;-0.114133514910539;-0.0678950943678526;0
12.99;-0.114796506381992;-0.0643460272053193;0
13;-0.115423946933718;-0.0607837713192409;0
13.01;-0.116015709584107;-0.0572094172002302;0
13.02;-0.116571678264614;-0.0536240570912791;0
13.03;-0.117091747835795;-0.050028784657336;0
13.04;-0.117575824100041;-0.0464246946550244;0
13.05;-0.118023823811008;-0.0428128826026016;0
13.06;-0.11843567467975;-0.0391944444502568;0
13.07;-0.118811315377556;-0.0355704762508462;0
13.08;-0.119150695535499;-0.0319420738311632;0
13.09;-0.119453775740695;-0.0283103324638411;0
13.1;-0.11972052752929;-0.0246763465399865;0
13.11;-0.119950933376172;-0.021041209242639;0
13.12;-0.12014498668143;-0.0174060122211541;0
13.13;-0.120302691753547;-0.0137718452666061;0
13.14;-0.120424063789369;-0.0101397959883053;0
13.15;-0.120509128850829;-0.00651094949152583;0
13.16;-0.120557923838467;-0.00288638805653706;0
13.17;-0.120570496461737;0.000732809180965606;0
13.18;-0.120546905206131;0.0043455665479387;0
13.19;-0.120487219297123;0.00795081215048371;0
13.2;-0.120391518660966;0.0115474781886635;0
13.21;-0.120259893882334;0.0151345012695503;0
13.22;-0.120092446158859;0.0187108227184146;0
13.23;-0.119889287252546;0.0222753888879654;0
13.24;-0.119650539438125;0.025827151465551;0
13.25;-0.11937633544832;0.0293650677782334;0
13.26;-0.119066818416094;0.0328881010956479;0
13.27;-0.118722141813867;0.0363952209305604;0
13.28;-0.118342469389739;0.0398854033370366;0
13.29;-0.117927975100747;0.0433576312061388;0
13.3;-0.117478843043171;0.0468108945590638;0
13.31;-0.116995267379926;0.0502441908376408;0
13.32;-0.116477452265058;0.0536565251921047;0
13.33;-0.115925611765371;0.0570469107660651;0
13.34;-0.115339969779229;0.0604143689785881;0
13.35;-0.114720759952536;0.0637579298033142;0
13.36;-0.11406822559195;0.0670766320445309;0
13.37;-0.113382619575341;0.0703695236101244;0
13.38;-0.112664204259544;0.0736356617813332;0
13.39;-0.111913251385421;0.0768741134792278;0
13.4;-0.111130041980273;0.0800839555278441;0
13.41;-0.110314866257644;0.0832642749138942;0
13.42;-0.109468023514535;0.0864141690429858;0
13.43;-0.108589822026074;0.0895327459922781;0
13.44;-0.107680578937683;0.0926191247595035;0
13.45;-0.106740620154756;0.0956724355082887;0
13.46;-0.105770280229919;0.0986918198097069;0
13.47;-0.104769902247875;0.101676430879995;0
13.48;-0.103739837707905;0.104625433814372;0
13.49;-0.102680446404032;0.107538005816895;0
13.5;-0.101592096302918;0.110413336426287;0
13.51;-0.100475163419516;0.113250627737687;0
13.52;-0.0993300316905228;0.116049094620244;0
13.53;-0.098157092845673;0.11880796493052;0
13.54;-0.0969567462769228;0.121526479721621;0
13.55;-0.0957293989055585;0.124203893448025;0
13.56;-0.0944754650472767;0.126839474166029;0
13.57;-0.0931953662752806;0.129432503729782;0
13.58;-0.0918895312814359;0.131982277982845;0
13.59;-0.0905583957355308;0.134488106945223;0
13.6;-0.0892024021426874;0.13694931499583;0
13.61;-0.0878219996989678;0.139365241050335;0
13.62;-0.0864176441452237;0.141735238734347;0
13.63;-0.0849897976192349;0.144058676551887;0
13.64;-0.0835389285061844;0.146334938049121;0
13.65;-0.0820655112875179;0.148563421973287;0
13.66;-0.0805700263882355;0.150743542426812;0
13.67;-0.0790529600226641;0.152874729016539;0
13.68;-0.0775148040387602;0.154956426998071;0
13.69;-0.0759560557609901;0.15698809741516;0
13.7;-0.0743772178318401;0.158969217234135;0
13.71;-0.0727787980520038;0.160899279473317;0
13.72;-0.0711613092192986;0.162777793327406;0
13.73;-0.0695252689663603;0.164604284286805;0
13.74;-0.0678711995971684;0.166378294251846;0
13.75;-0.0661996279224511;0.168099381641917;0
13.76;-0.0645110850940228;0.169767121499429;0
13.77;-0.0628061064381049;0.171381105588639;0
13.78;-0.0610852312876815;0.172940942489282;0
13.79;-0.0593490028139429;0.174446257685001;0
13.8;-0.0575979678568671;0.175896693646563;0
13.81;-0.0558326767549938;0.177291909909835;0
13.82;-0.0540536831744417;0.178631583148512;0
13.83;-0.052261543937222;0.179915407241586;0
13.84;-0.0504568188489015;0.181143093335535;0
13.85;-0.0486400705256674;0.182314369901236;0
13.86;-0.0468118642208461;0.183428982785582;0
13.87;-0.0449727676509309;0.184486695257803;0
13.88;-0.0431233508211691;0.185487288050486;0
13.89;-0.0412641858507638;0.186430559395292;0
13.9;-0.0393958467977415;0.187316325053357;0
13.91;-0.0375189094835405;0.188144418340396;0
13.92;-0.0356339513173713;0.188914690146498;0
13.93;-0.0337415511204033;0.189627008950617;0
13.94;-0.0318422889498307;0.19028126082977;0
13.95;-0.0299367459228694;0.190877349462937;0
13.96;-0.0280255040407399;0.191415196129687;0
13.97;-0.0261091460126865;0.191894739703523;0
13.98;-0.0241882550800873;0.192315936639967;0
13.99;-0.022263414840707;0.192678760959397;0
14;-0.020335209073145;0.192983204224645;0
14.01;-0.0184042215615307;0.193229275513377;0
14.02;-0.0164710359205183;0.193417001385269;0
14.03;-0.0145362354206341;0.193546425844002;0
14.04;-0.0126004028140257;0.193617610294086;0
14.05;-0.0106641201606677;0.193630633492554;0
14.06;-0.00872796865507209;0.193585591495524;0
14.07;-0.00679252845355667;0.193482597599679;0
14.08;-0.00485837850212166;0.193321782278669;0
14.09;-0.00292609636498452;0.193103293114484;0
14.1;-0.00099625805382387;0.192827294723807;0
14.11;0.000930562142217743;0.192493968679393;0
14.12;0.00285379182572256;0.192103513426502;0
14.13;0.00477286065932849;0.191656144194406;0
14.14;0.00668720053315318;0.191152092903037;0
14.15;0.00859624573126257;0.19059160806477;0
14.16;0.0104994330971358;0.18997495468142;0
14.17;0.0123962021980786;0.189302414136462;0
14.18;0.0142859954885371;0.188574284082527;0
14.19;0.0161682584722666;0.187790878324218;0
14.2;0.0180424398633062;0.186952526696284;0
14.21;0.0199079917457157;0.186059574937199;0
14.22;0.0217643697320267;0.185112384558187;0
14.23;0.0236110331203644;0.18411133270775;0
14.24;0.0254474450501945;0.183056812031737;0
14.25;0.0272730726566507;0.181949230529009;0
14.26;0.0290873872233988;0.180789011402751;0
14.27;0.030889864333996;0.179576592907484;0
14.28;0.0326799840216991;0.17831242819182;0
14.29;0.0344572309176831;0.176996985137031;0
14.3;0.036221094397626;0.175630746191477;0
14.31;0.0379710687266193;0.174214208200947;0
14.32;0.0397066532023642;0.172747882234986;0
14.33;0.0414273522966133;0.171232293409244;0
14.34;0.0431326757948171;0.169667980703933;0
14.35;0.0448221389339394;0.168055496778427;0
14.36;0.0464952625384002;0.166395407782092;0
14.37;0.0481515731541107;0.164688293161388;0
14.38;0.0497906031805627;0.162934745463322;0
14.39;0.0514118910009366;0.161135370135312;0
14.4;0.053014981110192;0.159290785321525;0
14.41;0.0545994242411054;0.157401621655758;0
14.42;0.0561647774882227;0.155468522050937;0
14.43;0.0577106044296905;0.153492141485291;0
14.44;0.0592364752469353;0.15147314678528;0
14.45;0.0607419668421569;0.149412216405343;0
14.46;0.0622266629536061;0.147310040204542;0
14.47;0.063690154268614;0.145167319220165;0
14.48;0.0651320385343452;0.142984765438372;0
14.49;0.0665519206662434;0.140763101561955;0
14.5;0.0679494128541425;0.138503060775279;0
14.51;0.069324134666014;0.136205386506488;0
14.52;0.0706757131493257;0.133870832187051;0
14.53;0.0720037829299826;0.131500161008718;0
14.54;0.0733079863088272;0.129094145677974;0
14.55;0.0745879733556728;0.126653568168055;0
14.56;0.0758434020008465;0.124179219468622;0
14.57;0.0770739381242183;0.121671899333151;0
14.58;0.0782792556416949;0.119132416024144;0
14.59;0.0794590365891552;0.116561586056212;0
14.6;0.0806129712038079;0.113960233937138;0
14.61;0.0817407580029508;0.111329191906986;0
14.62;0.0828421038601129;0.108669299675334;0
14.63;0.08391672407856;0.105981404156729;0
14.64;0.0849643424621481;0.103266359204429;0
14.65;0.0859846913835061;0.100525025342529;0
14.66;0.0869775118495332;0.097758269496546;0
14.67;0.0879425535641953;0.0949669647225417;0
14.68;0.0888795749886063;0.0921519899348837;0
14.69;0.0897883433983816;0.0893142296327107;0
14.7;0.0906686349382501;0.0864545736251969;0
14.71;0.0915202346739144;0.0835739167556959;0
14.72;0.0923429366411472;0.0806731586248502;0
14.73;0.0931365438921147;0.0777532033127502;0
14.74;0.0939008685389178;0.0748149591002278;0
14.75;0.0946357317943421;0.0718593381893704;0
14.76;0.0953409640098101;0.0688872564233389;0
14.77;0.0960164047105296;0.065899633005577;0
14.78;0.0966619026278299;0.0628973902184943;0
14.79;0.0972773157286849;0.0598814531417116;0
14.8;0.0978625112424153;0.0568527493699502;0
14.81;0.0984173656845692;0.0538122087306539;0
14.82;0.0989417648779784;0.0507607630014256;0
14.83;0.0994356039709873;0.0476993456273656;0
14.84;0.0998987874528563;0.044628891438396;0
14.85;0.100331229166338;0.0415503363666554;0
14.86;0.100732852317429;0.0384646171640489;0
14.87;0.101103589482296;0.0353726711200384;0
14.88;0.101443382611382;0.0322754357797562;0
14.89;0.101752183030701;0.0291738486625262;0
14.9;0.102029951440306;0.0260688469808779;0
14.91;0.102276657909969;0.0229613673601334;0
14.92;0.10249228187204;0.019852345558654;0
14.93;0.10267681211153;0.0167427161888267;0
14.94;0.10283024675339;0.0136334124388737;0
14.95;0.102952593247028;0.0105253657955674;0
14.96;0.103043868348046;0.00741950576793148;0
14.97;0.103104098097226;0.00431675961200999;0
14.98;0.103133317796762;0.00121805205678474;0
14.99;0.103131571983764;-0.00187569496867867;0
15;0.103098914401034;-0.00496356260677669;0
15.01;0.103035407965137;-0.00804463534152617;0
15.02;0.10294112473177;-0.0111180012672567;0
15.03;0.102816145858458;-0.0141827523557591;0
15.04;0.102660561564586;-0.0172379847218121;0
15.05;0.102474471088773;-0.0202827988870112;0
15.06;0.102257982643631;-0.0233163000418228;0
15.07;0.102011213367899;-0.0263375983057884;0
15.08;0.101734289275991;-0.0293458089858043;0
15.09;0.101427345204964;-0.0323400528324023;0
15.1;0.10109052475894;-0.0353194562939581;0
15.11;0.100723980250989;-0.0382831517687548;0
15.12;0.100327872642505;-0.0412302778548295;0
15.13;0.0999023714800912;-0.0441599795975328;0
15.14;0.0994476548299834;-0.0470714087347291;0
15.15;0.0989639092100284;-0.04996372393957;0
15.16;0.0984513295192487;-0.0528360910607715;0
15.17;0.0979101189650151;-0.0556876833603271;0
15.18;0.0973404889878536;-0.0585176817485902;0
15.19;0.096742659183914;-0.0613252750166597;0
15.2;0.0961168572251267;-0.0641096600660043;0
15.21;0.095463318777076;-0.0668700421352602;0
15.22;0.0947822874146185;-0.0696056350241408;0
15.23;0.0940740145352756;-0.0723156613143944;0
15.24;0.0933387592704301;-0.0749993525877504;0
15.25;0.0925767883943562;-0.0776559496407926;0
15.26;0.0917883762311163;-0.0802847026967009;0
15.27;0.0909738045593535;-0.082884871613804;0
15.28;0.0901333625150134;-0.0854557260908847;0
15.29;0.0892673464920282;-0.0879965458691827;0
15.3;0.0883760600409951;-0.0905066209310404;0
15.31;0.087459813765884;-0.0929852516951371;0
15.32;0.0865189252188086;-0.0954317492082589;0
15.33;0.0855537187928944;-0.0978454353335536;0
15.34;0.0845645256132821;-0.100225642935219;0
15.35;0.0835516834262985;-0.102571716059579;0
15.36;0.0825155364868341;-0.104883010112491;0
15.37;0.081456435443963;-0.107158892033048;0
15.38;0.0803747372248428;-0.109398740463524;0
15.39;0.0792708049169319;-0.111601945915518;0
15.4;0.0781450076485625;-0.113767910932254;0
15.41;0.0769977204679087;-0.115896050247;0
15.42;0.0758293242203873;-0.117985790937551;0
15.43;0.0746402054245317;-0.12003657257676;0
15.44;0.0734307561463793;-0.122047847379051;0
15.45;0.0722013738724105;-0.1240190803429;0
15.46;0.0709524613810827;-0.125949749389233;0
15.47;0.0696844266129977;-0.127839345495719;0
15.48;0.0683976825397452;-0.129687372826911;0
15.49;0.0670926470314638;-0.131493348860217;0
15.5;0.0657697427231609;-0.133256804507658;0
15.51;0.0644293968798344;-0.134977284233393;0
15.52;0.0630720412604379;-0.136654346166982;0
15.53;0.0616981119807327;-0.13828756221235;0
15.54;0.0603080493750702;-0.139876518152445;0
15.55;0.0589022978571459;-0.141420813749547;0
15.56;0.0574813057797713;-0.142920062841217;0
15.57;0.0560455252937052;-0.144373893431866;0
15.58;0.0545954122055892;-0.145781947779912;0
15.59;0.053131425835032;-0.147143882480524;0
15.6;0.0516540288708853;-0.148459368543916;0
15.61;0.0501636872267581;-0.149728091469194;0
15.62;0.0486608698958114;-0.150949751313727;0
15.63;0.04714604880488;-0.152124062758041;0
15.64;0.0456196986679653;-0.153250755166208;0
15.65;0.044082296839145;-0.15432957264174;0
15.66;0.0425343231649433;-0.155360274078964;0
15.67;0.0409762598362087;-0.156342633209876;0
15.68;0.0394085912395424;-0.157276438646463;0
15.69;0.0378318038083255;-0.158161493918499;0
15.7;0.0362463858733869;-0.158997617506797;0
15.71;0.0346528275133603;-0.159784642871928;0
15.72;0.0330516204047741;-0.160522418478395;0
15.73;0.0314432576719202;-0.161210807814273;0
15.74;0.0298282337365458;-0.16184968940631;0
15.75;0.0282070441674164;-0.162438956830488;0
15.76;0.0265801855297917;-0.162978518718066;0
15.77;0.0249481552348629;-0.163468298757092;0
15.78;0.0233114513891941;-0.1639082356894;0
15.79;0.0216705726442149;-0.164298283303099;0
15.8;0.0200260180458079;-0.164638410420568;0
15.81;0.0183782868840364;-0.164928600881963;0
15.82;0.0167278785430573;-0.16516885352425;0
15.83;0.0150752923512639;-0.165359182155778;0
15.84;0.0134210274317026;-0.165499615526409;0
15.85;0.0117655825528087;-0.165590197293222;0
15.86;0.0101094559795047;-0.165630985981807;0
15.87;0.00845314532470536;-0.165622054943161;0
15.88;0.00679714740127385;-0.165563492306228;0
15.89;0.00514195807447176;-0.165455400926078;0
15.9;0.00348807211494698;-0.165297898327768;0
15.91;0.00183598305230222;-0.165091116645899;0
15.92;0.000186183029287329;-0.164835202559897;0
15.93;-0.00146083734334213;-0.16453031722505;0
15.94;-0.0031045891312576;-0.164176636199317;0
15.95;-0.00474458522023951;-0.163774349365953;0
15.96;-0.0063803404590667;-0.163323660851965;0
15.97;-0.00801137180157184;-0.162824788942446;0
15.98;-0.00963719844782168;-0.162277965990805;0
15.99;-0.0112573419843814;-0.161683438324943;0
16;-0.0128713265236223;-0.161041466149391;0
16.01;-0.0144786788420333;-0.160352323443464;0
16.02;-0.0160789285174957;-0.15961629785546;0
16.03;-0.0176716080654828;-0.158833690592939;0
16.04;-0.0192562530741439;-0.158004816309129;0
16.05;-0.0208324023382365;-0.1571300029855;0
16.06;-0.0223995979918657;-0.156209591810538;0
16.07;-0.0239573856399955;-0.155243937054773;0
16.08;-0.0255053144886929;-0.1542334059421;0
16.09;-0.0270429374740691;-0.153178378517436;0
16.1;-0.028569811389881;-0.152079247510761;0
16.11;-0.0300854970137566;-0.150936418197594;0
16.12;-0.03158955923201;-0.149750308255946;0
16.13;-0.0330815671630095;-0.148521347619798;0
16.14;-0.0345610942790653;-0.147249978329164;0
16.15;-0.036027718526803;-0.145936654376775;0
16.16;-0.0374810224459885;-0.144581841551447;0
16.17;-0.0389205932867718;-0.143186017278187;0
16.18;-0.0403460231253177;-0.141749670455076;0
16.19;-0.0417569089777912;-0.140273301287;0
16.2;-0.0431528529126651;-0.138757421116275;0
16.21;-0.0445334621613218;-0.137202552250229;0
16.22;-0.0458983492269159;-0.135609227785784;0
16.23;-0.0472471319914703;-0.133977991431114;0
16.24;-0.0485794338211753;-0.132309397324426;0
16.25;-0.0498948836698635;-0.130604009849924;0
16.26;-0.0511931161806308;-0.128862403451021;0
16.27;-0.0524737717855788;-0.127085162440851;0
16.28;-0.053736496803649;-0.12527288081016;0
16.29;-0.0549809435365252;-0.12342616203261;0
16.3;-0.0562067703625774;-0.121545618867589;0
16.31;-0.0574136418288225;-0.119631873160568;0
16.32;-0.0586012287408779;-0.117685555641083;0
16.33;-0.0597692082508847;-0.115707305718395;0
16.34;-0.0609172639433773;-0.113697771274907;0
16.35;-0.0620450859190767;-0.111657608457387;0
16.36;-0.063152370876587;-0.109587481466082;0
16.37;-0.0642388221919738;-0.107488062341771;0
16.38;-0.0653041499962039;-0.105360030750845;0
16.39;-0.066348071250427;-0.103204073768457;0
16.4;-0.0673703098190809;-0.101020885659836;0
16.41;-0.0683705965408015;-0.0988111676598127;0
16.42;-0.0693486692971203;-0.0965756277506408;0
16.43;-0.070304273078933;-0.0943149804381749;0
16.44;-0.0712371600507222;-0.0920299465264775;0
16.45;-0.0721470896125201;-0.0897212528909261;0
16.46;-0.0730338284595947;-0.0873896322498903;0
16.47;-0.073897150639848;-0.0850358229350491;0
16.48;-0.07473683760891;-0.0826605686604216;0
16.49;-0.075552678282919;-0.0802646182901795;0
16.5;-0.0763444690889734;-0.0778487256053167;0
16.51;-0.0771120140132463;-0.0754136490692446;0
16.52;-0.0778551246467511;-0.0729601515923874;0
16.53;-0.0785736202287488;-0.0704890002958487;0
16.54;-0.0792673276877882;-0.0680009662742222;0
16.55;-0.0799360816803705;-0.0654968243576188;0
16.56;-0.0805797246272309;-0.0629773528729832;0
16.57;-0.0811981067472305;-0.0604433334047721;0
16.58;-0.0817910860888525;-0.0578955505550677;0
16.59;-0.0823585285592971;-0.0553347917031985;0
16.6;-0.0829003079511703;-0.0527618467649411;0
16.61;-0.0834163059667641;-0.0501775079513753;0
16.62;-0.083906412239923;-0.0475825695274655;0
16.63;-0.0843705243554957;-0.0449778275704418;0
16.64;-0.0848085478663698;-0.0423640797280523;0
16.65;-0.0852203963080895;-0.0397421249767613;0
16.66;-0.0856059912110539;-0.0371127633799637;0
16.67;-0.0859652621102992;-0.0344767958462895;0
16.68;-0.0862981465528636;-0.0318350238880705;0
16.69;-0.0866045901027385;-0.0291882493800409;0
16.7;-0.0868845463434076;-0.0265372743183443;0
16.71;-0.0871379768779778;-0.023882900579918;0
16.72;-0.0873648513269065;-0.0212259296823269;0
16.73;-0.0875651473233282;-0.0185671625441183;0
16.74;-0.0877388505059888;-0.015907399245767;0
16.75;-0.0878859545097911;-0.0132474387912835;0
16.76;-0.0880064609539603;-0.0105880788705544;0
16.77;-0.0881003794278361;-0.00793011562248476;0
16.78;-0.0881677274743001;-0.00527434339901277;0
16.79;-0.0882085305708478;-0.00262155453006585;0
16.8;-0.0882228221083144;2.74609104736232e-05;0
16.81;-0.0882106433672653;0.00267191533772371;0
16.82;-0.0881720434920615;0.00531102388761205;0
16.83;-0.0881070794626135;0.00794400464747087;0
16.84;-0.0880158160638337;0.010570078885351;0
16.85;-0.0878983258528023;0.0131884712779886;0
16.86;-0.08775468912366;0.0157984101373574;0
16.87;-0.0875849938702414;0.0183991276357433;0
16.88;-0.0873893357464648;0.0209898600292736;0
16.89;-0.0871678180244935;0.0235698478798387;0
16.9;-0.0869205515506861;0.0261383362753415;0
16.91;-0.0866476546993511;0.0286945750482114;0
16.92;-0.0863492533243253;0.0312378189921204;0
16.93;-0.0860254807083927;0.0337673280768403;0
16.94;-0.0856764775105638;0.0362823676611782;0
16.95;-0.0853023917112344;0.0387822087039307;0
16.96;-0.0849033785552436;0.0412661279727978;0
16.97;-0.0844796004928527;0.043733408251195;0
16.98;-0.0840312271186649;0.046183338542908;0
16.99;-0.0835584351085092;0.0486152142745302;0
17;-0.0830614081543093;0.0510283374956277;0
17.01;-0.0825403368969621;0.053422017076574;0
17.02;-0.0819954188572474;0.055795568904001;0
17.03;-0.0814268583647957;0.0581483160738106;0
17.04;-0.0808348664851351;0.0604795890816931;0
17.05;-0.0802196609448463;0.0627887260111007;0
17.06;-0.0795814660548479;0.0650750727186228;0
17.07;-0.078920512631841;0.0673379830167132;0
17.08;-0.078237037917938;0.0695768188537178;0
17.09;-0.0775312854985038;0.0717909504911544;0
17.1;-0.0768035052182362;0.0739797566781961;0
17.11;-0.0760539530955151;0.0761426248233098;0
17.12;-0.0752828912350474;0.0782789511630052;0
17.13;-0.0744905877388383;0.0803881409276457;0
17.14;-0.0736773166155173;0.0824696085042805;0
17.15;-0.0728433576880496;0.0845227775964501;0
17.16;-0.0719889964998637;0.0865470813809257;0
17.17;-0.071114524219425;0.0885419626613387;0
17.18;-0.0702202375432872;0.090506874018661;0
17.19;-0.0693064385976538;0.0924412779584957;0
17.2;-0.0683734348384805;0.0943446470551391;0
17.21;-0.0674215389501523;0.0962164640923777;0
17.22;-0.0664510687427669;0.0980562222009823;0
17.23;-0.0654623470480583;0.0998634249928644;0
17.24;-0.0644557016139946;0.10163758669186;0
17.25;-0.0634314649980819;0.103378232261108;0
17.26;-0.0623899744594115;0.105084897526989;0
17.27;-0.0613315718494819;0.106757129299599;0
17.28;-0.0602566035018328;0.108394485489716;0
17.29;-0.0591654201205244;0.109996535222245;0
17.3;-0.0580583766674993;0.111562858946105;0
17.31;-0.0569358322488606;0.11309304854053;0
17.32;-0.0557981500001035;0.114586707417763;0
17.33;-0.0546456969703371;0.116043450622114;0
17.34;-0.0534788440055307;0.117462904925366;0
17.35;-0.0522979656308234;0.118844708918498;0
17.36;-0.0511034399319336;0.120188513099706;0
17.37;-0.0498956484357035;0.121493979958705;0
17.38;-0.0486749759898188;0.122760784057294;0
17.39;-0.047441810641739;0.123988612106161;0
17.4;-0.0461965435168769;0.125177163037913;0
17.41;-0.0449395686960644;0.126326148076322;0
17.42;-0.0436712830923435;0.127435290801761;0
17.43;-0.0423920863271196;0.128504327212827;0
17.44;-0.0411023806057162;0.129533005784139;0
17.45;-0.0398025705923687;0.130521087520289;0
17.46;-0.038493063284696;0.13146834600595;0
17.47;-0.0371742678876881;0.132374567452126;0
17.48;-0.0358465956872493;0.133239550738536;0
17.49;-0.0345104599233344;0.134063107452131;0
17.5;-0.0331662756627172;0.134845061921729;0
17.51;-0.0318144596714302;0.135585251248778;0
17.52;-0.0304554302869142;0.136283525334236;0
17.53;-0.0290896072899167;0.136939746901562;0
17.54;-0.0277174117761773;0.137553791515834;0
17.55;-0.02633926602794;0.138125547598975;0
17.56;-0.0249555933853307;0.138654916441104;0
17.57;-0.0235668181176377;0.139141812208012;0
17.58;-0.0221733652945365;0.139586161944757;0
17.59;-0.0207756606572945;0.139987905575403;0
17.6;-0.0193741304899964;0.140346995898893;0
17.61;-0.0179692014908284;0.140663398581067;0
17.62;-0.0165613006434592;0.140937092142843;0
17.63;-0.0151508550885562;0.14116806794456;0
17.64;-0.0137382919954762;0.141356330166505;0
17.65;-0.0123240384341673;0.141501895785621;0
17.66;-0.0109085212473212;0.14160479454843;0
17.67;-0.00949216692281306;0.141665068940166;0
17.68;-0.00807540146646738;0.141682774150146;0
17.69;-0.00665865027518647;0.141657978033397;0
17.7;-0.00524233801047995;0.141590761068539;0
17.71;-0.0038268884724319;0.141481216311975;0
17.72;-0.00241272447414282;0.141329449348371;0
17.73;-0.00100026771668328;0.141135578237479;0
17.74;0.000410061335404185;0.140899733457303;0
17.75;0.00181784357801856;0.140622057843648;0
17.76;0.00322266139079303;0.140302706526061;0
17.77;0.00462409875973104;0.139941846860202;0
17.78;0.00602174139915001;0.139539658356667;0
17.79;0.00741517687289742;0.139096332606283;0
17.8;0.00880399471480418;0.138612073201915;0
17.81;0.0101877865483403;0.138087095656816;0
17.82;0.0115661462054389;0.137521627319529;0
17.83;0.0129386698444533;0.1369159072854;0
17.84;0.0143049560672149;0.136270186304719;0
17.85;0.0156646060351567;0.135584726687522;0
17.86;0.0170172235844702;0.134859802205092;0
17.87;0.0183624153402628;0.134095697988198;0
17.88;0.0196997908296827;0.133292710422101;0
17.89;0.0210289625939798;0.132451147038363;0
17.9;0.0223495462994698;0.13157132640351;0
17.91;0.0236611608473718;0.130653578004566;0
17.92;0.0249634284824867;0.129698242131523;0
17.93;0.0262559749006868;0.128705669756768;0
17.94;0.0275384293551861;0.12767622241151;0
17.95;0.0288104247615618;0.126610272059268;0
17.96;0.0300715978014971;0.125508200966437;0
17.97;0.0313215890252169;0.124370401569994;0
17.98;0.0325600429525885;0.123197276342378;0
17.99;0.0337866081728572;0.121989237653601;0
18;0.0350009374429919;0.120746707630624;0
18.01;0.036202687784612;0.119470118014049;0
18.02;0.0373915205794688;0.11815991001218;0
18.03;0.0385671016634567;0.116816534152492;0
18.04;0.0397291014191268;0.115440450130568;0
18.05;0.0408771948666794;0.114032126656538;0
18.06;0.0420110617534092;0.11259204129909;0
18.07;0.0431303866415802;0.111120680327087;0
18.08;0.044234858994706;0.109618538548849;0
18.09;0.0453241732622132;0.108086119149154;0
18.1;0.0463980289624636;0.106523933524007;0
18.11;0.0474561307641154;0.104932501113229;0
18.12;0.0484981885657999;0.103312349230928;0
18.13;0.0495239175740941;0.101664012893896;0
18.14;0.0505330383797677;0.0999880346479922;0
18.15;0.0515252770322854;0.0982849643925735;0
18.16;0.0525003651125446;0.0965553592030138;0
18.17;0.0534580398038304;0.0947997831513839;0
18.18;0.054398043960969;0.0930188071253397;0
18.19;0.0553201261776618;0.0912130086452782;0
18.2;0.0562240408519841;0.0893829716798213;0
18.21;0.0571095482500313;0.0875292864596817;0
18.22;0.0579764145676958;0.0856525492899731;0
18.23;0.0588244119905617;0.0837533623610215;0
18.24;0.0596533187518996;0.0818323335577377;0
18.25;0.0604629191887497;0.0798900762676101;0
18.26;0.0612530037960789;0.0779272091873786;0
18.27;0.0620233692789985;0.0759443561284484;0
18.28;0.0627738186030307;0.0739421458211061;0
18.29;0.0635041610424125;0.071921211717597;0
18.3;0.0642142122264247;0.0698821917941256;0
18.31;0.0649037941837372;0.0678257283518405;0
18.32;0.0655727353847591;0.0657524678168648;0
18.33;0.0662208707819851;0.0636630605394335;0
18.34;0.06684804184833;0.0615581605921999;0
18.35;0.0674540966134424;0.059438425567773;0
18.36;0.0680388896979901;0.0573045163755473;0
18.37;0.0686022823459119;0.0551570970378884;0
18.38;0.0691441424546275;0.0529968344857346;0
18.39;0.0696643446032019;0.0508243983536785;0
18.4;0.0701627700784576;0.0486404607745908;0
18.41;0.0706393068990321;0.0464456961738473;0
18.42;0.0710938498373758;0.0442407810632228;0
18.43;0.071526300439687;0.0420263938345139;0
18.44;0.0719365670437832;0.0398032145529529;0
18.45;0.0723245647949048;0.0375719247504745;0
18.46;0.0726902156594517;0.0353332072188995;0
18.47;0.0730334484366514;0.0330877458030946;0
18.48;0.0733541987681589;0.0308362251941738;0
18.49;0.0736524091455883;0.0285793307227998;0
18.5;0.0739280289159798;0.0263177481526501;0
18.51;0.0741810142852003;0.0240521634741083;0
18.52;0.0744113283192835;0.0217832626982411;0
18.53;0.0746189409437108;0.0195117316511239;0
18.54;0.0748038289406374;0.0172382557685755;0
18.55;0.0749659759440678;0.0149635198913617;0
18.56;0.0751053724329853;0.0126882080609303;0
18.57;0.0752220157224421;0.0104130033157359;0
18.58;0.0753159099526151;0.00813858748821623;0
18.59;0.0753870660758346;0.00586564100247783;0
18.6;0.0754355018415937;0.00359484267275278;0
18.61;0.075461241779545;0.0013268695026836;0
18.62;0.0754643171804956;-0.000937603514503776;0
18.63;0.0754447660754062;-0.00319790359488114;0
18.64;0.0754026332124077;-0.00545336036169493;0
18.65;0.0753379700318423;-0.0077033060421816;0
18.66;0.0752508346393424;-0.00994707566326408;0
18.67;0.075141291776957;-0.0121840072460727;0
18.68;0.0750094127923391;-0.0144134419992343;0
18.69;0.0748552756060056;-0.0166347245108735;0
18.7;0.074678964676683;-0.018847202939271;0
18.71;0.0744805709647535;-0.0210502292021244;0
18.72;0.0742601918938137;-0.023243159164356;0
18.73;0.0740179313103636;-0.0254253528244154;0
18.74;0.0737538994416379;-0.0275961744990223;0
18.75;0.0734682128515985;-0.0297549930062979;0
18.76;0.0731609943951019;-0.0319011818472312;0
18.77;0.0728323731702607;-0.0340341193854311;0
18.78;0.0724824844690147;-0.0361531890251107;0
18.79;0.0721114697259307;-0.0382577793872556;0
18.8;0.0717194764652488;-0.0403472844839247;0
18.81;0.0713066582461944;-0.0424211038906365;0
18.82;0.070873174606575;-0.0444786429167908;0
18.83;0.0704191910046819;-0.0465193127740785;0
18.84;0.069944878759517;-0.0485425307428333;0
18.85;0.0694504149893654;-0.0505477203362777;0
18.86;0.0689359825487354;-0.0525343114626193;0
18.87;0.0684017699636873;-0.0545017405849501;0
18.88;0.0678479713655732;-0.0564494508789077;0
18.89;0.0672747864232102;-0.058376892388052;0
18.9;0.066682420273511;-0.0602835221769171;0
18.91;0.0660710834505936;-0.062168804481695;0
18.92;0.0654409918133958;-0.0640322108585107;0
18.93;0.0647923664718175;-0.0658732203292483;0
18.94;0.064125433711416;-0.0676913195248886;0
18.95;0.0634404249166794;-0.069486002826319;0
18.96;0.0627375764929032;-0.0712567725025789;0
18.97;0.0620171297866963;-0.0730031388465027;0
18.98;0.0612793310051421;-0.074724620307724;0
18.99;0.0605244311336423;-0.076420743623007;0
19;0.0597526858524684;-0.0780910439438689;0
19.01;0.0589643554520505;-0.0797350649614612;0
19.02;0.0581597047470289;-0.0813523590286763;0
19.03;0.0573390029890974;-0.0829424872794473;0
19.04;0.0565025237786668;-0.0845050197452115;0
19.05;0.0556505449753759;-0.0860395354685061;0
19.06;0.0547833486074804;-0.0875456226136669;0
19.07;0.053901220780147;-0.0890228785746038;0
19.08;0.053004451582684;-0.0904709100796231;0
19.09;0.0520933349947363;-0.0918893332932723;0
19.1;0.0511681687914755;-0.0932777739151808;0
19.11;0.050229254447816;-0.0946358672758731;0
19.12;0.0492768970416856;-0.0959632584295295;0
19.13;0.048311405156383;-0.0972596022436734;0
19.14;0.0473330907820521;-0.0985245634857626;0
19.15;0.0463422692163045;-0.0997578169066634;0
19.16;0.0453392589640212;-0.10095904732099;0
19.17;0.0443243816363653;-0.102127949684289;0
19.18;0.0432979618490369;-0.103264229167047;0
19.19;0.0422603271198024;-0.10436760122552;0
19.2;0.0412118077653299;-0.105437791669342;0
19.21;0.0401527367973629;-0.106474536725928;0
19.22;0.0390834498182646;-0.107477583101637;0
19.23;0.0380042849159654;-0.10844668803969;0
19.24;0.0369155825583451;-0.109381619374825;0
19.25;0.0358176854870841;-0.110282155584694;0
19.26;0.0347109386110154;-0.111148085837972;0
19.27;0.033595688899009;-0.11197921003918;0
19.28;0.0324722852724248;-0.112775338870218;0
19.29;0.0313410784971634;-0.113536293828589;0
19.3;0.0302024210753506;-0.114261907262322;0
19.31;0.0290566671366871;-0.114952022401574;0
19.32;0.027904172329497;-0.115606493386925;0
19.33;0.0267452937115084;-0.116225185294348;0
19.34;0.0255803896403997;-0.116807974156861;0
19.35;0.0244098196641437;-0.117354746982852;0
19.36;0.0232339444111835;-0.117865401771091;0
19.37;0.0220531254804735;-0.118339847522412;0
19.38;0.0208677253314184;-0.118778004248088;0
19.39;0.0196781071737432;-0.119179802974882;0
19.4;0.0184846348573277;-0.119545185746788;0
19.41;0.0172876727620389;-0.119874105623475;0
19.42;0.0160875856875927;-0.120166526675419;0
19.43;0.0148847387434806;-0.120422423975755;0
19.44;0.0136794972389911;-0.120641783588834;0
19.45;0.0124722265733617;-0.120824602555516;0
19.46;0.0112632921260916;-0.120970888875185;0
19.47;0.0100530591474495;-0.121080661484524;0
19.48;0.00884189264920822;-0.121153950233035;0
19.49;0.00763015729563805;-0.121190795855341;0
19.5;0.00641821729479252;-0.121191249940263;0
19.51;0.00520643629011707;-0.121155374896704;0
19.52;0.00399517725241352;-0.121083243916342;0
19.53;0.00278480237219184;-0.120974940933163;0
19.54;0.00157567295244082;-0.120830560579834;0
19.55;0.00036814930184903;-0.120650208140948;0
19.56;-0.000837409371492605;-0.120433999503161;0
19.57;-0.00204064506587561;-0.120182061102228;0
19.58;-0.00324120109121538;-0.119894529866976;0
19.59;-0.00443872217371851;-0.11957155316022;0
19.6;-0.0056328545599457;-0.11921328871666;0
19.61;-0.00682324612024011;-0.118819904577771;0
19.62;-0.00800954645149111;-0.118391579023717;0
19.63;-0.00919140697920399;-0.117928500502312;0
19.64;-0.010368481058846;-0.11743086755506;0
19.65;-0.0115404240764396;-0.116898888740286;0
19.66;-0.0127068935483746;-0.116332782553408;0
19.67;-0.0138675492204095;-0.11573277734436;0
19.68;-0.0150220531658348;-0.115099111232205;0
19.69;-0.0161700698827697;-0.114432032016967;0
19.7;-0.0173112663905652;-0.113731797088711;0
19.71;-0.018445312325285;-0.112998673333908;0
19.72;-0.0195718800342386;-0.112232937039109;0
19.73;-0.0206906446695384;-0.11143487379197;0
19.74;-0.0218012842806564;-0.11060477837966;0
19.75;-0.022903479905952;-0.109742954684684;0
19.76;-0.0239969156631478;-0.108849715578158;0
19.77;-0.0250812788387256;-0.107925382810576;0
19.78;-0.0261562599762201;-0.1069702869001;0
19.79;-0.0272215529633834;-0.105984767018415;0
19.8;-0.0282768551181981;-0.104969170874186;0
19.81;-0.0293218672737139;-0.103923854594158;0
19.82;-0.0303562938616847;-0.102849182601934;0
19.83;-0.0313798429949834;-0.101745527494475;0
19.84;-0.0323922265487713;-0.100613269916365;0
19.85;-0.0333931602404009;-0.0994527984318743;0
19.86;-0.0343823637080284;-0.0982645093948768;0
19.87;-0.0353595605879174;-0.0970488068166464;0
19.88;-0.0363244785904096;-0.0958061022315922;0
19.89;-0.037276849574545;-0.0945368145609663;0
19.9;-0.0382164096213097;-0.0932413699745924;0
19.91;-0.0391428991054918;-0.091920201750659;0
19.92;-0.0400560627661278;-0.0905737501336229;0
19.93;-0.0409556497755187;-0.0892024621902683;0
19.94;-0.0418414138067988;-0.0878067916639688;0
19.95;-0.0427131131000395;-0.086387198827198;0
19.96;-0.0435705105268704;-0.0849441503323368;0
19.97;-0.0444133736536008;-0.0834781190608246;0
19.98;-0.0452414748028255;-0.081989583970702;0
19.99;-0.0460545911134989;-0.0804790299425949;0
20;-0.0468525045994626;-0.0789469476241874;0
