0;0.015644692696527;0.431855432527933;0
0.01;0.0199575813564312;0.430573080653574;0
0.02;0.0242570750925703;0.429163863921859;0
0.03;0.0285419081080544;0.427628422799019;0
0.04;0.0328108211761843;0.425967434487623;0
0.05;0.0370625620066267;0.424181612660437;0
0.06;0.0412958856088794;0.422271707183818;0
0.07;0.0455095546529244;0.420238503830721;0
0.08;0.0497023398269649;0.418082823983454;0
0.09;0.0538730201921436;0.41580552432625;0
0.1;0.0580203835341417;0.4134074965278;0
0.11;0.062143226711558;0.410889666913838;0
0.12;0.0662403560009702;0.408252996129899;0
0.13;0.0703105874385792;0.405498478794376;0
0.14;0.0743527471583416;0.402627143141979;0
0.15;0.0783656717264931;0.399640050657739;0
0.16;0.0823482084723707;0.39653829570167;0
0.17;0.0862992158154397;0.39332300512422;0
0.18;0.0902175635884336;0.389995337872648;0
0.19;0.0941021333565186;0.386556484588452;0
0.2;0.0979518187323918;0.38300766719599;0
0.21;0.101765525687226;0.379350138482432;0
0.22;0.105542172857378;0.375585181669177;0
0.23;0.109280691846769;0.371714109974892;0
0.24;0.112980027524863;0.367738266170304;0
0.25;0.116639138320151;0.363659022124899;0
0.26;0.120256996509074;0.35947777834568;0
0.27;0.123832588500289;0.355195963508132;0
0.28;0.127364915114219;0.350815033979547;0
0.29;0.130852991857797;0.346336473334872;0
0.3;0.134295849194334;0.34176179186523;0
0.31;0.137692532808448;0.33709252607928;0
0.32;0.141042103865967;0.332330238197569;0
0.33;0.144343639268747;0.327476515640053;0
0.34;0.147596231904335;0.32253297050694;0
0.35;0.150798990890412;0.317501239053033;0
0.36;0.153951041813952;0.312382981155724;0
0.37;0.157051526965028;0.307179879776837;0
0.38;0.160099605565214;0.301893640418462;0
0.39;0.163094453990516;0.296525990572978;0
0.4;0.166035265988782;0.291078679167422;0
0.41;0.168921252891527;0.285553476002392;0
0.42;0.171751643820122;0.279952171185655;0
0.43;0.174525685886301;0.274276574560645;0
0.44;0.177242644386925;0.268528515130019;0
0.45;0.179901802992967;0.262709840474472;0
0.46;0.182502463932653;0.256822416166972;0
0.47;0.18504394816874;0.250868125182611;0
0.48;0.187525595569863;0.244848867304261;0
0.49;0.189946765075921;0.238766558524199;0
0.5;0.192306834857469;0.232623130441918;0
0.51;0.194605202469064;0.226420529658278;0
0.52;0.196841284996538;0.220160717166217;0
0.53;0.199014519198168;0.213845667738182;0
0.54;0.201124361639704;0.207477369310489;0
0.55;0.203170288823221;0.201057822364799;0
0.56;0.205151797309786;0.194589039306883;0
0.57;0.207068403835888;0.188073043842895;0
0.58;0.208919645423632;0.18151187035332;0
0.59;0.210705079484654;0.174907563264803;0
0.6;0.212424283917748;0.168262176420046;0
0.61;0.214076857200186;0.16157777244596;0
0.62;0.215662418472714;0.154856422120276;0
0.63;0.217180607618198;0.148100203736801;0
0.64;0.21863108533393;0.141311202469506;0
0.65;0.220013533197561;0.134491509735652;0
0.66;0.221327653726667;0.127643222558135;0
0.67;0.222573170431934;0.120768442927244;0
0.68;0.223749827863955;0.113869277162035;0
0.69;0.224857391653648;0.106947835271495;0
0.7;0.225895648546275;0.100006230315709;0
0.71;0.226864406429084;0.093046577767196;0
0.72;0.227763494352556;0.0860709948726366;0
0.73;0.228592762545282;0.0790816000151506;0
0.74;0.229352082422453;0.072080512077339;0
0.75;0.230041346587999;0.0650698498052676;0
0.76;0.23066046883036;0.0580517311735854;0
0.77;0.231209384111924;0.0510282727519655;0
0.78;0.23168804855213;0.0440015890730555;0
0.79;0.232096439404259;0.0369737920021252;0
0.8;0.23243455502593;0.0299469901085973;0
0.81;0.232702414843323;0.0229232880396463;0
0.82;0.232900059309146;0.015904785896049;0
0.83;0.233027549854368;0.00889357861047116;0
0.84;0.233084968833753;0.00189175532837203;0
0.85;0.233072419465212;-0.00509860120829293;0
0.86;0.232990025763002;-0.0120754152743901;0
0.87;0.232837932464815;-0.0190366187717687;0
0.88;0.232616304952768;-0.0259801518360862;0
0.89;0.232325329168355;-0.0329039634401238;0
0.9;0.231965211521365;-0.0398060119934143;0
0.91;0.23153617879284;-0.0466842659380125;0
0.92;0.231038478032076;-0.0535367043402327;0
0.93;0.230472376447735;-0.0603613174781859;0
0.94;0.229838161293103;-0.0671561074249449;0
0.95;0.229136139745526;-0.0739190886271725;0
0.96;0.228366638780093;-0.0806482884790461;0
0.97;0.227530005037595;-0.0873417478913142;0
0.98;0.226626604686813;-0.0939975218553233;0
0.99;0.225656823281199;-0.100613680001855;0
1;0.224621065609982;-0.107188307154614;0
1.01;0.223519755543769;-0.113719503878212;0
1.02;0.222353335874694;-0.120205387020485;0
1.03;0.22112226815116;-0.12664409024901;0
1.04;0.219827032507257;-0.133033764581644;0
1.05;0.218468127486887;-0.13937257891096;0
1.06;0.217046069862687;-0.145658720522417;0
1.07;0.215561394449784;-0.151890395606131;0
1.08;0.214014653914477;-0.158065829762098;0
1.09;0.212406418577882;-0.164183268498726;0
1.1;0.210737276214636;-0.170240977724553;0
1.11;0.209007831846705;-0.17623724423299;0
1.12;0.207218707532381;-0.182170376179985;0
1.13;0.205370542150531;-0.188038703554453;0
1.14;0.203463991180182;-0.193840578641356;0
1.15;0.201499726475502;-0.199574376477302;0
1.16;0.199478436036258;-0.205238495298545;0
1.17;0.197400823773838;-0.210831356981256;0
1.18;0.195267609272895;-0.216351407473955;0
1.19;0.193079527548708;-0.221797117221978;0
1.2;0.190837328800333;-0.227166981583879;0
1.21;0.188541778159627;-0.232459521239643;0
1.22;0.18619365543623;-0.237673282590607;0
1.23;0.183793754858576;-0.242806838150989;0
1.24;0.181342884811043;-0.247858786930908;0
1.25;0.178841867567292;-0.252827754810809;0
1.26;0.176291539019917;-0.257712394907191;0
1.27;0.173692748406471;-0.262511387929536;0
1.28;0.171046358031959;-0.26722344252836;0
1.29;0.168353242987897;-0.271847295634286;0
1.3;0.165614290868018;-0.276381712788057;0
1.31;0.162830401480718;-0.280825488461409;0
1.32;0.160002486558338;-0.285177446368715;0
1.33;0.157131469463369;-0.289436439769334;0
1.34;0.154218284891674;-0.293601351760578;0
1.35;0.151263878572827;-0.297671095561234;0
1.36;0.148269206967657;-0.30164461478557;0
1.37;0.145235236963093;-0.305520883707759;0
1.38;0.142162945564416;-0.309298907516654;0
1.39;0.139053319584994;-0.312977722560862;0
1.4;0.135907355333622;-0.316556396584056;0
1.41;0.132726058299551;-0.320034028950471;0
1.42;0.129510442835296;-0.323409750860533;0
1.43;0.126261531837348;-0.326682725556576;0
1.44;0.12298035642486;-0.329852148518597;0
1.45;0.119667955616432;-0.332917247650016;0
1.46;0.116325376005071;-0.335877283453395;0
1.47;0.112953671431453;-0.338731549196078;0
1.48;0.109553902655559;-0.341479371065739;0
1.49;0.106127137026817;-0.344120108315776;0
1.5;0.102674448152821;-0.346653153400558;0
1.51;0.0991969155667565;-0.349077932100478;0
1.52;0.0956956243936087;-0.351393903636809;0
1.53;0.0921716650152788;-0.353600560776331;0
1.54;0.088626132734694;-0.355697429925727;0
1.55;0.0850601274390216;-0.357684071215733;0
1.56;0.0814747532620875;-0.359560078575028;0
1.57;0.0778711182461021;-0.361325079793879;0
1.58;0.0742503340027953;-0.362978736577509;0
1.59;0.0706135153740653;-0.364520744589223;0
1.6;0.0669617800922402;-0.365950833483269;0
1.61;0.0632962484400596;-0.367268766927458;0
1.62;0.059618042910474;-0.368474342615552;0
1.63;0.0559282878663672;-0.369567392269426;0
1.64;0.0522281092003033;-0.370547781631027;0
1.65;0.0485186339943993;-0.371415410444153;0
1.66;0.044800990180426;-0.372170212426064;0
1.67;0.0410763062002384;-0.372812155228965;0
1.68;0.0373457106666369;-0.373341240391379;0
1.69;0.0336103320247595;-0.373757503279446;0
1.7;0.0298712982141073;-0.374061013018182;0
1.71;0.0261297363313014;-0.37425187241274;0
1.72;0.0223867722936728;-0.374330217859707;0
1.73;0.0186435305037833;-0.374296219248485;0
1.74;0.0149011335149778;-0.3741500798528;0
1.75;0.0111607016980653;-0.373892036212397;0
1.76;0.00742335290922664;-0.373522358004955;0
1.77;0.00369020215924787;-0.373041347908301;0
1.78;-3.76387158261169e-05;-0.372449341452959;0
1.79;-0.00375906138251962;-0.371746706865109;0
1.8;-0.00747296133614095;-0.370933844900017;0
1.81;-0.0111782382252889;-0.370011188665992;0
1.82;-0.0148737961745564;-0.368979203438959;0
1.83;-0.0185585441053381;-0.3678383864677;0
1.84;-0.0222313960546483;-0.366589266769845;0
1.85;-0.0258912714918578;-0.365232404918698;0
1.86;-0.0295370956332578;-0.363768392820962;0
1.87;-0.0331677997543607;-0.362197853485459;0
1.88;-0.0367823214998474;-0.36052144078292;0
1.89;-0.040379605191073;-0.358739839196942;0
1.9;-0.043958602131043;-0.356853763566191;0
1.91;-0.0475182709067714;-0.354863958817953;0
1.92;-0.0510575776889367;-0.35277119969312;0
1.93;-0.0545754965287494;-0.350576290462715;0
1.94;-0.0580710096519467;-0.348280064636051;0
1.95;-0.0615431077498316;-0.345883384660627;0
1.96;-0.0649907902672746;-0.343387141613861;0
1.97;-0.0684130656875955;-0.340792254886782;0
1.98;-0.0718089518142477;-0.338099671859767;0
1.99;-0.0751774760492228;-0.335310367570447;0
2;-0.078517675668101;-0.332425344373901;0
2.01;-0.0818285980916679;-0.329445631595237;0
2.02;-0.0851093011540243;-0.326372285174689;0
2.03;-0.088358853367113;-0.323206387305342;0
2.04;-0.0915763341815904;-0.319949046063621;0
2.05;-0.0947608342439711;-0.316601395032639;0
2.06;-0.0979114556499736;-0.313164592918566;0
2.07;-0.101027312194;-0.309639823160106;0
2.08;-0.104107529614678;-0.30602829353125;0
2.09;-0.107151245836402;-0.302331235737407;0
2.1;-0.11015761120681;-0.298549905005053;0
2.11;-0.113125788730115;-0.294685579665045;0
2.12;-0.116054954296262;-0.290739560729712;0
2.13;-0.118944296905809;-0.286713171463888;0
2.14;-0.121793018890503;-0.282607756950002;0
2.15;-0.124600336129478;-0.278424683647375;0
2.16;-0.127365478261019;-0.274165338945876;0
2.17;-0.130087688889839;-0.269831130714058;0
2.18;-0.132766225789811;-0.265423486841945;1.01425554048933
2.19;-0.135354741534343;-0.250809647815952;1.01425554048933
2.2;-0.137796889894928;-0.236145742324809;1.01425554048933
2.21;-0.140092190369116;-0.221436252075658;1.01425554048933
2.22;-0.142240207299481;-0.206685664737581;1.01425554048933
2.23;-0.144240549927131;-0.191898472586122;1.01425554048933
2.24;-0.146092872431682;-0.177079171148768;1.01425554048933
2.25;-0.147796873957684;-0.162232257851774;1.01425554048933
2.26;-0.149352298627527;-0.147362230668752;1.01425554048933
2.27;-0.150758935540842;-0.132473586771412;1.01425554048933
2.28;-0.152016618760416;-0.117570821182873;1.01425554048933
2.29;-0.153125227284661;-0.102658425433915;1.01425554048933
2.3;-0.154084685006652;-0.0877408862226078;1.01425554048933
2.31;-0.154894960659787;-0.0728226840776754;1.01425554048933
2.32;-0.155556067750086;-0.0579082920260166;1.01425554048933
2.33;-0.1560680644752;-0.0430021742647603;1.01425554048933
2.34;-0.156431053630155;-0.0281087848382516;1.01425554048933
2.35;-0.156645182499884;-0.0132325663203541;1.01425554048933
2.36;-0.156710642738621;0.00162205149754374;1.01425554048933
2.37;-0.156627670236188;0.0164506529124364;1.01425554048933
2.38;-0.156396544971264;0.0312488376091414;1.01425554048933
2.39;-0.156017590851679;0.0460122219528932;1.01425554048933
2.4;-0.155491175541824;0.0607364402747157;1.01425554048933
2.41;-0.154817710277233;0.0754171461491999;1.01425554048933
2.42;-0.153997649666428;0.0900500136643173;1.01425554048933
2.43;-0.153031491480103;0.104630738682902;1.01425554048933
2.44;-0.151919776427729;0.119155040095435;1.01425554048933
2.45;-0.150663087921672;0.133618661063779;1.01425554048933
2.46;-0.149262051828918;0.148017370255492;1.01425554048933
2.47;-0.1477173362105;0.16234696306838;1.01425554048933
2.48;-0.146029651048716;0.176603262844927;1.01425554048933
2.49;-0.144199747962261;0.190782122076269;1.01425554048933
2.5;-0.142228419909361;0.204879423595352;1.01425554048933
2.51;-0.140116500879024;0.218891081758951;1.01425554048933
2.52;-0.137864865570527;0.232813043618205;1.01425554048933
2.53;-0.13547442906125;0.246641290077339;1.01425554048933
2.54;-0.132946146462969;0.260371837040249;1.01425554048933
2.55;-0.130281012566753;0.274000736544623;1.01425554048933
2.56;-0.127480061476563;0.287524077883282;1.01425554048933
2.57;-0.124544366231707;0.300937988712429;1.01425554048933
2.58;-0.121475038418268;0.314238636146486;1.01425554048933
2.59;-0.11827322776964;0.327422227839227;1.01425554048933
2.6;-0.114940121756328;0.340485013050905;1.01425554048933
2.61;-0.111476945165129;0.353423283701061;1.01425554048933
2.62;-0.107884959667856;0.366233375406747;1.01425554048933
2.63;-0.104165463379746;0.378911668505859;1.01425554048933
2.64;-0.100319790407702;0.391454589065312;1.01425554048933
2.65;-0.0963493103885235;0.403858609873767;1.01425554048933
2.66;-0.0922554280172761;0.416120251418651;1.01425554048933
2.67;-0.08803958256597;0.428236082847202;1.01425554048933
2.68;-0.0837032473926943;0.440202722911269;1.01425554048933
2.69;-0.0792479294413808;0.452016840895626;1.01425554048933
2.7;-0.0746751687323581;0.463675157529538;1.01425554048933
2.71;-0.0699865378438674;0.475174445881338;1.01425554048933
2.72;-0.0651836413847094;0.486511532235787;1.01425554048933
2.73;-0.0602681154581957;0.497683296953958;1.01425554048933
2.74;-0.0552416271175815;0.50868667531545;1.01425554048933
2.75;-0.0501058738131559;0.519518658342678;1.01425554048933
2.76;-0.0448625828311709;0.53017629360704;1.01425554048933
2.77;-0.0395135107247911;0.540656686016759;1.01425554048933
2.78;-0.0340604427372486;0.550956998586161;1.01425554048933
2.79;-0.0285051922173884;0.561074453186239;1.01425554048933
2.8;-0.0228496000277943;0.57100633127626;1.01425554048933
2.81;-0.0170955339456836;0.580749974616272;1.01425554048933
2.82;-0.0112448880567642;0.590302785960297;1.01425554048933
2.83;-0.00529958214224687;0.599662229730057;1.01425554048933
2.84;0.000738438940791376;0.608825832669051;1.01425554048933
2.85;0.00686720588549568;0.617791184476832;1.01425554048933
2.86;0.0130847255675748;0.62655593842332;1.01425554048933
2.87;0.0193889816836955;0.635117811942997;1.01425554048933
2.88;0.0257779353957273;0.643474587208857;1.01425554048933
2.89;0.0322495259806359;0.65162411168596;1.01425554048933
2.9;0.0388016714858192;0.659564298664455;1.01425554048933
2.91;0.0454322693896811;0.667293127771969;1.01425554048933
2.92;0.0521391972672357;0.674808645465218;1.01425554048933
2.93;0.0589203134605336;0.682108965500747;1.01425554048933
2.94;0.0657734577537019;0.689192269384682;1.01425554048933
2.95;0.0726964520523859;0.696056806801409;1.01425554048933
2.96;0.0796871010673835;0.702700896021069;1.01425554048933
2.97;0.0867431930022578;0.709122924285799;1.01425554048933
2.98;0.0938625002447175;0.715321348174634;1.01425554048933
2.99;0.101042780061548;0.721294693946995;1.01425554048933
3;0.108281775296885;0.727041557864704;1.01425554048933
3.01;0.115577215073604;0.732560606492451;1.01425554048933
3.02;0.122926815497624;0.737850576976688;1.01425554048933
3.03;0.130328280364904;0.742910277302866;1.01425554048933
3.04;0.137779301870904;0.747738586531013;1.01425554048933
3.05;0.145277561322316;0.752334455009587;1.01425554048933
3.06;0.152820729850831;0.756696904567604;1.01425554048933
3.07;0.160406469128726;0.760825028685003;1.01425554048933
3.08;0.168032432086062;0.764717992641235;1.01425554048933
3.09;0.175696263629268;0.76837503364209;1.01425554048933
3.1;0.183395601360893;0.771795460924723;1.01425554048933
3.11;0.191128076300315;0.774978655840928;1.01425554048933
3.12;0.198891313605181;0.777924071918642;1.01425554048933
3.13;0.206682933293364;0.780631234901703;1.01425554048933
3.14;0.214500550965224;0.783099742767907;1.01425554048933
3.15;0.222341778525943;0.785329265725362;1.01425554048933
3.16;0.230204224907743;0.787319546187217;1.01425554048933
3.17;0.238085496791731;0.78907039872477;1.01425554048933
3.18;0.2459831993292;0.790581709999043;1.01425554048933
3.19;0.253894936862133;0.791853438670856;1.01425554048933
3.2;0.26181831364272;0.792885615289474;1.01425554048933
3.21;0.269750934551665;0.793678342159899;1.01425554048933
3.22;0.277690405815062;0.794231793188876;1.01425554048933
3.23;0.285634335719649;0.794546213709705;1.01425554048933
3.24;0.293580335326201;0.794621920285943;1.01425554048933
3.25;0.301526019180876;0.794459300494084;1.01425554048933
3.26;0.309469006024289;0.794058812685336;1.01425554048933
3.27;0.317406919498107;0.793420985726583;1.01425554048933
3.28;0.325337388848971;0.792546418720665;1.01425554048933
3.29;0.333258049629513;0.79143578070607;1.01425554048933
3.3;0.341166544396293;0.790089810336193;1.01425554048933
3.31;0.349060523404425;0.788509315538268;1.01425554048933
3.32;0.35693764529871;0.786695173152127;1.01425554048933
3.33;0.364795577801059;0.784648328548918;1.01425554048933
3.34;0.372631998394022;0.782369795229939;1.01425554048933
3.35;0.380444595000206;0.779860654405737;1.01425554048933
3.36;0.388231066657406;0.777122054555633;1.01425554048933
3.37;0.395989124189238;0.774155210967842;1.01425554048933
3.38;0.403716490871086;0.770961405260351;1.01425554048933
3.39;0.411410903091176;0.76754198488275;1.01425554048933
3.4;0.419070111006579;0.763898362599168;1.01425554048933
3.41;0.426691879193961;0.760032015952535;1.01425554048933
3.42;0.434273987294894;0.755944486710334;1.01425554048933
3.43;0.441814230655538;0.751637380292063;1.01425554048933
3.44;0.449310420960519;0.747112365178596;1.01425554048933
3.45;0.456760386860819;0.742371172303659;1.01425554048933
3.46;0.464161974595501;0.737415594427622;1.01425554048933
3.47;0.471513048607092;0.732247485493847;1.01425554048933
3.48;0.478811492150457;0.726868759967795;1.01425554048933
3.49;0.486055207894978;0.721281392159123;1.01425554048933
3.5;0.493242118519889;0.715487415527019;1.01425554048933
3.51;0.500370167302579;0.709488921968984;1.01425554048933
3.52;0.50743731869972;0.703288061093336;1.01425554048933
3.53;0.514441558921039;0.696887039475649;1.01425554048933
3.54;0.521380896495587;0.690288119899408;1.01425554048933
3.55;0.528253362830343;0.683493620581109;1.01425554048933
3.56;0.535057012761004;0.676505914380077;1.01425554048933
3.57;0.541789925094799;0.669327427993268;1.01425554048933
3.58;0.548450203145187;0.661960641135308;1.01425554048933
3.59;0.555035975258296;0.654408085704057;1.01425554048933
3.6;0.56154539533094;0.646672344931955;1.01425554048933
3.61;0.567976643320101;0.638756052523447;1.01425554048933
3.62;0.574327925743715;0.630661891778758;1.01425554048933
3.63;0.580597476172636;0.622392594704307;1.01425554048933
3.64;0.586783555713649;0.613950941110047;1.01425554048933
3.65;0.592884453483396;0.605339757694032;1.01425554048933
3.66;0.59889848707309;0.596561917114499;1.01425554048933
3.67;0.604824003003897;0.587620337049768;1.01425554048933
3.68;0.610659377172865;0.578517979246262;1.01425554048933
3.69;0.616403015289273;0.569257848554953;1.01425554048933
3.7;0.622053353301305;0.559842991956548;1.01425554048933
3.71;0.627608857812917;0.550276497575714;1.01425554048933
3.72;0.633068026490801;0.540561493684667;1.01425554048933
3.73;0.638429388461341;0.530701147696443;1.01425554048933
3.74;0.643691504697451;0.520698665148158;1.01425554048933
3.75;0.648852968395208;0.510557288674595;1.01425554048933
3.76;0.653912405340173;0.500280296972431;1.01425554048933
3.77;0.658868474263315;0.489871003755433;1.01425554048933
3.78;0.663719867186451;0.479332756700958;1.01425554048933
3.79;0.668465309757109;0.468668936388078;1.01425554048933
3.8;0.673103561572736;0.457882955227665;1.01425554048933
3.81;0.677633416494172;0.446978256384785;1.01425554048933
3.82;0.682053702948321;0.435958312693708;1.01425554048933
3.83;0.686363284219928;0.424826625565905;1.01425554048933
3.84;0.690561058732415;0.413586723891344;1.01425554048933
3.85;0.6946459603177;0.402242162933443;1.01425554048933
3.86;0.698616958474933;0.390796523218017;1.01425554048933
3.87;0.702473058618104;0.379253409416556;1.01425554048933
3.88;0.706213302312449;0.367616449224193;1.01425554048933
3.89;0.709836767499624;0.355889292232694;1.01425554048933
3.9;0.71334256871158;0.344075608798816;1.01425554048933
3.91;0.716729857273104;0.332179088908398;1.01425554048933
3.92;0.719997821492988;0.320203441036509;1.01425554048933
3.93;0.723145686843771;0.308152391004019;1.01425554048933
3.94;0.726172716130049;0.296029680830929;1.01425554048933
3.95;0.729078209645286;0.283839067586827;1.01425554048933
3.96;0.731861505317135;0.271584322238798;1.01425554048933
3.97;0.734521978841217;0.25926922849715;1.01425554048933
3.98;0.737059043803351;0.24689758165931;1.01425554048933
3.99;0.739472151790221;0.234473187452227;1.01425554048933
4;0.741760792488454;0.221999860873639;1.01425554048933
4.01;0.743924493772111;0.20948142503256;1.01425554048933
4.02;0.745962821778584;0.196921709989314;1.01425554048933
4.03;0.747875380972884;0.184324551595494;1.01425554048933
4.04;0.749661814200335;0.171693790334169;1.01425554048933
4.05;0.751321802727675;0.159033270160698;1.01425554048933
4.06;0.752855066272563;0.146346837344501;1.01425554048933
4.07;0.754261363021515;0.133638339312115;1.01425554048933
4.08;0.755540489636269;0.120911623491906;1.01425554048933
4.09;0.75669228124862;0.108170536160755;1.01425554048933
4.1;0.757716611443715;0.095418921293076;1.01425554048933
4.11;0.758613392231866;0.0826606194125013;1.01425554048933
4.12;0.759382574008882;0.0698994664465753;1.01425554048933
4.13;0.760024145504965;0.0571392925847943;1.01425554048933
4.14;0.760538133722208;0.0443839211403286;1.01425554048933
4.15;0.760924603860721;0.0316371674157623;1.01425554048933
4.16;0.761183659233438;0.0189028375731843;1.01425554048933
4.17;0.761315441169645;0.00618472750896035;1.01425554048933
4.18;0.761320128907276;-0.00651337826648307;1.01425554048933
4.19;0.761197939474034;-0.0191877077435368;1.01425554048933
4.2;0.760949127557386;-0.0318345025226237;1.01425554048933
4.21;0.760573985363491;-0.0444500189174271;1.01425554048933
4.22;0.760072842465129;-0.0570305290518131;1.01425554048933
4.23;0.759446065638685;-0.0695723219501275;1.01425554048933
4.24;0.758694058690266;-0.082071704620554;1.01425554048933
4.25;0.757817262271009;-0.0945250031312184;1.01425554048933
4.26;0.756816153681672;-0.106928563678731;1.01425554048933
4.27;0.755691246666568;-0.119278753648857;1.01425554048933
4.28;0.754443091196927;-0.131571962669016;1.01425554048933
4.29;0.753072273243781;-0.143804603652301;1.01425554048933
4.3;0.751579414540434;-0.155973113832725;1.01425554048933
4.31;0.749965172334632;-0.168073955791398;1.01425554048933
4.32;0.748230239130507;-0.180103618473343;1.01425554048933
4.33;0.746375342420398;-0.19205861819466;1.01425554048933
4.34;0.744401244406643;-0.203935499639757;1.01425554048933
4.35;0.74230874171345;-0.215730836848355;1.01425554048933
4.36;0.740098665088934;-0.227441234192013;1.01425554048933
4.37;0.73777187909745;-0.239063327339863;1.01425554048933
4.38;0.735329281802309;-0.250593784213322;1.01425554048933
4.39;0.732771804439;-0.26202930592948;1.01425554048933
4.4;0.730100411079033;-0.273366627732925;1.01425554048933
4.41;0.727316098284509;-0.284602519915735;1.01425554048933
4.42;0.724419894753558;-0.295733788725379;1.01425554048933
4.43;0.721412860956735;-0.306757277260285;1.01425554048933
4.44;0.718296088764534;-0.317669866352816;1.01425554048933
4.45;0.715070701066118;-0.328468475439428;1.01425554048933
4.46;0.711737851379413;-0.339150063417745;1.01425554048933
4.47;0.708298723452687;-0.349711629490346;1.01425554048933
4.48;0.704754530857751;-0.360150213995015;1.01425554048933
4.49;0.701106516574926;-0.370462899221228;1.01425554048933
4.5;0.697355952569899;-0.380646810212673;1.01425554048933
4.51;0.693504139362625;-0.390699115555564;1.01425554048933
4.52;0.689552405588403;-0.400617028152549;1.01425554048933
4.53;0.685502107551287;-0.410397805982013;1.01425554048933
4.54;0.681354628769962;-0.420038752842554;1.01425554048933
4.55;0.677111379516251;-0.429537219082446;1.01425554048933
4.56;0.67277379634639;-0.438890602313899;1.01425554048933
4.57;0.668343341625228;-0.448096348111922;1.01425554048933
4.58;0.663821503043516;-0.457151950697603;1.01425554048933
4.59;0.659209793128425;-0.466054953605638;1.01425554048933
4.6;0.65450974874747;-0.474802950335929;1.01425554048933
4.61;0.649722930605977;-0.483393584989082;1.01425554048933
4.62;0.644850922738284;-0.491824552885649;1.01425554048933
4.63;0.639895331992809;-0.500093601168948;1.01425554048933
4.64;0.634857787511175;-0.508198529391314;1.01425554048933
4.65;0.62973994020154;-0.516137190083635;1.01425554048933
4.66;0.624543462206311;-0.523907489308022;1.01425554048933
4.67;0.61927004636441;-0.531507387193491;1.01425554048933
4.68;0.613921405668251;-0.538934898454508;1.01425554048933
4.69;0.608499272715624;-0.546188092892286;1.01425554048933
4.7;0.603005399156628;-0.55326509587871;1.01425554048933
4.71;0.597441555135855;-0.560164088822764;1.01425554048933
4.72;0.591809528729983;-0.566883309619365;1.01425554048933
4.73;0.586111125380961;-0.573421053080495;1.01425554048933
4.74;0.580348167324969;-0.579775671348522;1.01425554048933
4.75;0.574522493017311;-0.585945574291635;1.01425554048933
4.76;0.568635956553451;-0.591929229881289;1.01425554048933
4.77;0.562690427086347;-0.597725164551587;1.01425554048933
4.78;0.55668778824027;-0.603331963540518;1.01425554048933
4.79;0.550629937521299;-0.608748271212984;1.01425554048933
4.8;0.544518785724667;-0.613972791365544;1.01425554048933
4.81;0.538356256339138;-0.619004287512823;1.01425554048933
4.82;0.532144284948605;-0.623841583155525;1.01425554048933
4.83;0.525884818631094;-0.628483562030005;1.01425554048933
4.84;0.519579815355349;-0.632929168339358;1.01425554048933
4.85;0.513231243375192;-0.637177406965976;1.01425554048933
4.86;0.506841080621847;-0.641227343665564;1.01425554048933
4.87;0.500411314094396;-0.645078105242568;1.01425554048933
4.88;0.493943939248574;-0.648728879706997;1.01425554048933
4.89;0.487440959384077;-0.652178916412638;1.01425554048933
4.9;0.480904385030566;-0.655427526176638;1.01425554048933
4.91;0.474336233332569;-0.658474081380461;1.01425554048933
4.92;0.467738527433449;-0.661318016052213;1.01425554048933
4.93;0.461113295858635;-0.663958825930345;1.01425554048933
4.94;0.454462571898303;-0.666396068508757;1.01425554048933
4.95;0.447788392989686;-0.668629363063302;1.01425554048933
4.96;0.441092800099202;-0.670658390659731;1.01425554048933
4.97;0.434377837104586;-0.672482894143101;1.01425554048933
4.98;0.427645550177219;-0.67410267810868;1.01425554048933
4.99;0.420897987164818;-0.675517608854394;1.01425554048933
5;0.414137196974694;-0.676727614314862;1.01425554048933
5.01;0.407343935909102;-0.684828639998966;0
5.02;0.400446321397495;-0.695749028301102;0
5.03;0.393440523620224;-0.706442089999478;0
5.04;0.386328828569901;-0.716905010435977;0
5.05;0.37911355005409;-0.727135048777207;0
5.06;0.371797028953915;-0.73712953870921;0
5.07;0.364381632475827;-0.746885889108648;0
5.08;0.356869753396763;-0.756401584690287;0
5.09;0.349263809302937;-0.765674186630644;0
5.1;0.341566241822509;-0.774701333167635;0
5.11;0.333779515852357;-0.783480740176094;0
5.12;0.325906118779209;-0.792010201719034;0
5.13;0.317948559695371;-0.800287590574517;0
5.14;0.309909368609291;-0.808310858738029;0
5.15;0.301791095651222;-0.816078037900241;0
5.16;0.293596310274203;-0.823587239900058;0
5.17;0.285327600450635;-0.830836657152873;0
5.18;0.276987571864678;-0.837824563053918;0
5.19;0.268578847100729;-0.844549312356661;0
5.2;0.26010406482823;-0.851009341526152;0
5.21;0.251565878983052;-0.857203169067277;0
5.22;0.242966957945716;-0.863129395827854;0
5.23;0.234309983716688;-0.868786705276519;0
5.24;0.225597651089016;-0.874173863755374;0
5.25;0.216832666818551;-0.879289720707359;0
5.26;0.208017748792007;-0.884133208878318;0
5.27;0.199155625193116;-0.88870334449375;0
5.28;0.19024903366713;-0.892999227410232;0
5.29;0.181300720483922;-0.897020041241514;0
5.3;0.17231343969994;-0.900765053459285;0
5.31;0.163289952319264;-0.904233615468634;0
5.32;0.154233025454031;-0.907425162658221;0
5.33;0.145145431484462;-0.910339214425182;0
5.34;0.136029947218759;-0.912975374174812;0
5.35;0.126889353053118;-0.91533332929507;0
5.36;0.117726432132111;-0.917412851105946;0
5.37;0.10854396950968;-0.919213794783759;0
5.38;0.0993447513110132;-0.920736099260449;0
5.39;0.0901315638955295;-0.921979787097933;0
5.4;0.0809071930212367;-0.922944964337616;0
5.41;0.0716744230107046;-0.923631820325118;0
5.42;0.0624360359189026;-0.924040627510356;0
5.43;0.0531948107031465;-0.924171741223037;0
5.44;0.0439535223954007;-0.924025599423706;0
5.45;0.03471494127718;-0.923602722430445;0
5.46;0.0254818320572927;-0.922903712621358;0
5.47;0.016256953052668;-0.921929254112966;0
5.48;0.00704305537250688;-0.920680112414659;0
5.49;-0.00215711789400353;-0.919157134059332;0
5.5;-0.0113408324861765;-0.917361246210385;0
5.51;-0.0205053637762754;-0.915293456245208;0
5.52;-0.0296479975696938;-0.912954851315356;0
5.53;-0.0387660309006324;-0.910346597883555;0
5.54;-0.0478567728230432;-0.907469941237733;0
5.55;-0.0569175451966101;-0.904326204982259;0
5.56;-0.0659456834675417;-0.900916790506575;0
5.57;-0.0749385374439476;-0.897243176431434;0
5.58;-0.0838934720655783;-0.893306918032927;0
5.59;-0.0928078681677058;-0.88910964664453;0
5.6;-0.101679123238927;-0.884653069037379;0
5.61;-0.11050465217267;-0.87993896677899;0
5.62;-0.119281888012198;-0.874969195570671;0
5.63;-0.128008282688884;-0.86974568456384;0
5.64;-0.136681307753559;-0.864270435655509;0
5.65;-0.145298455100727;-0.858545522763166;0
5.66;-0.153857237685422;-0.852573091079317;0
5.67;-0.162355190232541;-0.846355356305945;0
5.68;-0.170789869938411;-0.839894603869151;0
5.69;-0.179158857164432;-0.833193188114231;0
5.7;-0.18745975612257;-0.8262535314815;0
5.71;-0.195690195552531;-0.819078123663095;0
5.72;-0.203847829390417;-0.811669520741089;0
5.73;-0.211930337428676;-0.804030344307171;0
5.74;-0.219935425967174;-0.796163280564211;0
5.75;-0.227860828455194;-0.788071079409992;0
5.76;-0.235704306124202;-0.779756553503437;0
5.77;-0.243463648611186;-0.771222577313608;0
5.78;-0.251136674572425;-0.762472086151834;0
5.79;-0.258721232287488;-0.753508075187245;0
5.8;-0.266215200253325;-0.744333598446068;0
5.81;-0.273616487768274;-0.734951767794989;0
5.82;-0.280923035505837;-0.725365751908937;0
5.83;-0.288132816078059;-0.715578775223599;0
5.84;-0.295243834588365;-0.705594116873032;0
5.85;-0.302254129173713;-0.695415109612696;0
5.86;-0.309161771535908;-0.685045138728273;0
5.87;-0.31596486746194;-0.674487640930606;0
5.88;-0.322661557333219;-0.663746103237125;0
5.89;-0.329250016623551;-0.652824061840124;0
5.9;-0.335728456385754;-0.641725100962224;0
5.91;-0.342095123726761;-0.630452851699425;0
5.92;-0.348348302271104;-0.619010990852086;0
5.93;-0.354486312612653;-0.60740323974421;0
5.94;-0.3605075127545;-0.59563336303142;0
5.95;-0.366410298536866;-0.583705167497994;0
5.96;-0.372193104052942;-0.57162250084333;0
5.97;-0.377854402052536;-0.559389250458244;0
5.98;-0.383392704333446;-0.547009342191462;0
5.99;-0.388806562120454;-0.534486739106716;0
6;-0.394094566431852;-0.521825440230808;0
6.01;-0.399255348433402;-0.509029479293051;0
6.02;-0.404287579779661;-0.496102923456481;0
6.03;-0.409189972942581;-0.483049872041212;0
6.04;-0.413961281527305;-0.469874455240361;0
6.05;-0.418600300575095;-0.456580832828914;0
6.06;-0.423105866853313;-0.443173192865954;0
6.07;-0.4274768591324;-0.429655750390628;0
6.08;-0.43171219844979;-0.416032746112283;0
6.09;-0.435810848360691;-0.402308445095142;0
6.1;-0.439771815175704;-0.388487135437957;0
6.11;-0.443594148185201;-0.374573126949011;0
6.12;-0.44727693987045;-0.360570749816898;0
6.13;-0.450819326101417;-0.34648435327748;0
6.14;-0.454220486321229;-0.332318304277415;0
6.15;-0.457479643717259;-0.318076986134688;0
6.16;-0.460596065378797;-0.303764797196522;0
6.17;-0.463569062441299;-0.289386149495102;0
6.18;-0.466397990217177;-0.274945467401497;0
6.19;-0.469082248313129;-0.260447186278207;0
6.2;-0.471621280733985;-0.245895751130723;0
6.21;-0.474014575973064;-0.231295615258517;0
6.22;-0.476261667089044;-0.216651238905865;0
6.23;-0.478362131769343;-0.201967087912906;0
6.24;-0.480315592380003;-0.187247632367342;0
6.25;-0.482121716002106;-0.172497345257183;0
6.26;-0.48378021445472;-0.157720701124936;0
6.27;-0.485290844304394;-0.142922174723642;0
6.28;-0.486653406861221;-0.128106239675161;0
6.29;-0.487867748161501;-0.113277367131102;0
6.3;-0.488933758937023;-0.0984400244367917;0
6.31;-0.489851374571001;-0.0835986737986845;0
6.32;-0.490620575040706;-0.0687577709556001;0
6.33;-0.49124138484682;-0.0539217638541856;0
6.34;-0.491713872929577;-0.0390950913289884;0
6.35;-0.492038152571717;-0.0242821817875303;0
6.36;-0.492214381288316;-0.00948745190076597;0
6.37;-0.492242760703555;0.00528469470068876;0
6.38;-0.492123536414466;0.0200298687241797;0
6.39;-0.491856997841739;0.0347436965061083;0
6.4;-0.491443478067649;0.0494218212961223;0
6.41;-0.490883353661166;0.0640599045340287;0
6.42;-0.49017704449034;0.0786536271190601;0
6.43;-0.489325013522025;0.0931986906711259;0
6.44;-0.48832776660902;0.107690818783685;0
6.45;-0.487185852264737;0.122125758267878;0
6.46;-0.485899861425453;0.136499280387563;0
6.47;-0.484470427200261;0.150807182084894;0
6.48;-0.482898224608807;0.165045287196104;0
6.49;-0.481183970306917;0.179209447657126;0
6.5;-0.479328422300215;0.193295544698731;0
6.51;-0.47733237964583;0.207299490030819;0
6.52;-0.475196682142321;0.221217227015547;0
6.53;-0.472922210007918;0.235044731828945;0
6.54;-0.470509883547197;0.248778014610706;0
6.55;-0.467960662806315;0.262413120601817;0
6.56;-0.46527554721692;0.27594613126971;0
6.57;-0.462455575228879;0.289373165420622;0
6.58;-0.459501823931923;0.30269038029885;0
6.59;-0.456415408666373;0.315893972672598;0
6.6;-0.453197482623065;0.328980179906104;0
6.61;-0.449849236432617;0.34194528101776;0
6.62;-0.446371897744176;0.354785597723925;0
6.63;-0.442766730793796;0.367497495468144;0
6.64;-0.43903503596259;0.380077384435496;0
6.65;-0.435178149324805;0.392521720551776;0
6.66;-0.431197442185976;0.404827006467264;0
6.67;-0.427094320611309;0.416989792524779;0
6.68;-0.422870224944459;0.42900667771179;0
6.69;-0.418526629316863;0.440874310596297;0
6.7;-0.414065041147777;0.452589390246246;0
6.71;-0.409487000635203;0.464148667132224;0
6.72;-0.404794080237866;0.4755489440132;0
6.73;-0.399987884148401;0.48678707680506;0
6.74;-0.395070047757945;0.497859975431722;0
6.75;-0.39004223711229;0.508764604658597;0
6.76;-0.38490614835978;0.519497984908178;0
6.77;-0.379663507191141;0.530057193057544;0
6.78;-0.374316068271412;0.540439363217568;0
6.79;-0.368865614664164;0.550641687493633;0
6.8;-0.363313957248209;0.560661416727653;0
6.81;-0.357662934126957;0.570495861221216;0
6.82;-0.35191441003064;0.580142391439657;0
6.83;-0.346070275711572;0.589598438696882;0
6.84;-0.34013244733266;0.598861495820788;0
6.85;-0.334102865849335;0.607929117799088;0
6.86;-0.327983496385123;0.616798922405394;0
6.87;-0.321776327601041;0.625468590805413;0
6.88;-0.315483371059024;0.633935868143084;0
6.89;-0.309106660579576;0.642198564106545;0
6.9;-0.302648251593856;0.650254553473765;0
6.91;-0.296110220490402;0.658101776637739;0
6.92;-0.289494663956692;0.665738240111104;0
6.93;-0.28280369831575;0.673162017010068;0
6.94;-0.276039458858013;0.680371247517547;0
6.95;-0.269204099168655;0.6873641393254;0
6.96;-0.262299790450582;0.694138968055663;0
6.97;-0.255328720843318;0.700694077660703;0
6.98;-0.248293094737973;0.707027880802196;0
6.99;-0.241195132088525;0.713138859208861;0
7;-0.23403706771962;0.719025564012876;0
7.01;-0.226821150631097;0.724686616064906;0
7.02;-0.21954964329947;0.730120706227698;0
7.03;-0.212224820976562;0.735326595648177;0
7.04;-0.204848970985515;0.740303116008014;0
7.05;-0.197424392014402;0.745049169752615;0
7.06;-0.189953393407632;0.749563730298503;0
7.07;-0.182438294455386;0.753845842219072;0
7.08;-0.174881423681296;0.757894621408693;0
7.09;-0.16728511812857;0.761709255225153;0
7.1;-0.159651722644804;0.765289002610436;0
7.11;-0.151983589165668;0.768633194189827;0
7.12;-0.144283075997713;0.771741232349372;0
7.13;-0.136552547100493;0.774612591291679;0
7.14;-0.128794371368225;0.777246817070106;0
7.15;-0.121010921911208;0.779643527601347;0
7.16;-0.113204575337217;0.781802412656458;0
7.17;-0.105377711033071;0.783723233830356;0
7.18;-0.0975327104466173;0.785405824489844;0
7.19;-0.0896719563693209;0.786850089700203;0
7.2;-0.0817978322196912;0.788056006130433;0
7.21;-0.0739127213277486;0.789023621937176;0
7.22;-0.0660190062207483;0.789753056627419;0
7.23;-0.0581190679103728;0.790244500900045;0
7.24;-0.0502152851816033;0.790498216466311;0
7.25;-0.0423100338834808;0.790514535849353;0
7.26;-0.0344056862219668;0.790293862162802;0
7.27;-0.0265046100551104;0.789836668868632;0
7.28;-0.0186091681907307;0.789143499514322;0
7.29;-0.0107217176868206;0.788214967449473;0
7.3;-0.00284460915487534;0.787051755521979;0
7.31;0.00501981393364818;0.785654615753898;0
7.32;0.0128692159375403;0.78402436899713;0
7.33;0.0207012697325139;0.78216190456907;0
7.34;0.0285136573941465;0.78006817986835;0
7.35;0.0363040708768911;0.777744219970844;0
7.36;0.0440702126889582;0.775191117206072;0
7.37;0.0518097965628747;0.772410030714181;0
7.38;0.059520548121526;0.769402185983649;0
7.39;0.0672002055394885;0.766168874369908;0
7.4;0.0748465201994631;0.762711452595038;0
7.41;0.0824572573436219;0.759031342228732;0
7.42;0.09003019671968;0.755130029150718;0
7.43;0.0975631332215096;0.751009062994819;0
7.44;0.105053877524112;0.746670056574864;0
7.45;0.112500256712769;0.742114685292642;0
7.46;0.119900114906191;0.737344686528119;0
7.47;0.127251313873493;0.732361859012119;0
7.48;0.134551733644814;0.727168062181689;0
7.49;0.141799273115419;0.721765215518385;0
7.5;0.148991850643099;0.716155297869689;0
7.51;0.15612740463872;0.710340346753796;0
7.52;0.16320389414974;0.704322457648017;0
7.53;0.170219299436536;0.698103783261015;0
7.54;0.17717162254139;0.691686532789157;0
7.55;0.184058887849955;0.685072971157194;0
7.56;0.19087914264507;0.678265418243549;0
7.57;0.197630457652752;0.671266248090462;0
7.58;0.204310927580229;0.664077888099258;0
7.59;0.210918671645848;0.656702818210998;0
7.6;0.217451834100744;0.649143570072795;0
7.61;0.223908584742085;0.641402726190059;0
7.62;0.230287119417797;0.633482919064955;0
7.63;0.236585660522604;0.625386830321357;0
7.64;0.242802457485255;0.61711718981658;0
7.65;0.248935787246817;0.608676774740173;0
7.66;0.254983954729896;0.600068408700087;0
7.67;0.260945293298659;0.591294960796485;0
7.68;0.266818165209548;0.582359344683515;0
7.69;0.272600962052552;0.573264517619342;0
7.7;0.278292105182933;0.564013479504729;0
7.71;0.28389004614328;0.554609271910506;0
7.72;0.289393267075799;0.545054977094205;0
7.73;0.294800281124711;0.535353717006195;0
7.74;0.300109632828674;0.525508652285626;0
7.75;0.305319898503115;0.515522981246502;0
7.76;0.310429686612378;0.505399938854199;0
7.77;0.315437638131605;0.495142795692764;0
7.78;0.320342426898233;0.484754856923301;0
7.79;0.325142759953055;0.474239461233791;0
7.8;0.329837377870727;0.463599979780662;0
7.81;0.334425055079659;0.45283981512245;0
7.82;0.338904600171217;0.441962400145871;0
7.83;0.343274856198137;0.430971196984659;0
7.84;0.34753470096211;0.419869695931486;0
7.85;0.351683047290447;0.408661414343313;0
7.86;0.355718843301775;0.397349895540514;0
7.87;0.359641072660697;0.385938707700106;0
7.88;0.363448754821353;0.374431442743426;0
7.89;0.367140945259843;0.362831715218611;0
7.9;0.370716735695445;0.35114316117821;0
7.91;0.374175254300593;0.339369437052276;0
7.92;0.377515665899564;0.327514218517299;0
7.93;0.380737172155841;0.315581199361296;0
7.94;0.383839011748108;0.303574090345438;0
7.95;0.386820460534843;0.291496618062538;0
7.96;0.389680831707493;0.279352523792752;0
7.97;0.392419475932185;0.267145562356855;0
7.98;0.395035781479965;0.254879500967418;0
7.99;0.397529174345541;0.24255811807825;0
8;0.399899118354512;0.230185202232445;0
8.01;0.402145115259072;0.217764550909393;0
8.02;0.404266704822182;0.205299969371079;0
8.03;0.406263464890206;0.192795269508043;0
8.04;0.408135011453997;0.180254268685337;0
8.05;0.409880998698457;0.167680788588816;0
8.06;0.411501119040551;0.155078654072125;0
8.07;0.412995103155802;0.142451692004713;0
8.08;0.414362719993269;0.129803730121223;0
8.09;0.415603776779026;0.117138595872604;0
8.1;0.416718119008169;0.104460115279281;0
8.11;0.41770563042535;0.0917721117867184;0
8.12;0.418566232993893;0.0790784051237329;0
8.13;0.419299886853499;0.0663828101638752;0
8.14;0.419906590266583;0.0536891357902269;0
8.15;0.420386379553273;0.0410011837639428;0
8.16;0.420739329015115;0.028322747596874;0
8.17;0.420965550847525;0.0156576114286006;0
8.18;0.421065195041025;0.00300954890820366;0
8.19;0.42103844927133;-0.0096176779188954;0
8.2;0.420885538778318;-0.022220319718705;0
8.21;0.420606726233953;-0.0347946409707184;0
8.22;0.420202311599214;-0.047336921063935;0
8.23;0.419672631970088;-0.0598434553865271;0
8.24;0.419018061412704;-0.0723105564088396;0
8.25;0.418239010787658;-0.0847345547594068;0
8.26;0.417335927563619;-0.097111800293677;0
8.27;0.416309295620278;-0.109438663155137;0
8.28;0.41515963504072;-0.121711534828531;0
8.29;0.413887501893305;-0.133926829184873;0
8.3;0.412493488003129;-0.14608098351795;0
8.31;0.410978220713169;-0.158170459572029;0
8.32;0.409342362635185;-0.170191744560458;0
8.33;0.407586611390479;-0.182141352174892;0
8.34;0.405711699340608;-0.194015823584841;0
8.35;0.403718393308141;-0.205811728427268;0
8.36;0.401607494287571;-0.217525665785947;0
8.37;0.399379837146479;-0.229154265160314;0
8.38;0.397036290317053;-0.240694187423539;0
8.39;0.394577755478084;-0.252142125769538;0
8.4;0.392005167227539;-0.263494806648681;0
8.41;0.389319492745823;-0.274748990691908;0
8.42;0.386521731449863;-0.285901473623025;0
8.43;0.383612914638117;-0.296949087158904;0
8.44;0.380594105126637;-0.307888699897348;0
8.45;0.37746639687631;-0.318717218192377;0
8.46;0.374230914611406;-0.329431587016689;0
8.47;0.370888813429558;-0.340028790811067;0
8.48;0.367441278403304;-0.350505854320487;0
8.49;0.363889524173337;-0.360859843416717;0
8.5;0.360234794533582;-0.371087865907165;0
8.51;0.356478362008252;-0.381187072329774;0
8.52;0.352621527421021;-0.391154656733737;0
8.53;0.348665619456444;-0.400987857445829;0
8.54;0.344611994213795;-0.41068395782215;0
8.55;0.340462034753437;-0.420240286985074;0
8.56;0.336217150635903;-0.429654220545218;0
8.57;0.331878777453819;-0.438923181308232;0
8.58;0.327448376356829;-0.448044639966229;0
8.59;0.322927433569678;-0.457016115773664;0
8.6;0.3183174599036;-0.46583517720751;0
8.61;0.313619990261187;-0.474499442611529;0
8.62;0.308836583134876;-0.483006580824496;0
8.63;0.303968820099232;-0.491354311792205;0
8.64;0.299018305297187;-0.499540407163101;0
8.65;0.29398666492039;-0.507562690867395;0
8.66;0.288875546683845;-0.515419039679508;0
8.67;0.283686619295003;-0.523107383763707;0
8.68;0.278421571917466;-0.5306257072028;0
8.69;0.273082113629489;-0.537972048509762;0
8.7;0.267669972877437;-0.545144501122166;0
8.71;0.262186896924376;-0.55214121387929;0
8.72;0.256634651293977;-0.558960391481814;0
8.73;0.251015019209895;-0.565600294933966;0
8.74;0.24532980103081;-0.57205924196804;0
8.75;0.239580813681301;-0.578335607451176;0
8.76;0.233769890078729;-0.584427823774314;0
8.77;0.22789887855632;-0.590334381223238;0
8.78;0.221969642282612;-0.596053828331625;0
8.79;0.215984058677448;-0.601584772216031;0
8.8;0.209944018824713;-0.606925878892735;0
8.81;0.203851426881976;-0.612075873576387;0
8.82;0.197708199487228;-0.617033540960395;0
8.83;0.191516265162901;-0.621797725479003;0
8.84;0.185277563717346;-0.626367331551009;0
8.85;0.178994045643963;-0.63074132380508;0
8.86;0.172667671518151;-0.63491872728664;0
8.87;0.166300411392278;-0.638898627646282;0
8.88;0.159894244188854;-0.642680171309695;0
8.89;0.153451157092078;-0.646262565629081;0
8.9;0.146973144937962;-0.649645079016046;0
8.91;0.140462209603207;-0.652827041055958;0
8.92;0.133920359393017;-0.655807842603778;0
8.93;0.127349608428044;-0.65858693586135;0
8.94;0.120751976030636;-0.661163834436181;0
8.95;0.114129486110584;-0.663538113381699;0
8.96;0.107484166550551;-0.665709409219034;0
8.97;0.100818048591364;-0.667677419940332;0
8.98;0.0941331662173589;-0.669441904993637;0
8.99;0.0874315555419522;-0.671002685249373;0
9;0.08071525419364;-0.672359642948479;0
9.01;0.0739863007025922;-0.673512721632233;0
9.02;0.0672467338880313;-0.674461926053816;0
9.03;0.0604985922465793;-0.675207322071693;0
9.04;0.0537439133417505;-0.675749036524842;0
9.05;0.0469847331947746;-0.676087257089934;0
9.06;0.0402230856769286;-0.676222232120512;0
9.07;0.0334610019035578;-0.676154270468262;0
9.08;0.0267005096299637;-0.675883741286454;0
9.09;0.0199436326493384;-0.675411073815649;0
9.1;0.0131923901929207;-0.674736757151754;0
9.11;0.00644879633255087;-0.673861339996546;0
9.12;-0.000285140614201219;-0.672785430390743;0
9.13;-0.0070074186761606;-0.671509695429758;0
9.14;-0.0137160428177517;-0.670034860962233;0
9.15;-0.0204090255251114;-0.668361711271481;0
9.16;-0.0270843873889395;-0.666491088739961;0
9.17;-0.0337401576839183;-0.664423893496907;0
9.18;-0.0403743749445339;-0.662161083049262;0
9.19;-0.0469850875371308;-0.65970367189604;0
9.2;-0.0535703542280371;-0.657052731126268;0
9.21;-0.0601282447475958;-0.654209388000658;0
9.22;-0.0666568403499393;-0.651174825517156;0
9.23;-0.0731542343683486;-0.647950281960537;0
9.24;-0.0796185327660361;-0.644537050436188;0
9.25;-0.0860478546821966;-0.640936478388277;0
9.26;-0.0924403329731698;-0.637149967102444;0
9.27;-0.0987941147485608;-0.633178971193221;0
9.28;-0.105107361902167;-0.629024998076338;0
9.29;-0.111378251637561;-0.624689607426113;0
9.3;-0.11760497698818;-0.620174410618109;0
9.31;-0.123785747331775;-0.615481070157245;0
9.32;-0.129918788899082;-0.610611299091576;0
9.33;-0.136002345276559;-0.605566860411915;0
9.34;-0.142034677903066;-0.600349566437526;0
9.35;-0.148014066560327;-0.594961278188086;0
9.36;-0.153938809857065;-0.589403904742116;0
9.37;-0.159807225706652;-0.583679402582128;0
9.38;-0.165617651798152;-0.57778977492667;0
9.39;-0.171368446060632;-0.571737071049518;0
9.4;-0.177057987120599;-0.565523385586234;0
9.41;-0.182684674752459;-0.559150857828311;0
9.42;-0.188246930321846;-0.552621671005149;0
9.43;-0.193743197221735;-0.545938051554101;0
9.44;-0.199171941301188;-0.539102268378805;0
9.45;-0.204531651286637;-0.532116632096081;0
9.46;-0.20982083919559;-0.524983494271598;0
9.47;-0.215038040742635;-0.517705246644599;0
9.48;-0.220181815737649;-0.510284320341901;0
9.49;-0.2252507484761;-0.502723185081448;0
9.5;-0.230243448121334;-0.495024348365662;0
9.51;-0.235158549078756;-0.48719035466485;0
9.52;-0.239994711361795;-0.479223784590942;0
9.53;-0.24475062094957;-0.471127254061806;0
9.54;-0.249424990136155;-0.462903413456423;0
9.55;-0.254016557871354;-0.454554946761177;0
9.56;-0.258524090092905;-0.446084570707548;0
9.57;-0.262946380050013;-0.437495033901458;0
9.58;-0.267282248618156;-0.42878911594457;0
9.59;-0.271530544605052;-0.419969626547804;0
9.6;-0.275690145047738;-0.411039404637342;0
9.61;-0.279759955500673;-0.402001317453425;0
9.62;-0.283738910314796;-0.392858259642205;0
9.63;-0.287625972907476;-0.383613152340937;0
9.64;-0.291420136023281;-0.374268942256814;0
9.65;-0.295120421985511;-0.364828600739712;0
9.66;-0.298725882938429;-0.355295122849142;0
9.67;-0.302235601080142;-0.345671526415707;0
9.68;-0.305648688886064;-0.335960851097331;0
9.69;-0.308964289322928;-0.326166157430583;0
9.7;-0.312181576053284;-0.316290525877362;0
9.71;-0.31529975363045;-0.306337055867251;0
9.72;-0.318318057683859;-0.296308864835832;0
9.73;-0.321235755094781;-0.286209087259257;0
9.74;-0.324052144162371;-0.276040873685367;0
9.75;-0.326766554760015;-0.265807389761661;0
9.76;-0.329378348481939;-0.255511815260409;0
9.77;-0.331886918780064;-0.245157343101205;0
9.78;-0.334291691091069;-0.23474717837126;0
9.79;-0.336592122953652;-0.224284537343733;0
9.8;-0.338787704115967;-0.213772646494393;0
9.81;-0.340877956633221;-0.203214741516916;0
9.82;-0.342862434955412;-0.192614066337107;0
9.83;-0.344740726005218;-0.18197387212635;0
9.84;-0.346512449246008;-0.171297416314587;0
9.85;-0.348177256739987;-0.160587961603109;0
9.86;-0.349734833196465;-0.14984877497747;0
9.87;-0.35118489601026;-0.139083126720807;0
9.88;-0.352527195290238;-0.128294289427874;0
9.89;-0.353761513877995;-0.117485537020075;0
9.9;-0.354887667356694;-0.106660143761789;0
9.91;-0.355905504050075;-0.0958213832782845;0
9.92;-0.356814905011653;-0.0849725275755206;0
9.93;-0.35761578400412;-0.0741168460621056;0
9.94;-0.358308087468979;-0.0632576045737241;0
9.95;-0.358891794486436;-0.0523980644003092;0
9.96;-0.359366916725575;-0.0415414813162489;0
9.97;-0.35973349838485;-0.0306911046139131;0
9.98;-0.359991616122931;-0.0198501761407842;0
9.99;-0.360141378979933;-0.00902192934047557;0
10;-0.360182928289081;0.00179041170208469;0
10.01;-0.36011643757884;0.0125836332110218;0
10.02;-0.359942112465564;0.0233545326651599;0
10.03;-0.359660190536716;0.0340999197386678;0
10.04;-0.359270941224698;0.0448166172364334;0
10.05;-0.358774665671354;0.0555014620238934;0
10.06;-0.358171696583204;0.0661513059510508;0
10.07;-0.357462398077462;0.0767630167704124;0
10.08;-0.356647165518902;0.0873334790485817;0
10.09;-0.35572642534764;0.0978595950712448;0
10.1;-0.354700634897895;0.108338285741289;0
10.11;-0.353570282207805;0.1187664914698;0
10.12;-0.352335885820357;0.129141173059673;0
10.13;-0.350997994575524;0.139459312581602;0
10.14;-0.349557187393675;0.14971791424218;0
10.15;-0.348014073050336;0.159914005243878;0
10.16;-0.346369289942394;0.170044636636648;0
10.17;-0.344623505845821;0.180106884160914;0
10.18;-0.342777417665011;0.190097849081721;0
10.19;-0.340831751173807;0.200014659013785;0
10.2;-0.338787260748331;0.209854468737241;0
10.21;-0.336644729091694;0.219614461003834;0
10.22;-0.334404966950685;0.229291847333347;0
10.23;-0.332068812824544;0.238883868800037;0
10.24;-0.329637132665918;0.24838779680885;0
10.25;-0.327110819574097;0.257800933861228;0
10.26;-0.324490793480642;0.267120614310257;0
10.27;-0.321778000827512;0.276344205104991;0
10.28;-0.318973414237795;0.285469106523704;0
10.29;-0.316078032179154;0.294492752895911;0
10.3;-0.313092878620112;0.303412613312927;0
10.31;-0.310019002679278;0.312226192326791;0
10.32;-0.306857478267635;0.320931030637356;0
10.33;-0.303609403724019;0.329524705767366;0
10.34;-0.300275901443893;0.338004832725331;0
10.35;-0.296858117501553;0.346369064656029;0
10.36;-0.293357221265885;0.354615093478453;0
10.37;-0.289774405009798;0.362740650511048;0
10.38;-0.286110883513463;0.370743507084054;0
10.39;-0.282367893661487;0.378621475138808;0
10.4;-0.278546694034157;0.386372407813836;0
10.41;-0.274648564492873;0.3939942000176;0
10.42;-0.270674805759929;0.401484788987727;0
10.43;-0.266626738992747;0.408842154836595;0
10.44;-0.262505705352732;0.41606432108313;0
10.45;-0.25831306556886;0.423149355170673;0
10.46;-0.254050199496154;0.430095368970793;0
10.47;-0.249718505669194;0.436900519272919;0
10.48;-0.245319400850779;0.443563008259658;0
10.49;-0.240854319575913;0.450081083967696;0
10.5;-0.236324713691244;0.456453040734159;0
10.51;-0.231732051890105;0.462677219628331;0
10.52;-0.227077819243303;0.468752008868613;0
10.53;-0.222363516725804;0.474675844224644;0
10.54;-0.217590660739469;0.480447209404465;0
10.55;-0.212760782631984;0.486064636426656;0
10.56;-0.20787542821213;0.491526705977351;0
10.57;-0.202936157261563;0.496832047752045;0
10.58;-0.197944543043234;0.501979340782126;0
10.59;-0.192902171806619;0.506967313746061;0
10.6;-0.187810642289905;0.511794745265159;0
10.61;-0.182671565219286;0.516460464183856;0
10.62;-0.177486562805528;0.520963349834464;0
10.63;-0.172257268237957;0.525302332286334;0
10.64;-0.166985325176023;0.529476392579376;0
10.65;-0.161672387238603;0.533484562941899;0
10.66;-0.156320117491195;0.537325926992743;0
10.67;-0.150930187931158;0.540999619927642;0
10.68;-0.145504278971164;0.544504828689819;0
10.69;-0.140044078921017;0.547840792124768;0
10.7;-0.134551283467983;0.551006801119222;0
10.71;-0.129027595155822;0.554002198724267;0
10.72;-0.123474722862639;0.556826380262622;0
10.73;-0.117894381277748;0.559478793420057;0
10.74;-0.112288290377687;0.561958938320962;0
10.75;-0.106658174901551;0.564266367588064;0
10.76;-0.101005763825797;0.566400686386304;0
10.77;-0.0953327898386839;0.568361552450896;0
10.78;-0.0896409888144989;0.570148676099567;0
10.79;-0.0839320992877384;0.571761820229024;0
10.8;-0.0782078619273904;0.573200800295661;0
10.81;-0.0724700190114827;0.574465484280547;0
10.82;-0.0667203139020511;0.575555792638724;0
10.83;-0.0609604905206855;0.576471698232872;0
10.84;-0.0551922928248094;0.577213226251364;0
10.85;-0.0494174642848486;0.577780454110792;0
10.86;-0.043637747362445;0.578173511342994;0
10.87;-0.037854882989869;0.578392579466659;0
10.88;-0.032070610050785;0.578437891843565;0
10.89;-0.0262866648625244;0.578309733519523;0
10.9;-0.0205047806600161;0.578008441050109;0
10.91;-0.0147266870815296;0.577534402311245;0
10.92;-0.00895410965637849;0.576888056294731;0
10.93;-0.00318876929473742;0.576069892888795;0
10.94;0.00256761822028021;0.575080452643777;0
10.95;0.00831334273813447;0.573920326523016;0
10.96;0.0140467002438139;0.572590155639063;0
10.97;0.0197659933580871;0.571090630975308;0
10.98;0.0254695318349049;0.569422493093141;0
10.99;0.0311556330558102;0.567586531824753;0
11;0.0368226225212107;0.565583585951694;0
11.01;0.0424688343383746;0.563414542869313;0
11.02;0.0480926117060065;0.561080338237199;0
11.03;0.0536923073952664;0.558581955615758;0
11.04;0.0592662842270913;0.555920426089056;0
11.05;0.0648129155456851;0.553096827874062;0
11.06;0.0703305856880394;0.550112285916434;0
11.07;0.0758176904493525;0.546967971472997;0
11.08;0.0812726375442138;0.543665101681049;0
11.09;0.0866938470634226;0.540204939114661;0
11.1;0.0920797519263118;0.536588791328116;0
11.11;0.0974287983284487;0.532818010386647;0
11.12;0.102739446184587;0.528893992384646;0
11.13;0.108010169566743;0.524818176951494;0
11.14;0.113239457137282;0.520592046745199;0
11.15;0.118425812576873;0.516217126933999;0
11.16;0.123567755007224;0.511694984666115;0
11.17;0.128663819408447;0.507027228527836;0
11.18;0.133712557030957;0.502215507990106;0
11.19;0.138712535801791;0.497261512843814;0
11.2;0.143662340725223;0.492166972623961;0
11.21;0.148560574277572;0.486933656022912;0
11.22;0.1534058567961;0.481563370292906;0
11.23;0.158196826861878;0.476057960638048;0
11.24;0.162932141676535;0.470419309595963;0
11.25;0.16761047743277;0.464649336409315;0
11.26;0.172230529678541;0.458749996387418;0
11.27;0.17679101367482;0.452723280258119;0
11.28;0.181290664746828;0.446571213510188;0
11.29;0.185728238628652;0.440295855726411;0
11.3;0.190102511801149;0.433899299907612;0
11.31;0.19441228182305;0.427383671787823;0
11.32;0.198656367655184;0.420751129140811;0
11.33;0.202833609977718;0.4140038610782;0
11.34;0.206942871500351;0.407144087339402;0
11.35;0.210983037265366;0.400174057573585;0
11.36;0.214953014943465;0.393096050613917;0
11.37;0.21885173512232;0.3859123737443;0
11.38;0.222678151587751;0.378625361958841;0
11.39;0.226431241597473;0.37123737721429;0
11.4;0.230110006147326;0.363750807675677;0
11.41;0.233713470229949;0.356168066955393;0
11.42;0.237240683085797;0.348491593345947;0
11.43;0.240690718446474;0.340723849046645;0
11.44;0.244062674770293;0.332867319384433;0
11.45;0.247355675470034;0.324924512029148;0
11.46;0.250568869132813;0.316897956203412;0
11.47;0.253701429732041;0.308790201887434;0
11.48;0.256752556831402;0.300603819018947;0
11.49;0.259721475780809;0.292341396688546;0
11.5;0.262607437904301;0.284005542330661;0
11.51;0.265409720679819;0.275598880910423;0
11.52;0.268127627910843;0.267124054106678;0
11.53;0.27076048988984;0.258583719491387;0
11.54;0.273307663553488;0.249980549705678;0
11.55;0.275768532629649;0.24131723163279;0
11.56;0.278142507776059;0.232596465568184;0
11.57;0.280429026710706;0.22382096438704;0
11.58;0.28262755433387;0.214993452709428;0
11.59;0.284737582841808;0.20611666606339;0
11.6;0.286758631832063;0.197193350046187;0
11.61;0.288690248400375;0.188226259483976;0
11.62;0.290532007229182;0.179218157590154;0
11.63;0.292283510667702;0.170171815122647;0
11.64;0.293944388803582;0.161090009540377;0
11.65;0.295514299526114;0.151975524159172;0
11.66;0.296992928580999;0.142831147307374;0
11.67;0.298379989616673;0.133659671481391;0
11.68;0.299675224222191;0.124463892501457;0
11.69;0.300878401956669;0.115246608667838;0
11.7;0.301989320370283;0.106010619917756;0
11.71;0.303007805016854;0.0967587269832578;0
11.72;0.303933709458009;0.0874937305503069;0
11.73;0.304766915258943;0.0782184304193233;0
11.74;0.305507331975788;0.0689356246674381;0
11.75;0.306154897134622;0.0596481088127013;0
11.76;0.306709576202124;0.0503586749804946;0
11.77;0.307171362547903;0.0410701110723932;0
11.78;0.30754027739853;0.0317851999377227;0
11.79;0.3078163697833;0.0225067185480535;0
11.8;0.307999716471752;0.013237437174877;0
11.81;0.308090421902977;0.00398011857070208;0
11.82;0.308088618106758;-0.00526248284618546;0
11.83;0.307994464616573;-0.0144876218030655;0
11.84;0.307808148374506;-0.0236925629799892;0
11.85;0.3075298836281;-0.032874581812615;0
11.86;0.307159911819203;-0.0420309652904392;0
11.87;0.306698501464861;-0.0511590127501927;0
11.88;0.306145948030291;-0.0602560366641719;0
11.89;0.305502573793996;-0.0693193634232781;0
11.9;0.304768727705076;-0.0783463341145378;0
11.91;0.30394478523279;-0.0873343052928824;0
11.92;0.303031148208425;-0.0962806497469644;0
11.93;0.302028244659537;-0.105182757258791;0
11.94;0.300936528636619;-0.114038035356957;0
11.95;0.299756480032273;-0.122843910063269;0
11.96;0.298488604392942;-0.131597826632534;0
11.97;0.297133432723275;-0.140297250285316;0
11.98;0.295691521283201;-0.148939666933453;0
11.99;0.294163451377779;-0.157522583898115;0
12;0.292549829139899;-0.166043530620216;0
12.01;0.290851285305918;-0.174500059362977;0
12.02;0.289068474984306;-0.182889745906431;0
12.03;0.287202077417379;-0.191210190233695;0
12.04;0.285252795736216;-0.199459017208801;0
12.05;0.283221356708828;-0.207633877245909;0
12.06;0.281108510481676;-0.215732446969702;0
12.07;0.278915030314631;-0.223752429866801;0
12.08;0.276641712309456;-0.231691556927999;0
12.09;0.274289375131906;-0.239547587281149;0
12.1;0.271858859727546;-0.247318308814534;0
12.11;0.269351029031377;-0.255001538790536;0
12.12;0.26676676767137;-0.262595124449457;0
12.13;0.264106981666005;-0.2700969436033;0
12.14;0.261372598115922;-0.277504905219386;0
12.15;0.258564564889776;-0.284816949993604;0
12.16;0.255683850304414;-0.292031050913191;0
12.17;0.252731442799463;-0.299145213808843;0
12.18;0.249708350606458;-0.306157477896044;0
12.19;0.24661560141259;-0.313065916305457;0
12.2;0.243454242019213;-0.31986863660223;0
12.21;0.240225337995205;-0.326563781294093;0
12.22;0.23692997332529;-0.33314952832811;0
12.23;0.233569250053461;-0.339624091575943;0
12.24;0.230144287921585;-0.345985721307526;0
12.25;0.226656224003337;-0.352232704653005;0
12.26;0.223106212333558;-0.358363366052841;0
12.27;0.219495423533175;-0.364376067695948;0
12.28;0.215825044429787;-0.370269209945773;0
12.29;0.212096277674046;-0.376041231754189;0
12.3;0.208310341351956;-0.381690611063118;0
12.31;0.204468468593213;-0.387215865193772;0
12.32;0.200571907175702;-0.39261555122342;0
12.33;0.19662191912629;-0.397888266349594;0
12.34;0.192619780318031;-0.403032648241641;0
12.35;0.188566780063912;-0.408047375379533;0
12.36;0.184464220707269;-0.412931167379874;0
12.37;0.180313417208999;-0.417682785309002;0
12.38;0.176115696731707;-0.422301031983136;0
12.39;0.171872398220899;-0.426784752255492;0
12.4;0.167584871983368;-0.431132833290299;0
12.41;0.163254479262905;-0.435344204823669;0
12.42;0.158882591813448;-0.439417839411248;0
12.43;0.154470591469824;-0.443352752662614;0
12.44;0.150019869716205;-0.447148003462362;0
12.45;0.14553182725241;-0.450802694177837;0
12.46;0.14100787355819;-0.454315970853479;0
12.47;0.136449426455638;-0.457687023391733;0
12.48;0.131857911669839;-0.460915085720515;0
12.49;0.127234762387911;-0.463999435947176;0
12.5;0.122581418816572;-0.466939396498975;0
12.51;0.117899327738355;-0.46973433425001;0
12.52;0.113189942066618;-0.472383660634623;0
12.53;0.108454720399482;-0.474886831747235;0
12.54;0.103695126572833;-0.47724334842864;0
12.55;0.0989126292125136;-0.479452756338723;0
12.56;0.0941087012858622;-0.481514646015628;0
12.57;0.0892848196527087;-0.483428652921365;0
12.58;0.0844424646159824;-0.485194457473875;0
12.59;0.0795831194720576;-0.486811785065566;0
12.6;0.0747082700609758;-0.488280406068331;0
12.61;0.0698194043166771;-0.489600135825076;0
12.62;0.0649180118173783;-0.490770834627786;0
12.63;0.0600055833362299;-0.491792407682148;0
12.64;0.0550836103923874;-0.492664805058776;0
12.65;0.0501535848026312;-0.49338802163107;0
12.66;0.0452169982336668;-0.493962096999751;0
12.67;0.0402753417552401;-0.494387115404121;0
12.68;0.0353301053942;-0.494663205620088;0
12.69;0.030382777689639;-0.494790540845024;0
12.7;0.0254348452492454;-0.494769338569503;0
12.71;0.0204877923069965;-0.494599860435974;0
12.72;0.0155431002823232;-0.494282412084454;0
12.73;0.0106022473408764;-0.493817342985293;0
12.74;0.00566670795702378;-0.49320504625908;0
12.75;0.000737952478204426;-0.492445958483788;0
12.76;-0.00418255330873028;-0.491540559489211;0
12.77;-0.00909334860906351;-0.490489372138798;0
12.78;-0.0139929780495217;-0.489292962098957;0
12.79;-0.0188799921052204;-0.487951937595925;0
12.8;-0.0237529475241228;-0.486466949160304;0
12.81;-0.0286104077488889;-0.484838689359344;0
12.82;-0.033450943335993;-0.483067892517098;0
12.83;-0.0382731323719875;-0.481155334422531;0
12.84;-0.0430755608867948;-0.479101832025703;0
12.85;-0.0478568232639082;-0.476908243122142;0
12.86;-0.0526155226473822;-0.474575466025509;0
12.87;-0.057350271345499;-0.47210443922868;0
12.88;-0.0620596912309932;-0.469496141053369;0
12.89;-0.0667424141377215;-0.466751589288415;0
12.9;-0.071397082253665;-0.463871840816856;0
12.91;-0.0760223485101528;-0.460857991231929;0
12.92;-0.0806168769671949;-0.457711174442123;0
12.93;-0.0851793431948183;-0.454432562265427;0
12.94;-0.0897084346502968;-0.451023364012911;0
12.95;-0.0942028510511688;-0.447484826061788;0
12.96;-0.0986613047439397;-0.443818231418088;0
12.97;-0.103082521068364;-0.440024899269116;0
12.98;-0.107465238717209;-0.436106184525826;0
12.99;-0.11180821009139;-0.432063477355277;0
13;-0.1161102016504;-0.427898202703318;0
13.01;-0.120369994257906;-0.423611819807679;0
13.02;-0.124586383522447;-0.419205821701605;0
13.03;-0.128758180133119;-0.414681734708227;0
13.04;-0.132884210190167;-0.410041117925813;0
13.05;-0.136963315530385;-0.405285562704081;0
13.06;-0.140994354047243;-0.400416692111751;0
13.07;-0.144976200005648;-0.395436160395492;0
13.08;-0.14890774435126;-0.390345652430465;0
13.09;-0.152787895014272;-0.38514688316262;0
13.1;-0.156615577207578;-0.379841597042944;0
13.11;-0.160389733719252;-0.374431567453832;0
13.12;-0.164109325199248;-0.368918596127775;0
13.13;-0.16777333044026;-0.363304512558547;0
13.14;-0.171380746652658;-0.357591173405081;0
13.15;-0.174930589733431;-0.351780461888233;0
13.16;-0.178421894529066;-0.345874287180607;0
13.17;-0.181853715092292;-0.339874583789667;0
13.18;-0.185225124932634;-0.3337833109343;0
13.19;-0.188535217260694;-0.327602451915053;0
13.2;-0.191783105226112;-0.321334013478225;0
13.21;-0.194967922149142;-0.314980025174031;0
13.22;-0.198088821745779;-0.30854253870903;0
13.23;-0.20114497834639;-0.302023627293027;0
13.24;-0.204135587107787;-0.295425384980646;0
13.25;-0.207059864218692;-0.288749926007792;0
13.26;-0.20991704709855;-0.281999384123201;0
13.27;-0.212706394589626;-0.275175911915292;0
13.28;-0.215427187142363;-0.268281680134524;0
13.29;-0.218078726993929;-0.261318877011479;0
13.3;-0.220660338339943;-0.254289707570872;0
13.31;-0.223171367499309;-0.24719639294171;0
13.32;-0.225611183072143;-0.240041169663806;0
13.33;-0.227979176090749;-0.232826288990868;0
13.34;-0.230274760163609;-0.225554016190373;0
13.35;-0.232497371612358;-0.218226629840444;0
13.36;-0.234646469601718;-0.210846421123946;0
13.37;-0.236721536262357;-0.203415693120018;0
13.38;-0.238722076806658;-0.195936760093251;0
13.39;-0.240647619637364;-0.188411946780744;0
13.4;-0.242497716449089;-0.180843587677237;0
13.41;-0.244271942322672;-0.173234026318553;0
13.42;-0.245969895812355;-0.165585614563561;0
13.43;-0.247591199025782;-0.157900711874876;0
13.44;-0.24913549769679;-0.150181684598515;0
13.45;-0.250602461251005;-0.142430905242734;0
13.46;-0.251991782864211;-0.13465075175625;0
13.47;-0.253303179513507;-0.126843606806075;0
13.48;-0.254536392021241;-0.119011857055179;0
13.49;-0.255691185091718;-0.111157892440196;0
13.5;-0.256767347340688;-0.103284105449387;0
13.51;-0.257764691317611;-0.0953928904010801;0
13.52;-0.25868305352072;-0.0874866427228075;0
13.53;-0.259522294404864;-0.0795677582313405;0
13.54;-0.260282298382174;-0.0716386324138513;0
13.55;-0.260962973815527;-0.0637016597104065;0
13.56;-0.261564253004862;-0.0557592327980086;0
13.57;-0.262086092166324;-0.0478137418763955;0
13.58;-0.262528471404292;-0.0398675739558112;0
13.59;-0.262891394676284;-0.0319231121469561;0
13.6;-0.263174889750776;-0.0239827349533261;0
13.61;-0.263379008157953;-0.0160488155661501;0
13.62;-0.263503825133425;-0.00812372116213064;0
13.63;-0.263549439554934;-0.00020981220419522;0
13.64;-0.263515973872079;0.00769055825453882;0
13.65;-0.263403574029099;0.0155750452633814;0
13.66;-0.263212409380746;0.023441312663068;0
13.67;-0.262942672601283;0.0312870337709383;0
13.68;-0.262594579586651;0.0391098920620964;0
13.69;-0.26216836934984;0.0469075818463559;0
13.7;-0.261664303909511;0.0546778089407732;0
13.71;-0.261082668171916;0.0624182913375759;0
13.72;-0.260423769806158;0.0701267598672935;0
13.73;-0.259687939112842;0.0778009588568995;0
13.74;-0.258875528886165;0.0854386467827778;0
13.75;-0.257986914269509;0.0930375969183244;0
13.76;-0.25702249260457;0.100595597976001;0
13.77;-0.255982683274106;0.108110454743656;0
13.78;-0.254867927538336;0.115579988714936;0
13.79;-0.25367868836507;0.123002038713604;0
13.8;-0.252415450253621;0.130374461511586;0
13.81;-0.251078719052566;0.137695132440585;0
13.82;-0.249669021771419;0.144961945997071;0
13.83;-0.248186906386287;0.15217281644049;0
13.84;-0.246632941639573;0.159325678384521;0
13.85;-0.245007716833801;0.166418487381216;0
13.86;-0.243311841619627;0.173449220497857;0
13.87;-0.241545945778121;0.180415876886375;0
13.88;-0.239710678997383;0.187316478345168;0
13.89;-0.237806710643585;0.194149069873166;0
13.9;-0.235834729526491;0.200911720215991;0
13.91;-0.233795443659572;0.207602522404053;0
13.92;-0.23168958001476;0.214219594282454;0
13.93;-0.229517884271953;0.220761079032528;0
13.94;-0.22728112056333;0.227225145684903;0
13.95;-0.224980071212587;0.233609989623923;0
13.96;-0.222615536469157;0.239913833083311;0
13.97;-0.220188334237525;0.246134925632922;0
13.98;-0.217699299801701;0.252271544656477;0
13.99;-0.215149285544973;0.258321995820131;0
14;-0.212539160665003;0.264284613531755;0
14.01;-0.209869810884381;0.270157761390824;0
14.02;-0.207142138156715;0.275939832628768;0
14.03;-0.20435706036837;0.281629250539694;0
14.04;-0.201515511035937;0.287224468901353;0
14.05;-0.198618438999538;0.292723972386241;0
14.06;-0.195666808112063;0.298126276962741;0
14.07;-0.192661596924449;0.303429930286187;0
14.08;-0.189603798367083;0.30863351207976;0
14.09;-0.186494419427446;0.31373563450512;0
14.1;-0.183334480824105;0.318734942522669;0
14.11;-0.180125016677137;0.323630114241372;0
14.12;-0.176867074175108;0.328419861258036;0
14.13;-0.173561713238711;0.333102928985967;0
14.14;-0.170210006181158;0.337678096972925;0
14.15;-0.166813037365443;0.342144179208302;0
14.16;-0.163371902858589;0.346500024419451;0
14.17;-0.159887710082968;0.350744516357085;0
14.18;-0.156361577464828;0.354876574069689;0
14.19;-0.152794634080121;0.358895152166888;0
14.2;-0.149188019297742;0.36279924107169;0
14.21;-0.145542882420311;0.366587867261569;0
14.22;-0.141860382322573;0.370260093498322;0
14.23;-0.138141687087571;0.373815019046653;0
14.24;-0.134387973640671;0.377251779881447;0
14.25;-0.13060042738157;0.380569548883672;0
14.26;-0.126780241814393;0.38376753602489;0
14.27;-0.122928618176003;0.386844988540331;0
14.28;-0.119046765062626;0.389801191090496;0
14.29;-0.115135898054911;0.392635465911266;0
14.3;-0.111197239341545;0.39534717295249;0
14.31;-0.107232017341535;0.397935710005031;0
14.32;-0.103241466325261;0.400400512816243;0
14.33;-0.0992268260344431;0.402741055193882;0
14.34;-0.0951893413011049;0.404956849098421;0
14.35;-0.0911302616656778;0.407047444723777;0
14.36;-0.0870508409943446;0.40901243056643;0
14.37;-0.0829523370957456;0.410851433482949;0
14.38;-0.0788360113371613;0.412564118735916;0
14.39;-0.0747031282602886;0.41415019002826;0
14.4;-0.0705549551967248;0.415609389526009;0
14.41;-0.0663927618832775;0.416941497869475;0
14.42;-0.0622178200772134;0.418146334172882;0
14.43;-0.058031403171563;0.419223756012463;0
14.44;-0.0538347858105973;0.420173659403056;0
14.45;-0.0496292435055882;0.420995978763206;0
14.46;-0.0454160522509713;0.42169068686882;0
14.47;-0.0411964881410226;0.422257794795409;0
14.48;-0.0369718269871641;0.422697351848938;0
14.49;-0.0327433439360123;0.423009445485346;0
14.5;-0.0285123130882819;0.423194201218757;0
14.51;-0.0242800071186589;0.423251782518451;0
14.52;-0.0200476968967531;0.423182390694629;0
14.53;-0.0158166511092446;0.422986264773031;0
14.54;-0.0115881358833331;0.422663681358466;0
14.55;-0.00736341441160197;0.422214954487309;0
14.56;-0.00314374657840644;0.421640435469036;0
14.57;0.00106961141210381;0.420940512716853;0
14.58;0.00527540740622023;0.420115611567495;0
14.59;0.00947239366906016;0.419166194090272;0
14.6;0.013659327250994;0.418092758885422;0
14.61;0.0178349703520079;0.416895840871869;0
14.62;0.0219980906838972;0.415576011064455;0
14.63;0.0261474618301845;0.414133876340737;0
14.64;0.0302818636036593;0.41257007919743;0
14.65;0.0344000824014358;0.410885297496595;0
14.66;0.0385009115574272;0.409080244201664;0
14.67;0.0425831516921341;0.40715566710339;0
14.68;0.0466456110596477;0.405112348535837;0
14.69;0.0506871058917691;0.402951105082494;0
14.7;0.0547064607391444;0.400672787272634;0
14.71;0.0587025088093215;0.39827827926802;0
14.72;0.0626740923016293;0.395768498540061;0
14.73;0.0666200627387871;0.393144395537542;0
14.74;0.0705392812951487;0.390406953345044;0
14.75;0.0744306191214893;0.387557187332161;0
14.76;0.0782929576662441;0.384596144793644;0
14.77;0.0821251889931071;0.381524904580598;0
14.78;0.0859262160949028;0.378344576722847;0
14.79;0.0896949532036422;0.375056302042607;0
14.8;0.0934303260966761;0.371661251759589;0
14.81;0.0971312723988626;0.368160627087672;0
14.82;0.100796741880663;0.364555658823275;0
14.83;0.104425696752084;0.360847606925572;0
14.84;0.10801711195239;0.357037760088684;0
14.85;0.111569975435493;0.353127435305992;0
14.86;0.11508328845096;0.34911797742672;0
14.87;0.118556065820549;0.345010758704926;0
14.88;0.121987336210195;0.340807178341054;0
14.89;0.125376142397391;0.336508662016199;0
14.9;0.128721541533867;0.33211666141923;0
14.91;0.132022605403517;0.327632653766935;0
14.92;0.135278420675492;0.323058141317335;0
14.93;0.138488089152399;0.318394650876327;0
14.94;0.141650728013535;0.31364373329782;0
14.95;0.144765470053093;0.308806962977519;0
14.96;0.147831463913283;0.303885937340523;0
14.97;0.150847874312293;0.298882276322901;0
14.98;0.153813882267049;0.293797621847409;0
14.99;0.156728685310698;0.288633637293518;0
15;0.159591497704771;0.283392006961925;0
15.01;0.162401550645966;0.278074435533705;0
15.02;0.165158092467501;0.272682647524292;0
15.03;0.167860388834976;0.267218386732444;0
15.04;0.170507722936718;0.261683415684384;0
15.05;0.173099395668526;0.256079515073276;0
15.06;0.175634725812812;0.25040848319422;0
15.07;0.178113050212054;0.244672135374943;0
15.08;0.18053372393655;0.238872303402363;0
15.09;0.182896120446414;0.233010834945201;0
15.1;0.185199631747779;0.22708959297283;0
15.11;0.187443668543177;0.221110455170533;0
15.12;0.189627660376058;0.215075313351354;0
15.13;0.191751055769401;0.208986072864728;0
15.14;0.193813322358413;0.202844652002068;0
15.15;0.195813947017258;0.196652981399492;0
15.16;0.19775243597981;0.190413003437879;0
15.17;0.199628314954389;0.184126671640436;0
15.18;0.201441129232467;0.17779595006796;0
15.19;0.203190443791314;0.171422812711972;0
15.2;0.204875843390567;0.165009242885936;0
15.21;0.206496932662702;0.15855723261471;0
15.22;0.208053336197396;0.152068782022446;0
15.23;0.209544698619762;0.145545898719114;0
15.24;0.21097068466244;0.138990597185832;0
15.25;0.212330979231537;0.132404898159195;0
15.26;0.213625287466414;0.125790828014787;0
15.27;0.214853334793291;0.119150418150065;0
15.28;0.216014866972696;0.112485704366789;0
15.29;0.217109650140721;0.105798726253207;0
15.3;0.21813747084411;0.0990915265661535;0
15.31;0.219098136069162;0.0923661506132691;0
15.32;0.219991473264463;0.0856246456355129;0
15.33;0.22081733035744;0.0788690601901582;0
15.34;0.221575575764753;0.0721014435344533;0
15.35;0.222266098396518;0.0653238450101329;0
15.36;0.222888807654393;0.0585383134289602;0
15.37;0.223443633423514;0.0517468964594857;0
15.38;0.223930526058308;0.0449516400152015;0
15.39;0.224349456362198;0.038154587644274;0
15.4;0.224700415561204;0.0313577799210336;0
15.41;0.224983415271479;0.0245632538394026;0
15.42;0.225198487460783;0.0177730422084384;0
15.43;0.225345684403917;0.0109891730501698;0
15.44;0.225425078632159;0.00421366899990378;0
15.45;0.225436762876702;-0.00255145329082281;0
15.46;0.225380850006144;-0.0093041837484716;0
15.47;0.225257472958043;-0.0160425194687379;0
15.48;0.225066784664576;-0.0227644653046205;0
15.49;0.22480895797233;-0.0294680344511563;0
15.5;0.224484185556269;-0.0361512490266478;0
15.51;0.224092679827891;-0.0428121406502186;0
15.52;0.223634672837642;-0.0494487510155269;0
15.53;0.223110416171599;-0.0560591324604737;0
15.54;0.222520180842482;-0.0626413485327413;0
15.55;0.221864257175023;-0.0691934745509987;0
15.56;0.221142954685755;-0.0757135981616152;0
15.57;0.220356601957237;-0.0821998198907206;0
15.58;0.219505546506798;-0.0886502536914571;0
15.59;0.218590154649818;-0.0950630274862642;0
15.6;0.217610811357613;-0.101436283704046;0
15.61;0.216567920109975;-0.107768179812064;0
15.62;0.215461902742416;-0.114056888842412;0
15.63;0.214293199288165;-0.120300599912917;0
15.64;0.213062267814993;-0.126497518742322;0
15.65;0.211769584256905;-0.132645868159615;0
15.66;0.210415642240768;-0.13874388860734;0
15.67;0.209000952907933;-0.144789838638776;0
15.68;0.207526044730913;-0.150781995408829;0
15.69;0.205991463325182;-0.156718655158496;0
15.7;0.204397771256155;-0.162598133692788;0
15.71;0.202745547841429;-0.168418766851962;0
15.72;0.201035388948325;-0.174178910975928;0
15.73;0.199267906786837;-0.179876943361732;0
15.74;0.19744372969802;-0.185511262713952;0
15.75;0.195563501937918;-0.191080289587913;0
15.76;0.193627883457091;-0.19658246682559;0
15.77;0.191637549675809;-0.202016259984076;0
15.78;0.189593191255003;-0.207380157756509;0
15.79;0.187495513863039;-0.212672672385338;0
15.8;0.185345237938394;-0.217892340067823;0
15.81;0.18314309844831;-0.223037721353652;0
15.82;0.180889844643512;-0.228107401534577;0
15.83;0.178586239809063;-0.233099991025968;0
15.84;0.176233061011437;-0.238014125740174;0
15.85;0.173831098841908;-0.242848467451599;0
15.86;0.171381157156309;-0.247601704153407;0
15.87;0.168884052811275;-0.252272550405744;0
15.88;0.166340615397036;-0.256859747675402;0
15.89;0.163751686966854;-0.261362064666836;0
15.9;0.161118121763189;-0.265778297644446;0
15.91;0.158440785940681;-0.270107270746038;0
15.92;0.155720557286041;-0.274347836287403;0
15.93;0.152958324934927;-0.278498875057911;0
15.94;0.15015498908592;-0.282559296607077;0
15.95;0.147311460711658;-0.286528039521999;0
15.96;0.144428661267252;-0.290404071695628;0
15.97;0.141507522396049;-0.294186390585781;0
15.98;0.138548985632856;-0.297874023464851;0
15.99;0.135554002104703;-0.301466027660157;0
16;0.132523532229247;-0.304961490784859;0
16.01;0.129458545410909;-0.308359530959405;0
16.02;0.126360019734841;-0.311659297023458;0
16.03;0.123228941658814;-0.314859968738234;0
16.04;0.120066305703126;-0.317960756979242;0
16.05;0.116873114138631;-0.320960903919353;0
16.06;0.113650376672973;-0.323859683202177;0
16.07;0.110399110135139;-0.32665640010571;0
16.08;0.107120338158409;-0.329350391696213;0
16.09;0.10381509086182;-0.3319410269723;0
16.1;0.100484404530231;-0.334427706999207;0
16.11;0.0971293212930872;-0.33680986503322;0
16.12;0.0937508888019855;-0.339086966636229;0
16.13;0.0903501599071401;-0.341258509780415;0
16.14;0.0869281923328449;-0.343324024943035;0
16.15;0.0834860483520322;-0.345283075191299;0
16.16;0.0800247944600279;-0.347135256257334;0
16.17;0.0765455010476014;-0.348880196603227;0
16.18;0.0730492420734097;-0.350517557476149;0
16.19;0.0695370947359349;-0.352047032953549;0
16.2;0.0660101391450149;-0.353468349978432;0
16.21;0.0624694579930649;-0.354781268384731;0
16.22;0.058916136226091;-0.355985580912768;0
16.23;0.0553512607145925;-0.357081113214824;0
16.24;0.0517759199244541;-0.358067723850843;0
16.25;0.0481912035879243;-0.358945304274265;0
16.26;0.0445982023747808;-0.359713778808039;0
16.27;0.0409980075637789;-0.360373104610812;0
16.28;0.0373917107144834;-0.360923271633335;0
16.29;0.0337804033395788;-0.361364302565123;0
16.3;0.030165176577758;-0.36169625277138;0
16.31;0.0265471208672845;-0.361919210220249;0
16.32;0.022927325620326;-0.362033295400406;0
16.33;0.0193068788981555;-0.36203866122905;0
16.34;0.0156868670873147;-0.361935492950334;0
16.35;0.0120683745768368;-0.361724008024272;0
16.36;0.00845248343662295;-0.361404456006189;0
16.37;0.00484027309706557;-0.36097711841675;0
16.38;0.00123282003001476;-0.360442308602634;0
16.39;-0.00236880256882088;-0.359800371587907;0
16.4;-0.00596352509594532;-0.359051683916157;0
16.41;-0.00955028185452609;-0.358196653483444;0
16.42;-0.0131280113671338;-0.357235719362148;0
16.43;-0.0166956566866795;-0.35616935161577;0
16.44;-0.0202521657054594;-0.354998051104764;0
16.45;-0.0237964914622177;-0.353722349283465;0
16.46;-0.0273275924471396;-0.352342807988201;0
16.47;-0.0308444329046852;-0.350860019216662;0
16.48;-0.0343459831341785;-0.349274604898602;0
16.49;-0.0378312197880647;-0.347587216657968;0
16.5;-0.0412991261677504;-0.345798535566534;0
16.51;-0.0447486925169423;-0.343909271889131;0
16.52;-0.0481789163124009;-0.341920164820562;0
16.53;-0.0515888025520257;-0.339831982214305;0
16.54;-0.0549773640401917;-0.337645520303084;0
16.55;-0.0583436216702543;-0.33536160341141;0
16.56;-0.0616866047041451;-0.33298108366021;0
16.57;-0.0650053510489776;-0.330504840663614;0
16.58;-0.0682989075305866;-0.327933781218034;0
16.59;-0.0715663301639238;-0.325268838983624;0
16.6;-0.0748066844202339;-0.322510974158234;0
16.61;-0.0780190454909376;-0.319661173143974;0
16.62;-0.0812024985481466;-0.31672044820649;0
16.63;-0.0843561390017395;-0.313689837127081;0
16.64;-0.0874790727529267;-0.310570402847752;0
16.65;-0.0905704164442348;-0.307363233109351;0
16.66;-0.0936292977058416;-0.304069440082882;0
16.67;-0.0966548553981939;-0.300690159994135;0
16.68;-0.0996462398508417;-0.297226552741745;0
16.69;-0.102602613097425;-0.293679801508818;0
16.7;-0.105523149106747;-0.290051112368238;0
16.71;-0.108407034009872;-0.286341713881798;0
16.72;-0.11125346632319;-0.28255285669327;0
16.73;-0.114061657167385;-0.278685813115563;0
16.74;-0.116830830482241;-0.27474187671209;0
16.75;-0.119560223237249;-0.27072236187249;0
16.76;-0.122249085637937;-0.266628603382827;0
16.77;-0.12489668132788;-0.262461955990421;0
16.78;-0.127502287586336;-0.258223793963445;0
16.79;-0.130065195521453;-0.25391551064542;0
16.8;-0.132584710258999;-0.249538518004762;0
16.81;-0.135060151126569;-0.24509424617952;0
16.82;-0.137490851833213;-0.240584143017451;0
16.83;-0.139876160644445;-0.236009673611573;0
16.84;-0.142215440552594;-0.23137231983135;0
16.85;-0.144508069442441;-0.226673579849654;0
16.86;-0.146753440252109;-0.22191496766565;0
16.87;-0.148950961129163;-0.217098012623761;0
16.88;-0.151100055581888;-0.212224258928853;0
16.89;-0.153200162625695;-0.20729526515781;0
16.9;-0.155250736924632;-0.202312603767627;0
16.91;-0.157251248927958;-0.1972778606002;0
16.92;-0.159201185001755;-0.192192634383942;0
16.93;-0.161100047555534;-0.187058536232408;0
16.94;-0.162947355163825;-0.181877189140053;0
16.95;-0.164742642682704;-0.176650227475309;0
16.96;-0.166485461361243;-0.171379296471115;0
16.97;-0.168175378947853;-0.16606605171307;0
16.98;-0.1698119797915;-0.160712158625358;0
16.99;-0.17139486493777;-0.155319291954614;0
17;-0.172923652219762;-0.149889135251878;0
17.01;-0.174397976343799;-0.144423380352801;0
17.02;-0.17581748896992;-0.138923726856258;0
17.03;-0.177181858787173;-0.133391881601538;0
17.04;-0.178490771583649;-0.127829558144254;0
17.05;-0.179743930311294;-0.122238476231145;0
17.06;-0.180941055145446;-0.116620361273922;0
17.07;-0.182081883539115;-0.110976943822322;0
17.08;-0.183166170271993;-0.105309959036528;0
17.09;-0.18419368749418;-0.0996211461591121;0
17.1;-0.18516422476463;-0.0939122479866617;0
17.11;-0.186077589084314;-0.0881850103412521;0
17.12;-0.186933604924096;-0.0824411815419168;0
17.13;-0.187732114247325;-0.0766825118762794;0
17.14;-0.188472976527143;-0.0709107530725029;0
17.15;-0.18915606875852;-0.0651276577717155;0
17.16;-0.189781285465005;-0.0593349790010686;0
17.17;-0.190348538700224;-0.0535344696475852;0
17.18;-0.190857758044111;-0.0477278819329546;0
17.19;-0.191308890593898;-0.0419169668894286;0
17.2;-0.191701900949863;-0.036103473836976;0
17.21;-0.192036771195862;-0.0302891498618483;0
17.22;-0.192313500874652;-0.0244757392967111;0
17.23;-0.19253210695802;-0.0186649832024948;0
17.24;-0.192692623811739;-0.0128586188521161;0
17.25;-0.192795103155377;-0.00705837921622301;0
17.26;-0.192839614016965;-0.00126599245111245;0
17.27;-0.192826242682558;0.00451681861102816;0
17.28;-0.192755092640708;0.0102883369694076;0
17.29;-0.192626284521878;0.0160468519592978;0
17.3;-0.192439956032823;0.0217906597539336;0
17.31;-0.192196261885956;0.0275180638635006;0
17.32;-0.191895373723751;0.0332273756310661;0
17.33;-0.191537480038189;0.0389169147253097;0
17.34;-0.1911227860853;0.0445850096299108;0
17.35;-0.190651513794823;0.0502299981294536;0
17.36;-0.190123901675023;0.0558502277917079;0
17.37;-0.189540204712701;0.0614440564461495;0
17.38;-0.188900694268444;0.0670098526585811;0
17.39;-0.188205657967131;0.0725459962017198;0
17.4;-0.18745539958377;0.0780508785216162;0
17.41;-0.186650238924679;0.0835229031997728;0
17.42;-0.185790511704066;0.0889604864108304;0
17.43;-0.184876569416056;0.0943620573756924;0
17.44;-0.183908779202208;0.099726058809961;0
17.45;-0.182887523714567;0.105050947367556;0
17.46;-0.1818132009743;0.110335194079393;0
17.47;-0.180686224225975;0.115577284787;0
17.48;-0.179507021787519;0.120775720570948;0
17.49;-0.17827603689592;0.125929018173974;0
17.5;-0.176993727548723;0.131035710418688;0
17.51;-0.17566056634137;0.136094346619737;0
17.52;-0.174277040300445;0.141103492990322;0
17.53;-0.172843650712882;0.146061733042941;0
17.54;-0.17136091295119;0.150967667984271;0
17.55;-0.169829356294756;0.155819917104057;0
17.56;-0.168249523747284;0.160617118157917;0
17.57;-0.166621971850443;0.165357927743951;0
17.58;-0.164947270493762;0.170041021673056;0
17.59;-0.163226002720865;0.174665095332847;0
17.6;-0.161458764532091;0.17922886404508;0
17.61;-0.159646164683561;0.183731063416488;0
17.62;-0.157788824482782;0.188170449682935;0
17.63;-0.155887377580828;0.19254580004679;0
17.64;-0.153942469761182;0.196855913007441;0
17.65;-0.151954758725304;0.201099608684853;0
17.66;-0.149924913874998;0.205275729136092;0
17.67;-0.147853616091637;0.209383138664729;0
17.68;-0.145741557512339;0.213420724123039;0
17.69;-0.14358944130314;0.21738739520693;0
17.7;-0.141397981429263;0.221282084743506;0
17.71;-0.139167902422536;0.225103748971215;0
17.72;-0.136899939146046;0.228851367812486;0
17.73;-0.134594836556101;0.232523945138807;0
17.74;-0.132253349461575;0.236120509028162;0
17.75;-0.12987624228071;0.239640112014771;0
17.76;-0.127464288795462;0.243081831331074;0
17.77;-0.125018271903456;0.246444769141889;0
17.78;-0.122538983367638;0.249728052770699;0
17.79;-0.120027223563701;0.252930834918004;0
17.8;-0.117483801225357;0.256052293871697;0
17.81;-0.114909533187552;0.259091633709402;0
17.82;-0.112305244127684;0.262048084492737;0
17.83;-0.109671766304917;0.26492090245345;0
17.84;-0.107009939297677;0.267709370171399;0
17.85;-0.104320609739397;0.27041279674432;0
17.86;-0.101604631052606;0.273030517949355;0
17.87;-0.0988628631814361;0.275561896396309;0
17.88;-0.0960961723226386;0.278006321672597;0
17.89;-0.0933054306551865;0.280363210479856;0
17.9;-0.0904915160685472;0.282632006762195;0
17.91;-0.0876553118897122;0.284812181826058;0
17.92;-0.0847977066090649;0.286903234451675;0
17.93;-0.0819195936051721;0.288904690996097;0
17.94;-0.0790218708685835;0.290816105487772;0
17.95;-0.076105440724723;0.292637059712676;0
17.96;-0.0731712095559568;0.29436716329197;0
17.97;-0.0702200875229237;0.296006053751183;0
17.98;-0.0672529882852107;0.297553396580905;0
17.99;-0.064270828721461;0.299008885288998;0
18;-0.0612745286489972;0.300372241444322;0
18.01;-0.0582650105430457;0.301643214711964;0
18.02;-0.0552431992556474;0.302821582879995;0
18.03;-0.0522100217343382;0.303907151877744;0
18.04;-0.0491664067406856;0.304899755785608;0
18.05;-0.0461132845687649;0.305799256836405;0
18.06;-0.0430515867636598;0.306605545408287;0
18.07;-0.0399822458400722;0.307318540009229;0
18.08;-0.0369061950011243;0.307938187253108;0
18.09;-0.0338243678574383;0.308464461827405;0
18.1;-0.0307376981465763;0.308897366452541;0
18.11;-0.0276471194529246;0.309236931832882;0
18.12;-0.0245535649281054;0.309483216599442;0
18.13;-0.0214579670119982;0.309636307244311;0
18.14;-0.0183612571544548;0.309696318046839;0
18.15;-0.0152643655377887;0.309663390991632;0
18.16;-0.0121682208001218;0.309537695678363;0
18.17;-0.00907374975966948;0.309319429223482;0
18.18;-0.00598187714004457;0.309008816153829;0
18.19;-0.00289352529666204;0.308606108292223;0
18.2;0.000190386055676746;0.308111584635064;0
18.21;0.0032689401139398;0.307525551221996;0
18.22;0.00634122325668147;0.30684834099769;0
18.23;0.00940632531244195;0.306080313665803;0
18.24;0.0124633398266513;0.305221855535157;0
18.25;0.0155113643269607;0.304273379358222;0
18.26;0.0185495005869239;0.303235324161932;0
18.27;0.0215768548879523;0.302108155070931;0
18.28;0.0245925382794697;0.300892363123293;0
18.29;0.0275956668371892;0.299588465078789;0
18.3;0.0305853619194407;0.298197003219778;0
18.31;0.0335607504214737;0.296718545144786;0
18.32;0.0365209650276636;0.295153683554854;0
18.33;0.0394651444615488;0.293503036032725;0
18.34;0.0423924337336282;0.291767244814953;0
18.35;0.0453019843868482;0.289946976557018;0
18.36;0.0481929547397093;0.288042922091515;0
18.37;0.0510645101269239;0.286055796179525;0
18.38;0.0539158231375578;0.283986337255223;0
18.39;0.0567460738505871;0.281835307163849;0
18.4;0.0595544500678057;0.279603490893091;0
18.41;0.0623401475440171;0.27729169629801;0
18.42;0.0651023702144467;0.274900753819573;0
18.43;0.0678403304193114;0.272431516196899;0
18.44;0.0705532491254832;0.269884858173323;0
18.45;0.0732403561451863;0.267261676196362;0
18.46;0.0759008903516667;0.264562888111694;0
18.47;0.078534099891775;0.261789432851248;0
18.48;0.0811392423954041;0.258942270115506;0
18.49;0.0837155851817241;0.256022380050133;0
18.5;0.0862624054621584;0.253030762917026;0
18.51;0.0887789905400459;0.249968438759907;0
18.52;0.0912646380069342;0.246836447064546;0
18.53;0.0937186559354522;0.243635846413761;0
18.54;0.0961403630687088;0.240367714137267;0
18.55;0.0985290890061683;0.237033145956521;0
18.56;0.100884174385951;0.233633255624653;0
18.57;0.103204971063511;0.230169174561622;0
18.58;0.10549084228665;0.226642051484694;0
18.59;0.107741162866803;0.223053052034376;0
18.6;0.109955319346578;0.219403358395913;0
18.61;0.112132710163482;0.215694168916487;0
18.62;0.1142727458098;0.211926697718219;0
18.63;0.116374848988593;0.208102174307111;0
18.64;0.118438454765756;0.20422184317805;0
18.65;0.120463010718122;0.200286963415997;0
18.66;0.122447977077549;0.196298808293488;0
18.67;0.124392826870974;0.19225866486457;0
18.68;0.126297046056388;0.188167833555311;0
18.69;0.128160133654702;0.184027627751002;0
18.7;0.129981601877468;0.179839373380179;0
18.71;0.131760976250428;0.175604408495608;0
18.72;0.133497795732865;0.171324082852352;0
18.73;0.135191612832709;0.166999757483052;0
18.74;0.136841993717399;0.162632804270566;0
18.75;0.138448518320448;0.158224605518081;0
18.76;0.140010780443705;0.153776553516845;0
18.77;0.141528387855284;0.149290050111646;0
18.78;0.143000962383131;0.144766506264177;0
18.79;0.144428140004225;0.140207341614415;0
18.8;0.145809570929379;0.135613984040155;0
18.81;0.14714491968363;0.13098786921483;0
18.82;0.148433865182199;0.126330440163753;0
18.83;0.14967610080201;0.121643146818923;0
18.84;0.150871334448743;0.11692744557252;0
18.85;0.15201928861943;0.112184798829233;0
18.86;0.153119700460554;0.107416674557557;0
18.87;0.154172321821671;0.102624545840191;0
18.88;0.155176919304521;0.0978098904236764;0
18.89;0.15613327430764;0.09297419026741;0
18.9;0.157041183066458;0.088118931092173;0
18.91;0.157900456688878;0.0832456019283046;0
18.92;0.158710921186337;0.078355694663662;0
18.93;0.15947241750035;0.0734507035914997;0
18.94;0.160184801524525;0.0685321249584059;0
18.95;0.160847944122069;0.0636014565124295;0
18.96;0.161461731138762;0.0586601970515341;0
18.97;0.162026063411433;0.0537098459725128;0
18.98;0.162540856771916;0.0487519028204993;0
18.99;0.163006042046514;0.0437878668392088;0
19;0.163421565050956;0.0388192365220414;0
19.01;0.163787386580886;0.0338475091641832;0
19.02;0.164103482397864;0.0288741804158353;0
19.03;0.164369843210912;0.0239007438367044;0
19.04;0.164586474653608;0.0189286904518851;0
19.05;0.164753397256749;0.0139595083092661;0
19.06;0.164870646416594;0.00899468203858879;0
19.07;0.1649382723587;0.00403569241228866;0
19.08;0.164956340097383;-0.000915984091752299;0
19.09;0.164924929390816;-0.00585887572541444;0
19.1;0.164844134691771;-0.0107915159033835;0
19.11;0.164714065094062;-0.0157124436339018;0
19.12;0.164534844274671;-0.0206202039471022;0
19.13;0.164306610431615;-0.0255133483208013;0
19.14;0.164029516217562;-0.0303904351036273;0
19.15;0.163703728669231;-0.0352500299353616;0
19.16;0.163329429132596;-0.0400907061643726;0
19.17;0.162906813183934;-0.0449110452620203;0
19.18;0.162436090546743;-0.049709637233915;0
19.19;0.16191748500456;-0.05448508102791;0
19.2;0.161351234309715;-0.0592359849387131;0
19.21;0.160737590088055;-0.0639609670090006;0
19.22;0.160076817739671;-0.0686586554269199;0
19.23;0.15936919633567;-0.0733276889198681;0
19.24;0.158615018511023;-0.0779667171444338;0
19.25;0.157814590353535;-0.0825744010723933;0
19.26;0.156968231288967;-0.0871494133726514;0
19.27;0.156076273962367;-0.091690438789019;0
19.28;0.155139064115631;-0.0961961745137224;0
19.29;0.154156960461357;-0.100665330556539;0
19.3;0.153130334553025;-0.105096630109455;0
19.31;0.152059570651549;-0.10948880990675;0
19.32;0.150945065588253;-0.113840620580392;0
19.33;0.14978722862431;-0.118150827010673;0
19.34;0.148586481306701;-0.122418208671951;0
19.35;0.147343257320734;-0.126641559973441;0
19.36;0.146058002339183;-0.13081969059493;0
19.37;0.144731173868091;-0.134951425817346;0
19.38;0.143363241089288;-0.139035606848076;0
19.39;0.141954684699681;-0.143071091140958;0
19.4;0.140505996747373;-0.147056752710848;0
19.41;0.139017680464657;-0.150991482442678;0
19.42;0.13749025009794;-0.154874188394938;0
19.43;0.135924230734671;-0.158703796097476;0
19.44;0.1343201581273;-0.162479248843557;0
19.45;0.132678578514356;-0.166199507976091;0
19.46;0.131000048438683;-0.169863553167961;0
19.47;0.1292851345629;-0.173470382696373;0
19.48;0.127534413482147;-0.177019013711159;0
19.49;0.125748471534172;-0.180508482496959;0
19.5;0.123927904606827;-0.183937844729219;0
19.51;0.122073317943029;-0.187306175723939;0
19.52;0.120185325943258;-0.190612570681096;0
19.53;0.11826455196564;-0.193856144921698;0
19.54;0.116311628123697;-0.19703603411839;0
19.55;0.114327195081817;-0.200151394519571;0
19.56;0.11231190184851;-0.203201403166952;0
19.57;0.11026640556752;-0.206185258106513;0
19.58;0.10819137130686;-0.209102178592793;0
19.59;0.106087471845829;-0.21195140528648;0
19.6;0.103955387460089;-0.214732200445238;0
19.61;0.101795805704857;-0.217443848107739;0
19.62;0.0996094211962979;-0.220085654270839;0
19.63;0.0973969353911655;-0.222656947059882;0
19.64;0.0951590563647796;-0.225157076892062;0
19.65;0.0928964985873966;-0.227585416632836;0
19.66;0.0906099826990495;-0.22994136174533;0
19.67;0.0883002352829241;-0.232224330432718;0
19.68;0.0859679886373444;-0.234433763773538;0
19.69;0.0836139805464353;-0.236569125849922;0
19.7;0.0812389540495365;-0.238629903868705;0
19.71;0.0788436572094361;-0.240615608275399;0
19.72;0.0764288428794979;-0.242525772860997;0
19.73;0.0739952684697517;-0.244359954861609;0
19.74;0.0715436957120207;-0.246117735050883;0
19.75;0.0690748904241565;-0.247798717825224;0
19.76;0.0665896222734547;-0.24940253128178;0
19.77;0.064088664539323;-0.250928827289189;0
19.78;0.0615727938752746;-0.252377281551078;0
19.79;0.0590427900703196;-0.253747593662314;0
19.8;0.0564994358098255;-0.255039487157989;0
19.81;0.0539435164359216;-0.25625270955515;0
19.82;0.0513758197075183;-0.257387032387265;0
19.83;0.0487971355600145;-0.258442251231432;0
19.84;0.0462082558647654;-0.259418185728335;0
19.85;0.0436099741883835;-0.260314679594951;0
19.86;0.0410030855519452;-0.261131600630016;0
19.87;0.0383883861901751;-0.261868840712268;0
19.88;0.0357666733106803;-0.262526315791473;0
19.89;0.0331387448533073;-0.263103965872243;0
19.9;0.0305053992496924;-0.263601754990687;0
19.91;0.0278674351830784;-0.264019671183883;0
19.92;0.0252256513484684;-0.264357726452216;0
19.93;0.0225808462131883;-0.264615956714597;0
19.94;0.0199338177779293;-0.264794421756586;0
19.95;0.017285363338341;-0.264893205171454;0
19.96;0.0146362792472448;-0.264912414294204;0
19.97;0.0119873606775398;-0.264852180128596;0
19.98;0.00933940138586913;-0.264712657267195;0
19.99;0.0066931934771168;-0.264494023804494;0
20;0.00404952716980526;-0.264196481243128;0
