0;0.505133101798823;0.135710812208758;0
0.01;0.506420932670375;0.120313681969448;0
0.02;0.50755474520128;0.104906949017799;0
0.03;0.508534464225939;0.0894952481874663;0
0.04;0.509360060899085;0.0740832078355309;0
0.05;0.510031552624815;0.0586754484662346;0
0.06;0.510549002971889;0.0432765813594304;0
0.07;0.510912521575333;0.0278912072041572;0
0.08;0.511122264024401;0.0125239147377372;0
0.09;0.511178431736953;-0.00282072060920552;0
0.1;0.511081271820319;-0.0181381380614083;0
0.11;0.510831076918696;-0.0334237928409225;0
0.12;0.510428185047165;-0.0486731575019639;0
0.13;0.509872979412389;-0.0638817232582743;0
0.14;0.509165888220071;-0.0790450013026077;0
0.15;0.508307384469262;-0.09415852411796;0
0.16;0.507297985733585;-0.109217846780163;0
0.17;0.506138253929477;-0.124218548251468;0
0.18;0.504828795071544;-0.139156232664745;0
0.19;0.503370259015105;-0.154026530597929;0
0.2;0.501763339186046;-0.168825100338353;0
0.21;0.500008772298077;-0.183547629136593;0
0.22;0.498107338057495;-0.198189834449489;0
0.23;0.496059858855567;-0.21274746517196;0
0.24;0.493867199448651;-0.227216302857291;0
0.25;0.491530266626163;-0.241592162925527;0
0.26;0.489050008866518;-0.255870895859636;0
0.27;0.486427415981163;-0.270048388389112;0
0.28;0.483663518746833;-0.284120564660673;0
0.29;0.480759388526158;-0.298083387395734;0
0.3;0.477716136876761;-0.311932859034327;0
0.31;0.474534915148967;-0.325665022865146;0
0.32;0.471216914072295;-0.339275964141411;0
0.33;0.467763363330831;-0.352761811182226;0
0.34;0.46417553112768;-0.366118736459147;0
0.35;0.460454723738599;-0.379342957667634;0
0.36;0.456602285054994;-0.392430738783113;0
0.37;0.452619596116429;-0.405378391101353;0
0.38;0.448508074632797;-0.418182274262859;0
0.39;0.444269174496323;-0.430838797261025;0
0.4;0.439904385283558;-0.443344419433749;0
0.41;0.435415231747536;-0.455695651438266;0
0.42;0.430803273300253;-0.467889056208904;0
0.43;0.426070103485653;-0.479921249897543;0
0.44;0.421217349443282;-0.49178890279649;0
0.45;0.416246671362798;-0.503488740243545;0
0.46;0.411159761929508;-0.515017543509011;0
0.47;0.405958345761123;-0.526372150664413;0
0.48;0.400644178835896;-0.537549457432698;0
0.49;0.39521904791236;-0.548546418019685;0
0.5;0.389684769940821;-0.559360045926569;0
0.51;0.384043191466821;-0.56998741474324;0
0.52;0.378296188026752;-0.580425658922237;0
0.53;0.372445663535816;-0.590671974533117;0
0.54;0.366493549668539;-0.600723619997072;0
0.55;0.360441805232015;-0.610577916801576;0
0.56;0.354292415532104;-0.620232250194912;0
0.57;0.348047391732776;-0.629684069860386;0
0.58;0.341708770208798;-0.638930890570068;0
0.59;0.33527861189198;-0.647970292817901;0
0.6;0.328759001611187;-0.656799923432016;0
0.61;0.322152047426318;-0.665417496166118;0
0.62;0.315459879956462;-0.673820792269784;0
0.63;0.308684651702458;-0.682007661037557;0
0.64;0.301828536364045;-0.689976020336696;0
0.65;0.294893728151845;-0.697723857113463;0
0.66;0.287882441094372;-0.705249227877829;0
0.67;0.280796908340291;-0.712550259166506;0
0.68;0.273639381456151;-0.719625147984178;0
0.69;0.266412129719797;-0.726472162222859;0
0.7;0.259117439409692;-0.733089641059278;0
0.71;0.251757613090361;-0.739475995330216;0
0.72;0.244334968894186;-0.74562970788571;0
0.73;0.23685183979976;-0.751549333920072;0
0.74;0.229310572907043;-0.757233501280644;0
0.75;0.221713528709518;-0.762680910754255;0
0.76;0.214063080363595;-0.767890336331309;0
0.77;0.206361612955466;-0.772860625447483;0
0.78;0.198611522765644;-0.777590699202994;0
0.79;0.190815216531422;-0.782079552559405;0
0.8;0.182975110707449;-0.786326254513951;0
0.81;0.175093630724672;-0.790329948251374;0
0.82;0.167173210247864;-0.794089851273263;0
0.83;0.159216290431956;-0.797605255504882;0
0.84;0.151225319177398;-0.800875527379521;0
0.85;0.143202750384785;-0.803900107900355;0
0.86;0.135151043208963;-0.806678512679849;0
0.87;0.127072661312838;-0.809210331956732;0
0.88;0.118970072121123;-0.811495230590566;0
0.89;0.110845746074233;-0.81353294803396;0
0.9;0.102702155882564;-0.815323298282473;0
0.91;0.0945417757813703;-0.816866169802255;0
0.92;0.086367080786464;-0.818161525435488;0
0.93;0.0781805459509642;-0.819209402283701;0
0.94;0.069984645623308;-0.820009911569018;0
0.95;0.0617818527067503;-0.820563238473429;0
0.96;0.0535746379205687;-0.820869641956169;0
0.97;0.0453654690631933;-0.820929454549294;0
0.98;0.037156810277478;-0.820743082131549;0
0.99;0.0289511213183306;-0.82031100368065;0
1;0.0207508568229169;-0.819633771004067;0
1.01;0.0125584655836533;-0.818712008448445;0
1.02;0.00437638982420065;-0.817546412587781;0
1.03;-0.00379293552132848;-0.816137751890479;0
1.04;-0.0119470835257382;-0.814486866365436;0
1.05;-0.0200836359824853;-0.812594667187283;0
1.06;-0.0282001841155738;-0.81046213630094;0
1.07;-0.0362943292854029;-0.80809032600564;0
1.08;-0.0443636836903635;-0.805480358518574;0
1.09;-0.0524058710639793;-0.802633425518326;0
1.1;-0.0604185273673932;-0.799550787668277;0
1.11;-0.0683993014769969;-0.796233774120147;0
1.12;-0.0763458558670081;-0.792683781997855;0
1.13;-0.0842558672867985;-0.788902275861897;0
1.14;-0.0921270274327774;-0.784890787154428;0
1.15;-0.0999570436146418;-0.780650913625246;0
1.16;-0.1077436394158;-0.776184318738894;0
1.17;-0.115484555347782;-0.77149273106307;0
1.18;-0.12317754949845;-0.766577943638586;0
1.19;-0.130820398173831;-0.761441813331076;0
1.2;-0.138410896533376;-0.756086260164684;0
1.21;-0.145946859218486;-0.750513266637972;0
1.22;-0.153426120974109;-0.744724877022269;0
1.23;-0.160846537263251;-0.738723196642717;0
1.24;-0.168205984874213;-0.732510391142239;0
1.25;-0.175502362520393;-0.726088685728708;0
1.26;-0.182733591432492;-0.719460364405537;0
1.27;-0.189897615942945;-0.712627769185977;0
1.28;-0.19699240406242;-0.705593299291379;0
1.29;-0.204015948048241;-0.698359410333672;0
1.3;-0.210966264964551;-0.690928613482361;0
1.31;-0.217841397234089;-0.683303474616282;0
1.32;-0.224639413181405;-0.675486613460432;0
1.33;-0.231358407567389;-0.667480702708137;0
1.34;-0.237996502114948;-0.659288467128841;0
1.35;-0.244551846025701;-0.650912682661835;0
1.36;-0.251022616487549;-0.642356175496191;0
1.37;-0.257407019172982;-0.633621821137219;0
1.38;-0.263703288727993;-0.624712543459751;0
1.39;-0.269909689251463;-0.615631313748541;0
1.4;-0.2760245147649;-0.606381149726112;0
1.41;-0.282046089672394;-0.596965114568354;0
1.42;-0.287972769210676;-0.587386315908181;0
1.43;-0.293802939889164;-0.577647904827581;0
1.44;-0.299535019919876;-0.56775307483837;0
1.45;-0.3051674596371;-0.557705060851981;0
1.46;-0.310698741906717;-0.547507138138615;0
1.47;-0.316127382525064;-0.537162621276079;0
1.48;-0.321451930607245;-0.526674863088651;0
1.49;-0.326670968964787;-0.516047253576299;0
1.5;-0.331783114472539;-0.505283218834606;0
1.51;-0.336787018424738;-0.494386219965722;0
1.52;-0.341681366880142;-0.483359751980699;0
1.53;-0.346464880996149;-0.472207342693545;0
1.54;-0.351136317351818;-0.460932551607349;0
1.55;-0.355694468259726;-0.449538968792817;0
1.56;-0.36013816206656;-0.438030213759581;0
1.57;-0.364466263442414;-0.426409934320607;0
1.58;-0.368677673658677;-0.414681805450094;0
1.59;-0.372771330854492;-0.402849528135167;0
1.6;-0.376746210291689;-0.390916828221771;0
1.61;-0.380601324598166;-0.378887455255079;0
1.62;-0.384335723999638;-0.366765181314796;0
1.63;-0.387948496539729;-0.354553799845714;0
1.64;-0.391438768288341;-0.342257124483859;0
1.65;-0.394805703538268;-0.329878987878622;0
1.66;-0.39804850499002;-0.317423240511194;0
1.67;-0.401166413924806;-0.304893749509705;0
1.68;-0.404158710365666;-0.292294397461397;0
1.69;-0.407024713226703;-0.279629081222211;0
1.7;-0.409763780450408;-0.266901710724137;0
1.71;-0.412375309133042;-0.254116207780701;0
1.72;-0.414858735638077;-0.241276504890938;0
1.73;-0.417213535697658;-0.228386544042221;0
1.74;-0.419439224502101;-0.215450275512299;0
1.75;-0.4215353567774;-0.202471656670914;0
1.76;-0.423501526850758;-0.189454650781346;0
1.77;-0.425337368704127;-0.17640322580226;0
1.78;-0.427042556015775;-0.16332135319019;0
1.79;-0.428616802189878;-0.150213006703051;0
1.8;-0.430059860374152;-0.137082161205001;0
1.81;-0.431371523465549;-0.123932791473039;0
1.82;-0.43255162410402;-0.110768871005665;0
1.83;-0.433600034654374;-0.0975943708339891;0
1.84;-0.434516667176271;-0.0844132583356065;0
1.85;-0.435301473382356;-0.0712294960516175;0
1.86;-0.435954444584584;-0.0580470405071256;0
1.87;-0.436475611628768;-0.0448698410355669;0
1.88;-0.436865044817386;-0.0317018386072162;0
1.89;-0.437122853820692;-0.0185469646622136;0
1.9;-0.437249187576184;-0.00540913994845303;0
1.91;-0.437244234176471;0.00770772663532677;0
1.92;-0.437108220745594;0.0207997391909105;0
1.93;-0.43684141330386;0.0338630159660994;0
1.94;-0.436444116621253;0.0468936904939944;0
1.95;-0.435916674059477;0.0598879127257403;0
1.96;-0.435259467402701;0.0728418501564008;0
1.97;-0.434472916677083;0.0857516889436396;0
1.98;-0.433557479959136;0.0986136350188853;0
1.99;-0.432513653173017;0.111423915190658;0
2;-0.431341969876824;0.124178778239744;0
2.01;-0.430043001037976;0.136874496005897;0
2.02;-0.428617354797761;0.149507364465766;0
2.03;-0.427065676225156;0.162073704801727;0
2.04;-0.425388647059988;0.174569864461332;0
2.05;-0.423586985445555;0.186992218207058;0
2.06;-0.421661445650787;0.19933716915606;0
2.07;-0.41961281778206;0.211601149809647;0
2.08;-0.417441927484759;0.223780623072173;0
2.09;-0.415149635634701;0.235872083259068;0
2.1;-0.412736838019533;0.247872057093715;0
2.11;-0.410204465010204;0.259777104692905;0
2.12;-0.407553481222642;0.271583820540587;0
2.13;-0.404784885169745;0.283288834449637;0
2.14;-0.401899708903807;0.294888812511393;0
2.15;-0.398899017649505;0.306380458032675;0
2.16;-0.395783909427577;0.317760512460043;0
2.17;-0.392555514669315;0.329025756291037;0
2.18;-0.389214995821996;0.340173009972133;0
2.19;-0.385763546945409;0.351199134783194;0
2.2;-0.382202393299588;0.362101033708157;0
2.21;-0.378532790923906;0.372875652291713;0
2.22;-0.374756026207663;0.383519979481773;0
2.23;-0.370873415452315;0.394031048457459;0
2.24;-0.366886304425493;0.404405937442426;0
2.25;-0.362796067906951;0.414641770503278;0
2.26;-0.358604109226598;0.424735718332865;0
2.27;-0.354311859794767;0.434684999018271;0
2.28;-0.349920778624876;0.444486878793258;0
2.29;-0.345432351848631;0.454138672775;0
2.3;-0.340848092223933;0.463637745684885;0
2.31;-0.336169538635657;0.472981512553217;0
2.32;-0.331398255589447;0.482167439407623;0
2.33;-0.326535832698704;0.491193043944991;0
2.34;-0.321583884164938;0.50005589618676;0
2.35;-0.316544048251627;0.508753619117409;0
2.36;-0.311417986751782;0.517283889305962;0
2.37;-0.306207384449362;0.525644437510368;0
2.38;-0.300913948574735;0.533833049264598;0
2.39;-0.295539408254334;0.54184756544831;0
2.4;-0.290085513954705;0.549685882838951;0
2.41;-0.284554036921107;0.557345954646148;0
2.42;-0.278946768610854;0.564825791028264;0
2.43;-0.273265520121566;0.572123459591004;0
2.44;-0.267512121614519;0.579237085867931;0
2.45;-0.261688421733272;0.586164853782804;0
2.46;-0.255796287017752;0.592905006093607;0
2.47;-0.249837601313978;0.599455844818188;0
2.48;-0.243814265179621;0.605815731641399;0
2.49;-0.237728195285563;0.611983088303645;0
2.5;-0.231581323813665;0.617956396970775;0
2.51;-0.22537559785092;0.623734200585215;0
2.52;-0.219112978780169;0.629315103198279;0
2.53;-0.212795441667594;0.634697770283596;0
2.54;-0.206424974647147;0.639880929031583;0
2.55;-0.200003578302131;0.644863368624912;0
2.56;-0.19353326504411;0.64964394049492;0
2.57;-0.187016058489331;0.654221558558923;0
2.58;-0.180453992832873;0.658595199438383;0
2.59;-0.173849112220695;0.662763902657914;0
2.6;-0.167203470119774;0.666726770825079;0
2.61;-0.160519128686539;0.670482969790982;0
2.62;-0.153798158133789;0.674031728791609;0
2.63;-0.147042636096271;0.677372340569942;0
2.64;-0.140254646995136;0.680504161478815;0
2.65;-0.133436281401446;0.683426611564533;0
2.66;-0.126589635398936;0.686139174631248;0
2.67;-0.119716809946215;0.688641398286118;0
2.68;-0.112819910238604;0.690932893965257;0
2.69;-0.105901045069799;0.693013336940516;0
2.7;-0.0989623261935536;0.694882466307105;0
2.71;-0.0920058676855739;0.696540084952113;0
2.72;-0.0850337853058084;0.697986059503959;0
2.73;-0.0780481958613335;0.69922032026282;0
2.74;-0.0710512165700183;0.700242861112093;0
2.75;-0.0640449644251609;0.70105373941095;0
2.76;-0.0570315555612825;0.701653075868052;0
2.77;-0.050013104621271;0.702041054396486;0
2.78;-0.0429917241250571;0.702217921950009;0
2.79;-0.0359695238400138;0.702183988340676;0
2.8;-0.0289486101532617;0.701939626037935;0
2.81;-0.0219310854460674;0.701485269949291;0
2.82;-0.0149190474705167;0.700821417182624;0
2.83;-0.00791458872864841;0.69994862679028;0
2.84;-0.000919795854227078;0.698867519495019;0
2.85;0.00606325100266115;0.697578777397963;0
2.86;0.0130324787880123;0.696083143668636;0
2.87;0.0199858221531282;0.694381422217236;0
2.88;0.0269212240604839;0.69247447734926;0
2.89;0.0338366363860616;0.690363233402621;0
2.9;0.0407300205179785;0.688048674367394;0
2.91;0.0475993479512333;0.685531843488329;0
2.92;0.054442600878402;0.682813842850288;0
2.93;0.0612577727761106;0.679895832946761;0
2.94;0.0680428689871187;0.676779032231606;0
2.95;0.0747959072978443;0.673464716654195;0
2.96;0.0815149185111673;0.669954219178114;0
2.97;0.0881979470143451;0.666248929283606;0
2.98;0.0948430513418816;0.66235029245393;0
2.99;0.101448304733188;0.658259809645806;0
3;0.108011795684874;0.65397903674415;0
3.01;0.114531628497522;0.649509584001279;0
3.02;0.121005923816781;0.644853115460779;0
3.03;0.127432819168628;0.640011348366239;0
3.04;0.133810469488655;0.634986052555064;0
3.05;0.140137047645225;0.629779049837547;0
3.06;0.14641074495635;0.624392213361443;0
3.07;0.15262977170016;0.618827466962243;0
3.08;0.158792357618798;0.613086784499363;0
3.09;0.164896752415626;0.607172189178489;0
3.1;0.170941226245585;0.601085752860287;0
3.11;0.176924070198586;0.594829595355722;0
3.12;0.182843596775794;0.58840588370821;0
3.13;0.188698140358673;0.581816831462847;0
3.14;0.194486057670668;0.575064697922955;0
3.15;0.200205728231399;0.56815178739419;0
3.16;0.205855554803233;0.561080448416456;0
3.17;0.211433963830129;0.553853072983881;0
3.18;0.216939405868625;0.546472095753113;0
3.19;0.222370356010864;0.538939993240177;0
3.2;0.227725314299524;0.531259283006176;0
3.21;0.23300280613457;0.523432522832079;0
3.22;0.238201382671702;0.515462309882879;0
3.23;0.243319621212386;0.507351279861373;0
3.24;0.2483561255854;0.49910210615185;0
3.25;0.253309526519748;0.490717498953955;0
3.26;0.258178482008886;0.482200204407006;0
3.27;0.262961677666144;0.473553003705039;0
3.28;0.267657827071259;0.464778712202867;0
3.29;0.272265672107921;0.455880178513443;0
3.3;0.276783983292271;0.446860283596793;0
3.31;0.281211560092234;0.437721939840824;0
3.32;0.28554723123764;0.428468090134297;0
3.33;0.289789855021024;0.419101706932237;0
3.34;0.293938319589064;0.409625791314098;0
3.35;0.297991543224558;0.400043372034962;0
3.36;0.301948474618887;0.390357504570071;0
3.37;0.305808093134891;0.380571270152994;0
3.38;0.309569409060105;0.370687774807724;0
3.39;0.313231463850285;0.360710148375011;0
3.4;0.316793330363174;0.350641543533222;0
3.41;0.320254113082451;0.340485134814046;0
3.42;0.323612948331821;0.330244117613335;0
3.43;0.326869004479184;0.319921707197391;0
3.44;0.330021482130856;0.309521137705007;0
3.45;0.333069614315785;0.299045661145561;0
3.46;0.336012666659738;0.288498546393485;0
3.47;0.338849937549412;0.277883078179394;0
3.48;0.341580758286444;0.267202556078203;0
3.49;0.344204493231296;0.256460293494538;0
3.5;0.346720539936969;0.245659616645731;0
3.51;0.349128329272553;0.234803863542736;0
3.52;0.351427325536566;0.223896382969255;0
3.53;0.353617026560085;0.212940533459391;0
3.54;0.355696963799644;0.201939682274131;0
3.55;0.357666702419891;0.19089720437698;0
3.56;0.359525841366008;0.179816481409039;0
3.57;0.361274013425867;0.168700900663847;0
3.58;0.362910885281945;0.157553854062291;0
3.59;0.364436157552983;0.146378737127887;0
3.6;0.365849564825408;0.135178947962746;0
3.61;0.367150875674511;0.123957886224524;0
3.62;0.368339892675403;0.112718952104668;0
3.63;0.369416452403761;0.101465545308254;0
3.64;0.370380425426384;0.0902010640357231;0
3.65;0.371231716281567;0.0789289039668273;0
3.66;0.371970263449333;0.067652457247066;0
3.67;0.372596039311543;0.0563751114769307;0
3.68;0.373109050101904;0.0451002487042482;0
3.69;0.373509335845922;0.0338312444199183;0
3.7;0.373796970290828;0.0225714665573451;0
3.71;0.373972060825512;0.0113242744958522;0
3.72;0.374034748390519;9.30180683750275e-05;0
3.73;0.37398520737813;-0.0111189634262795;0
3.74;0.373823645522596;-0.0223083422063181;0
3.75;0.373550303780566;-0.0334718029847048;0
3.76;0.373165456201756;-0.0446060439414786;0
3.77;0.372669409789925;-0.055707777690363;0
3.78;0.372062504354211;-0.066773732239388;0
3.79;0.371345112350887;-0.0778006519452463;0
3.8;0.370517638715604;-0.0887852984611084;0
3.81;0.369580520686187;-0.0997244516776242;0
3.82;0.36853422761605;-0.11061491065684;0
3.83;0.367379260778306;-0.121453494558765;0
3.84;0.366116153160649;-0.132237043560319;0
3.85;0.364745469251074;-0.1429624197664;0
3.86;0.36326780481453;-0.153626508112816;0
3.87;0.36168378666058;-0.164226217260821;0
3.88;0.359994072402147;-0.174758480482995;0
3.89;0.358199350205454;-0.185220256540233;0
3.9;0.356300338531223;-0.195608530549583;0
3.91;0.354297785867243;-0.205920314842686;0
3.92;0.352192470452399;-0.216152649814595;0
3.93;0.349985199992253;-0.226302604762711;0
3.94;0.347676811366281;-0.236367278715618;0
3.95;0.345268170326872;-0.246343801251586;0
3.96;0.342760171190185;-0.256229333306502;0
3.97;0.340153736518974;-0.266021067971014;0
3.98;0.337449816797501;-0.275716231276672;0
3.99;0.334649390098623;-0.28531208297084;0
4;0.331753461743192;-0.294805917280164;0
4.01;0.328763063951868;-0.304195063662401;0
4.02;0.325679255489473;-0.313476887546393;0
4.03;0.322503121301985;-0.322648791059981;0
4.04;0.319235772146329;-0.331708213745674;0
4.05;0.315878344213043;-0.340652633263868;0
4.06;0.312431998741993;-0.349479566083433;0
4.07;0.308897921631219;-0.358186568159476;0
4.08;0.305277323039074;-0.366771235598109;0
4.09;0.30157143697977;-0.375231205308031;0
4.1;0.297781520912469;-0.383564155638768;0
4.11;0.293908855324055;-0.391767807005385;0
4.12;0.289954743305713;-0.399839922499519;0
4.13;0.285920510123467;-0.407778308486572;0
4.14;0.281807502782805;-0.415580815188899;0
4.15;0.27761708958754;-0.423245337254854;0
4.16;0.27335065969304;-0.430769814313535;0
4.17;0.269009622653974;-0.438152231515095;0
4.18;0.26459540796673;-0.445390620056482;0
4.19;0.260109464606629;-0.452483057692464;0
4.2;0.255553260560108;-0.45942766923183;0
4.21;0.250928282351994;-0.466222627018622;0
4.22;0.246236034568049;-0.472866151398304;0
4.23;0.241478039372909;-0.479356511168725;0
4.24;0.236655836023587;-0.485692024015799;0
4.25;0.231770980378693;-0.491871056933771;0
4.26;0.226825044403509;-0.49789202662998;0
4.27;0.221819615671102;-0.503753399914032;0
4.28;0.216756296859602;-0.509453694071278;0
4.29;0.211636705245822;-0.514991477220521;0
4.3;0.206462472195377;-0.520365368655877;0
4.31;0.201235242649443;-0.525574039172694;0
4.32;0.195956674608346;-0.530616211377489;0
4.33;0.190628438612107;-0.535490659981812;0
4.34;0.185252217218133;-0.540196212079984;0
4.35;0.179829704476197;-0.544731747410663;0
4.36;0.174362605400876;-0.549096198602176;0
4.37;0.168852635441614;-0.553288551401572;0
4.38;0.163301519950561;-0.557307844887365;0
4.39;0.157710993648362;-0.561153171665917;0
4.4;0.152082800088053;-0.564823678051447;0
4.41;0.146418691117237;-0.568318564229621;0
4.42;0.140720426338689;-0.571637084404724;0
4.43;0.134989772569573;-0.574778546930371;0
4.44;0.129228503299414;-0.577742314423781;0
4.45;0.123438398147017;-0.580527803863568;0
4.46;0.117621242316466;-0.583134486671085;0
4.47;0.111778826052394;-0.585561888775302;0
4.48;0.105912944094676;-0.587809590661227;0
4.49;0.100025395132711;-0.589877227401905;0
4.5;0.0941179812594557;-0.59176448867398;0
4.51;0.088192507425382;-0.593471118756883;0
4.52;0.0822507808925107;-0.594996916515634;0
4.53;0.0762946106886937;-0.596341735367324;0
4.54;0.0703258070623041;-0.597505483231296;0
4.55;0.0643461809374977;-0.598488122463077;0
4.56;0.0583575433702076;-0.599289669772105;0
4.57;0.0523617050050352;-0.599910196123303;0
4.58;0.0463604755331973;-0.600349826622556;0
4.59;0.0403556631516904;-0.600608740386167;0
4.6;0.0343490740238332;-0.600687170394329;0
4.61;0.0283425117413452;-0.600585403328721;0
4.62;0.0223377767881211;-0.600303779394271;0
4.63;0.0163366660058578;-0.599842692125193;0
4.64;0.0103409720616924;-0.599202588175359;0
4.65;0.0043524829180058;-0.59838396709312;0
4.66;-0.00162701869545155;-0.597387381080649;0
4.67;-0.00759575580695865;-0.596213434737923;0
4.68;-0.0135519577255937;-0.594862784791429;0
4.69;-0.0194938605612224;-0.593336139807716;0
4.7;-0.0254197077415547;-0.591634259891901;0
4.71;-0.0313277505261182;-0.589757956371238;0
4.72;-0.0372162485170018;-0.587708091463883;0
4.73;-0.0430834701662194;-0.585485577932972;0
4.74;-0.0489276932795502;-0.583091378726137;0
4.75;-0.0547472055167079;-0.580526506600602;0
4.76;-0.0605403048876971;-0.577792023733995;0
4.77;-0.0663053002452144;-0.57488904132101;0
4.78;-0.0720405117729518;-0.571818719156069;0
4.79;-0.0777442714696654;-0.568582265202139;0
4.8;-0.0834149236288704;-0.565180935145843;0
4.81;-0.0890508253140251;-0.561616031939034;0
4.82;-0.0946503468290716;-0.557888905326988;0
4.83;-0.100211872184198;-0.554000951363385;0
4.84;-0.105733799556693;-0.549953611912233;0
4.85;-0.111214541746757;-0.545748374136925;0
4.86;-0.116652526628155;-0.54138676997659;0
4.87;-0.122046197593567;-0.536870375609923;0
4.88;-0.127394013994528;-0.532200810906679;0
4.89;-0.132694451575825;-0.527379738867005;0
4.9;-0.137946002904234;-0.522408865048814;0
4.91;-0.143147177791475;-0.517289936983384;0
4.92;-0.148296503711278;-0.512024743579376;0
4.93;-0.15339252621043;-0.506615114515479;0
4.94;-0.1584338093137;-0.501062919621872;0
4.95;-0.163418935922533;-0.495370068250719;0
4.96;-0.168346508207396;-0.48953850863589;0
4.97;-0.173215147993674;-0.483570227242138;0
4.98;-0.178023497141012;-0.477467248103926;0
4.99;-0.182770217916003;-0.471231632154133;0
5;-0.187453993358111;-0.464865476542851;0
5.01;-0.192073527638743;-0.458370913946496;0
5.02;-0.196627546413368;-0.451750111867461;0
5.03;-0.201114797166594;-0.445005271924524;0
5.04;-0.205534049550102;-0.438138629134263;0
5.05;-0.209884095713359;-0.431152451183681;0
5.06;-0.214163750627018;-0.424049037694292;0
5.07;-0.218371852398922;-0.416830719477907;0
5.08;-0.222507262582626;-0.409499857784337;0
5.09;-0.226568866478364;-0.402058843541274;0
5.1;-0.230555573426379;-0.394510096586576;0
5.11;-0.234466317092544;-0.386856064893213;0
5.12;-0.238300055746196;-0.3790992237871;0
5.13;-0.242055772530124;-0.371242075158086;0
5.14;-0.245732475722632;-0.363287146664332;0
5.15;-0.249329198991619;-0.355236990930329;0
5.16;-0.252845001640607;-0.347094184738814;0
5.17;-0.256278968846673;-0.338861328216835;0
5.18;-0.259630211890201;-0.330541044016209;0
5.19;-0.262897868376426;-0.322135976488648;0
5.2;-0.266081102448703;-0.313648790855787;0
5.21;-0.26917910499345;-0.305082172374392;0
5.22;-0.27219109383673;-0.296438825496987;0
5.23;-0.275116313932411;-0.287721473028181;0
5.24;-0.27795403754188;-0.278932855276931;0
5.25;-0.280703564405254;-0.270075729205027;0
5.26;-0.283364221904064;-0.261152867572041;0
5.27;-0.285935365215376;-0.252167058077009;0
5.28;-0.288416377457307;-0.243121102497121;0
5.29;-0.290806669825927;-0.234017815823652;0
5.3;-0.293105681723493;-0.22486002539544;0
5.31;-0.295312880878029;-0.215650570030131;0
5.32;-0.297427763454186;-0.206392299153491;0
5.33;-0.299449854155406;-0.197088071927024;0
5.34;-0.301378706317346;-0.187740756374181;0
5.35;-0.303213901992562;-0.178353228505406;0
5.36;-0.304955052026435;-0.168928371442296;0
5.37;-0.306601796124344;-0.159469074541132;0
5.38;-0.308153802910064;-0.149978232516049;0
5.39;-0.309610769975398;-0.140458744562109;0
5.4;-0.310972423921041;-0.130913513478533;0
5.41;-0.312238520388681;-0.121345444792364;0
5.42;-0.313408844084331;-0.111757445882813;0
5.43;-0.314483208792916;-0.102152425106563;0
5.44;-0.315461457384116;-0.0925332909242783;0
5.45;-0.31634346180948;-0.0829029510285788;0
5.46;-0.317129123090829;-0.0732643114737548;0
5.47;-0.317818371299962;-0.0636202758074595;0
5.48;-0.318411165529691;-0.0539737442046486;0
5.49;-0.318907493856224;-0.0443276126040195;0
5.5;-0.31930737329293;-0.0346847718472036;0
5.51;-0.319610849735504;-0.0250481068209664;0
5.52;-0.319817997898569;-0.0154204956026672;0
5.53;-0.31992892124375;-0.00580480860922802;0
5.54;-0.319943751899255;0.00379609225013817;0
5.55;-0.319862650570998;0.0133793544171926;0
5.56;-0.319685806445311;0.0229421355236839;0
5.57;-0.319413437083284;0.0324816042258646;0
5.58;-0.319045788306784;0.0419949410342683;0
5.59;-0.318583134076195;0.0514793391385082;0
5.6;-0.318025776359934;0.0609320052268563;0
5.61;-0.317374044995798;0.0703501603003683;0
5.62;-0.316628297544191;0.0797310404813188;0
5.63;-0.3157889191333;0.0890718978157142;0
5.64;-0.314856322296262;0.0983700010696531;0
5.65;-0.31383094680041;0.107622636519306;0
5.66;-0.312713259468637;0.116827108734289;0
5.67;-0.311503753992962;0.125980741354205;0
5.68;-0.310202950740364;0.135080877858139;0
5.69;-0.308811396550947;0.144124882326876;0
5.7;-0.307329664528525;0.153110140197645;0
5.71;-0.305758353823685;0.162034059011149;0
5.72;-0.304098089409423;0.170894069150698;0
5.73;-0.30234952184942;0.17968762457322;0
5.74;-0.300513327059047;0.188412203531944;0
5.75;-0.298590206059182;0.19706530929057;0
5.76;-0.296580884722921;0.205644470828701;0
5.77;-0.294486113515281;0.214147243538363;0
5.78;-0.292306667225971;0.222571209911409;0
5.79;-0.290043344695338;0.230913980217611;0
5.8;-0.287696968533568;0.239173193173274;0
5.81;-0.28526838483325;0.247346516600157;0
5.82;-0.282758462875391;0.255431648074553;0
5.83;-0.280168094828987;0.263426315566318;0
5.84;-0.277498195444251;0.271328278067708;0
5.85;-0.274749701739592;0.279135326211822;0
5.86;-0.271923290157663;0.287033604813481;0.0470929849772195
5.87;-0.269016506542267;0.295114504784922;0.0470929849772195
5.88;-0.266029372669105;0.303093052693849;0.0470929849772195
5.89;-0.262962922058405;0.310967032796209;0.0470929849772195
5.9;-0.259818210230138;0.318734264501375;0.0470929849772195
5.91;-0.256596314349806;0.326392602965389;0.0470929849772195
5.92;-0.25329833286835;0.33393993967246;0.0470929849772195
5.93;-0.249925385156293;0.341374203004578;0.0470929849772195
5.94;-0.246478611132243;0.348693358799092;0.0470929849772195
5.95;-0.242959170885877;0.355895410894092;0.0470929849772195
5.96;-0.239368244295525;0.362978401661475;0.0470929849772195
5.97;-0.235707030640475;0.369940412527533;0.0470929849772195
5.98;-0.231976748208137;0.376779564480948;0.0470929849772195
5.99;-0.228178633896177;0.383494018568046;0.0470929849772195
6;-0.224313942809761;0.390081976375202;0.0470929849772195
6.01;-0.22038394785403;0.396541680498253;0.0470929849772195
6.02;-0.216389939321941;0.402871414998822;0.0470929849772195
6.03;-0.212333224477608;0.409069505847419;0.0470929849772195
6.04;-0.20821512713526;0.415134321353221;0.0470929849772195
6.05;-0.204036987233979;0.421064272580425;0.0470929849772195
6.06;-0.199800160408318;0.426857813751065;0.0470929849772195
6.07;-0.195506017554967;0.432513442634201;0.0470929849772195
6.08;-0.191155944395575;0.438029700921386;0.0470929849772195
6.09;-0.186751341035892;0.443405174588319;0.0470929849772195
6.1;-0.182293621521346;0.448638494242607;0.0470929849772195
6.11;-0.177784213389215;0.453728335457546;0.0470929849772195
6.12;-0.173224557217517;0.45867341909185;0.0470929849772195
6.13;-0.16861610617077;0.463472511595255;0.0470929849772195
6.14;-0.163960325542757;0.468124425299936;0.0470929849772195
6.15;-0.159258692296445;0.472628018697666;0.0470929849772195
6.16;-0.154512694601192;0.476982196702658;0.0470929849772195
6.17;-0.149723831367395;0.481185910900048;0.0470929849772195
6.18;-0.144893611778714;0.485238159779953;0.0470929849772195
6.19;-0.140023554822022;0.489137988957073;0.0470929849772195
6.2;-0.135115188815225;0.492884491375784;0.0470929849772195
6.21;-0.130170050933096;0.496476807500696;0.0470929849772195
6.22;-0.125189686731267;0.499914125492633;0.0470929849772195
6.23;-0.120175649668529;0.503195681370018;0.0470929849772195
6.24;-0.115129500627587;0.506320759155634;0.0470929849772195
6.25;-0.110052807434405;0.50928869100874;0.0470929849772195
6.26;-0.104947144376302;0.512098857342534;0.0470929849772195
6.27;-0.0998140917189396;0.514750686926948;0.0470929849772195
6.28;-0.0946552352223447;0.51724365697677;0.0470929849772195
6.29;-0.0894721656561185;0.519577293225094;0.0470929849772195
6.3;-0.0842664783139766;0.521751169982102;0.0470929849772195
6.31;-0.0790397725277677;0.523764910179177;0.0470929849772195
6.32;-0.0737936511811171;0.52561818539837;0.0470929849772195
6.33;-0.0685297202228409;0.527310715887238;0.0470929849772195
6.34;-0.0632495881802782;0.528842270559054;0.0470929849772195
6.35;-0.0579548656726864;0.530212666978445;0.0470929849772195
6.36;-0.0526471649248456;0.531421771332459;0.0470929849772195
6.37;-0.0473280992810185;0.532469498387113;0.0470929849772195
6.38;-0.0419992827194093;0.533355811429449;0.0470929849772195
6.39;-0.036662329367267;0.534080722195151;0.0470929849772195
6.4;-0.031318853016778;0.534644290781759;0.0470929849772195
6.41;-0.0259704666418907;0.535046625547533;0.0470929849772195
6.42;-0.020618781916216;0.53528788299603;0.0470929849772195
6.43;-0.0152654087321461;0.535368267646447;0.0470929849772195
6.44;-0.00991195472133329;0.535288031889784;0.0470929849772195
6.45;-0.00456002477667171;0.53504747583092;0.0470929849772195
6.46;0.000788779424079716;0.534646947116641;0.0470929849772195
6.47;0.00613285989289098;0.534086840749726;0.0470929849772195
6.48;0.0114706228041333;0.533367598889151;0.0470929849772195
6.49;0.0168004789651911;0.532489710636497;0.0470929849772195
6.5;0.022120844284877;0.531453711808663;0.0470929849772195
6.51;0.0274301402395115;0.530260184696958;0.0470929849772195
6.52;0.0327267943365338;0.528909757812681;0.0470929849772195
6.53;0.038009240575507;0.527403105619277;0.0470929849772195
6.54;0.0432759199063858;0.52574094825119;0.0470929849772195
6.55;0.0485252806849122;0.523924051219494;0.0470929849772195
6.56;0.0537557791250095;0.521953225104444;0.0470929849772195
6.57;0.0589658797480425;0.519829325235028;0.0470929849772195
6.58;0.0641540558288155;0.517553251355672;0.0470929849772195
6.59;0.0693187898381801;0.515125947280194;0.0470929849772195
6.6;0.0744585738821253;0.512548400533144;0.0470929849772195
6.61;0.0795719101372253;0.509821641978661;0.0470929849772195
6.62;0.0846573112823194;0.506946745436975;0.0470929849772195
6.63;0.0897133009263023;0.503924827288686;0.0470929849772195
6.64;0.0947384140319028;0.500757046066975;0.0470929849772195
6.65;0.0997311973353305;0.497444602037874;0.0470929849772195
6.66;0.104690209761672;0.493988736768747;0.0470929849772195
6.67;0.10961402283592;0.490390732685136;0.0470929849772195
6.68;0.114501221089518;0.486651912616116;0.0470929849772195
6.69;0.119350402462308;0.482773639328327;0.0470929849772195
6.7;0.124160178699769;0.478757315048827;0.0470929849772195
6.71;0.128929175745434;0.474604380976942;0.0470929849772195
6.72;0.133656034128373;0.470316316785271;0.0470929849772195
6.73;0.138339409345644;0.465894640110014;0.0470929849772195
6.74;0.142977972239597;0.461340906030803;0.0470929849772195
6.75;0.147570409369926;0.456656706540189;0.0470929849772195
6.76;0.152115423380378;0.451843670002994;0.0470929849772195
6.77;0.156611733360002;0.446903460605673;0.0470929849772195
6.78;0.161058075198856;0.441837777795893;0.0470929849772195
6.79;0.165453201938057;0.436648355712505;0.0470929849772195
6.8;0.169795884114096;0.431336962606091;0.0470929849772195
6.81;0.174084910097312;0.425905400250291;0.0470929849772195
6.82;0.178319086424442;0.420355503344083;0.0470929849772195
6.83;0.182497238125153;0.414689138905227;0.0470929849772195
6.84;0.186618209042463;0.408908205655061;0.0470929849772195
6.85;0.190680862146984;0.403014633394852;0.0470929849772195
6.86;0.194684079844881;0.397010382373901;0.0470929849772195
6.87;0.198626764279479;0.390897442649606;0.0470929849772195
6.88;0.202507837626436;0.384677833439697;0.0470929849772195
6.89;0.206326242382403;0.378353602466829;0.0470929849772195
6.9;0.210080941647099;0.371926825295772;0.0470929849772195
6.91;0.213770919398718;0.365399604663385;0.0470929849772195
6.92;0.217395180762613;0.358774069801596;0.0470929849772195
6.93;0.220952752273174;0.352052375753612;0.0470929849772195
6.94;0.22444268212884;0.345236702683554;0.0470929849772195
6.95;0.227864040440177;0.338329255179764;0.0470929849772195
6.96;0.231215919470961;0.331332261551969;0.0470929849772195
6.97;0.234497433872212;0.324247973122563;0.0470929849772195
6.98;0.237707720909108;0.317078663512191;0.0470929849772195
6.99;0.24084594068073;0.309826627919886;0.0470929849772195
7;0.243911276332591;0.302494182397975;0.0470929849772195
7.01;0.246902934261885;0.295083663121976;0.0470929849772195
7.02;0.249820144315418;0.287597425655719;0.0470929849772195
7.03;0.252662159980165;0.280037844211923;0.0470929849772195
7.04;0.255428258566417;0.272407310908444;0.0470929849772195
7.05;0.258117741383471;0.264708235020445;0.0470929849772195
7.06;0.260729933907821;0.256943042228697;0.0470929849772195
7.07;0.26326418594382;0.249114173864266;0.0470929849772195
7.08;0.265719871776773;0.241224086149797;0.0470929849772195
7.09;0.268096390318421;0.233275249437641;0.0470929849772195
7.1;0.270393165244806;0.22527014744506;0.0470929849772195
7.11;0.272609645126464;0.217211276486736;0.0470929849772195
7.12;0.274745303550939;0.20910114470482;0.0470929849772195
7.13;0.27679963923758;0.200942271296769;0.0470929849772195
7.14;0.278772176144619;0.192737185741183;0.0470929849772195
7.15;0.280662463568485;0.184488427021901;0.0470929849772195
7.16;0.282470076235366;0.17619854285058;0.0470929849772195
7.17;0.284194614384976;0.167870088887985;0.0470929849772195
7.18;0.285835703846548;0.159505627964246;0.0470929849772195
7.19;0.287392996107004;0.151107729298302;0.0470929849772195
7.2;0.28886616837134;0.142678967716763;0.0470929849772195
7.21;0.290254923615178;0.134221922872452;0.0470929849772195
7.22;0.291558990629515;0.125739178462821;0.0470929849772195
7.23;0.292778124057649;0.117233321448518;0.0470929849772195
7.24;0.293912104424301;0.108706941272305;0.0470929849772195
7.25;0.29496073815692;0.100162629078584;0.0470929849772195
7.26;0.29592385759919;0.0916029769337424;0.0470929849772195
7.27;0.296801321016747;0.0830305770475776;0.0470929849772195
7.28;0.297593012595111;0.0744480209960028;0.0470929849772195
7.29;0.29829884242986;0.0658578989452868;0.0470929849772195
7.3;0.298918746509045;0.0572627988780466;0.0470929849772195
7.31;0.299452686687877;0.0486653058212255;0.0470929849772195
7.32;0.299900650655708;0.0400680010762838;0.0470929849772195
7.33;0.300262651895318;0.0314734614518299;0.0470929849772195
7.34;0.300538729634543;0.0228842584989165;0.0470929849772195
7.35;0.300728948790272;0.0143029577492269;0.0470929849772195
7.36;0.300833399904831;0.00573211795637549;0.0470929849772195
7.37;0.300852199074806;-0.00282570965945601;0.0470929849772195
7.38;0.300785487872318;-0.0113679821633264;0.0470929849772195
7.39;0.300633433258805;-0.0198921656535668;0.0470929849772195
7.4;0.300396227491334;-0.0283957360058187;0.0470929849772195
7.41;0.300074088021499;-0.0368761796128632;0.0470929849772195
7.42;0.299667257386934;-0.0453309941200253;0.0470929849772195
7.43;0.299176003095494;-0.0537576891559419;0.0470929849772195
7.44;0.298600617502155;-0.0621537870584809;0.0470929849772195
7.45;0.29794141767867;-0.0705168235956038;0.0470929849772195
7.46;0.297198745276047;-0.0788443486809632;0.0470929849772195
7.47;0.296372966379888;-0.08713392708403;0.0470929849772195
7.48;0.295464471358659;-0.0953831391345469;0.0470929849772195
7.49;0.294473674704935;-0.103589581421107;0.0470929849772195
7.5;0.293401014869697;-0.11175086748366;0.0470929849772195
7.51;0.292246954089717;-0.119864628499739;0.0470929849772195
7.52;0.291011978208124;-0.127928513964235;0.0470929849772195
7.53;0.289696596488193;-0.135940192362496;0.0470929849772195
7.54;0.288301341420435;-0.143897351836592;0.0470929849772195
7.55;0.286826768523064;-0.151797700844528;0.0470929849772195
7.56;0.285273456135889;-0.159638968812247;0.0470929849772195
7.57;0.283642005207733;-0.16741890677822;0.0470929849772195
7.58;0.281933039077435;-0.175135288030447;0.0470929849772195
7.59;0.280147203248514;-0.182785908735706;0.0470929849772195
7.6;0.278285165157581;-0.190368588560844;0.0470929849772195
7.61;0.27634761393657;-0.197881171285975;0.0470929849772195
7.62;0.274335260168879;-0.205321525409381;0.0470929849772195
7.63;0.272248835639496;-0.212734637728948;0
7.64;0.270086504370958;-0.220494695513259;0
7.65;0.267846928172867;-0.228175320727024;0
7.66;0.265530911140164;-0.235774347540613;0
7.67;0.263139278899761;-0.243289638306718;0
7.68;0.26067287832604;-0.250719084152699;0
7.69;0.258132577250478;-0.258060605563285;0
7.7;0.255519264165489;-0.265312152953476;0
7.71;0.252833847922575;-0.272471707231485;0
7.72;0.250077257424903;-0.27953728035158;0
7.73;0.247250441314391;-0.286506915856658;0
7.74;0.244354367653418;-0.293378689410423;0
7.75;0.241390023601263;-0.300150709319025;0
7.76;0.238358415085368;-0.306821117042013;0
7.77;0.235260566467549;-0.313388087692467;0
7.78;0.232097520205246;-0.319849830526194;0
7.79;0.228870336507938;-0.326204589419838;0
7.8;0.225580092988824;-0.332450643337799;0
7.81;0.222227884311883;-0.338586306787821;0
7.82;0.218814821834436;-0.344609930265154;0
7.83;0.215342033245313;-0.350519900685159;0
7.84;0.211810662198748;-0.35631464180425;0
7.85;0.208221867944117;-0.361992614629075;0
7.86;0.204576824951639;-0.367552317813822;0
7.87;0.200876722534155;-0.372992288045563;0
7.88;0.197122764465113;-0.378311100417528;0
7.89;0.193316168592867;-0.383507368790229;0
7.9;0.189458166451425;-0.388579746140344;0
7.91;0.185550002867765;-0.39352692489727;0
7.92;0.181592935565838;-0.398347637267278;0
7.93;0.177588234767384;-0.403040655545182;0
7.94;0.173537182789693;-0.40760479241346;0
7.95;0.169441073640427;-0.412038901228749;0
7.96;0.165301212609638;-0.416341876295658;0
7.97;0.161118915859099;-0.42051265312784;0
7.98;0.15689551000909;-0.424550208696253;0
7.99;0.152632331722752;-0.428453561664576;0
8;0.148330727288149;-0.432221772611715;0
8.01;0.143992052198163;-0.435853944241371;0
8.02;0.139617670728349;-0.439349221578611;0
8.03;0.135208955512884;-0.442706792153421;0
8.04;0.130767287118743;-0.445925886171201;0
8.05;0.126294053618222;-0.449005776670173;0
8.06;0.121790650159954;-0.451945779665681;0
8.07;0.11725847853853;-0.454745254281358;0
8.08;0.112698946762882;-0.457403602867148;0
8.09;0.108113468623531;-0.459920271104163;0
8.1;0.103503463258857;-0.462294748096379;0
8.11;0.098870354720499;-0.464526566449149;0
8.12;0.0942155715380447;-0.466615302334545;0
8.13;0.0895405462831118;-0.46856057554353;0
8.14;0.084846715132975;-0.470362049524962;0
8.15;0.0801355174338594;-0.472019431411446;0
8.16;0.075408395264035;-0.473532472032046;0
8.17;0.0706667929968435;-0.474900965911876;0
8.18;0.0659121568637871;-0.476124751258594;0
8.19;0.0611459345178124;-0.477203709935827;0
8.2;0.0563695745969181;-0.478137767423552;0
8.21;0.0515845262882176;-0.478926892765473;0
8.22;0.0467922388925862;-0.479571098503426;0
8.23;0.0419941613900225;-0.480070440598865;0
8.24;0.0371917420058529;-0.48042501834146;0
8.25;0.0323864277779077;-0.480634974244867;0
8.26;0.0275796641247977;-0.480700493929723;0
8.27;0.0227728944154172;-0.480621805993913;0
8.28;0.0179675595398024;-0.480399181870187;0
8.29;0.0131650974814692;-0.480032935671172;0
8.3;0.00836694289135835;-0.479523424021863;0
8.31;0.00357452666351134;-0.478871045879655;0
8.32;-0.0012107244873984;-0.478076242341997;0
8.33;-0.00598738844655513;-0.477139496441743;0
8.34;-0.010754048117389;-0.476061332930287;0
8.35;-0.0155092918377409;-0.474842318048557;0
8.36;-0.0202517137936831;-0.473483059285978;0
8.37;-0.0249799144308753;-0.471984205127475;0
8.38;-0.0296925008633381;-0.470346444788627;0
8.39;-0.0343880872795238;-0.46857050793906;0
8.4;-0.0390652953455698;-0.4666571644142;0
8.41;-0.0437227546056169;-0.464607223915473;0
8.42;-0.0483591028790777;-0.462421535699069;0
8.43;-0.0529729866547429;-0.46010098825339;0
8.44;-0.0575630614816099;-0.45764650896529;0
8.45;-0.0621279923563249;-0.455059063775225;0
8.46;-0.0666664541071267;-0.452339656821441;0
8.47;-0.0711771317741839;-0.449489330073326;0
8.48;-0.0756587209862164;-0.446509162954049;0
8.49;-0.0801099283332966;-0.443400271952619;0
8.5;-0.0845294717357234;-0.440163810225505;0
8.51;-0.0889160808088663;-0.436800967187943;0
8.52;-0.0932684972238766;-0.433312968095079;0
8.53;-0.0975854750641643;-0.429701073613094;0
8.54;-0.101865781177543;-0.42596657938044;0
8.55;-0.106108195523941;-0.422110815559357;0
8.56;-0.110311511518587;-0.418135146377808;0
8.57;-0.114474536370571;-0.414040969661986;0
8.58;-0.11859609141669;-0.409829716359561;0
8.59;-0.122675012450479;-0.405502850053811;0
8.6;-0.126710150046354;-0.401061866468807;0
8.61;-0.130700369878758;-0.39650829296582;0
8.62;-0.134644553036235;-0.391843688031096;0
8.63;-0.138541596330342;-0.387069640755199;0
8.64;-0.142390412599324;-0.382187770304056;0
8.65;-0.146189931006451;-0.377199725381917;0
8.66;-0.14993909733296;-0.372107183686359;0
8.67;-0.153636874265504;-0.36691185135556;0
8.68;-0.157282241678047;-0.361615462407981;0
8.69;-0.160874196908113;-0.356219778174657;0
8.7;-0.164411755027335;-0.350726586724282;0
8.71;-0.167893949106215;-0.345137702281262;0
8.72;-0.171319830473039;-0.339454964636929;0
8.73;-0.174688468966874;-0.333680238554104;0
8.74;-0.177998953184574;-0.327815413165195;0
8.75;-0.181250390721752;-0.321862401364029;0
8.76;-0.184441908407626;-0.315823139191602;0
8.77;-0.187572652533714;-0.309699585215951;0
8.78;-0.190641789076285;-0.303493719906333;0
8.79;-0.193648503912541;-0.297207545001916;0
8.8;-0.196592003030451;-0.290843082875189;0
8.81;-0.199471512732203;-0.284402375890262;0
8.82;-0.202286279831215;-0.277887485756297;0
8.83;-0.205035571842657;-0.271300492876231;0
8.84;-0.207718677167443;-0.264643495691036;0
8.85;-0.210334905269643;-0.25791861001968;0
8.86;-0.21288358684728;-0.251127968395022;0
8.87;-0.215364073996464;-0.244273719395841;0
8.88;-0.217775740368832;-0.237358026975197;0
8.89;-0.220117981322258;-0.230383069785339;0
8.9;-0.222390214064791;-0.22335104049937;0
8.91;-0.224591877791805;-0.216264145129872;0
8.92;-0.22672243381631;-0.209124602344705;0
8.93;-0.228781365692425;-0.201934642780187;0
8.94;-0.230768179331955;-0.194696508351869;0
8.95;-0.232682403114078;-0.18741245156311;0
8.96;-0.234523587988103;-0.18008473481167;0
8.97;-0.236291307569287;-0.172715629694528;0
8.98;-0.237985158227695;-0.165307416311135;0
8.99;-0.239604759170081;-0.157862382565317;0
9;-0.241149752514787;-0.150382823466041;0
9.01;-0.242619803359648;-0.142871040427248;0
9.02;-0.244014599842881;-0.135329340566975;0
9.03;-0.245333853196978;-0.127760036005964;0
9.04;-0.246577297795571;-0.120165443165988;0
9.05;-0.247744691193285;-0.112547882068081;0
9.06;-0.248835814158573;-0.104909675630906;0
9.07;-0.249850470699537;-0.0972531489694529;0
9.08;-0.250788488082737;-0.0895806286942872;0
9.09;-0.251649716844996;-0.0818944422115538;0
9.1;-0.252434030798208;-0.0741969170239452;0
9.11;-0.253141327027165;-0.0664903800328419;0
9.12;-0.253771525880405;-0.058777156841833;0
9.13;-0.254324570954108;-0.0510595710618224;0
9.14;-0.25480042906905;-0.0433399436179275;0
9.15;-0.255199090240627;-0.0356205920583725;0
9.16;-0.255520567641993;-0.0279038298655835;0
9.17;-0.255764897560304;-0.0201919657696857;0
9.18;-0.255932139346118;-0.0124873030646045;0
9.19;-0.256022375355964;-0.00479213892697224;0
9.2;-0.256035710888119;0.0028912362619609;0
9.21;-0.255972274111608;0.0105605395912137;0
9.22;-0.255832215988483;0.0182134962915617;0
9.23;-0.255615710189393;0.0258478404034297;0
9.24;-0.2553229530025;0.0334613154409966;0
9.25;-0.25495416323576;0.0410516750523179;0
9.26;-0.254509582112637;0.048616683675277;0
9.27;-0.253989473161264;0.0561541171891735;0
9.28;-0.253394122097117;0.0636617635617637;0
9.29;-0.252723836699231;0.0711374234915634;0
9.3;-0.251978946680024;0.0785789110452324;0
9.31;-0.251159803548765;0.0859840542898549;0
9.32;-0.250266780468746;0.0933506959199374;0
9.33;-0.2493002721082;0.100676693878944;0
9.34;-0.248260694485043;0.107959921975193;0
9.35;-0.247148484805468;0.115198270491936;0
9.36;-0.245964101296479;0.122389646791457;0
9.37;-0.2447080230324;0.129531975913005;0
9.38;-0.24338074975544;0.136623201164409;0
9.39;-0.241982801690365;0.143661284707188;0
9.4;-0.240514719353361;0.150644208135022;0
9.41;-0.238977063355125;0.157569973045382;0
9.42;-0.237370414198284;0.1644366016042;0
9.43;-0.235695372069198;0.171242137103391;0
9.44;-0.233952556624214;0.177984644511089;0
9.45;-0.232142606770458;0.184662211014441;0
9.46;-0.230266180441228;0.191272946554802;0
9.47;-0.228323954366073;0.197814984355197;0
9.48;-0.226316623835632;0.204286481439889;0
9.49;-0.224244902461312;0.210685619145928;0
9.5;-0.222109521929889;0.217010603626525;0
9.51;-0.219911231753112;0.223259666346129;0
9.52;-0.217650799012391;0.22943106456706;0
9.53;-0.215329008098663;0.235523081827576;0
9.54;-0.212946660447514;0.241534028411241;0
9.55;-0.210504574269641;0.247462241807466;0
9.56;-0.20800358427676;0.253306087163112;0
9.57;-0.205444541403028;0.259063957725015;0
9.58;-0.202828312522088;0.264734275273333;0
9.59;-0.200155780159819;0.270315490545599;0
9.6;-0.19742784220289;0.275806083651356;0
9.61;-0.194645411603206;0.28120456447728;0
9.62;-0.191809416078352;0.286509473082682;0
9.63;-0.18892079780812;0.291719380085283;0
9.64;-0.185980513127228;0.296832887037165;0
9.65;-0.182989532214317;0.301848626790807;0
9.66;-0.179948838777342;0.306765263855103;0
9.67;-0.176859429735436;0.311581494741288;0
9.68;-0.173722314897373;0.316296048298667;0
9.69;-0.170538516636714;0.320907686040077;0
9.7;-0.16730906956374;0.325415202457002;0
9.71;-0.164035020194292;0.329817425324253;0
9.72;-0.1607174266156;0.334113215994156;0
9.73;-0.157357358149228;0.338301469680163;0
9.74;-0.153955895011221;0.342381115729827;0
9.75;-0.150514127969577;0.346351117887075;0
9.76;-0.147033157999142;0.350210474543726;0
9.77;-0.14351409593404;0.353958218980176;0
9.78;-0.139958062117743;0.357593419595231;0
9.79;-0.136366186050894;0.361115180124999;0
9.8;-0.132739606036986;0.364522639850825;0
9.81;-0.12907946882602;0.36781497379621;0
9.82;-0.125386929256231;0.370991392912675;0
9.83;-0.12166314989402;0.374051144254543;0
9.84;-0.117909300672172;0.376993511142588;0
9.85;-0.114126558526503;0.37981781331654;0
9.86;-0.110316107031021;0.382523407076408;0
9.87;-0.106479136031731;0.385109685412601;0
9.88;-0.102616841279184;0.387576078124826;0
9.89;-0.098730424059894;0.389922051929747;0
9.9;-0.0948210908267204;0.392147110557398;0
9.91;-0.0908900528283464;0.39425079483633;0
9.92;-0.0869385257379497;0.396232682767489;0
9.93;-0.0829677292811879;0.398092389586832;0
9.94;-0.0789788868636083;0.399829567816667;0
9.95;-0.0749732251975945;0.401443907305732;0
9.96;-0.0709519739289634;0.402935135258013;0
9.97;-0.0669163652633241;0.404303016250314;0
9.98;-0.0628676335923119;0.405547352238602;0
9.99;-0.0588070151198098;0.406667982553125;0
10;-0.0547357474882684;0.407664783882341;0
10.01;-0.0506550694052371;0.408537670245677;0
10.02;-0.0465662202702183;0.409286592955146;0
10.03;-0.0424704398019551;0.40991154056584;0
10.04;-0.0383689676662637;0.410412538815359;0
10.05;-0.0342630431045217;0.410789650552191;0
10.06;-0.0301539045629219;0.411042975653086;0
10.07;-0.026042789322602;0.411172650929486;0
10.08;-0.0219309331307584;0.411178850023025;0
10.09;-0.017819569832855;0.411061783290191;0
10.1;-0.013709931006033;0.410821697676158;0
10.11;-0.00960324559383154;0.410458876577886;0
10.12;-0.00550073954232512;0.409973639696516;0
10.13;-0.0014036354377852;0.409366342879143;0
10.14;0.00268684785402859;0.408637377950026;0
10.15;0.00676949554684182;0.407787172531299;0
10.16;0.010843097290999;0.406816189853263;0
10.17;0.0149064475286533;0.405724928554329;0
10.18;0.0189583458469101;0.404513922470692;0
10.19;0.0229975973288201;0.403183740415815;0
10.2;0.0270230129021232;0.401734985949803;0
10.21;0.03103340968564;0.400168297138768;0
10.22;0.0350276113332125;0.398484346304251;0
10.23;0.0390044483750943;0.396683839762817;0
10.24;0.0429627585566937;0.394767517555903;0
10.25;0.046901387174571;0.392736153170017;0
10.26;0.0508191874095949;0.390590553247402;0
10.27;0.0547150206571631;0.388331557287247;0
10.28;0.0585877568543932;0.385960037337574;0
10.29;0.0624362748041899;0.383476897677886;0
10.3;0.0662594624960988;0.380883074492707;0
10.31;0.0700562174238544;0.37817953553612;0
10.32;0.0738254468995327;0.375367279787408;0
10.33;0.0775660683642222;0.37244733709794;0
10.34;0.0812770096951234;0.369420767829399;0
10.35;0.0849572095089926;0.366288662483495;0
10.36;0.0886056174618452;0.363052141323268;0
10.37;0.0922211945448342;0.359712353986135;0
10.38;0.0958029133762228;0.356270479088785;0
10.39;0.0993497584893697;0.352727723824069;0
10.4;0.102860726616648;0.349085323550025;0
10.41;0.106334826969218;0.345344541371151;0
10.42;0.109771081512581;0.341506667712098;0
10.43;0.113168525237835;0.337573019883889;0
10.44;0.116526206428558;0.33354494164284;0
10.45;0.11984318692325;0.329423802742298;0
10.46;0.123118542373264;0.325210998477368;0
10.47;0.126351362496142;0.320907949222756;0
10.48;0.129540751324313;0.316516099963897;0
10.49;0.132685827449065;0.312036919821505;0
10.5;0.135785724259732;0.307471901569713;0
10.51;0.138839590178039;0.302822561147937;0
10.52;0.141846588887535;0.298090437166653;0
10.53;0.144805899558058;0.293277090407213;0
10.54;0.147716717065172;0.288384103315882;0
10.55;0.150578252204516;0.283413079492248;0
10.56;0.153389731901018;0.278365643172169;0
10.57;0.156150399412912;0.273243438705427;0
10.58;0.158859514530503;0.268048130028247;0
10.59;0.161516353769645;0.26278140013085;0
10.6;0.164120210559862;0.257444950520214;0
10.61;0.166670395427088;0.252040500678205;0
10.62;0.169166236170952;0.246569787515248;0
10.63;0.171607078036597;0.241034564819721;0
10.64;0.173992283880962;0.23543660270323;0
10.65;0.176321234333507;0.229777687041939;0
10.66;0.178593327951327;0.224059618914151;0
10.67;0.180807981368631;0.218284214034279;0
10.68;0.182964629440544;0.212453302183418;0
10.69;0.185062725381199;0.206568726636672;0
10.7;0.187101740896088;0.200632343587417;0
10.71;0.189081166308644;0.194646021568692;0
10.72;0.191000510681022;0.188611640871873;0
10.73;0.192859301929061;0.18253109296283;0
10.74;0.19465708693139;0.176406279895736;0
10.75;0.196393431632664;0.170239113724705;0
10.76;0.198067921140913;0.164031515913452;0
10.77;0.199680159818969;0.157785416743137;0
10.78;0.201229771369974;0.151502754718591;0
10.79;0.202716398916939;0.145185475973098;0
10.8;0.204139705076342;0.138835533671904;0
10.81;0.205499372025763;0.132454887414656;0
10.82;0.206795101565534;0.126045502636929;0
10.83;0.208026615174403;0.119609350011035;0
10.84;0.209193654059202;0.113148404846298;0
10.85;0.210295979198518;0.106664646488962;0
10.86;0.21133337138036;0.100160057721921;0
10.87;0.212305631233826;0.0936366241644547;0
10.88;0.213212579254763;0.0870963336721454;0
10.89;0.214054055825435;0.0805411757371506;0
10.9;0.21482992122819;0.0739731408890206;0
10.91;0.215540055653139;0.0673942200962335;0
10.92;0.216184359199856;0.060806404168627;0
10.93;0.216762751873109;0.0542116831609048;0
10.94;0.217275173572625;0.0476120457773951;0
10.95;0.217721584076914;0.0410094787782357;0
10.96;0.218101963021165;0.0344059663871642;0
10.97;0.218416309869215;0.0278034897010846;0
10.98;0.218664643879641;0.0212040261015868;0
10.99;0.218847004065957;0.0146095486685917;0
11;0.218963449150974;0.00802202559629231;0
11.01;0.219014057515319;0.0014434196115641;0
11.02;0.218998927140156;-0.00512431260498636;0
11.03;0.21891817554413;-0.0116792209951656;0
11.04;0.218771939714559;-0.0182193626963616;0
11.05;0.218560376032909;-0.0247428026115708;0
11.06;0.218283660194588;-0.031247613976117;0
11.07;0.217941987123085;-0.0377318789208987;0
11.08;0.217535570878489;-0.0441936890320018;0
11.09;0.217064644560439;-0.050631145906517;0
11.1;0.216529460205521;-0.0570423617043995;0
11.11;0.215930288679175;-0.0634254596962153;0
11.12;0.215267419562139;-0.069778574806615;0
11.13;0.214541161031476;-0.0760998541533802;0
11.14;0.213751839736239;-0.0823874575818881;0
11.15;0.212899800667803;-0.0886395581948431;0
11.16;0.211985407024927;-0.094854342877123;0
11.17;0.211009040073589;-0.101030012815593;0
11.18;0.209971099001646;-0.107164784013737;0
11.19;0.208872000768371;-0.113256887800966;0
11.2;0.207712179948923;-0.119304571336455;0
11.21;0.206492088573802;-0.125306098107367;0
11.22;0.205212195963348;-0.131259748421335;0
11.23;0.203872988557341;-0.137163819893039;0
11.24;0.202474969739766;-0.143016627924779;0
11.25;0.201018659658793;-0.148816506180872;0
11.26;0.199504595042047;-0.154561807055772;0
11.27;0.197933329007224;-0.160250902135765;0
11.28;0.196305430868118;-0.165882182654115;0
11.29;0.194621485936127;-0.171454059939549;0
11.3;0.192882095317309;-0.176964965857934;0
11.31;0.191087875705044;-0.182413353247049;0
11.32;0.189239459168384;-0.187797696344317;0
11.33;0.187337492936162;-0.193116491207392;0
11.34;0.185382639176921;-0.198368256127477;0
11.35;0.183375574774745;-0.203551532035271;0
11.36;0.181316991101068;-0.20866488289943;0
11.37;0.179207593782525;-0.213706896117439;0
11.38;0.177048102464936;-0.218676182898787;0
11.39;0.174839250573489;-0.223571378640344;0
11.4;0.172581785069205;-0.228391143293853;0
11.41;0.17027646620177;-0.233134161725412;0
11.42;0.167924067258795;-0.237799144066886;0
11.43;0.165525374311616;-0.242384826059132;0
11.44;0.163081185957681;-0.246889969386964;0
11.45;0.160592313059643;-0.251313362005757;0
11.46;0.158059578481206;-0.255653818459624;0
11.47;0.155483816819847;-0.259910180191068;0
11.48;0.152865874136462;-0.264081315842047;0
11.49;0.150206607682053;-0.268166121546357;0
11.5;0.147506885621524;-0.272163521213286;0
11.51;0.144767586754683;-0.276072466802438;0
11.52;0.141989600234535;-0.279891938589694;0
11.53;0.139173825282955;-0.28362094542421;0
11.54;0.136321170903829;-0.287258524976422;0
11.55;0.133432555593764;-0.29080374397698;0
11.56;0.130508907050441;-0.294255698446559;0
11.57;0.127551161878713;-0.297613513916495;0
11.58;0.124560265294542;-0.300876345640201;0
11.59;0.121537170826858;-0.304043378795304;0
11.6;0.118482840017446;-0.307113828676464;0
11.61;0.115398242118938;-0.310086940878843;0
11.62;0.11228435379102;-0.312961991472162;0
11.63;0.109142158794933;-0.315738287165338;0
11.64;0.105972647686382;-0.318415165461638;0
11.65;0.102776817506924;-0.320991994804355;0
11.66;0.0995556714739489;-0.323468174712938;0
11.67;0.0963102186693397;-0.325843135909589;0
11.68;0.0930414737269116;-0.328116340436278;0
11.69;0.0897504565187223;-0.33028728176218;0
11.7;0.0864381918403516;-0.332355484881491;0
11.71;0.0831057090952469;-0.334320506401645;0
11.72;0.0797540419782288;-0.336181934621882;0
11.73;0.0763842281582549;-0.337939389602202;0
11.74;0.0729973089605376;-0.339592523222663;0
11.75;0.0695943290481122;-0.341141019233048;0
11.76;0.0661763361029509;-0.34258459329289;0
11.77;0.0627443805067212;-0.343922993001867;0
11.78;0.0592995150212831;-0.34515599792056;0
11.79;0.0558427944690215;-0.346283419581608;0
11.8;0.052375275413111;-0.347305101491254;0
11.81;0.0488980158378085;-0.348220919121297;0
11.82;0.0454120748288683;-0.349030779891491;0
11.83;0.0419185122541775;-0.349734623142381;0
11.84;0.0384183884447049;-0.350332420098632;0
11.85;0.0349127638758598;-0.350824173822851;0
11.86;0.0314026988493556;-0.351209919159953;0
11.87;0.0278892531756712;-0.351489722672091;0
11.88;0.024373485857206;-0.351663682564195;0
11.89;0.0208564547722221;-0.351731928600145;0
11.9;0.0173392163596659;-0.35169462200964;0
11.91;0.0138228253049631;-0.351551955385783;0
11.92;0.0103083342268795;-0.351304152573447;0
11.93;0.00679679336553953;-0.350951468548469;0
11.94;0.00328925027169359;-0.350494189287706;0
11.95;-0.000213250502673949;-0.349932631630035;0
11.96;-0.00370966771230631;-0.349267143128336;0
11.97;-0.00719896372511535;-0.348498101892521;0
11.98;-0.0106801048270128;-0.347625916423672;0
11.99;-0.0141520615250431;-0.34665102543936;0
12;-0.0176138088487301;-0.345573897690201;0
12.01;-0.0210643266495499;-0.344395031767724;0
12.02;-0.024502599898444;-0.343114955903632;0
12.03;-0.0279276189812859;-0.34173422776051;0
12.04;-0.0313383799922172;-0.340253434214083;0
12.05;-0.0347338850247684;-0.338673191127085;0
12.06;-0.0381131424606806;-0.336994143114829;0
12.07;-0.0414751672563463;-0.335216963302558;0
12.08;-0.044818981226787;-0.333342353074672;0
12.09;-0.0481436133270865;-0.331371041815914;0
12.1;-0.0514480999312003;-0.329303786644601;0
12.11;-0.0547314851080622;-0.32714137213801;0
12.12;-0.0579928208949097;-0.324884610049996;0
12.13;-0.0612311675677506;-0.322534339020955;0
12.14;-0.0644455939088955;-0.320091424280225;0
12.15;-0.0676351774714804;-0.317556757341022;0
12.16;-0.0707990048409061;-0.314931255688032;0
12.17;-0.0739361718931199;-0.312215862457744;0
12.18;-0.077045784049669;-0.309411546111651;0
12.19;-0.0801269565294542;-0.306519300102418;0
12.2;-0.0831788145971137;-0.303540142533131;0
12.21;-0.0862004938079691;-0.300475115809747;0
12.22;-0.0891911402494652;-0.297325286286848;0
12.23;-0.0921499107790382;-0.294091743906836;0
12.24;-0.0950759732583466;-0.290775601832668;0
12.25;-0.0979685067838004;-0.287377996074268;0
12.26;-0.100826701913327;-0.283900085108727;0
12.27;-0.103649760889312;-0.280343049494424;0
12.28;-0.106436897857651;-0.276708091479194;0
12.29;-0.109187339082864;-0.272996434602661;0
12.3;-0.111900323159199;-0.269209323292877;0
12.31;-0.114575101217681;-0.265348022457391;0
12.32;-0.11721093712905;-0.261413817068884;0
12.33;-0.119807107702524;-0.257408011745497;0
12.34;-0.122362902880348;-0.253331930325995;0
12.35;-0.124877625928069;-0.249186915439899;0
12.36;-0.127350593620495;-0.244974328072723;0
12.37;-0.129781136423273;-0.240695547126457;0
12.38;-0.132168598670069;-0.236351968975435;0
12.39;-0.134512338735266;-0.231945007017725;0
12.4;-0.136811729202175;-0.227476091222192;0
12.41;-0.139066157026685;-0.222946667671373;0
12.42;-0.141275023696329;-0.218358198100297;0
12.43;-0.143437745384718;-0.21371215943142;0
12.44;-0.145553753101311;-0.209010043305797;0
12.45;-0.147622492836476;-0.204253355610652;0
12.46;-0.149643425701812;-0.199443616003486;0
12.47;-0.151616028065701;-0.194582357432878;0
12.48;-0.15353979168405;-0.189671125656125;0
12.49;-0.155414223826194;-0.184711478753872;0
12.5;-0.157238847395937;-0.179704986641878;0
12.51;-0.159013201047696;-0.174653230580082;0
12.52;-0.160736839297723;-0.169557802679101;0
12.53;-0.162409332630383;-0.164420305404332;0
12.54;-0.16403026759946;-0.159242351077802;0
12.55;-0.165599246924479;-0.154025561377913;0
12.56;-0.167115889582006;-0.14877156683725;0
12.57;-0.168579830891924;-0.143482006338591;0
12.58;-0.169990722598664;-0.138158526609288;0
12.59;-0.171348232947367;-0.132802781714155;0
12.6;-0.172652046754974;-0.127416432547041;0
12.61;-0.17390186547622;-0.122001146321216;0
12.62;-0.175097407264538;-0.11655859605875;0
12.63;-0.176238407027839;-0.111090460079021;0
12.64;-0.177324616479183;-0.105598421486521;0
12.65;-0.178355804182327;-0.100084167658096;0
12.66;-0.179331755592133;-0.0945493897298043;0
12.67;-0.180252273089855;-0.0889957820835106;0
12.68;-0.181117176013285;-0.0834250418334048;0
12.69;-0.181926300681764;-0.0778388683125761;0
12.7;-0.182679500416065;-0.0722389625598066;0
12.71;-0.183376645553138;-0.0666270268067357;0
12.72;-0.184017623455733;-0.0610047639655485;0
12.73;-0.184602338516907;-0.0553738771173399;0
12.74;-0.185130712159409;-0.0497360690013081;0
12.75;-0.185602682829965;-0.0440930415049284;0
12.76;-0.186018205988477;-0.0384464951552583;0
12.77;-0.186377254092127;-0.0327981286115244;0
12.78;-0.186679816574427;-0.0271496381591426;0
12.79;-0.186925899819204;-0.0215027172053176;0
12.8;-0.187115527129559;-0.0158590557763736;0
12.81;-0.187248738691799;-0.0102203400169616;0
12.82;-0.187325591534379;-0.00458825169129103;0
12.83;-0.187346159481855;0.00103553231346775;0
12.84;-0.187310533103893;0.00664934048146636;0
12.85;-0.187218819659336;0.0122515071600011;0
12.86;-0.187071143035372;0.017840373048733;0
12.87;-0.186867643681819;0.023414285686163;0
12.88;-0.186608478540555;0.0289715999332208;0
12.89;-0.186293820970131;0.0345106784538276;0
12.9;-0.185923860665589;0.0400298921922944;0
12.91;-0.185498803573523;0.0455276208474166;0
12.92;-0.185018871802414;0.0510022533431312;0
12.93;-0.184484303528269;0.0564521882955977;0
12.94;-0.183895352895618;0.0618758344765728;0
12.95;-0.18325228991388;0.067271611272943;0
12.96;-0.182555400349162;0.0726379491422867;0
12.97;-0.181804985611516;0.0779732900643336;0
12.98;-0.181001362637704;0.0832760879881952;0
12.99;-0.180144863769501;0.088544809275238;0
13;-0.179235836627605;0.0937779331374757;0
13.01;-0.178274643981165;0.0989739520713549;0
13.02;-0.17726166361301;0.104131372286814;0
13.03;-0.176197288180598;0.109248714131492;0
13.04;-0.175081925072746;0.114324512509975;0
13.05;-0.173915996262198;0.119357317297951;0
13.06;-0.172699938154061;0.124345693751174;0
13.07;-0.171434201430194;0.129288222909107;0
13.08;-0.170119250889566;0.134183501993144;0
13.09;-0.168755565284669;0.139030144799298;0
13.1;-0.167343637154022;0.143826782085242;0
13.11;-0.16588397265084;0.148572061951602;0
13.12;-0.164377091367903;0.153264650217399;0
13.13;-0.162823526158709;0.157903230789528;0
13.14;-0.161223822954955;0.162486506026186;0
13.15;-0.159578540580405;0.167013197094141;0
13.16;-0.15788825056123;0.171482044319753;0
13.17;-0.156153536932847;0.175891807533638;0
13.18;-0.15437499604335;0.18024126640891;0
13.19;-0.152553236353593;0.184529220792876;0
13.2;-0.150688878233974;0.188754491032126;0
13.21;-0.148782553758003;0.192915918290914;0
13.22;-0.146834906492724;0.197012364862753;0
13.23;-0.144846591286039;0.201042714475138;0
13.24;-0.142818274051026;0.205005872587326;0
13.25;-0.140750631547305;0.208900766681081;0
13.26;-0.138644351159533;0.212726346544331;0
13.27;-0.13650013067309;0.216481584547636;0
13.28;-0.134318678047036;0.220165475913422;0
13.29;-0.13210071118441;0.223777038977898;0
13.3;-0.129846957699935;0.227315315445595;0
13.31;-0.127558154685222;0.230779370636465;0
13.32;-0.12523504847153;0.234168293725468;0
13.33;-0.122878394390163;0.237481197974611;0
13.34;-0.120488956530587;0.240717220957351;0
13.35;-0.118067507496333;0.243875524775339;0
13.36;-0.115614828158764;0.246955296267431;0
13.37;-0.113131707408797;0.249955747210925;0
13.38;-0.110618941906639;0.252876114514981;0
13.39;-0.108077335829626;0.255715660406169;0
13.4;-0.105507700618243;0.258473672606115;0
13.41;-0.102910854720406;0.261149464501193;0
13.42;-0.100287623334078;0.26374237530424;0
13.43;-0.0976388381483037;0.266251770208243;0
13.44;-0.0949653370827524;0.268677040531977;0
13.45;-0.0922679640258287;0.271017603857567;0
13.46;-0.0895475685714522;0.273272904159931;0
13.47;-0.0868050057545767;0.275442411928095;0
13.48;-0.0840411357855329;0.277525624278353;0
13.49;-0.0812568237832765;0.279522065059245;0
13.5;-0.0784529395076241;0.281431284948346;0
13.51;-0.0756303570905565;0.283252861540844;0
13.52;-0.0727899547666749;0.284986399429899;0
13.53;-0.0699326146028895;0.286631530278771;0
13.54;-0.0670592222274242;0.288187912884702;0
13.55;-0.0641706665582198;0.289655233234571;0
13.56;-0.0612678395308173;0.291033204552281;0
13.57;-0.0583516358258047;0.292321567337922;0
13.58;-0.0554229525959093;0.293520089398674;0
13.59;-0.052482689192818;0.294628565871479;0
13.6;-0.049531746893808;0.29564681923748;0
13.61;-0.0465710286282698;0.296574699328241;0
13.62;-0.0436014387042052;0.297412083323749;0
13.63;-0.0406238825347826;0.298158875742233;0
13.64;-0.0376392663650298;0.298815008421801;0
13.65;-0.0346484969987485;0.299380440493914;0
13.66;-0.0316524815257293;0.299855158348731;0
13.67;-0.0286521270493514;0.300239175592339;0
13.68;-0.0256483404146446;0.300532532995902;0
13.69;-0.0226420279368977;0.300735298436748;0
13.7;-0.0196340951308908;0.300847566831438;0
13.71;-0.0166254464408343;0.300869460060841;0
13.72;-0.0136169849710917;0.300801126887256;0
13.73;-0.0106096122177672;0.300642742863621;0
13.74;-0.00760422780123744;0.300394510234842;0
13.75;-0.00460172919970428;0.300056657831295;0
13.76;-0.0016030114838479;0.299629440954538;0
13.77;0.00139103294734212;0.29911314125529;0
13.78;0.00437951462948107;0.298508066603715;0
13.79;0.00736154729437175;0.297814550952073;0
13.8;0.0103362481301795;0.297032954189787;0
13.81;0.0133027380401239;0.296163661990987;0
13.82;0.0162601418996125;0.295207085654582;0
13.83;0.0192075888117412;0.294163661936931;0
13.84;0.0221442123610894;0.293033852877165;0
13.85;0.0250691508657346;0.291818145615237;0
13.86;0.027981547627415;0.290517052202753;0
13.87;0.0308805511797692;0.289131109406664;0
13.88;0.0337653155345795;0.287660878505893;0
13.89;0.0366350004259512;0.286106945080948;0
13.9;0.039488771552356;0.284469918796632;0
13.91;0.0423258008164722;0.282750433177888;0
13.92;0.0451452665627521;0.280949145378892;0
13.93;0.0479463538126509;0.279066735945449;0
13.94;0.0507282544974496;0.277103908570792;0
13.95;0.0534901676886061;0.27506138984486;0
13.96;0.0562312998255704;0.272939928997141;0
13.97;0.0589508649409996;0.270740297633175;0
13.98;0.0616480848833099;0.268463289464799;0
13.99;0.0643221895365023;0.266109720034229;0
14;0.0669724170372031;0.263680426432078;0
14.01;0.0695980139888568;0.261176267009388;0
14.02;0.0721982356730126;0.258598121083797;0
14.03;0.074772346257647;0.255946888639915;0
14.04;0.0773196190024644;0.253223490024028;0
14.05;0.0798393364611195;0.250428865633216;0
14.06;0.0823307906803057;0.247563975599001;0
14.07;0.0847932833956568;0.244629799465622;0
14.08;0.0872261262244065;0.241627335863036;0
14.09;0.0896286408547552;0.238557602174774;0
14.1;0.0920001592318925;0.235421634200733;0
14.11;0.0943400237406254;0.232220485815035;0
14.12;0.096647587384563;0.228955228619052;0
14.13;0.0989222139618099;0.225626951589716;0
14.14;0.101163278237123;0.222236760723224;0
14.15;0.103370166110483;0.218785778674254;0
14.16;0.105542274782041;0.215275144390803;0
14.17;0.107679012913393;0.21170601274478;0
14.18;0.109779800785138;0.208079554158447;0
14.19;0.111844070450691;0.204396954226848;0
14.2;0.113871265886293;0.200659413336339;0
14.21;0.115860843137196;0.196868146279338;0
14.22;0.117812270459975;0.193024381865416;0
14.23;0.119725028460937;0.189129362528864;0
14.24;0.121598610230591;0.185184343932836;0
14.25;0.123432521474141;0.181190594570219;0
14.26;0.125226280637977;0.177149395361341;0
14.27;0.126979419032127;0.173062039248639;0
14.28;0.128691480948643;0.168929830788424;0
14.29;0.130362023775895;0.164754085739871;0
14.3;0.131990618108737;0.160536130651346;0
14.31;0.13357684785453;0.156277302444219;0
14.32;0.13512031033499;0.151978947994284;0
14.33;0.136620616383841;0.147642423710901;0
14.34;0.138077390440245;0.143269095114024;0
14.35;0.139490270638004;0.138860336409204;0
14.36;0.14085890889049;0.134417530060738;0
14.37;0.14218297097131;0.129942066363059;0
14.38;0.143462136590668;0.125435343010528;0
14.39;0.144696099467428;0.12089876466574;0
14.4;0.145884567396844;0.116333742526486;0
14.41;0.147027262313963;0.111741693891503;0
14.42;0.148123920352671;0.107124041725133;0
14.43;0.149174291900393;0.10248221422104;0
14.44;0.150178141648415;0.0978176443651082;0
14.45;0.151135248637839;0.0931317694976497;0
14.46;0.152045406301152;0.0884260308750651;0
14.47;0.152908422499418;0.0837018732310807;0
14.48;0.153724119555072;0.078960744337698;0
14.49;0.154492334280325;0.0742040945659873;0
14.5;0.155212918001184;0.0694333764468564;0
14.51;0.155885736577068;0.0646500442319276;0
14.52;0.156510670416043;0.0598555534546531;0
14.53;0.157087614485665;0.0550513604918004;0
14.54;0.157616478319445;0.0502389221254387;0
14.55;0.158097186018929;0.0454196951055569;0
14.56;0.158529676251414;0.0405951357134423;0
14.57;0.1589139022433;0.0357666993259507;0
14.58;0.159249831769086;0.0309358399807965;0
14.59;0.159537447136029;0.026104009942991;0
14.6;0.15977674516447;0.0212726592725573;0
14.61;0.159967737163843;0.0164432353936495;0
14.62;0.160110448904384;0.0116171826652024;0
14.63;0.160204920584552;0.00679594195323759;0
14.64;0.160251206794184;0.00198095020495187;0
14.65;0.160249376473391;-0.00282635997528726;0
14.66;0.160199512867239;-0.00762456074791611;0
14.67;0.160101713476199;-0.0124122294579955;0
14.68;0.159956090002428;-0.017187949052756;0
14.69;0.159762768291874;-0.0219503084967456;0
14.7;0.159521888272243;-0.0266979031844613;0
14.71;0.159233603886855;-0.0314293353503429;0
14.72;0.158898083024406;-0.0361432144760123;0
14.73;0.158515507444679;-0.0408381576946407;0
14.74;0.158086072700214;-0.0455127901923268;0
14.75;0.157609988053989;-0.0501657456063713;0
14.76;0.157087476393124;-0.0547956664203338;0
14.77;0.156518774138656;-0.0594012043557586;0
14.78;0.155904131151406;-0.0639810207604585;0
14.79;0.155243810633982;-0.0685337869932453;0
14.8;0.154538089028955;-0.0730581848049983;0
14.81;0.153787255913234;-0.0775529067159627;0
14.82;0.152991613888688;-0.0820166563891718;0
14.83;0.152151478469055;-0.0864481489998863;0
14.84;0.151267177963171;-0.0908461116009488;0
14.85;0.150339053354566;-0.0952092834839488;0
14.86;0.149367458177464;-0.0995364165360996;0
14.87;0.148352758389242;-0.103826275592725;0
14.88;0.147295332239376;-0.108077638785259;0
14.89;0.146195570134929;-0.112289297884664;0
14.9;0.145053874502632;-0.116460058640165;0
14.91;0.143870659647593;-0.120588741113218;0
14.92;0.142646351608685;-0.124674180006609;0
14.93;0.141381388010678;-0.128715224988601;0
14.94;0.140076217913139;-0.132710741012039;0
14.95;0.138731301656167;-0.136659608628318;0
14.96;0.13734711070302;-0.140560724296148;0
14.97;0.135924127479668;-0.144413000685006;0
14.98;0.13446284521134;-0.148215366973219;0
14.99;0.132963767756112;-0.151966769140577;0
15;0.131427409435601;-0.155666170255411;0
15.01;0.129854294862805;-0.159312550756058;0
15.02;0.128244958767157;-0.162904908726628;0
15.03;0.126599945816849;-0.166442260167013;0
15.04;0.124919810438479;-0.169923639257059;0
15.05;0.123205116634086;-0.17334809861484;0
15.06;0.121456437795625;-0.176714709548948;0
15.07;0.119674356516953;-0.180022562304764;0
15.08;0.11785946440337;-0.183270766304615;0
15.09;0.116012361878796;-0.186458450381777;0
15.1;0.114133657990626;-0.189584763008254;0
15.11;0.112223970212347;-0.192648872516282;0
15.12;0.11028392424396;-0.195649967313496;0
15.13;0.108314153810277;-0.198587256091709;0
15.14;0.106315300457169;-0.201459968029257;0
15.15;0.104288013345812;-0.204267352986846;0
15.16;0.102232949045006;-0.207008681696872;0
15.17;0.100150771321628;-0.209683245946154;0
15.18;0.0980421509292937;-0.212290358752041;0
15.19;0.0959077653952831;-0.214829354531857;0
15.2;0.0937482988058008;-0.217299589265636;0
15.21;0.0915644415896435;-0.219700440652113;0
15.22;0.089356890300335;-0.222031308257938;0
15.23;0.0871263473968011;-0.22429161366008;0
15.24;0.0848735210226501;-0.226480800581389;0
15.25;0.0825991247841299;-0.228598335019279;0
15.26;0.080303877526828;-0.230643705367522;0
15.27;0.0779885031111859;-0.232616422531115;0
15.28;0.0756537301868948;-0.234516020034201;0
15.29;0.0733002919662447;-0.236342054121026;0
15.3;0.0709289259964942;-0.238094103849911;0
15.31;0.0685403739313329;-0.239771771180224;0
15.32;0.0661353813015055;-0.241374681052335;0
15.33;0.0637146972846673;-0.242902481460554;0
15.34;0.0612790744745428;-0.244354843519016;0
15.35;0.0588292686494568;-0.245731461520545;0
15.36;0.0563660385403083;-0.247032052988444;0
15.37;0.0538901455980589;-0.248256358721254;0
15.38;0.0514023537608048;-0.249404142830447;0
15.39;0.0489034292205037;-0.250475192771066;0
15.4;0.0463941401894271;-0.251469319365323;0
15.41;0.0438752566664086;-0.252386356819141;0
15.42;0.041347550202958;-0.253226162731669;0
15.43;0.0388117936693118;-0.25398861809776;0
15.44;0.0362687610204915;-0.254673627303433;0
15.45;0.0337192270624373;-0.255281118114336;0
15.46;0.0311639672182901;-0.255811041657215;0
15.47;0.0286037572948891;-0.256263372394417;0
15.48;0.0260393732495562;-0.256638108091435;0
15.49;0.0234715909572362;-0.256935269777529;0
15.5;0.0209011859780614;-0.257154901699442;0
15.51;0.0183289333254108;-0.257297071268229;0
15.52;0.0157556072345311;-0.257361868999242;0
15.53;0.013181980931789;-0.257349408445286;0
15.54;0.0106088264046222;-0.257259826122988;0
15.55;0.00803691417225794;-0.257093281432406;0
15.56;0.00546701305726456;-0.25684995656992;0
15.57;0.0028998899580052;-0.256530056434435;0
15.58;0.000336309622058937;-0.256133808526946;0
15.59;-0.00222296557932381;-0.255661462843491;0
15.6;-0.00477717587566596;-0.255113291761556;0
15.61;-0.00732556432054301;-0.254489589919959;0
15.62;-0.00986737701363214;-0.253790674092267;0
15.63;-0.0124018633214664;-0.253016883053801;0
15.64;-0.0149282760968304;-0.252168577442265;0
15.65;-0.0174458718967338;-0.251246139612076;0
15.66;-0.0199539111988997;-0.250249973482416;0
15.67;-0.022451658616706;-0.249180504379096;0
15.68;-0.0249383831125171;-0.248038178870268;0
15.69;-0.027413358209346;-0.246823464596052;0
15.7;-0.0298758622007849;-0.245536850092141;0
15.71;-0.0323251783591453;-0.244178844607444;0
15.72;-0.0347605951417479;-0.242749977915836;0
15.73;-0.0371814063953035;-0.241250800122074;0
15.74;-0.0395869115583276;-0.239681881461958;0
15.75;-0.0419764158615302;-0.238043812096797;0
15.76;-0.0443492305261255;-0.236337201902257;0
15.77;-0.046704672960005;-0.234562680251663;0
15.78;-0.0490420669517186;-0.232720895793824;0
15.79;-0.0513607428622098;-0.23081251622547;0
15.8;-0.0536600378142515;-0.228838228058362;0
15.81;-0.0559392958795287;-0.22679873638117;0
15.82;-0.0581978682633174;-0.224694764616184;0
15.83;-0.0604351134867071;-0.222527054270955;0
15.84;-0.0626503975663172;-0.220296364684932;0
15.85;-0.0648430941914583;-0.218003472771202;0
15.86;-0.0670125848986883;-0.215649172753393;0
15.87;-0.0691582592437162;-0.21323427589785;0
15.88;-0.0712795149706077;-0.210759610241155;0
15.89;-0.0733757581782438;-0.208226020313095;0
15.9;-0.07544640348399;-0.205634366855159;0
15.91;-0.0774908741845309;-0.202985526534657;0
15.92;-0.0795086024138254;-0.200280391654557;0
15.93;-0.0814990292981428;-0.197519869859143;0
15.94;-0.083461605108136;-0.194704883835562;0
15.95;-0.0853957894079122;-0.191836371011395;0
15.96;-0.0873010512010623;-0.188915283248311;0
15.97;-0.0891768690736092;-0.185942586531935;0
15.98;-0.0910227313338378;-0.182919260658007;0
15.99;-0.0928381361489709;-0.179846298914942;0
16;-0.0946225916786545;-0.176724707762894;0
16.01;-0.0963756162052181;-0.173555506509419;0
16.02;-0.0980967382606777;-0.170339726981849;0
16.03;-0.0997854967504471;-0.167078413196471;0
16.04;-0.101441441073727;-0.163772621024625;0
16.05;-0.103064131240543;-0.160423417855819;0
16.06;-0.104653137985401;-0.157031882257974;0
16.07;-0.106208042877528;-0.153599103634899;0
16.08;-0.107728438427686;-0.150126181881108;0
16.09;-0.109213928191513;-0.146614227034083;0
16.1;-0.11066412686938;-0.143064358924098;0
16.11;-0.11207866040273;-0.139477706821708;0
16.12;-0.113457166066895;-0.135855409083011;0
16.13;-0.114799292560339;-0.132198612792803;0
16.14;-0.116104700090336;-0.128508473405722;0
16.15;-0.117373060455047;-0.124786154385504;0
16.16;-0.118604057121977;-0.121032826842458;0
16.17;-0.119797385302809;-0.117249669169273;0
16.18;-0.120952752024578;-0.113437866675264;0
16.19;-0.122069876197188;-0.109598611219175;0
16.2;-0.123148488677251;-0.105733100840656;0
16.21;-0.124188332328229;-0.101842539390508;0
16.22;-0.125189162076881;-0.0979281361598334;0
16.23;-0.126150744965991;-0.0939911055081864;0
16.24;-0.12707286020338;-0.0900326664908456;0
16.25;-0.127955299207176;-0.0860540424853188;0
16.26;-0.128797865647361;-0.0820564608171941;0
16.27;-0.129600375483561;-0.0780411523854512;0
16.28;-0.130362656999093;-0.0740093512873445;0
16.29;-0.13108455083126;-0.0699622944429731;0
16.3;-0.131765909997889;-0.0659012212196494;0
16.31;-0.132406599920111;-0.0618273730561797;0
16.32;-0.133006498441386;-0.0577419930871699;0
16.33;-0.13356549584277;-0.0536463257674681;0
16.34;-0.134083494854432;-0.0495416164968575;0
16.35;-0.13456041066341;-0.0454291112451101;0
16.36;-0.134996170917631;-0.0413100561775153;0
16.37;-0.135390715726176;-0.0371856972809923;0
16.38;-0.135743997655827;-0.0330572799908991;0
16.39;-0.136055981723863;-0.0289260488186483;0
16.4;-0.136326645387156;-0.0247932469802395;0
16.41;-0.136555978527548;-0.0206601160258187;0
16.42;-0.136743983433528;-0.0165278954703738;0
16.43;-0.136890674778221;-0.0123978224256747;0
16.44;-0.13699607959371;-0.00827113123356624;0
16.45;-0.137060237241687;-0.0041490531007221;0
16.46;-0.137083199380467;-3.28157349659135e-05;0
16.47;-0.137065029928365;0.00407635701673366;0
16.48;-0.13700580502347;0.00817724552848836;0
16.49;-0.136905612979815;0.0122686347538313;0
16.5;-0.136764554239981;0.0163493145820695;0
16.51;-0.136582741324142;0.0204180801925442;0
16.52;-0.136360298775578;0.0244737324066964;0
16.53;-0.136097363102679;0.028515078037837;0
16.54;-0.135794082717463;0.0325409302385183;0
16.55;-0.135450617870623;0.0365501088454091;0
16.56;-0.135067140583152;0.0405414407215734;0
16.57;-0.134643834574543;0.0445137600960546;0
16.58;-0.134180895187612;0.0484659089006672;0
16.59;-0.133678529309966;0.0523967371039021;0
16.6;-0.133136955292147;0.0563051030418479;0
16.61;-0.132556402862473;0.0601898737460354;0
16.62;-0.131937113038624;0.0640499252681125;0
16.63;-0.131279338035991;0.0678841430012566;0
16.64;-0.130583341172825;0.0716914219982348;0
16.65;-0.129849396772223;0.0754706672860218;0
16.66;-0.129077790060986;0.0792207941768872;0
16.67;-0.128268817065374;0.0829407285758649;0
16.68;-0.127422784503814;0.0866294072845191;0
16.69;-0.126540009676576;0.0902857783009212;0
16.7;-0.125620820352479;0.0939088011157558;0
16.71;-0.12466555465264;0.0974974470044722;0
16.72;-0.123674560931331;0.101050699315401;0
16.73;-0.122648197653966;0.104567553753757;0
16.74;-0.121586833272273;0.108047018661449;0
16.75;-0.12049084609668;0.111488115292623;0
16.76;-0.119360624165969;0.114889878084858;0
16.77;-0.11819656511424;0.118251354925947;0
16.78;-0.116999076035224;0.121571607416185;0
16.79;-0.115768573343992;0.124849711126098;0
16.8;-0.114505482636111;0.128084755849537;0
16.81;-0.113210238544293;0.131275845852081;0
16.82;-0.111883284592572;0.13442210011467;0
16.83;-0.110525073048073;0.137522652572405;0
16.84;-0.109136064770416;0.140576652348464;0
16.85;-0.107716729058799;0.143583263983053;0
16.86;-0.106267543496817;0.146541667657351;0
16.87;-0.10478899379506;0.149451059412376;0
16.88;-0.103281573631554;0.152310651362721;0
16.89;-0.101745784490078;0.15511967190511;0
16.9;-0.100182135496424;0.157877365921705;0
16.91;-0.0985911432526486;0.160582994978132;0
16.92;-0.0969733316693673;0.163235837516158;0
16.93;-0.0953292317961434;0.165835189040983;0
16.94;-0.0936593816500328;0.168380362303093;0
16.95;-0.0919643260423322;0.170870687474631;0
16.96;-0.0902446164035892;0.173305512320242;0
16.97;-0.0885008106069291;0.175684202362354;0
16.98;-0.0867334727897535;0.178006141040848;0
16.99;-0.0849431731738687;0.180270729867084;0
17;-0.0831304878840981;0.182477388572244;0
17.01;-0.0812959987654372;0.184625555249964;0
17.02;-0.079440293198809;0.186714686493209;0
17.03;-0.0775639639154758;0.188744257525372;0
17.04;-0.075667608810166;0.190713762325559;0
17.05;-0.0737518307529749;0.192622713748046;0
17.06;-0.0718172374000969;0.194470643635856;0
17.07;-0.0698644410034485;0.196257102928469;0
17.08;-0.067894058219241;0.197981661763603;0
17.09;-0.0659067099155617;0.199643909573081;0
17.1;-0.0639030209790231;0.20124345517274;0
17.11;-0.0618836201205405;0.202779926846376;0
17.12;-0.0598491396802963;0.204252972423716;0
17.13;-0.0578002154319521;0.205662259352387;0
17.14;-0.0557374863861676;0.207007474763887;0
17.15;-0.0536615945934875;0.208288325533542;0
17.16;-0.0515731849466551;0.209504538334436;0
17.17;-0.0494729049824144;0.210655859685325;0
17.18;-0.0473614046828602;0.211742055992503;0
17.19;-0.045239336276396;0.212762913585654;0
17.2;-0.0431073540383611;0.213718238747651;0
17.21;-0.0409661140913872;0.214607857738339;0
17.22;-0.038816274205543;0.215431616812278;0
17.23;-0.0366584935983303;0.216189382230466;0
17.24;-0.0344934327345882;0.216881040266045;0
17.25;-0.0323217531263684;0.217506497203995;0
17.26;-0.0301441171328403;0.218065679334838;0
17.27;-0.0279611877602859;0.218558532942344;0
17.28;-0.0257736284622442;0.218985024285274;0
17.29;-0.023582102939866;0.219345139573165;0
17.3;-0.0213872749425366;0.219638884936173;0
17.31;-0.0191898080688269;0.219866286389;0
17.32;-0.0169903655678323;0.220027389788918;0
17.33;-0.0147896101409572;0.220122260787925;0
17.34;-0.0125882037442049;0.220150984779039;0
17.35;-0.0103868073910301;0.220113666836777;0
17.36;-0.00818608095581341;0.22001043165183;0
17.37;-0.00598668297801451;0.219841423459969;0
17.38;-0.00378927046706257;0.219606805965222;0
17.39;-0.00159449870804026;0.21930676225734;0
17.4;0.000596978931781211;0.218941494723598;0
17.41;0.00278451119549969;0.218511224954957;0
17.42;0.00496744912817614;0.218016193646641;0
17.43;0.00714514626740941;0.217456660493147;0
17.44;0.00931695883283623;0.216832904077749;0
17.45;0.0114822459145016;0.216145221756524;0
17.46;0.013640369660045;0.215393929536954;0
17.47;0.0157906954606483;0.21457936195114;0
17.48;0.0179325921356918;0.213701871923691;0
17.49;0.0200654321160656;0.212761830634314;0
17.5;0.0221885916260824;0.21175962737518;0
17.51;0.0243014508639419;0.210695669403095;0
17.52;0.0264033941806926;0.209570381786551;0
17.53;0.0284938102576417;0.20838420724769;0
17.54;0.0305720922821622;0.207137605999255;0
17.55;0.0326376381218468;0.205831055576576;0
17.56;0.0346898504969597;0.204465050664649;0
17.57;0.0367281371511372;0.203040102920381;0
17.58;0.0387519110202895;0.201556740790037;0
17.59;0.0407605903996552;0.200015509321986;0
17.6;0.0427535991089626;0.198416969974779;0
17.61;0.0447303666556512;0.196761700420643;0
17.62;0.0466903283961072;0.195050294344451;0
17.63;0.0486329256948694;0.193283361238241;0
17.64;0.0505576060817594;0.191461526191343;0
17.65;0.0524638234068947;0.1895854296762;0
17.66;0.0543510379935403;0.187655727329938;0
17.67;0.0562187167887571;0.185673089731768;0
17.68;0.0580663335118061;0.183638202176296;0
17.69;0.0598933688002675;0.181551764442805;0
17.7;0.0616993103538344;0.179414490560595;0
17.71;0.0634836530757431;0.177227108570455;0
17.72;0.0652458992118005;0.174990360282343;0
17.73;0.0669855584869717;0.172705001029357;0
17.74;0.0687021482394908;0.170371799418073;0
17.75;0.0703951935524593;0.167991537075335;0
17.76;0.0720642273828964;0.165565008391577;0
17.77;0.0737087906882074;0.163093020260761;0
17.78;0.0753284325500367;0.160576391817007;0
17.79;0.0769227102954721;0.158015954168021;0
17.8;0.0784911896155698;0.155412550125375;0
17.81;0.0800334446811679;0.152767033931755;0
17.82;0.0815490582559593;0.150080270985245;0
17.83;0.0830376218067944;0.147353137560743;0
17.84;0.0844987356111854;0.144586520528592;0
17.85;0.0859320088619846;0.141781317070528;0
17.86;0.0873370597692104;0.13893843439301;0
17.87;0.0887135156589954;0.136058789438052;0
17.88;0.0900610130696317;0.133143308591626;0
17.89;0.0913791978446897;0.130192927389736;0
17.9;0.0926677252231875;0.127208590222259;0
17.91;0.0939262599267891;0.124191250034633;0
17.92;0.0951544762440096;0.121141868027498;0
17.93;0.0963520581114089;0.118061413354383;0
17.94;0.097518699191753;0.114950862817517;0
17.95;0.0986541029491256;0.11181120056188;0
17.96;0.099757982720973;0.108643417767577;0
17.97;0.100830061787064;0.105448512340627;0
17.98;0.101870073435355;0.102227488602272;0
17.99;0.102877761024735;0.0989813569768966;0
18;0.10385287804465;0.0957111336786518;0
18.01;0.104795188171587;0.0924178403968842;0
18.02;0.105704465322404;0.0891025039804637;0
18.03;0.106580493704504;0.0857661561211075;0
18.04;0.10742306786283;0.0824098330357959;0
18.05;0.108231992723693;0.0790345751483787;0
18.06;0.109007083635396;0.0756414267704664;0
18.07;0.109748166405682;0.0722314357817053;0
18.08;0.11045507733597;0.0688056533095325;0
18.09;0.111127663252387;0.065365133408507;0
18.1;0.111765781533601;0.0619109327393159;0
18.11;0.112369300135433;0.0584441102475492;0
18.12;0.11293809761226;0.0549657268423437;0
18.13;0.113472063135208;0.051476845074989;0
18.14;0.113971096507121;0.0479785288175945;0
18.15;0.114435108174331;0.0444718429419127;0
18.16;0.114864019235203;0.0409578529984145;0
18.17;0.115257761445484;0.0374376248957128;0
18.18;0.115616277220445;0.0339122245804296;0
18.19;0.115939519633814;0.0303827177176022;0
18.2;0.116227452413533;0.0268501693717228;0
18.21;0.116480049934318;0.0233156436885062;0
18.22;0.116697297207038;0.0197802035774804;0
18.23;0.116879189864932;0.0162449103954927;0
18.24;0.11702573414666;0.0127108236312252;0
18.25;0.117136946876207;0.00917900059081309;0
18.26;0.117212855439647;0.00565049608465703;0
18.27;0.117253497758779;0.00212636211552184;0
18.28;0.117258922261654;-0.00139235243198681;0
18.29;0.117229187850002;-0.00490460210047752;0
18.3;0.117164363863572;-0.00840934516726972;0
18.31;0.117064530041409;-0.0119055439502423;0
18.32;0.11692977648008;-0.0153921651119451;0
18.33;0.116760203588863;-0.0188681799618859;0
18.34;0.116555922041925;-0.0223325647569045;0
18.35;0.116317052727502;-0.0257843009995475;0
18.36;0.116043726694114;-0.029222375734358;0
18.37;0.11573608509381;-0.0326457818419949;0
18.38;0.115394279122499;-0.036053518331097;0
18.39;0.115018469957361;-0.0394445906278089;0
18.4;0.114608828691382;-0.0428180108628848;0
18.41;0.11416553626502;-0.0461727981562905;0
18.42;0.113688783395047;-0.0495079788992197;0
18.43;0.113178770500572;-0.0528225870334468;0
18.44;0.112635707626294;-0.056115664327936;0
18.45;0.112059814362991;-0.059386260652629;0
18.46;0.111451319765289;-0.062633434249333;0
18.47;0.11081046226674;-0.0658562519996347;0
18.48;0.110137489592224;-0.0690537896897633;0
18.49;0.109432658667726;-0.0722251322723286;0
18.5;0.108696235527503;-0.0753693741248627;0
18.51;0.107928495218687;-0.0784856193050915;0
18.52;0.107129721703343;-0.0815729818028651;0
18.53;0.106300207758031;-0.0846305857886793;0
18.54;0.105440254870886;-0.0876575658587171;0
18.55;0.104550173136282;-0.0906530672763445;0
18.56;0.103630281147079;-0.0936162462099934;0
18.57;0.102680905884516;-0.0965462699673662;0
18.58;0.101702382605783;-0.0994423172259004;0
18.59;0.100695054729295;-0.102303578259427;0
18.6;0.0996592737177248;-0.105129255160964;0
18.61;0.098595398958824;-0.107918562061584;0
18.62;0.0975037976440696;-0.110670725345299;0
18.63;0.0963848446451841;-0.113384983859899;0
18.64;0.0952389223885635;-0.116060589123695;0
18.65;0.0940664207276575;-0.118696805528107;0
18.66;0.0928677368133414;-0.121292910536048;0
18.67;0.0916432749623246;-0.123848194876043;0
18.68;0.0903934465236367;-0.126361962732047;0
18.69;0.0891186697432349;-0.12883353192889;0
18.7;0.0878193696267771;-0.131262234113329;0
18.71;0.086495977800604;-0.133647414930635;0
18.72;0.0851489323709761;-0.135988434196683;0
18.73;0.0837786777816098;-0.138284666065504;0
18.74;0.0823856646695584;-0.14053549919224;0
18.75;0.0809703497194855;-0.142740336891484;0
18.76;0.0795331955163742;-0.144898597290945;0
18.77;0.0780746703967221;-0.147009713480412;0
18.78;0.0765952482982679;-0.149073133655976;0
18.79;0.0750954086082962;-0.151088321259478;0
18.8;0.0735756360105708;-0.153054755113143;0
18.81;0.0720364203309423;-0.154971929549377;0
18.82;0.0704782563816806;-0.156839354535687;0
18.83;0.0689016438045791;-0.158656555794706;0
18.84;0.0673070869128822;-0.160423074919279;0
18.85;0.0656950945320827;-0.162138469482603;0
18.86;0.0640661798396417;-0.163802313143385;0
18.87;0.0624208602036781;-0.165414195745995;0
18.88;0.0607596570206799;-0.166973723415596;0
18.89;0.0590830955522868;-0.168480518648232;0
18.9;0.0573917047611946;-0.169934220395855;0
18.91;0.0556860171462321;-0.171334484146264;0
18.92;0.0539665685766614;-0.172680981997964;0
18.93;0.0522338981257532;-0.173973402729904;0
18.94;0.0504885479036871;-0.175211451866103;0
18.95;0.0487310628898287;-0.176394851735145;0
18.96;0.0469619907644356;-0.177523341524529;0
18.97;0.0451818817398421;-0.178596677329874;0
18.98;0.0433912883911761;-0.17961463219898;0
18.99;0.0415907654866573;-0.180576996170715;0
19;0.0397808698175308;-0.181483576308758;0
19.01;0.0379621600276864;-0.182334196730168;0
19.02;0.0361351964430146;-0.183128698628805;0
19.03;0.0343005409005527;-0.183866940293575;0
19.04;0.0324587565774709;-0.184548797121536;0
19.05;0.0306104078199508;-0.185174161625844;0
19.06;0.0287560599720075;-0.185742943438554;0
19.07;0.0268962792043072;-0.186255069308291;0
19.08;0.0250316323430304;-0.186710483092785;0
19.09;0.0231626866988334;-0.187109145746301;0
19.1;0.0212900098959583;-0.187451035301957;0
19.11;0.0194141697015431;-0.187736146848953;0
19.12;0.0175357338551811;-0.187964492504737;0
19.13;0.0156552698987833;-0.1881361013821;0
19.14;0.0137733450067909;-0.188251019551243;0
19.15;0.0118905258167905;-0.188309309996819;0
19.16;0.0100073782605814;-0.18831105256999;0
19.17;0.00812446739574431;-0.188256343935494;0
19.18;0.00624235723776227;-0.188145297513778;0
19.19;0.00436161059274181;-0.187978043418197;0
19.2;0.00248278889078462;-0.187754728387327;0
19.21;0.00060645202005778;-0.187475515712399;0
19.22;-0.00126684183838845;-0.187140585159908;0
19.23;-0.0031365363750073;-0.186750132889407;0
19.24;-0.00500207731529863;-0.186304371366531;0
19.25;-0.00686291258246093;-0.185803529271287;0
19.26;-0.00871849245910504;-0.185247851401637;0
19.27;-0.0105682697479826;-0.184637598572412;0
19.28;-0.012411699931683;-0.183973047509607;0
19.29;-0.0142482413312522;-0.18325449074008;0
19.3;-0.0160773552636886;-0.182482236476711;0
19.31;-0.0178985061982695;-0.181656608499049;0
19.32;-0.0197111619116649;-0.180777946029504;0
19.33;-0.0215147936417919;-0.179846603605119;0
19.34;-0.0233088762403689;-0.178862950944977;0
19.35;-0.0250928883241223;-0.177827372813276;0
19.36;-0.0268663124246068;-0.176740268878134;0
19.37;-0.0286286351365932;-0.175602053566176;0
19.38;-0.0303793472649835;-0.174413155912932;0
19.39;-0.0321179439702121;-0.173174019409128;0
19.4;-0.0338439249120909;-0.171885101842896;0
19.41;-0.0355567943920581;-0.170546875137979;0
19.42;-0.0372560614937926;-0.169159825187969;0
19.43;-0.038941240222151;-0.167724451686648;0
19.44;-0.0406118496403931;-0.166241267954481;0
19.45;-0.0422674140056531;-0.164710800761323;0
19.46;-0.0439074629026222;-0.163133590145398;0
19.47;-0.0455315313754045;-0.161510189228617;0
19.48;-0.0471391600575092;-0.15984116402828;0
19.49;-0.0487298952999443;-0.158127093265251;0
19.5;-0.0503032892973759;-0.156368568168643;0
19.51;-0.0518589002123196;-0.154566192277095;0
19.52;-0.0533962922973291;-0.152720581236697;0
19.53;-0.054915036015149;-0.150832362595638;0
19.54;-0.0564147081568;-0.148902175595632;0
19.55;-0.0578948919575644;-0.146930670960205;0
19.56;-0.0593551772108393;-0.1449185106799;0
19.57;-0.0607951603798299;-0.142866367794471;0
19.58;-0.0622144447070503;-0.140774926172144;0
19.59;-0.0636126403216044;-0.138644880286014;0
19.6;-0.0649893643442181;-0.136476934987634;0
19.61;-0.0663442409899949;-0.1342718052779;0
19.62;-0.0676769016688686;-0.132030216075275;0
19.63;-0.0689869850837265;-0.129752901981441;0
19.64;-0.070274137326178;-0.127440607044454;0
19.65;-0.0715380119699431;-0.125094084519472;0
19.66;-0.0727782701618384;-0.122714096627134;0
19.67;-0.0739945807103365;-0.12030141430967;0
19.68;-0.0751866201716755;-0.117856816984811;0
19.69;-0.0763540729334995;-0.115381092297586;0
19.7;-0.077496631296007;-0.112875035870073;0
19.71;-0.0786139955505877;-0.110339451049201;0
19.72;-0.0797058740559295;-0.107775148652651;0
19.73;-0.0807719833115759;-0.105182946712976;0
19.74;-0.0818120480289168;-0.102563670219979;0
19.75;-0.0828258011995954;-0.0999181508614611;0
19.76;-0.0838129841613164;-0.0972472267624004;0
19.77;-0.0847733466610379;-0.0945517422226531;0
19.78;-0.0857066469155352;-0.0918325474532529;0
19.79;-0.0866126516693206;-0.0890904983113915;0
19.8;-0.0874911362499081;-0.0863264560341633;0
19.81;-0.0883418846204101;-0.0835412869711535;0
19.82;-0.0891646894294545;-0.0807358623159547;0
19.83;-0.0899593520584135;-0.0779110578366919;0
19.84;-0.0907256826659325;-0.0750677536056396;0
19.85;-0.0914635002297519;-0.0722068337280139;0
19.86;-0.0921726325858135;-0.0693291860700211;0
19.87;-0.092852916464644;-0.0664357019862466;0
19.88;-0.0935041975250099;-0.0635272760464667;0
19.89;-0.094126330384838;-0.0606048057619663;0
19.9;-0.0947191786493979;-0.0576691913114444;0
19.91;-0.0952826149367411;-0.0547213352665926;0
19.92;-0.095816520900395;-0.051762142317426;0
19.93;-0.0963207872493099;-0.0487925189974529;0
19.94;-0.0967953137650562;-0.0458133734087633;0
19.95;-0.0972400093162741;-0.0428256149471199;0
19.96;-0.0976547918703723;-0.0398301540271338;0
19.97;-0.0980395885024815;-0.0368279018076068;0
19.98;-0.0983943354016603;-0.0338197699171237;0
19.99;-0.09871897787436;-0.0308066701799739;0
20;-0.0990134703451495;-0.0277895143424868;0
