0;0.406776760215226;0.0563075705125234;0
0.01;0.407284483971857;0.0440082573609249;0
0.02;0.407669247324121;0.0317168907249824;0
0.03;0.407931146263442;0.0194371414133075;0
0.04;0.408070313446165;0.00717267044319082;0
0.05;0.408086918090774;-0.00507287203999819;0
0.06;0.407981165864328;-0.0172958478382954;0
0.07;0.407753298758168;-0.0294926317711966;0
0.08;0.407403594952947;-0.0416596127399701;0
0.09;0.406932368673044;-0.0537931947859202;0
0.1;0.406339970030431;-0.0658897981422922;0
0.11;0.405626784858035;-0.077945860279517;0
0.12;0.404793234532695;-0.0899578369434911;0
0.13;0.403839775787759;-0.101922203186595;0
0.14;0.402766900515408;-0.113835454391152;0
0.15;0.401575135558779;-0.125694107285031;0
0.16;0.400265042493969;-0.137494700949113;0
0.17;0.398837217402003;-0.149233797816315;0
0.18;0.39729229063085;-0.160907984661907;0
0.19;0.395630926547576;-0.172513873584822;0
0.2;0.393853823280723;-0.184048102979694;0
0.21;0.391961712453016;-0.195507338499339;0
0.22;0.389955358904487;-0.206888274007413;0
0.23;0.387835560406112;-0.218187632520981;0
0.24;0.385603147364076;-0.229402167142712;0
0.25;0.38325898251476;-0.240528661982473;0
0.26;0.380803960610566;-0.25156393306803;0
0.27;0.378239008096675;-0.262504829244619;0
0.28;0.375565082778866;-0.27334823306314;0
0.29;0.372783173482511;-0.284091061656713;0
0.3;0.369894299702846;-0.294730267605366;0
0.31;0.366899511246659;-0.305262839788607;0
0.32;0.3637998878655;-0.315685804225656;0
0.33;0.360596538880553;-0.325996224903092;0
0.34;0.357290602799283;-0.336191204589703;0
0.35;0.353883246923994;-0.346267885638308;0
0.36;0.350375666952431;-0.356223450774333;0
0.37;0.346769086570555;-0.366055123870932;0
0.38;0.343064757037623;-0.375760170710441;0
0.39;0.339263956763728;-0.385335899731962;0
0.4;0.335367990879913;-0.394779662764871;0
0.41;0.331378190801022;-0.404088855748061;0
0.42;0.327295913781423;-0.413260919434732;0
0.43;0.323122542463742;-0.422293340082526;0
0.44;0.318859484420774;-0.431183650128842;0
0.45;0.314508171690696;-0.439929428851145;0
0.46;0.310070060305753;-0.448528303012104;0
0.47;0.30554662981456;-0.456977947489381;0
0.48;0.300939382798174;-0.465276085889914;0
0.49;0.296249844380093;-0.473420491148547;0
0.5;0.291479561730345;-0.481408986110831;0
0.51;0.286630103563812;-0.489239444099874;0
0.52;0.281703059632967;-0.496909789467077;0
0.53;0.27670004021517;-0.504417998126632;0
0.54;0.271622675594695;-0.511762098073646;0
0.55;0.266472615539651;-0.518940169885754;0
0.56;0.261251528773962;-0.525950347208121;0
0.57;0.255961102444565;-0.532790817221692;0
0.58;0.250603041584014;-0.539459821094592;0
0.59;0.245179068568634;-0.545955654416573;0
0.6;0.239690922572414;-0.552276667616392;0
0.61;0.234140359016804;-0.558421266362037;0
0.62;0.22852914901658;-0.564387911943712;0
0.63;0.222859078821968;-0.570175121639477;0
0.64;0.217131949257179;-0.575781469063492;0
0.65;0.211349575155548;-0.581205584496764;0
0.66;0.205513784791441;-0.586446155200345;0
0.67;0.19962641930911;-0.591501925710908;0
0.68;0.19368933214867;-0.596371698118648;0
0.69;0.187704388469382;-0.601054332327454;0
0.7;0.181673464570406;-0.605548746297299;0
0.71;0.175598447309219;-0.609853916268816;0
0.72;0.16948123351786;-0.613968876970016;0
0.73;0.163323729417196;-0.617892721805116;0
0.74;0.157127850029369;-0.621624603025456;0
0.75;0.150895518588631;-0.625163731882482;0
0.76;0.144628665950712;-0.628509378762781;0
0.77;0.138329230000931;-0.631660873305156;0
0.78;0.131999155061214;-0.634617604499737;0
0.79;0.125640391296196;-0.637379020769135;0
0.8;0.119254894118603;-0.639944630031638;0
0.81;0.112844623594073;-0.642313999746461;0
0.82;0.106411543845609;-0.644486756941078;0
0.83;0.0999576224578406;-0.646462588220643;0
0.84;0.0934848298812702;-0.648241239759541;0
0.85;0.086995138836684;-0.649822517275093;0
0.86;0.0804905237199063;-0.651206285983464;0
0.87;0.0739729600070753;-0.6523924705378;0
0.88;0.0674444236606161;-0.653381054948669;0
0.89;0.06090689053609;-0.654172082486832;0
0.9;0.0543623357900943;-0.654765655568428;0
0.91;0.0478127332893901;-0.655161935622619;0
0.92;0.0412600550214316;-0.655361142941779;0
0.93;0.034706270506472;-0.655363556514291;0
0.94;0.0281533462114198;-0.655169513840038;0
0.95;0.021603244965617;-0.654779410728673;0
0.96;0.0150579253787125;-0.654193701080752;0
0.97;0.0085193412608005;-0.653412896651843;0
0.98;0.00198944104499409;-0.652437566799676;0
0.99;-0.00452983278739646;-0.651268338214481;0
1;-0.0110365442789138;-0.649905894632594;0
1.01;-0.0175287645650648;-0.648350976533456;0
1.02;-0.0240045724403272;-0.646604380820122;0
1.03;-0.0304620549208881;-0.644666960483409;0
1.04;-0.0368993078039505;-0.642539624249808;0
1.05;-0.0433144362234463;-0.640223336213292;0
1.06;-0.0497055552019955;-0.637719115451158;0
1.07;-0.0560707901989527;-0.635028035624052;0
1.08;-0.0624082776543828;-0.632151224560316;0
1.09;-0.0687161655288107;-0.629089863824816;0
1.1;-0.0749926138385896;-0.625845188272396;0
1.11;-0.0812357951867352;-0.622418485586132;0
1.12;-0.087443895289075;-0.618811095800541;0
1.13;-0.0936151134955623;-0.615024410809918;0
1.14;-0.0997476633066078;-0.611059873861966;0
1.15;-0.105839772884281;-0.606918979036917;0
1.16;-0.111889685558239;-0.602603270712292;0
1.17;-0.117895660326238;-0.598114343013519;0
1.18;-0.123855972349091;-0.593453839250575;0
1.19;-0.129768913439925;-0.588623451340856;0
1.2;-0.135632792547609;-0.583624919218465;0
1.21;-0.141445936234214;-0.578460030230125;0
1.22;-0.147206689146372;-0.573130618517917;0
1.23;-0.152913414480402;-0.567638564389047;0
1.24;-0.158564494441085;-0.561985793672868;0
1.25;-0.164158330693936;-0.556174277065351;0
1.26;-0.169693344810883;-0.550206029461236;0
1.27;-0.175167978709204;-0.544083109274086;0
1.28;-0.180580695083604;-0.537807617744461;0
1.29;-0.18592997783134;-0.531381698236444;0
1.3;-0.191214332470241;-0.524807535522746;0
1.31;-0.196432286549537;-0.518087355058632;0
1.32;-0.20158239005338;-0.511223422244898;0
1.33;-0.20666321579694;-0.504218041680139;0
1.34;-0.211673359814982;-0.497073556402554;0
1.35;-0.216611441742811;-0.48979234712153;0
1.36;-0.221476105189489;-0.482376831439256;0
1.37;-0.226266018103225;-0.474829463062614;0
1.38;-0.230979873128843;-0.467152731005605;0
1.39;-0.235616387957225;-0.459349158782554;0
1.4;-0.240174305666655;-0.451421303592373;0
1.41;-0.24465239505596;-0.443371755494115;0
1.42;-0.249049450969372;-0.435203136574105;0
1.43;-0.253364294613018;-0.426918100104894;0
1.44;-0.257595773862977;-0.418519329696318;0
1.45;-0.261742763564794;-0.410009538438915;0
1.46;-0.265804165824414;-0.401391468039982;0
1.47;-0.269778910290432;-0.392667887952534;0
1.48;-0.273665954427604;-0.383841594497451;0
1.49;-0.277464283781552;-0.374915409979068;0
1.5;-0.2811729122346;-0.365892181794508;0
1.51;-0.284790882252663;-0.356774781537014;0
1.52;-0.288317265123161;-0.347566104093578;0
1.53;-0.29175116118387;-0.338269066737133;0
1.54;-0.295091700042679;-0.328886608213594;0
1.55;-0.298338040788193;-0.319421687824032;0
1.56;-0.30148937219114;-0.309877284502271;0
1.57;-0.304544912896527;-0.300256395888173;0
1.58;-0.30750391160652;-0.290562037396917;0
1.59;-0.310365647253991;-0.280797241284546;0
1.6;-0.313129429166714;-0.270965055710074;0
1.61;-0.315794597222157;-0.261068543794436;0
1.62;-0.318360521992858;-0.25111078267657;0
1.63;-0.320826604882349;-0.241094862566919;0
1.64;-0.323192278251603;-0.231023885798644;0
1.65;-0.325457005535982;-0.220900965876835;0
1.66;-0.327620281352672;-0.210729226525997;0
1.67;-0.329681631598589;-0.200511800736124;0
1.68;-0.331640613538732;-0.190251829807625;0
1.69;-0.33349681588499;-0.179952462395403;0
1.7;-0.335249858865378;-0.169616853552374;0
1.71;-0.336899394283719;-0.15924816377271;0
1.72;-0.338445105569745;-0.148849558035097;0
1.73;-0.33988670781964;-0.138424204846291;0
1.74;-0.341223947827021;-0.12797527528526;0
1.75;-0.342456604104357;-0.117505942048204;0
1.76;-0.343584486894852;-0.107019378494719;0
1.77;-0.34460743817479;-0.0965187576954171;0
1.78;-0.345525331646367;-0.086007251481256;0
1.79;-0.346338072721023;-0.0754880294948824;0
1.8;-0.347045598493296;-0.0649642582442594;0
1.81;-0.34764787770523;-0.0544391001588592;0
1.82;-0.348144910701351;-0.0439157126487021;0
1.83;-0.34853672937425;-0.0333972471665157;0
1.84;-0.348823397100801;-0.0228868482732935;0
1.85;-0.349005008669052;-0.0123876527075234;0
1.86;-0.349081690195831;-0.00190278845836233;0
1.87;-0.349053599035087;0.00856462615697425;0
1.88;-0.348920923677047;0.0190114834113378;0
1.89;-0.348683883638193;0.0294346870810196;0
1.9;-0.348342729342138;0.0398311533541057;0
1.91;-0.347897741991441;0.0501978117335503;0
1.92;-0.347349233430412;0.0605316059347051;0
1.93;-0.346697545998975;0.0708294947770468;0
1.94;-0.345943052377631;0.0810884530698437;0
1.95;-0.3450861554236;0.0913054724915068;0
1.96;-0.344127287998199;0.101477562462374;0
1.97;-0.343066912785514;0.111601751010674;0
1.98;-0.341905522102457;0.121675085631427;0
1.99;-0.340643637700254;0.13169463413803;0
2;-0.339281810557461;0.141657485506292;0
2.01;-0.337820620664568;0.151560750710671;0
2.02;-0.33626067680028;0.161401563552482;0
2.03;-0.334602616299551;0.17117708147984;0
2.04;-0.332847104813456;0.180884486399099;0
2.05;-0.330994836060993;0.190520985477575;0
2.06;-0.329046531572891;0.200083811937309;0
2.07;-0.327002940427525;0.209570225839658;0
2.08;-0.324864838979027;0.218977514860492;0
2.09;-0.322633030577686;0.228302995055784;0
2.1;-0.320308345282742;0.237544011617371;0
2.11;-0.317891639567657;0.24669793961869;0
2.12;-0.315383796017987;0.255762184750265;0
2.13;-0.312785723021936;0.264734184044761;0
2.14;-0.310098354453712;0.273611406591396;0
2.15;-0.307322649349786;0.282391354239508;0
2.16;-0.304459591578166;0.291071562291102;0
2.17;-0.301510189500793;0.299649600182175;0
2.18;-0.298475475629179;0.308123072152634;0
2.19;-0.295356506273395;0.31648961790464;0
2.2;-0.292154361184531;0.324746913249177;0
2.21;-0.288870143190737;0.332892670740701;0
2.22;-0.285504977826983;0.340924640299668;0
2.23;-0.282060012958638;0.348840609822805;0
2.24;-0.278536418399008;0.356638405780938;0
2.25;-0.274935385520951;0.364315893804239;0
2.26;-0.2712581268627;0.371870979254719;0
2.27;-0.267505875728009;0.379301607785835;0
2.28;-0.263679885780773;0.386605765889052;0
2.29;-0.259781430634238;0.393781481427229;0
2.3;-0.25581180343493;0.400826824154681;0
2.31;-0.251772316441454;0.407739906223795;0
2.32;-0.247664300598284;0.414518882678062;0
2.33;-0.24348910510468;0.421161951931409;0
2.34;-0.239248096978879;0.427667356233702;0
2.35;-0.234942660617695;0.43403338212231;0
2.36;-0.230574197351657;0.44025836085962;0
2.37;-0.226144124995849;0.44634066885639;0
2.38;-0.22165387739657;0.45227872808084;0
2.39;-0.217104903973969;0.458071006453388;0
2.4;-0.212498669260806;0.463716018226931;0
2.41;-0.207836652437463;0.469212324352578;0
2.42;-0.203120346863375;0.474558532830767;0
2.43;-0.198351259605005;0.479753299047666;0
2.44;-0.193530910960535;0.484795326096796;0
2.45;-0.188660833981391;0.489683365085798;0
2.46;-0.183742573990782;0.494416215428282;0
2.47;-0.17877768809938;0.498992725120693;0
2.48;-0.173767744718302;0.503411791004139;0
2.49;-0.168714323069541;0.507672359011127;0
2.5;-0.163619012693992;0.511773424397156;0
2.51;-0.158483412957246;0.515714031957133;0
2.52;-0.153309132553266;0.519493276226562;0
2.53;-0.148097789006142;0.523110301667482;0
2.54;-0.142851008170039;0.52656430283911;0
2.55;-0.137570423727515;0.529854524553186;0
2.56;-0.132257676686355;0.53298026201398;0
2.57;-0.126914414875067;0.535940860942949;0
2.58;-0.121542292437214;0.538735717688049;0
2.59;-0.116142969324705;0.541364279317669;0
2.6;-0.110718110790228;0.543826043699211;0
2.61;-0.105269386878966;0.5461205595623;0
2.62;-0.0997984719197398;0.548247426546644;0
2.63;-0.094307044015754;0.550206295234547;0
2.64;-0.0887967845350786;0.551996867168098;0
2.65;-0.0832693776010303;0.553618894851052;0
2.66;-0.0777265095826039;0.555072181735436;0
2.67;-0.0721698685851053;0.556356582192902;0
2.68;-0.066601143941141;0.557472001470865;0
2.69;-0.0610220257021127;0.558418395633471;0
2.7;-0.0554342041303719;0.559195771487427;0
2.71;-0.0498393691921834;0.559804186492752;0
2.72;-0.0442392100516486;0.560243748658496;0
2.73;-0.0386354145657402;0.560514616423488;0
2.74;-0.0330296687805954;0.560616998522167;0
2.75;-0.0274236564292182;0.560551153835573;0
2.76;-0.0218190584307384;0.560317391227557;0
2.77;-0.0162175523913746;0.559916069366294;0
2.78;-0.0106208121072477;0.559347596531171;0
2.79;-0.00503050706919174;0.558612430405133;0
2.8;0.000551698030294738;0.557711077852583;0
2.81;0.00612414378781052;0.556644094682914;0
2.82;0.0116851765773852;0.555412085399784;0
2.83;0.0172331490362416;0.554015702936213;0
2.84;0.0227664205478452;0.552455648375633;0
2.85;0.0282833577221023;0.550732670658971;0
2.86;0.0337823348725652;0.548847566277899;0
2.87;0.0392617344905094;0.546801178954348;0
2.88;0.0447199477157436;0.544594399306424;0
2.89;0.0501553748040184;0.542228164500839;0
2.9;0.0555664255908995;0.539703457891978;0
2.91;0.0609515199519715;0.53702130864775;0
2.92;0.0663090882592408;0.534182791362347;0
2.93;0.0716375718336089;0.531189025656049;0
2.94;0.0769354233932849;0.52804117576222;0
2.95;0.0822011074980113;0.524740450101643;0
2.96;0.0874331009889766;0.521288100844341;0
2.97;0.0926298934242903;0.517685423459033;0
2.98;0.0977899875098978;0.513933756250387;0
2.99;0.102911899525813;0.510034479884233;0
3;0.107994159747549;0.505989016900882;0
3.01;0.113035312862633;0.501798831216743;0
3.02;0.118033918382075;0.497465427614383;0
3.03;0.1229885510467;0.492990351221219;0
3.04;0.127897801228208;0.488375186977008;0
3.05;0.132760275324855;0.483621559090324;0
3.06;0.137574596151664;0.47873113048419;0
3.07;0.142339403325029;0.473705602231067;0
3.08;0.147053353641628;0.468546712977368;0
3.09;0.151715121451543;0.46325623835771;0
3.1;0.156323399025459;0.457835990399071;0
3.11;0.160876896915877;0.452287816915075;0
3.12;0.165374344312214;0.446613600890582;0
3.13;0.169814489389715;0.440815259856798;0
3.14;0.17419609965207;0.4348947452571;0
3.15;0.178517962267645;0.428854041803785;0
3.16;0.182778884399248;0.422695166825958;0
3.17;0.186977693527327;0.416420169608753;0
3.18;0.191113237766529;0.410031130724123;0
3.19;0.195184386175525;0.403530161353387;0
3.2;0.199190029060025;0.396919402601782;0
3.21;0.203129078268904;0.390201024805211;0
3.22;0.207000467483362;0.383377226829423;0
3.23;0.210803152499042;0.376450235361849;0
3.24;0.214536111501032;0.369422304196311;0
3.25;0.218198345331687;0.362295713510839;0
3.26;0.221788877751193;0.355072769138816;0
3.27;0.225306755690823;0.347755801833689;0
3.28;0.228751049498798;0.340347166527468;0
3.29;0.232120853178722;0.33284924158326;0
3.3;0.235415284620501;0.325264428042059;0
3.31;0.238633485823718;0.317595148864029;0
3.32;0.241774623113387;0.309843848164528;0
3.33;0.244837887348049;0.302012990445099;0
3.34;0.247822494120159;0.294105059819674;0
3.35;0.250727683948707;0.286122559236224;0
3.36;0.25355272246404;0.27806800969411;0
3.37;0.256296900584844;0.269943949457357;0
3.38;0.258959534687228;0.261752933264115;0
3.39;0.261539966765902;0.253497531532532;0
3.4;0.264037564587388;0.245180329563299;0
3.41;0.266451721835244;0.2368039267391;0
3.42;0.268781858247273;0.228370935721214;0
3.43;0.271027419744685;0.219883981643526;0
3.44;0.273187878553185;0.211345701304177;0
3.45;0.275262733315969;0.202758742355108;0
3.46;0.277251509198612;0.194125762489745;0
3.47;0.279153757985819;0.185449428629073;0
3.48;0.280969058170034;0.176732416106333;0
3.49;0.282697015031886;0.16797740785061;0
3.5;0.284337260712476;0.159187093569541;0
3.51;0.285889454277476;0.150364168931395;0
3.52;0.28735328177306;0.141511334746776;0
3.53;0.288728456273637;0.132631296150188;0
3.54;0.290014717921415;0.123726761781709;0
3.55;0.291211833957769;0.114800442969029;0
3.56;0.292319598746441;0.105855052910074;0
3.57;0.293337833788568;0.0968933058564872;0
3.58;0.294266387729549;0.0879179162981921;0
3.59;0.29510513635776;0.0789315981492849;0
3.6;0.29585398259514;0.0699370639355006;0
3.61;0.296512856479659;0.0609370239834909;0
3.62;0.297081715139685;0.0519341856121553;0
3.63;0.297560542760274;0.0429312523262625;0
3.64;0.297949350541412;0.0339309230126023;0
3.65;0.298248176648226;0.0249358911389026;0
3.66;0.298457086153201;0.0159488439557477;0
3.67;0.298576170970428;0.00697246170173192;0
3.68;0.298605549781921;-0.00199058318791849;0
3.69;0.298545367956033;-0.0109376268690247;0
3.7;0.298395797458018;-0.0198660148722051;0
3.71;0.298157036752771;-0.0287731028824684;0
3.72;0.297829310699791;-0.0376562575144226;0
3.73;0.297412870440413;-0.0465128570828755;0
3.74;0.296907993277359;-0.0553402923686037;0
3.75;0.296314982546646;-0.0641359673790683;0
3.76;0.295634167481919;-0.0728973001038587;0
3.77;0.294865903071249;-0.0816217232646469;0
3.78;0.294010569906459;-0.0903066850594361;0
3.79;0.293068574025031;-0.0989496499008916;0
3.8;0.292040346744664;-0.107548099148542;0
3.81;0.290926344490527;-0.116099531834643;0
3.82;0.289727048615295;-0.124601465383492;0
3.83;0.288442965212013;-0.133051436324001;0
3.84;0.287074624919873;-0.14144700099531;0
3.85;0.285622582722956;-0.149785736245254;0
3.86;0.284087417742034;-0.158065240121479;0
3.87;0.282469733019489;-0.166283132555019;0
3.88;0.28077015529743;-0.174437056036138;0
3.89;0.278989334789089;-0.18252467628224;0
3.9;0.277127944943572;-0.190543682897681;0
3.91;0.275186682204054;-0.198491790025278;0
3.92;0.273166265759492;-0.206366736989347;0
3.93;0.271067437289949;-0.214166288930081;0
3.94;0.268890960705609;-0.221888237429111;0
3.95;0.266637621879587;-0.229530401126051;0
3.96;0.264308228374603;-0.237090626325886;0
3.97;0.261903609163632;-0.24456678759701;0
3.98;0.259424614344613;-0.251956788359781;0
3.99;0.256872114849314;-0.259258561465396;0
4;0.254247002146461;-0.266470069764964;0
4.01;0.251550187939206;-0.273589306668601;0
4.02;0.248764624702695;-0.287804439974582;-1.1988935927166
4.03;0.245801457876434;-0.306698225470019;-1.1988935927166
4.04;0.242649908547222;-0.325467602786468;-1.1988935927166
4.05;0.23931124519225;-0.344107159422773;-1.1988935927166
4.06;0.235786790198008;-0.362611531095187;-1.1988935927166
4.07;0.232077919371232;-0.380975403262503;-1.1988935927166
4.08;0.228186061434682;-0.399193512633654;-1.1988935927166
4.09;0.224112697507919;-0.417260648657357;-1.1988935927166
4.1;0.219859360573276;-0.435171654993386;-1.1988935927166
4.11;0.215427634927191;-0.452921430965073;-1.1988935927166
4.12;0.210819155617108;-0.470504932992615;-1.1988935927166
4.13;0.206035607864128;-0.487917176006817;-1.1988935927166
4.14;0.201078726471617;-0.505153234842852;-1.1988935927166
4.15;0.195950295219965;-0.52220824561368;-1.1988935927166
4.16;0.1906521462477;-0.53907740706273;-1.1988935927166
4.17;0.185186159419178;-0.555755981895484;-1.1988935927166
4.18;0.179554261679047;-0.572239298089608;-1.1988935927166
4.19;0.173758426393709;-0.58852275018325;-1.1988935927166
4.2;0.167800672680001;-0.604601800541188;-1.1988935927166
4.21;0.161683064721313;-0.620471980598454;-1.1988935927166
4.22;0.155407711071372;-0.636128892081131;-1.1988935927166
4.23;0.148976763945922;-0.651568208203973;-1.1988935927166
4.24;0.142392418502539;-0.666785674844536;-1.1988935927166
4.25;0.135656912108801;-0.681777111693515;-1.1988935927166
4.26;0.128772523599072;-0.696538413380976;-1.1988935927166
4.27;0.121741572520128;-0.711065550578186;-1.1988935927166
4.28;0.11456641836588;-0.725354571074756;-1.1988935927166
4.29;0.10724945980143;-0.739401600830819;-1.1988935927166
4.3;0.0997931338767308;-0.753202845003962;-1.1988935927166
4.31;0.0921999152300768;-0.766754588950661;-1.1988935927166
4.32;0.0844723152817077;-0.780053199201941;-1.1988935927166
4.33;0.0766128814177665;-0.79309512441304;-1.1988935927166
4.34;0.0686241961648805;-0.805876896286817;-1.1988935927166
4.35;0.0605088763556269;-0.818395130470677;-1.1988935927166
4.36;0.0522695722851491;-0.830646527426793;-1.1988935927166
4.37;0.0439089668591922;-0.842627873275412;-1.1988935927166
4.38;0.0354297747338268;-0.854336040611028;-1.1988935927166
4.39;0.026834741447134;-0.865767989291233;-1.1988935927166
4.4;0.0181266425431258;-0.87692076719806;-1.1988935927166
4.41;0.00930828268817624;-0.887791510971623;-1.1988935927166
4.42;0.000382494780241568;-0.898377446715892;-1.1988935927166
4.43;-0.0086478609488513;-0.908675890676442;-1.1988935927166
4.44;-0.0177798978377672;-0.918684249890012;-1.1988935927166
4.45;-0.0270107037063935;-0.92840002280573;-1.1988935927166
4.46;-0.0363373417726544;-0.937820799877876;-1.1988935927166
4.47;-0.0457568515751256;-0.94694426413004;-1.1988935927166
4.48;-0.05526624990116;-0.955768191690561;-1.1988935927166
4.49;-0.064862531720239;-0.964290452299146;-1.1988935927166
4.5;-0.0745426711222597;-0.972509009784547;-1.1988935927166
4.51;-0.0843036222604683;-0.980421922513213;-1.1988935927166
4.52;-0.0941423202987488;-0.988027343808846;-1.1988935927166
4.53;-0.104055682362977;-0.995323522342751;-1.1988935927166
4.54;-0.114040608496144;-1.00230880249495;-1.1988935927166
4.55;-0.124093982616962;-1.00898162468598;-1.1988935927166
4.56;-0.134212673481657;-1.01534052567933;-1.1988935927166
4.57;-0.144393535648646;-1.02138413885447;-1.1988935927166
4.58;-0.154633410445819;-1.02711119445049;-1.1988935927166
4.59;-0.164929126940128;-1.03252051978021;-1.1988935927166
4.6;-0.175277502909174;-1.03761103941491;-1.1988935927166
4.61;-0.185675345814515;-1.0423817753395;-1.1988935927166
4.62;-0.196119453776396;-1.04683184707833;-1.1988935927166
4.63;-0.206606616549599;-1.05096047179143;-1.1988935927166
4.64;-0.217133616500122;-1.05476696434138;-1.1988935927166
4.65;-0.227697229582403;-1.0582507373308;-1.1988935927166
4.66;-0.238294226316777;-1.06141130111041;-1.1988935927166
4.67;-0.248921372766887;-1.06424826375783;-1.1988935927166
4.68;-0.259575431516749;-1.06676133102709;-1.1988935927166
4.69;-0.270253162647184;-1.06895030626899;-1.1988935927166
4.7;-0.280951324711317;-1.07081509032227;-1.1988935927166
4.71;-0.291666675708863;-1.0723556813758;-1.1988935927166
4.72;-0.302395974058899;-1.07357217480183;-1.1988935927166
4.73;-0.313135979570843;-1.07446476296035;-1.1988935927166
4.74;-0.323883454413347;-1.07503373497474;-1.1988935927166
4.75;-0.33463516408081;-1.07527947647882;-1.1988935927166
4.76;-0.345387878357248;-1.07520246933536;-1.1988935927166
4.77;-0.356138372277206;-1.07480329132627;-1.1988935927166
4.78;-0.366883427083452;-1.07408261581452;-1.1988935927166
4.79;-0.377619831181168;-1.07304121137805;-1.1988935927166
4.8;-0.388344381088343;-1.07167994141573;-1.1988935927166
4.81;-0.399053882382111;-1.06999976372557;-1.1988935927166
4.82;-0.409745150640745;-1.0680017300554;-1.1988935927166
4.83;-0.420415012381025;-1.06568698562607;-1.1988935927166
4.84;-0.43106030599073;-1.06305676862757;-1.1988935927166
4.85;-0.441677882655961;-1.06011240968806;-1.1988935927166
4.86;-0.452264607283031;-1.05685533131613;-1.1988935927166
4.87;-0.462817359414665;-1.05328704731647;-1.1988935927166
4.88;-0.473333034140237;-1.0494091621792;-1.1988935927166
4.89;-0.483808542999772;-1.04522337044304;-1.1988935927166
4.9;-0.494240814881479;-1.04073145603258;-1.1988935927166
4.91;-0.504626796912531;-1.03593529156991;-1.1988935927166
4.92;-0.514963455342845;-1.03083683766088;-1.1988935927166
4.93;-0.52524777642162;-1.0254381421561;-1.1988935927166
4.94;-0.535476767266366;-1.01974133938719;-1.1988935927166
4.95;-0.545647456724185;-1.01374864937833;-1.1988935927166
4.96;-0.555756896225062;-1.00746237703352;-1.1988935927166
4.97;-0.565802160626914;-1.00088491129977;-1.1988935927166
4.98;-0.575780349052171;-0.994018724306554;-1.1988935927166
4.99;-0.585688585715638;-0.986866370481809;-1.1988935927166
5;-0.595524020743418;-0.979430485644751;-1.1988935927166
5.01;-0.60528383098266;-0.971713786075893;-1.1988935927166
5.02;-0.614965220801901;-0.963719067564518;-1.1988935927166
5.03;-0.624565422881789;-0.955449204433969;-1.1988935927166
5.04;-0.634081698995953;-0.946907148545061;-1.1988935927166
5.05;-0.643511340781819;-0.93809592827797;-1.1988935927166
5.06;-0.652851670501138;-0.929018647492932;-1.1988935927166
5.07;-0.662100041790037;-0.919678484470105;-1.1988935927166
5.08;-0.671253840398374;-0.910078690828942;-1.1988935927166
5.09;-0.680310484918187;-0.900222590427438;-1.1988935927166
5.1;-0.68926742750106;-0.890113578241613;-1.1988935927166
5.11;-0.698122154564187;-0.879755119225607;-1.1988935927166
5.12;-0.706872187484954;-0.869150747152752;-1.1988935927166
5.13;-0.715515083283845;-0.85830406343801;-1.1988935927166
5.14;-0.724048435295495;-0.847218735942157;-1.1988935927166
5.15;-0.732469873827699;-0.835898497758106;-1.1988935927166
5.16;-0.740777066808211;-0.824347145979758;-1.1988935927166
5.17;-0.748967720419145;-0.812568540453791;-1.1988935927166
5.18;-0.757039579718829;-0.800566602514776;-1.1988935927166
5.19;-0.764990429250931;-0.788345313704037;-1.1988935927166
5.2;-0.772818093640702;-0.775908714472674;-1.1988935927166
5.21;-0.780520438178181;-0.763260902869139;-1.1988935927166
5.22;-0.788095369388208;-0.750406033211821;-1.1988935927166
5.23;-0.795540835587095;-0.73734831474703;-1.1988935927166
5.24;-0.802854827425815;-0.724092010292832;-1.1988935927166
5.25;-0.810035378419567;-0.710641434869151;-1.1988935927166
5.26;-0.817080565463576;-0.697000954314579;-1.1988935927166
5.27;-0.823988509335016;-0.683174983890328;-1.1988935927166
5.28;-0.830757375180901;-0.669167986871773;-1.1988935927166
5.29;-0.837385372991847;-0.65498447312801;-1.1988935927166
5.3;-0.843870758061579;-0.640628997689905;-1.1988935927166
5.31;-0.850211831432053;-0.626106159307051;-1.1988935927166
5.32;-0.856406940324125;-0.611420598994108;-1.1988935927166
5.33;-0.862454478553608;-0.596576998566975;-1.1988935927166
5.34;-0.868352886932672;-0.581580079169236;-1.1988935927166
5.35;-0.874100653656452;-0.566434599789359;-1.1988935927166
5.36;-0.87969631467479;-0.5511453557691;-1.1988935927166
5.37;-0.885138454049026;-0.535717177303565;-1.1988935927166
5.38;-0.890425704293756;-0.520154927933409;-1.1988935927166
5.39;-0.895556746703468;-0.504463503029628;-1.1988935927166
5.4;-0.900530311664009;-0.488647828271416;-1.1988935927166
5.41;-0.905345178948787;-0.472712858117549;-1.1988935927166
5.42;-0.910000177999671;-0.456663574271772;-1.1988935927166
5.43;-0.91449418819251;-0.440504984142658;-1.1988935927166
5.44;-0.918826139087235;-0.424242119298404;-1.1988935927166
5.45;-0.922995010662481;-0.407880033917046;-1.1988935927166
5.46;-0.926999833534703;-0.391423803232553;-1.1988935927166
5.47;-0.930839689161722;-0.37487852197729;-1.1988935927166
5.48;-0.93451371003069;-0.358249302821301;-1.1988935927166
5.49;-0.938021079830438;-0.34154127480891;-1.1988935927166
5.5;-0.941361033608168;-0.324759581793089;-1.1988935927166
5.51;-0.944532857910494;-0.307909380868085;-1.1988935927166
5.52;-0.947535890908791;-0.290995840800769;-1.1988935927166
5.53;-0.950369522508864;-0.274024140461185;-1.1988935927166
5.54;-0.953033194444914;-0.256999467252762;-1.1988935927166
5.55;-0.955526400357806;-0.239927015542671;-1.1988935927166
5.56;-0.957848685857649;-0.22281198509279;-1.1988935927166
5.57;-0.959999648570683;-0.205659579491751;-1.1988935927166
5.58;-0.961978938170498;-0.188475004588528;-1.1988935927166
5.59;-0.963786256393594;-0.171263466928052;-1.1988935927166
5.6;-0.965421357039312;-0.154030172189291;-1.1988935927166
5.61;-0.966884045954156;-0.136780323626286;-1.1988935927166
5.62;-0.968174181000539;-0.119519120512587;-1.1988935927166
5.63;-0.969291672009992;-0.102251756589557;-1.1988935927166
5.64;-0.970236480720879;-0.0849834185190023;-1.1988935927166
5.65;-0.97100862070065;-0.0677192843405851;-1.1988935927166
5.66;-0.971608157252703;-0.0504645219344674;-1.1988935927166
5.67;-0.972035207307886;-0.0332242874896475;-1.1988935927166
5.68;-0.972289939300718;-0.0160037239784308;-1.1988935927166
5.69;-0.972372573030383;0.00119204036251438;-1.1988935927166
5.7;-0.972283379506561;0.0183578935440743;-1.1988935927166
5.71;-0.972022680780176;0.0354887413291378;-1.1988935927166
5.72;-0.971590849759136;0.0525795087291375;-1.1988935927166
5.73;-0.970988310009146;0.069625141492249;-1.1988935927166
5.74;-0.97021553553967;0.086620607582816;-1.1988935927166
5.75;-0.969273050575152;0.103560898651574;-1.1988935927166
5.76;-0.968161429311564;0.120441031496246;-1.1988935927166
5.77;-0.96688129565841;0.137256049512091;-1.1988935927166
5.78;-0.965433322966251;0.154001024131984;-1.1988935927166
5.79;-0.963818233739894;0.170671056255621;-1.1988935927166
5.8;-0.962036799337334;0.187261277667429;-1.1988935927166
5.81;-0.960089839654567;0.203766852442789;-1.1988935927166
5.82;-0.957978222796398;0.22018297834215;-1.1988935927166
5.83;-0.955702864733361;0.236504888192663;-1.1988935927166
5.84;-0.953264728944883;0.252727851256923;-1.1988935927166
5.85;-0.950664826048819;0.268847174588434;-1.1988935927166
5.86;-0.947904213417493;0.284858204373419;-1.1988935927166
5.87;-0.944983994780384;0.300756327258595;-1.1988935927166
5.88;-0.941905319813599;0.316536971664535;-1.1988935927166
5.89;-0.938669383716277;0.332195609084253;-1.1988935927166
5.9;-0.935277426774081;0.347727755366639;-1.1988935927166
5.91;-0.931730733909915;0.363128971984404;-1.1988935927166
5.92;-0.928030634222041;0.378394867286159;-1.1988935927166
5.93;-0.924178500509745;0.393521097732294;-1.1988935927166
5.94;-0.920175748786719;0.408503369114314;-1.1988935927166
5.95;-0.916023837782322;0.423337437757286;-1.1988935927166
5.96;-0.9117242684309;0.438019111705078;-1.1988935927166
5.97;-0.907278583349327;0.45254425188805;-1.1988935927166
5.98;-0.902688366302951;0.466908773272894;-1.1988935927166
5.99;-0.897955241660121;0.481108645994291;-1.1988935927166
6;-0.893080873835488;0.495139896468091;-1.1988935927166
6.01;-0.888066966722247;0.508998608485711;-1.1988935927166
6.02;-0.88291526311353;0.522680924289444;-1.1988935927166
6.03;-0.877627544113129;0.536183045628409;-1.1988935927166
6.04;-0.872205628535748;0.549501234794842;-1.1988935927166
6.05;-0.866651372296978;0.562631815640463;-1.1988935927166
6.06;-0.860966667793209;0.575571174572634;-1.1988935927166
6.07;-0.855153443271662;0.588315761530061;-1.1988935927166
6.08;-0.84921366219076;0.600862090937777;-1.1988935927166
6.09;-0.84314932257105;0.613206742641143;-1.1988935927166
6.1;-0.836962456336866;0.625346362818641;-1.1988935927166
6.11;-0.830655128648977;0.637277664873215;-1.1988935927166
6.12;-0.824229437228405;0.648997430301923;-1.1988935927166
6.13;-0.817687511671656;0.660502509543689;-1.1988935927166
6.14;-0.811031512757562;0.671789822804924;-1.1988935927166
6.15;-0.804263631745977;0.682856360862825;-1.1988935927166
6.16;-0.797386089668538;0.693699185846129;-1.1988935927166
6.17;-0.790401136611715;0.704315431993142;-1.1988935927166
6.18;-0.783311050992391;0.71470230638685;-1.1988935927166
6.19;-0.776118138826192;0.724857089666927;-1.1988935927166
6.2;-0.768824732988803;0.734777136718475;-1.1988935927166
6.21;-0.761433192470498;0.744459877337318;-1.1988935927166
6.22;-0.753945901624125;0.753902816871705;-1.1988935927166
6.23;-0.746365269406784;0.763103536840253;-1.1988935927166
6.24;-0.73869372861543;0.772059695526008;-1.1988935927166
6.25;-0.730933735116641;0.780769028546459;-1.1988935927166
6.26;-0.723087767070802;0.789229349399402;-1.1988935927166
6.27;-0.715158324150927;0.797438549984517;-1.1988935927166
6.28;-0.707147926756393;0.805394601100543;-1.1988935927166
6.29;-0.699059115221792;0.813095552917955;-1.1988935927166
6.3;-0.690894449021185;0.82053953542703;-1.1988935927166
6.31;-0.682656505967973;0.827724758861216;-1.1988935927166
6.32;-0.674347881410653;0.834649514095727;-1.1988935927166
6.33;-0.665971187424701;0.841312173021269;-1.1988935927166
6.34;-0.657529052000821;0.847711188892849;-1.1988935927166
6.35;-0.649024118229828;0.853845096653586;-1.1988935927166
6.36;-0.640459043484402;0.859712513233483;-1.1988935927166
6.37;-0.631836498597964;0.865312137823112;-1.1988935927166
6.38;-0.623159167040935;0.87064275212216;-1.1988935927166
6.39;-0.614429744094616;0.875703220562827;-1.1988935927166
6.4;-0.60565093602295;0.880492490508033;-1.1988935927166
6.41;-0.596825459242418;0.885009592424424;-1.1988935927166
6.42;-0.587956039490312;0.889253640030175;-1.1988935927166
6.43;-0.579045410991652;0.89322383041758;-1.1988935927166
6.44;-0.570096315624981;0.896919444150439;-1.1988935927166
6.45;-0.561111502087307;0.900339845336255;-1.1988935927166
6.46;-0.552093725058435;0.903484481673269;-1.1988935927166
6.47;-0.543045744364936;0.90635288447235;-1.1988935927166
6.48;-0.533970324144019;0.908944668653788;-1.1988935927166
6.49;-0.524870232007539;0.91125953271903;-1.1988935927166
6.5;-0.515748238206408;0.913297258697409;-1.1988935927166
6.51;-0.506607114795647;0.915057712067923;-1.1988935927166
6.52;-0.497449634800331;0.916540841656141;-1.1988935927166
6.53;-0.48827857138268;0.917746679506296;-1.1988935927166
6.54;-0.47909669701054;0.918675340728651;-1.1988935927166
6.55;-0.469906782627495;0.919327023322236;-1.1988935927166
6.56;-0.460711596824874;0.919702007973035;-1.1988935927166
6.57;-0.451513905015875;0.919800657827734;-1.1988935927166
6.58;-0.442316468612066;0.919623418243143;-1.1988935927166
6.59;-0.433122044202504;0.919170816511405;-1.1988935927166
6.6;-0.423933382735702;0.918443461561112;-1.1988935927166
6.61;-0.414753228704699;0.917442043634468;-1.1988935927166
6.62;-0.405584319335466;0.91616733394063;-1.1988935927166
6.63;-0.396429383778883;0.914620184285375;-1.1988935927166
6.64;-0.387291142306524;0.912801526677242;-1.1988935927166
6.65;-0.378172305510489;0.910712372910313;-1.1988935927166
6.66;-0.369075573507512;0.90835381412379;-1.1988935927166
6.67;-0.360003635147575;0.905727020338547;-1.1988935927166
6.68;-0.350959167227262;0.902833239970833;-1.1988935927166
6.69;-0.341944833708077;0.89967379932331;-1.1988935927166
6.7;-0.332963284939949;0.896250102053619;-1.1988935927166
6.71;-0.324017156890164;0.892563628620673;-1.1988935927166
6.72;-0.315109070377916;0.888615935708873;-1.1988935927166
6.73;-0.30624163031473;0.884408655630476;-1.1988935927166
6.74;-0.297417424950949;0.879943495706306;-1.1988935927166
6.75;-0.288639025128515;0.875222237625057;-1.1988935927166
6.76;-0.279908983540252;0.870246736781398;-1.1988935927166
6.77;-0.271229833995861;0.865018921593121;-1.1988935927166
6.78;-0.262604090694838;0.859540792797577;-1.1988935927166
6.79;-0.25403424750652;0.853814422727639;-1.1988935927166
6.8;-0.245522777257463;0.84784195456745;-1.1988935927166
6.81;-0.23707213102635;0.841625601588214;-1.1988935927166
6.82;-0.228684737446633;0.835167646364282;-1.1988935927166
6.83;-0.220363002017102;0.828470439969825;-1.1988935927166
6.84;-0.21210930642057;0.821536401156338;-1.1988935927166
6.85;-0.203926007850872;0.814368015511286;-1.1988935927166
6.86;-0.195815438348357;0.80696783459815;-1.1988935927166
6.87;-0.18777990414407;0.799338475078181;-1.1988935927166
6.88;-0.179821685012788;0.791482617814144;-1.1988935927166
6.89;-0.171943033635107;0.783403006956361;-1.1988935927166
6.9;-0.16414617496874;0.775102449011355;-1.1988935927166
6.91;-0.15643330562921;0.766583811893396;-1.1988935927166
6.92;-0.148806593280105;0.757850023959279;-1.1988935927166
6.93;-0.141268176033051;0.748904073026635;-1.1988935927166
6.94;-0.133820161857589;0.739749005376107;-1.1988935927166
6.95;-0.126464628001085;0.730387924737719;-1.1988935927166
6.96;-0.11920362041886;0.720823991261762;-1.1988935927166
6.97;-0.112039153214671;0.711060420474541;-1.1988935927166
6.98;-0.104973208091708;0.701100482219309;-1.1988935927166
6.99;-0.0980077338142394;0.690947499582751;-1.1988935927166
7;-0.0911446456800641;0.680604847807339;-1.1988935927166
7.01;-0.0843858250038967;0.670075953189934;-1.1988935927166
7.02;-0.0777331186118299;0.659364291966973;-1.1988935927166
7.03;-0.0711883383470037;0.648473389186595;-1.1988935927166
7.04;-0.0647532605866106;0.637406817568085;-1.1988935927166
7.05;-0.0584296257703618;0.626168196348982;-1.1988935927166
7.06;-0.0522191379405369;0.614761190120224;-1.1988935927166
7.07;-0.0461234642937347;0.6031895076497;-1.1988935927166
7.08;-0.040144234744439;0.591456900694585;-1.1988935927166
7.09;-0.0342830415005103;0.579567162802827;-1.1988935927166
7.1;-0.0285414386507096;0.567524128104163;-1.1988935927166
7.11;-0.0229209417643589;0.555331670091056;-1.1988935927166
7.12;-0.0174230275032348;0.54299370038992;-1.1988935927166
7.13;-0.0120491332457934;0.530514167523034;-1.1988935927166
7.14;-0.00680065672381583;0.517897055661515;-1.1988935927166
7.15;-0.00167895567156303;0.505146383369751;-1.1988935927166
7.16;0.00331465251247679;0.49226620234169;-1.1988935927166
7.17;0.00817889109116827;0.479260596129359;-1.1988935927166
7.18;0.0129125243015609;0.466133678864021;-1.1988935927166
7.19;0.0175143576549008;0.45288959397037;-1.1988935927166
7.2;0.0219832382237546;0.43953251287415;-1.1988935927166
7.21;0.0263180549161813;0.426066633703596;-1.1988935927166
7.22;0.0305177387368924;0.412496179985117;-1.1988935927166
7.23;0.034581263035344;0.398825399333592;-1.1988935927166
7.24;0.0385076437407101;0.385058562137703;-1.1988935927166
7.25;0.0422959395836869;0.371199960240705;-1.1988935927166
7.26;0.0459452523050869;0.357253905617025;-1.1988935927166
7.27;0.0494547268511813;0.343224729045102;-1.1988935927166
7.28;0.0528235515557554;0.329116778776876;-1.1988935927166
7.29;0.0560509583088453;0.314934419204322;-1.1988935927166
7.3;0.059136222712128;0.300682029523435;-1.1988935927166
7.31;0.0620786642209419;0.286364002396081;-1.1988935927166
7.32;0.0648776462729166;0.271984742610107;-1.1988935927166
7.33;0.0675325764031988;0.257548665738115;-1.1988935927166
7.34;0.0700429063462603;0.243060196795318;-1.1988935927166
7.35;0.0724081321242828;0.228523768896862;-1.1988935927166
7.36;0.0746277941221143;0.213943821915033;-1.1988935927166
7.37;0.0767014771487986;0.199324801136749;-1.1988935927166
7.38;0.0786288104856831;0.184671155921728;-1.1988935927166
7.39;0.0804094679211122;0.169987338361748;-1.1988935927166
7.4;0.0820431677717199;0.15527780194139;-1.1988935927166
7.41;0.0835296728903377;0.140547000200667;-1.1988935927166
7.42;0.0848687906605395;0.125799385399932;-1.1988935927166
7.43;0.0860603729778462;0.111039407187464;-1.1988935927166
7.44;0.0871043162176204;0.0962715112701318;-1.1988935927166
7.45;0.0880005611896831;0.0815001380875193;-1.1988935927166
7.46;0.0887490930796883;0.066729721489909;-1.1988935927166
7.47;0.0893499413772961;0.051964687420515;-1.1988935927166
7.48;0.0898031797911893;0.0372094526023492;-1.1988935927166
7.49;0.0901089261509804;0.0224684232301086;-1.1988935927166
7.5;0.0902673422960616;0.0077459936674674;-1.1988935927166
7.51;0.0902786339514538;-0.00695345484984641;-1.1988935927166
7.52;0.0901430505907128;-0.0216255555048096;-1.1988935927166
7.53;0.0898608852859587;-0.036265957183322;-1.1988935927166
7.54;0.0894324745450919;-0.0508703257515103;-1.1988935927166
7.55;0.0888581981362705;-0.0654343453257469;-1.1988935927166
7.56;0.0881384788997201;-0.0799537195350152;-1.1988935927166
7.57;0.0872737825469567;-0.0944241727752558;-1.1988935927166
7.58;0.086264617447503;-0.108841451455333;-1.1988935927166
7.59;0.0851115344031844;-0.123201325234258;-1.1988935927166
7.6;0.0838151264100934;-0.137499588249322;-1.1988935927166
7.61;0.0823760284083147;-0.151732060334777;-1.1988935927166
7.62;0.0807949170195073;-0.165894588230716;-1.1988935927166
7.63;0.0790725102724434;-0.179983046781819;-1.1988935927166
7.64;0.0772095673166064;-0.193993340125605;-1.1988935927166
7.65;0.0752068881239552;-0.207921402869869;-1.1988935927166
7.66;0.0730653131789637;-0.221763201258952;-1.1988935927166
7.67;0.0707857231570494;-0.235514734328537;-1.1988935927166
7.68;0.0683690385915063;-0.249172035048613;-1.1988935927166
7.69;0.0658162195290635;-0.262731171454319;-1.1988935927166
7.7;0.0631282651741901;-0.276188247764326;-1.1988935927166
7.71;0.0603062135222741;-0.289539405486445;-1.1988935927166
7.72;0.0573511409818038;-0.302780824510168;-1.1988935927166
7.73;0.0542641619856834;-0.315908724185822;-1.1988935927166
7.74;0.0510464285918189;-0.328919364390031;-1.1988935927166
7.75;0.0476991300731116;-0.341809046577215;-1.1988935927166
7.76;0.0442234924970008;-0.354574114816801;-1.1988935927166
7.77;0.0406207782946995;-0.367210956815894;-1.1988935927166
7.78;0.0368922858202704;-0.379716004927091;-1.1988935927166
7.79;0.0330393488996907;-0.392085737141199;-1.1988935927166
7.8;0.0290633363700598;-0.404316678064552;-1.1988935927166
7.81;0.024965651609103;-0.41640539988068;-1.1988935927166
7.82;0.0207477320551308;-0.428348523296069;-1.1988935927166
7.83;0.0164110487176125;-0.440142718469735;-1.1988935927166
7.84;0.0119571056785282;-0.451784705926396;-1.1988935927166
7.85;0.00738743958466352;-0.463271257452962;-1.1988935927166
7.86;0.00270361913101566;-0.474599196978122;-1.1988935927166
7.87;-0.00209275546451973;-0.485765401434794;-1.1988935927166
7.88;-0.00700005299500805;-0.496766801605199;-1.1988935927166
7.89;-0.0120166118067071;-0.507600382948339;-1.1988935927166
7.9;-0.0171407403494932;-0.51826318640967;-1.1988935927166
7.91;-0.0223707177353029;-0.528752309212746;-1.1988935927166
7.92;-0.0277047943044099;-0.539064905632631;-1.1988935927166
7.93;-0.0331411921993522;-0.549198187750885;-1.1988935927166
7.94;-0.0386781059463267;-0.55914942619192;-1.1988935927166
7.95;-0.0443137030438619;-0.568915950840541;-1.1988935927166
7.96;-0.0500461245585814;-0.578495151540498;-1.1988935927166
7.97;-0.0558734857278659;-0.587884478773853;-1.1988935927166
7.98;-0.0617938765692229;-0.597081444321008;-1.1988935927166
7.99;-0.0678053624961685;-0.606083621901227;-1.1988935927166
8;-0.0739059849404259;-0.61488864779348;-1.1988935927166
8.01;-0.080093761980244;-0.623494221437482;-1.1988935927166
8.02;-0.0863666889746355;-0.63189810601475;-1.1988935927166
8.03;-0.0927227392033364;-0.640098129009568;-1.1988935927166
8.04;-0.0991598645122838;-0.648092182749702;-1.1988935927166
8.05;-0.105675995964408;-0.655878224926753;-1.1988935927166
8.06;-0.11226904449554;-0.663454279096023;-1.1988935927166
8.07;-0.118936901575217;-0.670818435155775;-1.1988935927166
8.08;-0.1256774398722;-0.677968849805789;-1.1988935927166
8.09;-0.132488513924468;-0.684903746985093;-1.1988935927166
8.1;-0.13936796081351;-0.691621418288803;-1.1988935927166
8.11;-0.14631360084268;-0.698120223363948;-1.1988935927166
8.12;-0.153323238219425;-0.704398590284232;-1.1988935927166
8.13;-0.160394661741153;-0.710455015903627;-1.1988935927166
8.14;-0.167525645484558;-0.716288066188748;-1.1988935927166
8.15;-0.174713949498153;-0.721896376529941;-1.1988935927166
8.16;-0.181957320497842;-0.727278652031017;-1.1988935927166
8.17;-0.189253492565266;-0.7324336677776;-1.1988935927166
8.18;-0.196600187848762;-0.73736026908403;-1.1988935927166
8.19;-0.203995117266673;-0.742057371718797;-1.1988935927166
8.2;-0.211435981212831;-0.746523962108456;-1.1988935927166
8.21;-0.218920470263974;-0.750759097520024;-1.1988935927166
8.22;-0.226446265888891;-0.754761906221822;-1.1988935927166
8.23;-0.234011041159082;-0.758531587622757;-1.1988935927166
8.24;-0.24161246146071;-0.762067412390038;-1.1988935927166
8.25;-0.249248185207634;-0.765368722545337;-1.1988935927166
8.26;-0.256915864555308;-0.768434931539386;-1.1988935927166
8.27;-0.264613146115329;-0.771265524305042;-1.1988935927166
8.28;-0.272337671670417;-0.773860057288823;-1.1988935927166
8.29;-0.280087078889612;-0.776218158460968;-1.1988935927166
8.3;-0.287859002043483;-0.778339527304025;-1.1988935927166
8.31;-0.295651072719116;-0.78022393478003;-1.1988935927166
8.32;-0.303460920534686;-0.781871223276316;-1.1988935927166
8.33;-0.311286173853386;-0.78328130653;-1.1988935927166
8.34;-0.319106481342136;-0.77726402625104;0
8.35;-0.326829665189484;-0.766234738942302;0
8.36;-0.334441604818131;-0.754994720433165;0
8.37;-0.341940209661378;-0.7435477022143;0
8.38;-0.349323426718808;-0.73189747141351;0
8.39;-0.35658924110713;-0.720047869564883;0
8.4;-0.363735676598654;-0.70800279136374;0
8.41;-0.370760796147249;-0.695766183407796;0
8.42;-0.37766270240165;-0.683342042924924;0
8.43;-0.384439538205989;-0.670734416487922;0
8.44;-0.391089487087414;-0.657947398716708;0
8.45;-0.397610773730676;-0.644985130968338;0
8.46;-0.404001664439559;-0.631851800015259;0
8.47;-0.410260467585047;-0.618551636712234;0
8.48;-0.416385534040109;-0.605088914652329;0
8.49;-0.42237525760099;-0.591467948812412;0
8.5;-0.428228075394922;-0.577693094188561;0
8.51;-0.433942468274139;-0.563768744421837;0
8.52;-0.439516961196105;-0.549699330414818;0
8.53;-0.444950123589875;-0.535489318939355;0
8.54;-0.45024056970849;-0.521143211235959;0
8.55;-0.455386958967333;-0.506665541605271;0
8.56;-0.46038799626836;-0.492060875992033;0
8.57;-0.465242432310149;-0.477333810562019;0
8.58;-0.469949063883679;-0.462488970272338;0
8.59;-0.474506734153783;-0.44753100743558;0
8.6;-0.478914332926228;-0.432464600278217;0
8.61;-0.483170796900342;-0.417294451493717;0
8.62;-0.487275109907154;-0.402025286790816;0
8.63;-0.491226303133002;-0.386661853437378;0
8.64;-0.495023455328552;-0.371208918800299;0
8.65;-0.498665693003209;-0.355671268881899;0
8.66;-0.502152190604871;-0.340053706853234;0
8.67;-0.505482170685008;-0.324361051584791;0
8.68;-0.508654904049033;-0.308598136174998;0
8.69;-0.511669709891959;-0.292769806476999;0
8.7;-0.514525955919304;-0.276880919624139;0
8.71;-0.517223058453263;-0.260936342554597;0
8.72;-0.519760482524108;-0.244940950535623;0
8.73;-0.522137741946842;-0.228899625687808;0
8.74;-0.524354399383092;-0.212817255509838;0
8.75;-0.526410066388256;-0.196698731404175;0
8.76;-0.528304403443907;-0.180548947204096;0
8.77;-0.530037119975485;-0.164372797702536;0
8.78;-0.531607974355275;-0.148175177183178;0
8.79;-0.533016773890722;-0.131960977954212;0
8.8;-0.534263374798082;-0.115735088885207;0
8.81;-0.535347682161467;-0.0995023939475378;0
8.82;-0.536269649877311;-0.0832677707587758;0
8.83;-0.537029280584296;-0.0670360891314947;0
8.84;-0.537626625578791;-0.0508122096269067;0
8.85;-0.538061784715845;-0.0346009821137583;0
8.86;-0.538334906295804;-0.0184072443329085;0
8.87;-0.538446186936589;-0.00223582046800857;0
8.88;-0.538395871431719;0.0139084802772969;0
8.89;-0.538184252594134;0.0300208650952337;0
8.9;-0.537811671085892;0.0460965589824133;0
8.91;-0.537278515233811;0.0621308061405903;0
8.92;-0.53658522083115;0.0781188713692554;0
8.93;-0.53573227092539;0.0940560414496611;0
8.94;-0.534720195592229;0.109937626519878;0
8.95;-0.533549571695851;0.125758961440491;0
8.96;-0.532221022635599;0.141515407150526;0
8.97;-0.530735218079121;0.157202352013248;0
8.98;-0.529092873682113;0.172815213151404;0
8.99;-0.527294750794753;0.188349437771568;0
9;-0.525341656154946;0.203800504477178;0
9.01;-0.523234441568491;0.219163924569918;0
9.02;-0.520974003576282;0.23443524333905;0
9.03;-0.518561283108681;0.249610041338346;0
9.04;-0.515997265127169;0.264683935650262;0
9.05;-0.513282978253421;0.279652581136976;0
9.06;-0.510419494385927;0.294511671677959;0
9.07;-0.507407928304303;0.309256941393726;0
9.08;-0.504249437261422;0.323884165855412;0
9.09;-0.500945220563521;0.338389163279851;0
9.1;-0.49749651913842;0.352767795709819;0
9.11;-0.493904615092006;0.367015970179099;0
9.12;-0.490170831253136;0.381129639862076;0
9.13;-0.486296530707119;0.395104805207508;0
9.14;-0.482283116317928;0.408937515056187;0
9.15;-0.478132030239308;0.422623867742171;0
9.16;-0.473844753414953;0.436160012177284;0
9.17;-0.469422805067907;0.449542148918597;0
9.18;-0.464867742179375;0.462766531218589;0
9.19;-0.460181158957106;0.475829466057706;0
9.2;-0.455364686293529;0.488727315159041;0
9.21;-0.450419991213835;0.501456495984868;0
9.22;-0.44534877631416;0.514013482714739;0
9.23;-0.440152779190085;0.526394807204912;0
9.24;-0.434833771855619;0.538597059928837;0
9.25;-0.429393560152864;0.550616890898452;0
9.26;-0.423833983152559;0.562451010566049;0
9.27;-0.418156912545687;0.574096190706479;0
9.28;-0.412364252026353;0.585549265279445;0
9.29;-0.406457936666132;0.596807131271686;0
9.3;-0.400439932280079;0.607866749518816;0
9.31;-0.394312234784622;0.618725145506605;0
9.32;-0.388076869547525;0.629379410151513;0
9.33;-0.381735890730153;0.639826700560265;0
9.34;-0.375291380622224;0.650064240768274;0
9.35;-0.368745448969276;0.660089322456744;0
9.36;-0.362100232293067;0.66989930564825;0
9.37;-0.355357893205105;0.679491619380646;0
9.38;-0.348520619713548;0.688863762359124;0
9.39;-0.341590624523673;0.698013303586265;0
9.4;-0.334570144332149;0.706937882969942;0
9.41;-0.327461439115332;0.715635211908915;0
9.42;-0.320266791411802;0.724103073856001;0
9.43;-0.312988505599373;0.732339324858661;0
9.44;-0.305628907166794;0.740341894076914;0
9.45;-0.298190341980379;0.748108784278432;0
9.46;-0.290675175545787;0.755638072310727;0
9.47;-0.283085792265181;0.762927909550315;0
9.48;-0.275424594690004;0.769976522328772;0
9.49;-0.267694002769594;0.776782212335583;0
9.5;-0.259896453095881;0.783343356997718;0
9.51;-0.252034398144386;0.789658409835843;0
9.52;-0.244110305511771;0.795725900797118;0
9.53;-0.236126657150159;0.801544436564502;0
9.54;-0.228085948598474;0.807112700842541;0
9.55;-0.219990688211021;0.812429454619557;0
9.56;-0.211843396383562;0.817493536406235;0
9.57;-0.2036466047771;0.822303862450554;0
9.58;-0.195402855539627;0.826859426929051;0
9.59;-0.187114700526068;0.83115930211439;0
9.6;-0.178784700516648;0.835202638519239;0
9.61;-0.170415424433934;0.838988665016445;0
9.62;-0.16200944855878;0.842516688935508;0
9.63;-0.153569355745415;0.845786096135379;0
9.64;-0.145097734635901;0.84879635105359;0
9.65;-0.136597178874221;0.851546996731739;0
9.66;-0.128070286320206;0.854037654817378;0
9.67;-0.119519658263555;0.856268025542329;0
9.68;-0.110947898638175;0.858237887677481;0
9.69;-0.102357613237084;0.859947098464127;0
9.7;-0.0937514089280946;0.861395593521887;0
9.71;-0.0851318928705384;0.862583386733306;0
9.72;-0.0765016717332373;0.863510570105179;0
9.73;-0.0678633509139716;0.864177313606707;0
9.74;-0.0592195337606688;0.86458386498455;0
9.75;-0.0505728207945461;0.864730549554893;0
9.76;-0.0419258089354347;0.86461776997261;0
9.77;-0.0332810907295159;0.864246005977645;0
9.78;-0.0246412535796945;0.86361581411872;0
9.79;-0.0160088789788378;0.862727827454498;0
9.8;-0.0073865417461029;0.861582755232319;0
9.81;0.00122319073342189;0.860181382544653;0
9.82;0.0098177592655414;0.858524569963409;0
9.83;0.0183946136000212;0.856613253152242;0
9.84;0.0269512131796804;0.854448442457026;0
9.85;0.0354850278852907;0.852031222474631;0
9.86;0.0439935387760673;0.849362751600197;0
9.87;0.0524742388255355;0.846444261553053;0
9.88;0.0609246336525611;0.84327705688148;0
9.89;0.069342242247335;0.83986251444649;0
9.9;0.0777245976921002;0.836202082884812;0
9.91;0.086069247876417;0.832297282051294;0
9.92;0.0943737562067599;0.828149702440906;0
9.93;0.102635702310244;0.823761004590569;0
9.94;0.110852682732278;0.81913291846101;0
9.95;0.11902231162795;0.814267242798873;0
9.96;0.127142221446943;0.809165844479305;0
9.97;0.135210063611789;0.803830657829251;0
9.98;0.143223509189276;0.798263683931691;0
9.99;0.151180249554803;0.792466989911063;0
10;0.159077997049516;0.786442708200118;0
10.01;0.16691448563002;0.780193035788457;0
10.02;0.174687471510501;0.773720233453007;0
10.03;0.182394733797073;0.767026624970704;0
10.04;0.190034075114165;0.760114596313636;0
10.05;0.197603322222796;0.752986594826932;0
10.06;0.205100326630533;0.745645128389666;0
10.07;0.212522965193002;0.738092764559054;0
10.08;0.219869140706753;0.730332129698233;0
10.09;0.227136782493336;0.72236590808792;0
10.1;0.234323846974419;0.714196841022221;0
10.11;0.241428318237801;0.705827725888919;0
10.12;0.248448208594147;0.697261415234517;0
10.13;0.255381559124321;0.68850081581436;0
10.14;0.262226440217136;0.679548887628136;0
10.15;0.268980952097416;0.670408642941078;0
10.16;0.275643225344185;0.661083145291175;0
10.17;0.282211421398884;0.651575508482726;0
10.18;0.288683733063451;0.641888895566554;0
10.19;0.295058384988152;0.632026517807208;0
10.2;0.301333634149025;0.621991633637489;0
10.21;0.307507770314808;0.611787547600637;0
10.22;0.313579116503244;0.601417609280508;0
10.23;0.319546029426625;0.590885212220091;0
10.24;0.32540689992648;0.58019379282871;0
10.25;0.331160153397277;0.569346829278247;0
10.26;0.336804250199042;0.55834784038875;0
10.27;0.342337686058792;0.547200384503769;0
10.28;0.347758992460666;0.535908058355778;0
10.29;0.353066737024681;0.524474495922035;0
10.3;0.358259523873989;0.512903367271252;0
10.31;0.363335993990578;0.501198377401423;0
10.32;0.368294825559295;0.489363265069179;0
10.33;0.37313473430014;0.477401801611038;0
10.34;0.377854473788732;0.465317789756911;0
10.35;0.382452835764871;0.453115062436244;0
10.36;0.386928650429143;0.440797481577146;0
10.37;0.391280786727472;0.428368936898906;0
10.38;0.395508152623578;0.415833344698236;0
10.39;0.399609695359266;0.403194646629649;0
10.4;0.403584401702497;0.390456808480321;0
10.41;0.40743129818318;0.377623818939831;0
10.42;0.411149451316645;0.364699688365147;0
10.43;0.414737967814742;0.351688447541239;0
10.44;0.418195994784528;0.338594146437703;0
10.45;0.421522719914507;0.325420852961764;0
10.46;0.424717371648379;0.312172651708054;0
10.47;0.427779219346282;0.298853642705528;0
10.48;0.430707573433482;0.285467940161913;0
10.49;0.433501785536509;0.272019671206059;0
10.5;0.436161248606697;0.258512974628589;0
10.51;0.43868539703113;0.244951999621203;0
10.52;0.441073706730982;0.231340904515041;0
10.53;0.443325695247224;0.217683855518472;0
10.54;0.445440921813719;0.203985025454692;0
10.55;0.447418987417692;0.190248592499506;0
10.56;0.449259534847574;0.176478738919678;0
10.57;0.450962248728239;0.162679649812221;0
10.58;0.452526855543641;0.148855511845005;0
10.59;0.453953123646856;0.135010511999062;0
10.6;0.455240863257565;0.121148836312955;0
10.61;0.456389926446987;0.107274668629587;0
10.62;0.457400207110294;0.0933921893458291;0
10.63;0.458271640926533;0.0795055741653189;0
10.64;0.459004205306098;0.0656189928548198;0
10.65;0.459597919325775;0.051736608004492;0
10.66;0.460052843651415;0.0378625737924468;0
10.67;0.460369080448273;0.0240010347539454;0
10.68;0.460546773279054;0.0101561245556042;0
10.69;0.460586106989734;-0.00366803522503592;0
10.7;0.460487307583197;-0.0174673363142179;0
10.71;0.460250642080753;-0.0312376849506026;0
10.72;0.4598764183716;-0.0449750030874741;0
10.73;0.45936498505029;-0.0586752295881688;0
10.74;0.458716731242275;-0.0723343214143813;0
10.75;0.457932086417608;-0.085948254807002;0
10.76;0.45701152019286;-0.0995130264591468;0
10.77;0.455955542121352;-0.11302465468104;0
10.78;0.454764701471774;-0.126479180556413;0
10.79;0.453439586995273;-0.139872669090094;0
10.8;0.451980826681119;-0.15320121034645;0
10.81;0.450389087501017;-0.16646092057836;0
10.82;0.448665075142174;-0.179647943346404;0
10.83;0.446809533729232;-0.192758450627935;0
10.84;0.444823245535137;-0.205788643915728;0
10.85;0.44270703068109;-0.218734755305901;0
10.86;0.440461746825648;-0.231593048574782;0
10.87;0.43808828884313;-0.244359820244435;0
10.88;0.435587588491394;-0.257031400636537;0
10.89;0.432960614069153;-0.269604154914313;0
10.9;0.430208370062911;-0.282074484112232;0
10.91;0.427331896783661;-0.294438826153191;0
10.92;0.424332269993477;-0.306693656852877;0
10.93;0.421210600522106;-0.318835490911059;0
10.94;0.417968033873721;-0.330860882889515;0
10.95;0.414605749823949;-0.342766428176322;0
10.96;0.41112496200732;-0.354548763936267;0
10.97;0.407526917495272;-0.366204570047082;0
10.98;0.403812896364866;-0.377730570021283;0
10.99;0.39998421125834;-0.389123531913334;0
11;0.396042206933664;-0.400380269211907;0
11.01;0.391988259806238;-0.41149764171698;0
11.02;0.387823777481887;-0.422472556401558;0
11.03;0.383550198281313;-0.43330196825776;0
11.04;0.379168990756151;-0.443982881127069;0
11.05;0.374681653196801;-0.454512348514498;0
11.06;0.37008971313219;-0.464887474386485;0
11.07;0.365394726821623;-0.475105413952277;0
11.08;0.360598278738904;-0.485163374428621;0
11.09;0.35570198104888;-0.495058615787546;0
11.1;0.350707473076589;-0.504788451487042;0
11.11;0.345616420769169;-0.514350249184459;0
11.12;0.340430516150726;-0.523741431432426;0
11.13;0.33515147677031;-0.532959476357124;0
11.14;0.329781045143194;-0.542001918318727;0
11.15;0.324320988185627;-0.550866348553858;0
11.16;0.318773096643247;-0.559550415799892;0
11.17;0.313139184513329;-0.568051826900942;0
11.18;0.30742108846106;-0.576368347395395;0
11.19;0.301620667230023;-0.584497802084834;0
11.2;0.295739801047066;-0.592438075584227;0
11.21;0.289780391021772;-0.600187112853236;0
11.22;0.283744358540682;-0.607742919708521;0
11.23;0.277633644656495;-0.615103563316929;0
11.24;0.271450209472415;-0.622267172669435;0
11.25;0.265196031521851;-0.629231939035748;0
11.26;0.258873107143651;-0.635996116399454;0
11.27;0.252483449853081;-0.642558021873621;0
11.28;0.24602908970873;-0.648916036096763;0
11.29;0.239512072675545;-0.655068603609084;0
11.3;0.232934459984199;-0.661014233208912;0
11.31;0.22629832748697;-0.666751498289269;0
11.32;0.219605765010362;-0.672279037154491;0
11.33;0.212858875704634;-0.677595553316852;0
11.34;0.206059775390464;-0.682699815773127;0
11.35;0.199210591902928;-0.687590659261053;0
11.36;0.192313464433016;-0.692266984495642;0
11.37;0.185370542866867;-0.696727758385308;0
11.38;0.178383987122938;-0.700972014227785;0
11.39;0.171355966487301;-0.704998851885803;0
11.4;0.164288658947279;-0.708807437942513;0
11.41;0.157184250523619;-0.712397005836637;0
11.42;0.150044934601397;-0.715766855977355;0
11.43;0.142872911259876;-0.718916355838914;0
11.44;0.1356703866015;-0.72184494003497;0
11.45;0.128439572080245;-0.724552110372676;0
11.46;0.121182683829511;-0.727037435886544;0
11.47;0.113901941989769;-0.729300552852082;0
11.48;0.106599570036168;-0.731341164779265;0
11.49;0.0992777941062937;-0.733159042385853;0
11.5;0.0919388423282793;-0.734754023550616;0
11.51;0.0845849441494851;-0.736126013246502;0
11.52;0.0772183296659286;-0.737274983453811;0
11.53;0.0698412289526752;-0.73820097305343;0
11.54;0.0624558713953862;-0.738904087700196;0
11.55;0.0550644850232216;-0.739384499676469;0
11.56;0.0476692958432967;-0.739642447725968;0
11.57;0.0402725271768879;-0.73967823686799;0
11.58;0.0328763989975852;-0.739492238192065;0
11.59;0.0254831272715855;-0.739084888633167;0
11.6;0.0180949233003205;-0.738456690727571;0
11.61;0.0107139930656136;-0.737608212349468;0
11.62;0.00334253657755577;-0.736540086428442;0
11.63;-0.00401725277470655;-0.735253010647933;0
11.64;-0.011363188869084;-0.733747747124813;0
11.65;-0.0186930934933674;-0.732025122070189;0
11.66;-0.0260047969845756;-0.730086025431584;0
11.67;-0.033296138864641;-0.727931410516622;0
11.68;-0.0405649684722498;-0.725562293598371;0
11.69;-0.0478091455906538;-0.722979753502484;0
11.7;-0.0550265410712718;-0.720184931176308;0
11.71;-0.0622150374529015;-0.717179029240102;0
11.72;-0.0693725295763645;-0.713963311520545;0
11.73;-0.0764969251944063;-0.710539102566698;0
11.74;-0.0835861455766781;-0.706907787148593;0
11.75;-0.0906381261096272;-0.703070809738635;0
11.76;-0.097650816891124;-0.699029673975998;0
11.77;-0.104622183319658;-0.694785942114204;0
11.78;-0.111550206677934;-0.690341234452083;0
11.79;-0.118432884710704;-0.68569722874831;0
11.8;-0.125268232196672;-0.680855659619729;0
11.81;-0.132054281514308;-0.675818317923654;0
11.82;-0.138789083201417;-0.670587050124394;0
11.83;-0.145470706508297;-0.665163757644173;0
11.84;-0.152097239944346;-0.659550396198717;0
11.85;-0.158666791817949;-0.653748975117683;0
11.86;-0.165177490769501;-0.647761556650208;0
11.87;-0.171627486297429;-0.641590255255768;0
11.88;-0.178014949277047;-0.635237236880619;0
11.89;-0.184338072472117;-0.628704718220043;0
11.9;-0.190595071038967;-0.621994965966648;0
11.91;-0.196784183023032;-0.615110296044974;0
11.92;-0.20290366984768;-0.60805307283266;0
11.93;-0.208951816795188;-0.60082570836842;0
11.94;-0.214926933479743;-0.593430661547092;0
11.95;-0.220827354312333;-0.585870437302036;0
11.96;-0.226651438957407;-0.578147585775122;0
11.97;-0.232397572781183;-0.570264701474605;0
11.98;-0.238064167291474;-0.562224422421139;0
11.99;-0.243649660568932;-0.554029429282219;0
12;-0.249152517689575;-0.545682444495331;0
12.01;-0.254571231138503;-0.53718623138008;0
12.02;-0.259904321214682;-0.528543593239597;0
12.03;-0.265150336426703;-0.519757372451495;0
12.04;-0.270307853879389;-0.510830449548687;0
12.05;-0.275375479651184;-0.501765742290336;0
12.06;-0.280351849162196;-0.492566204723247;0
12.07;-0.285235627532815;-0.483234826233994;0
12.08;-0.290025509932813;-0.473774630592084;0
12.09;-0.294720221920837;-0.464188674984456;0
12.1;-0.299318519774203;-0.454480049041624;0
12.11;-0.303819190808926;-0.444651873855768;0
12.12;-0.308221053689885;-0.434707300991081;0
12.13;-0.312522958731065;-0.424649511486687;0
12.14;-0.31672378818579;-0.414481714852428;0
12.15;-0.320822456526889;-0.404207148057851;0
12.16;-0.324817910716719;-0.393829074514699;0
12.17;-0.328709130466983;-0.383350783053222;0
12.18;-0.332495128488289;-0.37277558689263;0
12.19;-0.336174950729388;-0.362106822606006;0
12.2;-0.33974767660603;-0.351347849079991;0
12.21;-0.343212419219405;-0.340502046469579;0
12.22;-0.346568325564104;-0.329572815148323;0
12.23;-0.349814576725564;-0.318563574654289;0
12.24;-0.352950388066958;-0.307477762632077;0
12.25;-0.355975009405484;-0.296318833771231;0
12.26;-0.358887725178025;-0.285090258741364;0
12.27;-0.361687854596149;-0.273795523124326;0
12.28;-0.364374751790412;-0.262438126343734;0
12.29;-0.366947805943954;-0.251021580592196;0
12.3;-0.369406441415352;-0.239549409756542;0
12.31;-0.371750117850722;-0.228025148341412;0
12.32;-0.373978330285043;-0.216452340391497;0
12.33;-0.37609060923271;-0.204834538412781;0
12.34;-0.378086520767284;-0.193175302293096;0
12.35;-0.379965666590458;-0.181478198222322;0
12.36;-0.381727684090211;-0.169746797612554;0
12.37;-0.383372246388177;-0.157984676018558;0
12.38;-0.384899062376216;-0.14619541205884;0
12.39;-0.386307876742194;-0.134382586337653;0
12.4;-0.387598469985001;-0.122549780368261;0
12.41;-0.388770658418797;-0.110700575497781;0
12.42;-0.389824294166519;-0.0988385518339174;0
12.43;-0.390759265142671;-0.0869672871739246;0
12.44;-0.391575495025399;-0.0750903559360907;0
12.45;-0.392272943217913;-0.0632113280940768;0
12.46;-0.392851604799251;-0.0513337681144192;0
12.47;-0.393311510464441;-0.0394612338975076;0
12.48;-0.393652726454088;-0.0275972757223521;0
12.49;-0.393875354473427;-0.0157454351954492;0
12.5;-0.393979531600881;-0.00390924420405223;0
12.51;-0.393965430186179;0.00790777612584371;0
12.52;-0.393833257738071;0.0197021164665018;0
12.53;-0.393583256801699;0.0314702803201237;0
12.54;-0.393215704825672;0.0432087850449113;0
12.55;-0.392730914018918;0.0549141628752107;0
12.56;-0.392129231197347;0.0665829619354447;0
12.57;-0.391411037620415;0.0782117472475387;0
12.58;-0.390576748817641;0.0897971017315501;0
12.59;-0.389626814405146;0.101335627199213;0
12.6;-0.388561717892294;0.112823945340112;0
12.61;-0.387381976478505;0.124258698700204;0
12.62;-0.386088140840314;0.135636551652402;0
12.63;-0.384680794908765;0.146954191358954;0
12.64;-0.38316055563722;0.158208328725333;0
12.65;-0.381528072759663;0.169395699345369;0
12.66;-0.379784028539601;0.180513064437361;0
12.67;-0.377929137509634;0.191557211770892;0
12.68;-0.375964146201813;0.202524956584099;0
12.69;-0.37388983286886;0.213413142491127;0
12.7;-0.37170700719636;0.224218642379522;0
12.71;-0.36941651000603;0.234938359297304;0
12.72;-0.367019212950156;0.245569227329473;0
12.73;-0.364516018197326;0.25610821246371;0
12.74;-0.361907858109539;0.266552313445019;0
12.75;-0.359195694910836;0.276898562619093;0
12.76;-0.356380520347532;0.287144026764143;0
12.77;-0.3534633553402;0.297285807910991;0
12.78;-0.350445249627488;0.307321044151172;0
12.79;-0.347327281401928;0.317246910432852;0
12.8;-0.344110556937832;0.327060619344316;0
12.81;-0.340796210211409;0.336759421884838;0
12.82;-0.337385402513233;0.346340608222705;0
12.83;-0.333879322053196;0.355801508440197;0
12.84;-0.330279183558054;0.365139493265326;0
12.85;-0.326586227861736;0.374351974790133;0
12.86;-0.322801721488516;0.383436407175345;0
12.87;-0.318926956229206;0.392390287341219;0
12.88;-0.314963248710505;0.401211155644374;0
12.89;-0.310911939957642;0.409896596540445;0
12.9;-0.306774394950454;0.418444239232371;0
12.91;-0.302552002173051;0.426851758304168;0
12.92;-0.298246173157208;0.435116874339995;0
12.93;-0.293858342019631;0.443237354528378;0
12.94;-0.289389964993247;0.451211013251419;0
12.95;-0.284842519952678;0.459035712658848;0
12.96;-0.280217505934032;0.46670936322677;0
12.97;-0.275516442649188;0.474229924300965;0
12.98;-0.270740869994703;0.481595404624602;0
12.99;-0.265892347555529;0.488803862850245;0
13;-0.260972454103671;0.495853408036012;0
13.01;-0.255982787091953;0.502742200125777;0
13.02;-0.250924962143065;0.509468450413284;0
13.03;-0.245800612534031;0.516030421990086;0
13.04;-0.240611388676278;0.522426430177171;0
13.05;-0.235358957591454;0.5286548429402;0
13.06;-0.230045002383182;0.534714081288247;0
13.07;-0.224671221704884;0.540602619655954;0
13.08;-0.219239329223872;0.546318986269017;0
13.09;-0.213751053081852;0.551861763492912;0
13.1;-0.208208135352022;0.557229588164799;0
13.11;-0.202612331492918;0.562421151908528;0
13.12;-0.196965409799196;0.567435201432677;0
13.13;-0.191269150849507;0.572270538811564;0
13.14;-0.185525346951633;0.576926021749188;0
13.15;-0.17973580158507;0.581400563826029;0
13.16;-0.173902328841215;0.585693134728685;0
13.17;-0.168026752861332;0.589802760462289;0
13.18;-0.162110907272477;0.593728523545682;0
13.19;-0.156156634621544;0.597469563189311;0
13.2;-0.150165785807613;0.601025075455821;0
13.21;-0.144140219512771;0.604394313403338;0
13.22;-0.138081801631571;0.607576587211415;0
13.23;-0.131992404699321;0.610571264289638;0
13.24;-0.125873907319352;0.613377769368895;0
13.25;-0.119728193589464;0.615995584575302;0
13.26;-0.113557152527701;0.618424249486796;0
13.27;-0.107362677497644;0.620663361172411;0
13.28;-0.101146665633384;0.622712574214255;0
13.29;-0.0949110172643607;0.624571600712204;0
13.3;-0.0886576353402206;0.626240210271351;0
13.31;-0.0823884248558904;0.627718229972234;0
13.32;-0.0761052922770167;0.629005544323893;0
13.33;-0.0698101449659558;0.630102095199786;0
13.34;-0.063504890608481;0.631007881756625;0
13.35;-0.0571914366413776;0.631722960336174;0
13.36;-0.0508716896810969;0.632247444350083;0
13.37;-0.0445475549536374;0.632581504147802;0
13.38;-0.0382209357258236;0.632725366867664;0
13.39;-0.0318937327381487;0.632679316271195;0
13.4;-0.0255678436393495;0.632443692560736;0
13.41;-0.0192451624228802;0.632018892180462;0
13.42;-0.0129275788654502;0.631405367600883;0
13.43;-0.00661697796779098;0.630603627086918;0
13.44;-0.000315239397815338;0.629614234449647;0
13.45;0.005975763063667;0.628437808781839;0
13.46;0.0122541620745171;0.627075024177356;0
13.47;0.0185180972799561;0.625526609434566;0
13.48;0.0247657158582172;0.623793347743848;0
13.49;0.0309951730630019;0.621876076359353;0
13.5;0.0372046327625823;0.6197756862551;0
13.51;0.043392267975396;0.617493121765577;0
13.52;0.0495562614019766;0.615029380210954;0
13.53;0.0556948059530675;0.612385511507065;0
13.54;0.0618061052737688;0.609562617760284;0
13.55;0.0678883742635638;0.606561852847468;0
13.56;0.0739398395920796;0.603384421981083;0
13.57;0.0799587402104324;0.600031581259708;0
13.58;0.0859433278580122;0.596504637204048;0
13.59;0.0918918675645639;0.592804946278631;0
13.6;0.097802638147421;0.588933914399356;0
13.61;0.103673932703752;0.584892996427065;0
13.62;0.109504059097678;0.580683695647313;0
13.63;0.115291340442134;0.576307563236518;0
13.64;0.12103411557532;0.571766197714669;0
13.65;0.126730739531626;0.567061244384785;0
13.66;0.132379584006897;0.562194394759314;0
13.67;0.137979037817891;0.557167385973666;0
13.68;0.14352750735583;0.551982000187077;0
13.69;0.14902341703389;0.54664006397101;0
13.7;0.154465209728532;0.541143447685284;0
13.71;0.159851347214529;0.535494064842166;0
13.72;0.165180310593587;0.529693871458602;0
13.73;0.170450600716434;0.523744865396833;0
13.74;0.175660738598264;0.517649085693599;0
13.75;0.180809265827422;0.511408611878145;0
13.76;0.18589474496722;0.505025563279272;0
13.77;0.190915759950772;0.498502098321643;0
13.78;0.195870916468754;0.491840413811577;0
13.79;0.200758842349959;0.485042744212569;0
13.8;0.205578187934581;0.478111360910769;0
13.81;0.210327626440095;0.471048571470649;0
13.82;0.215005854319655;0.463856718881109;0
13.83;0.219611591612915;0.456538180792256;0
13.84;0.224143582289169;0.449095368743112;0
13.85;0.228600594582737;0.441530727380483;0
13.86;0.232981421320489;0.43384673366925;0
13.87;0.237284880241451;0.426045896094329;0
13.88;0.241509814308375;0.418130753854551;0
13.89;0.245655092011228;0.410103876048729;0
13.9;0.249719607662498;0.401967860854151;0
13.91;0.253702281684257;0.393725334697772;0
13.92;0.257602060886899;0.385378951420369;0
13.93;0.261417918739498;0.376931391433904;0
13.94;0.265148855631696;0.368385360872374;0
13.95;0.268793899127086;0.359743590736419;0
13.96;0.272352104208001;0.351008836031929;0
13.97;0.275822553511676;0.342183874902952;0
13.98;0.2792043575577;0.333271507759146;0
13.99;0.282496654966733;0.324274556398059;0
14;0.285698612670414;0.315195863122511;0
14.01;0.288809426112422;0.306038289853336;0
14.02;0.291828319440656;0.296804717237781;0
14.03;0.294754545690461;0.287498043753812;0
14.04;0.297587386958899;0.278121184810623;0
14.05;0.300326154569995;0.268677071845608;0
14.06;0.302970189230948;0.259168651418092;0
14.07;0.305518861179257;0.249598884300073;0
14.08;0.307971570320748;0.239970744564274;0
14.09;0.310327746358468;0.230287218669776;0
14.1;0.312586848912425;0.220551304545506;0
14.11;0.31474836763016;0.210766010671864;0
14.12;0.316811822288114;0.200934355160764;0
14.13;0.318776762883808;0.191059364834371;0
14.14;0.32064276971879;0.181144074302808;0
14.15;0.322409453472363;0.171191525041118;0
14.16;0.324076455266079;0.161204764465748;0
14.17;0.325643446718997;0.151186845010842;0
14.18;0.327110129993702;0.141140823204623;0
14.19;0.32847623783309;0.131069758746126;0
14.2;0.329741533587928;0.120976713582571;0
14.21;0.330905811235181;0.110864750987653;0
14.22;0.33196889538714;0.100736934641009;0
14.23;0.332930641291337;0.0905963277091533;0
14.24;0.333790934821292;0.0804459919281404;0
14.25;0.334549692458081;0.0702889866882386;0
14.26;0.335206861262771;0.060128368120876;0
14.27;0.335762418839731;0.0499671881881341;0
14.28;0.336216373290853;0.0398084937750558;0
14.29;0.336568763160706;0.0296553257850357;0
14.3;0.336819657372662;0.0195107182385578;0
14.31;0.336969155156024;0.00937769737554516;0
14.32;0.337017385964195;-0.000740719238414512;0
14.33;0.33696450938393;-0.0108415236017079;0
14.34;0.336810715035706;-0.0209217181619385;0
14.35;0.336556222465264;-0.030978316696516;0
14.36;0.336201281026367;-0.0410083451883351;0
14.37;0.335746169754823;-0.0510088426962918;0
14.38;0.335191197233827;-0.0609768622203825;0
14.39;0.33453670145068;-0.0709094715611385;0
14.4;0.333783049644933;-0.0808037541731463;0
14.41;0.332930638148034;-0.0906568100124083;0
14.42;0.331979892214521;-0.100465756377301;0
14.43;0.330931265844837;-0.11022772874289;0
14.44;0.329785241599836;-0.119939881588359;0
14.45;0.328542330407047;-0.129599389217326;0
14.46;0.327203071358757;-0.139203446570804;0
14.47;0.325768031502016;-0.148749270032573;0
14.48;0.324237805620607;-0.158234098226752;0
14.49;0.322613016009086;-0.16765519280732;0
14.5;0.320894312238962;-0.177009839239388;0
14.51;0.319082370917096;-0.186295347571985;0
14.52;0.317177895436421;-0.195509053202144;0
14.53;0.315181615719055;-0.204648317630085;0
14.54;0.313094287951904;-0.213710529205267;0
14.55;0.310916694314846;-0.222693103863112;0
14.56;0.308649642701591;-0.231593485852197;0
14.57;0.306293966433315;-0.240409148451705;0
14.58;0.303850523965157;-0.249137594678941;0
14.59;0.301320198585699;-0.257776357986721;0
14.6;0.298703898109501;-0.266323002950434;0
14.61;0.296002554562829;-0.2747751259446;0
14.62;0.293217123862658;-0.283130355808727;0
14.63;0.29034858548906;-0.291386354502296;0
14.64;0.287397942151104;-0.29954081774869;0
14.65;0.284366219446357;-0.307591475667897;0
14.66;0.281254465514114;-0.315536093397813;0
14.67;0.278063750682464;-0.323372471703983;0
14.68;0.274795167109313;-0.33109844757761;0
14.69;0.271449828417482;-0.338711894821681;0
14.7;0.268028869323993;-0.346210724625049;0
14.71;0.264533445263675;-0.353592886124324;0
14.72;0.260964732007199;-0.360856366953418;0
14.73;0.257323925273682;-0.367999193780611;0
14.74;0.253612240337969;-0.375019432832989;0
14.75;0.249830911632736;-0.381915190408127;0
14.76;0.245981192345526;-0.388684613372876;0
14.77;0.242064354010862;-0.395325889649133;0
14.78;0.238081686097558;-0.401837248686473;0
14.79;0.234034495591363;-0.408216961921517;0
14.8;0.229924106573074;-0.414463343223924;0
14.81;0.225751859792249;-0.420574749328897;0
14.82;0.221519112236652;-0.426549580256101;0
14.83;0.217227236697576;-0.432386279714878;0
14.84;0.212877621331174;-0.438083335495678;0
14.85;0.208471669215934;-0.443639279847593;0
14.86;0.20401079790645;-0.449052689841925;0
14.87;0.19949643898361;-0.454322187721689;0
14.88;0.194930037601363;-0.459446441236974;0
14.89;0.190313052030189;-0.464424163966087;0
14.9;0.185646953197422;-0.469254115622409;0
14.91;0.180933224224577;-0.47393510234689;0
14.92;0.176173359961806;-0.478465976986133;0
14.93;0.171368866519643;-0.482845639355988;0
14.94;0.166521260798183;-0.487073036490621;0
14.95;0.161632070013829;-0.491147162876999;0
14.96;0.156702831223761;-0.495067060674749;0
14.97;0.151735090848277;-0.498831819921344;0
14.98;0.146730404191143;-0.50244057872259;0
14.99;0.14169033495811;-0.505892523428374;0
15;0.13661645477373;-0.509186888793647;0
15.01;0.131510342696642;-0.512322958124623;0
15.02;0.126373584733452;-0.515300063410175;0
15.03;0.121207773351373;-0.518117585438401;0
15.04;0.116014506989758;-0.520774953898377;0
15.05;0.110795389570689;-0.523271647467067;0
15.06;0.105552030008764;-0.525607193881398;0
15.07;0.100286041720225;-0.527781169995514;0
15.08;0.0949990421315818;-0.529793201823196;0
15.09;0.0896926521878809;-0.531642964565483;0
15.1;0.084368495860763;-0.533330182623494;0
15.11;0.0790281996564579;-0.534854629596489;0
15.12;0.0736733921238667;-0.536216128265171;0
15.13;0.068305703362876;-0.53741455056029;0
15.14;0.0629267645330532;-0.538449817516558;0
15.15;0.0575382073628678;-0.539321899211925;0
15.16;0.0521416636595862;-0.540030814692261;0
15.17;0.0467387648199845;-0.540576631881486;0
15.18;0.0413311413420261;-0.540959467477205;0
15.19;0.0359204223376473;-0.541179486831898;0
15.2;0.0305082350467964;-0.541236903819738;0
15.21;0.0250962043528684;-0.54113198068908;0
15.22;0.0196859522996796;-0.540865027900718;0
15.23;0.014279097610123;-0.54043640395195;0
15.24;0.00887725520664689;-0.539846515186567;0
15.25;0.00348203573369664;-0.539095815590806;0
15.26;-0.00190495491774056;-0.538184806575385;0
15.27;-0.00728211608334865;-0.537114036743692;0
15.28;-0.0126478527963156;-0.53588410164623;0
15.29;-0.0180005762556496;-0.534495643521401;0
15.3;-0.0233387042918414;-0.532949351022755;0
15.31;-0.0286606618297393;-0.53124595893278;0
15.32;-0.0339648813485011;-0.52938624786337;0
15.33;-0.0392498033384923;-0.527371043943053;0
15.34;-0.0445138767549959;-0.525201218491132;0
15.35;-0.0497555594686068;-0.522877687678824;0
15.36;-0.0549733187121782;-0.520401412177546;0
15.37;-0.0601656315241942;-0.517773396794459;0
15.38;-0.0653309851884411;-0.514994690095414;0
15.39;-0.0704678776698511;-0.512066384015426;0
15.4;-0.0755748180463962;-0.50898961345682;0
15.41;-0.0806503269369079;-0.505765555875181;0
15.42;-0.0856929369247022;-0.502395430853269;0
15.43;-0.0907011929768903;-0.498880499663028;0
15.44;-0.0956736528592563;-0.495222064815865;0
15.45;-0.100608887546585;-0.491421469601323;0
15.46;-0.105505481628326;-0.487480097614336;0
15.47;-0.110362033709479;-0.483399372271211;0
15.48;-0.115177156806585;-0.479180756314502;0
15.49;-0.119949478738727;-0.474825751306949;0
15.5;-0.12467764251341;-0.470335897114652;0
15.51;-0.12936030670723;-0.465712771379646;0
15.52;-0.133996145841224;-0.460957988982065;0
15.53;-0.138583850750791;-0.456073201492061;0
15.54;-0.14312212895009;-0.451060096611676;0
15.55;-0.147609704990811;-0.44592039760683;0
15.56;-0.152045320815221;-0.44065586272964;0
15.57;-0.156427736103391;-0.435268284631225;0
15.58;-0.160755728614513;-0.42975948976523;0
15.59;-0.165028094522203;-0.424131337782225;0
15.6;-0.169243648743715;-0.418385720915204;0
15.61;-0.173401225262965;-0.412524563356369;0
15.62;-0.177499677447293;-0.406549820625404;0
15.63;-0.181537878357858;-0.400463478929451;0
15.64;-0.185514721053606;-0.394267554514977;0
15.65;-0.189429118888718;-0.387964093011757;0
15.66;-0.193280005803459;-0.381555168769175;0
15.67;-0.197066336608367;-0.375042884185056;0
15.68;-0.200787087261682;-0.368429369027245;0
15.69;-0.204441255139972;-0.361716779748148;0
15.7;-0.20802785930187;-0.354907298792446;0
15.71;-0.211545940744854;-0.348003133898218;0
15.72;-0.214994562655013;-0.341006517391673;0
15.73;-0.218372810649736;-0.333919705475732;0
15.74;-0.221679793013248;-0.326744977512666;0
15.75;-0.224914640924962;-0.319484635301035;0
15.76;-0.228076508680563;-0.312141002347138;0
15.77;-0.231164573905791;-0.304716423131206;0
15.78;-0.234178037762857;-0.297213262368576;0
15.79;-0.23711612514945;-0.289633904266064;0
15.8;-0.239978084890295;-0.281980751773775;0
15.81;-0.242763189921197;-0.274256225832578;0
15.82;-0.24547073746555;-0.266462764617487;0
15.83;-0.248100049203257;-0.258602822777169;0
15.84;-0.250650471432033;-0.250678870669826;0
15.85;-0.25312137522105;-0.242693393595682;0
15.86;-0.255512156556889;-0.234648891026303;0
15.87;-0.257822236481777;-0.226547875831003;0
15.88;-0.26005106122407;-0.218392873500557;0
15.89;-0.26219810232097;-0.210186421368464;0
15.9;-0.264262856733435;-0.201931067830007;0
15.91;-0.26624484695328;-0.193629371559325;0
15.92;-0.26814362110243;-0.185283900724767;0
15.93;-0.269958753024331;-0.176897232202731;0
15.94;-0.271689842367486;-0.168471950790256;0
15.95;-0.273336514661113;-0.16001064841659;0
15.96;-0.274898421382919;-0.15151592335397;0
15.97;-0.276375240018972;-0.142990379427867;0
15.98;-0.277766674115683;-0.134436625226911;0
15.99;-0.279072453323879;-0.125857273312759;0
16;-0.280292333434979;-0.11725493943012;0
16.01;-0.281426096409272;-0.108632241717191;0
16.02;-0.282473550396297;-0.0999917999167227;0
16.03;-0.283434529747348;-0.0913362345879749;0
16.04;-0.284308895020091;-0.0826681663197664;0
16.05;-0.285096532975326;-0.0739902149448782;0
16.06;-0.285797356565898;-0.0653049987560299;0
16.07;-0.286411304917772;-0.0566151337236659;0
16.08;-0.286938343303299;-0.0479232327157819;0
16.09;-0.287378463106691;-0.0392319047200227;0
16.1;-0.287731681781722;-0.0305437540682795;0
16.11;-0.287998042801694;-0.021861379664016;0
16.12;-0.288177615601686;-0.0131873742125496;0
16.13;-0.288270495513121;-0.004524323454513;0
16.14;-0.288276803690679;0.00412519459727827;0
16.15;-0.288196687031602;0.0127586104173309;0
16.16;-0.288030318087414;0.0213733637231292;0
16.17;-0.28777789496811;0.0299669042267206;0
16.18;-0.287439641238836;0.0385366923820143;0
16.19;-0.287015805809134;0.047080200127575;0
16.2;-0.28650666281476;0.0555949116246973;0
16.21;-0.285912511492163;0.0640783239905484;0
16.22;-0.285233676045637;0.0725279480261658;0
16.23;-0.284470505507234;0.0809413089391036;0
16.24;-0.283623373589462;0.0893159470605171;0
16.25;-0.282692678530843;0.0976494185564815;0
16.26;-0.281678842934389;0.105939296133342;0
16.27;-0.280582313599045;0.114183169736895;0
16.28;-0.279403561344169;0.122378647245193;0
16.29;-0.278143080827123;0.130523355154797;0
16.3;-0.276801390354016;0.13861493926025;0
16.31;-0.275379031683699;0.146651065326618;0
16.32;-0.273876569825055;0.15462941975487;0
16.33;-0.272294592827676;0.162547710239943;0
16.34;-0.270633711565986;0.170403666421286;0
16.35;-0.268894559516899;0.178195040525704;0
16.36;-0.267077792531082;0.185919608002342;0
16.37;-0.265184088597902;0.193575168149594;0
16.38;-0.263214147604144;0.201159544733806;0
16.39;-0.261168691086576;0.20867058659957;0
16.4;-0.259048461978454;0.216106168271451;0
16.41;-0.256854224350046;0.22346419054699;0
16.42;-0.254586763143264;0.230742581080804;0
16.43;-0.252246883900502;0.237939294959638;0
16.44;-0.249835412487759;0.245052315268198;0
16.45;-0.247353194812144;0.252079653645629;0
16.46;-0.244801096533869;0.259019350832465;0
16.47;-0.242180002772804;0.265869477207926;0
16.48;-0.239490817809711;0.272628133317404;0
16.49;-0.236734464782243;0.279293450389994;0
16.5;-0.233911885375818;0.285863590845947;0
16.51;-0.231024039509458;0.292336748793895;0
16.52;-0.228071905016709;0.298711150517723;0
16.53;-0.225056477321734;0.304985054952963;0
16.54;-0.221978769110691;0.311156754152574;0
16.55;-0.218839809998504;0.317224573742005;0
16.56;-0.215640646191129;0.323186873363405;0
16.57;-0.21238234014343;0.329042047108868;0
16.58;-0.209065970212767;0.334788523942621;0
16.59;-0.20569263030842;0.340424768112021;0
16.6;-0.202263429536947;0.345949279547272;0
16.61;-0.198779491843598;0.351360594249761;0
16.62;-0.195241955649901;0.356657284668912;0
16.63;-0.191651973487526;0.361837960067468;0
16.64;-0.18801071162855;0.366901266875108;0
16.65;-0.184319349712243;0.371845889030317;0
16.66;-0.18057908036848;0.376670548310424;0
16.67;-0.176791108837916;0.381374004649728;0
16.68;-0.172956652589026;0.385955056445646;0
16.69;-0.169076940932141;0.390412540852797;0
16.7;-0.165153214630596;0.394745334064967;0
16.71;-0.161186725509118;0.398952351584887;0
16.72;-0.157178736059563;0.403032548481762;0
16.73;-0.153130519044139;0.4069849196365;0
16.74;-0.149043357096233;0.410808499974584;0
16.75;-0.144918542318961;0.414502364686536;0
16.76;-0.14075737588157;0.418065629435942;0
16.77;-0.136561167613821;0.421497450554976;0
16.78;-0.132331235598464;0.424797025227407;0
16.79;-0.12806890576195;0.427963591659035;0
16.8;-0.123775511463486;0.430996429235552;0
16.81;-0.119452393082576;0.43389485866777;0
16.82;-0.115100897605156;0.436658242124228;0
16.83;-0.110722378208476;0.439285983351133;0
16.84;-0.106318193844821;0.441777527779637;0
16.85;-0.10188970882423;0.444132362620428;0
16.86;-0.0974382923963232;0.446350016945645;0
16.87;-0.092965318331361;0.448430061758092;0
16.88;-0.0884721645006757;0.450372110047774;0
16.89;-0.0839602124565905;0.452175816835742;0
16.9;-0.0794308470119588;0.453840879205267;0
16.91;-0.074885455819448;0.455367036320353;0
16.92;-0.0703254289506952;0.456754069431601;0
16.93;-0.0657521584754617;0.458001801869449;0
16.94;-0.0611670380409109;0.459110099024809;0
16.95;-0.0565714624511374;0.460078868317131;0
16.96;-0.0519668272470709;0.460908059149918;0
16.97;-0.0473545282868824;0.461597662853741;0
16.98;-0.0427359613270152;0.462147712616776;0
16.99;-0.0381125216039677;0.462558283402915;0
17;-0.0334856034169499;0.4628294918575;0
17.01;-0.0288565997115386;0.462961496200718;0
17.02;-0.0242269016644537;0.462954496108719;0
17.03;-0.0195978982695785;0.462808732582514;0
17.04;-0.014970975925346;0.462524487804707;0
17.05;-0.0103475180236119;0.462102084984131;0
17.06;-0.00572890454013558;0.461541888188452;0
17.07;-0.00111651162678955;0.460844302164813;0
17.08;0.00348828879438501;0.460009772148592;0
17.09;0.00808412943515638;0.459038783660353;0
17.1;0.0126696480429973;0.457931862291069;0
17.11;0.0172434878007798;0.456689573475701;0
17.12;0.0218042977241536;0.455312522255227;0
17.13;0.0263507330564934;0.453801353027204;0
17.14;0.0308814556613001;0.452156749284962;0
17.15;0.0353951344119438;0.450379433345525;0
17.16;0.0398904455786351;0.448470166066368;0
17.17;0.0443660732125142;0.4464297465511;0
17.18;0.0488207095267477;0.444259011844193;0
17.19;0.0532530552745235;0.441958836614864;0
17.2;0.057661820123836;0.439530132830214;0
17.21;0.0620457230289557;0.436973849417757;0
17.22;0.0664034925984752;0.434290971917447;0
17.23;0.07073386745983;0.431482522123326;0
17.24;0.075035596620189;0.428549557714919;0
17.25;0.0793074398236135;0.425493171878516;0
17.26;0.0835481679043835;0.422314492918443;0
17.27;0.0877565631363929;0.419014683858495;0
17.28;0.0919314195785143;0.415594942033628;0
17.29;0.0960715434158386;0.412056498672081;0
17.3;0.100175753296692;0.408400618468049;0
17.31;0.104242880665339;0.40462859914506;0
17.32;0.108271770090277;0.400741771010203;0
17.33;0.112261279588032;0.396741496499356;0
17.34;0.116210280942369;0.39262916971356;0
17.35;0.120117660018823;0.388406215946702;0
17.36;0.123982317074474;0.384074091204657;0
17.37;0.127803167062869;0.379634281716054;0
17.38;0.131579139934018;0.375088303434816;0
17.39;0.135309180929383;0.370437701534653;0
17.4;0.138992250871763;0.36568404989566;0
17.41;0.142627326450031;0.36082895058319;0
17.42;0.146213400498602;0.35587403331918;0
17.43;0.149749482271601;0.350820954946094;0
17.44;0.153234597711626;0.345671398883651;0
17.45;0.15666778971305;0.340427074578528;0
17.46;0.160048118379789;0.335089716947204;0
17.47;0.163374661277469;0.329661085812122;0
17.48;0.166646513679925;0.324142965331367;0
17.49;0.169862788809963;0.318537163422013;0
17.5;0.17302261807434;0.31284551117735;0
17.51;0.176125151292876;0.307069862278163;0
17.52;0.17916955692166;0.301212092398251;0
17.53;0.182155022270285;0.295274098604374;0
17.54;0.185080753713057;0.289257798750823;0
17.55;0.187945976894128;0.283165130868793;0
17.56;0.190749936926494;0.276998052550761;0
17.57;0.193491898584828;0.27075854033006;0
17.58;0.196171146492073;0.264448589055835;0
17.59;0.198786985299772;0.258070211263593;0
17.6;0.201338739862086;0.251625436541523;0
17.61;0.203825755403453;0.245116310892799;0
17.62;0.206247397679853;0.238544896094056;0
17.63;0.208603053133645;0.231913269050245;0
17.64;0.210892129041932;0.225223521146054;0
17.65;0.213114053658429;0.218477757594112;0
17.66;0.215268276348796;0.211678096780158;0
17.67;0.217354267719417;0.204826669605398;0
17.68;0.219371519739578;0.197925618826234;0
17.69;0.221319545857047;0.190977098391573;0
17.7;0.223197881107002;0.183983272777922;0
17.71;0.225006082214312;0.176946316322473;0
17.72;0.226743727689131;0.169868412554371;0
17.73;0.22841041791581;0.162751753524386;0
17.74;0.230005775235082;0.155598539133172;0
17.75;0.231529444019542;0.148410976458334;0
17.76;0.23298109074238;0.141191279080498;0
17.77;0.234360404039376;0.133941666408593;0
17.78;0.235667094764146;0.12666436300454;0
17.79;0.236900896036629;0.11936159790756;0
17.8;0.238061563284822;0.112035603958304;0
17.81;0.239148874279751;0.104688617122999;0
17.82;0.240162629163684;0.0973228758178235;0
17.83;0.241102650471597;0.0899406202337079;0
17.84;0.24196878314588;0.0825440916617635;0
17.85;0.242760894544311;0.0751355318195408;0
17.86;0.243478874441287;0.0677171821783189;0
17.87;0.244122635022343;0.0602912832916235;0
17.88;0.244692110871956;0.0528600741251754;0
17.89;0.245187258954658;0.0454257913884656;0
17.9;0.245608058589473;0.0379906688681562;0
17.91;0.245954511417693;0.0305569367635025;0
17.92;0.246226641364027;0.0231268210239929;0
17.93;0.246424494591127;0.0157025426894016;0
17.94;0.246548139447533;0.00828631723244637;0
17.95;0.246597666409054;0.000880353904245431;0
17.96;0.246573188013616;-0.0065131449172358;0
17.97;0.246474838789612;-0.013891984375558;0
17.98;0.246302775177781;-0.0212539777808121;0
17.99;0.246057175446652;-0.0285969472510669;0
18;0.245738239601594;-0.0359187243500743;0
18.01;0.2453461892875;-0.0432171507210465;0
18.02;0.244881267685158;-0.0504900787163227;0
18.03;0.244343739401344;-0.0577353720227442;0
18.04;0.243733890352672;-0.0649509062825556;0
18.05;0.243052027643272;-0.0721345697096565;0
18.06;0.242298479436311;-0.0792842637010247;0
18.07;0.241473594819433;-0.0863979034431375;0
18.08;0.24057774366415;-0.0934734185132163;0
18.09;0.239611316479256;-0.100508753475125;0
18.1;0.23857472425829;-0.107501868469751;0
18.11;0.237468398321137;-0.114450739799704;0
18.12;0.236292790149797;-0.121353360508161;0
18.13;0.235048371218399;-0.128207740951705;0
18.14;0.23373563281751;-0.135011909366981;0
18.15;0.23235508587281;-0.141763912431028;0
18.16;0.230907260758186;-0.148461815815111;0
18.17;0.229392707103327;-0.155103704731911;0
18.18;0.227811993595869;-0.161687684475923;0
18.19;0.226165707778172;-0.168211880956893;0
18.2;0.224454455838792;-0.17467444122617;0
18.21;0.222678862398725;-0.181073533995809;0
18.22;0.220839570292487;-0.187407350150293;0
18.23;0.21893724034412;-0.193674103250724;0
18.24;0.216972551138181;-0.19987203003136;0
18.25;0.214946198785806;-0.205999390888335;0
18.26;0.212858896685919;-0.212054470360467;0
18.27;0.210711375281678;-0.218035577601986;0
18.28;0.208504381812213;-0.223941046847079;0
18.29;0.206238680059777;-0.229769237866114;0
18.3;0.203915050092354;-0.235518536413434;0
18.31;0.20153428800184;-0.241187354666579;0
18.32;0.199097205637867;-0.246774131656845;0
18.33;0.196604630337357;-0.252277333691043;0
18.34;0.194057404649902;-0.257695454764369;0
18.35;0.191456386059058;-0.263027016964251;0
18.36;0.188802446699637;-0.268270570865089;0
18.37;0.186096473071095;-0.27342469591378;0
18.38;0.183339365747106;-0.278488000805915;0
18.39;0.180532039081417;-0.283459123852575;0
18.4;0.177675420910079;-0.288336733337605;0
18.41;0.174770452250142;-0.293119527865304;0
18.42;0.17181808699493;-0.297806236698416;0
18.43;0.168819291605961;-0.302395620086355;0
18.44;0.165775044801648;-0.306886469583583;0
18.45;0.162686337242848;-0.311277608358045;0
18.46;0.159554171215377;-0.315567891489605;0
18.47;0.156379560309585;-0.319756206258404;0
18.48;0.153163529097093;-0.323841472423068;0
18.49;0.149907112804792;-0.327822642488697;0
18.5;0.146611356986214;-0.331698701964588;0
18.51;0.143277317190363;-0.335468669611614;0
18.52;0.13990605862813;-0.33913159767921;0
18.53;0.136498655836373;-0.342686572131919;0
18.54;0.13305619233979;-0.346132712865436;0
18.55;0.129579760310672;-0.349469173912111;0
18.56;0.126070460226652;-0.352695143635874;0
18.57;0.122529400526548;-0.355809844916516;0
18.58;0.118957697264417;-0.358812535323328;0
18.59;0.115356473761917;-0.361702507278025;0
18.6;0.111726860259091;-0.364479088206954;0
18.61;0.10806999356367;-0.367141640682543;0
18.62;0.104387016699022;-0.369689562553972;0
18.63;0.10067907855083;-0.372122287067044;0
18.64;0.0969473335126302;-0.374439282973242;0
18.65;0.093192941130304;-0.376640054627953;0
18.66;0.0894170657456343;-0.378724142077852;0
18.67;0.0856208761390412;-0.380691121137433;0
18.68;0.0818055451715988;-0.382540603454697;0
18.69;0.0779722494264444;-0.384272236565971;0
18.7;0.0741221688496886;-0.385885703939886;0
18.71;0.0702564863909339;-0.387380725010507;0
18.72;0.0663763876435115;-0.388757055199618;0
18.73;0.0624830604845434;-0.39001448592819;0
18.74;0.0585776947149387;-0.391152844617031;0
18.75;0.0546614816994317;-0.392171994676651;0
18.76;0.0507356140067709;-0.393071835486347;0
18.77;0.0468012850501636;-0.393852302362547;0
18.78;0.0428596887280876;-0.39451336651644;0
18.79;0.0389120190655725;-0.395055035000911;0
18.8;0.0349594698560614;-0.395477350646825;0
18.81;0.0310032343039568;-0.395780391988702;0
18.82;0.0270445046679569;-0.395964273179811;0
18.83;0.0230844719052894;-0.396029143896733;0
18.84;0.0191243253169463;-0.395975189233442;0
18.85;0.0151652521940248;-0.395802629584951;0
18.86;0.0112084374652787;-0.395511720520574;0
18.87;0.00725506334598393;-0.395102752646866;0
18.88;0.00330630898822048;-0.39457605146029;0
18.89;-0.000636649867326206;-0.393931977189684;0
18.9;-0.00457264123794266;-0.393170924628585;0
18.91;-0.00850049724374285;-0.392293322957479;0
18.92;-0.012419054450701;-0.391299635556051;0
18.93;-0.0163271542117621;-0.390190359805504;0
18.94;-0.0202236430059316;-0.388966026881028;0
18.95;-0.0241073727752449;-0.387627201534492;0
18.96;-0.0279772012595211;-0.386174481867448;0
18.97;-0.0318319923288027;-0.384608499094526;0
18.98;-0.0356706163133869;-0.38292991729731;0
18.99;-0.0394919503313525;-0.381139433168786;0
19;-0.0432948786134902;-0.379237775748454;0
19.01;-0.047078292825541;-0.377225706148192;0
19.02;-0.0508410923876532;-0.375104017268993;0
19.03;-0.0545821847909657;-0.372873533508638;0
19.04;-0.058300485911227;-0.370535110460452;0
19.05;-0.061994920319363;-0.368089634603208;0
19.06;-0.0656644215889039;-0.36553802298232;0
19.07;-0.0693079326001839;-0.36288122288241;0
19.08;-0.0729244058412288;-0.360120211491382;0
19.09;-0.0765128037052466;-0.357255995556104;0
19.1;-0.0800720987846367;-0.354289611029824;0
19.11;-0.0836012741614372;-0.351222122711436;0
19.12;-0.0870993236941288;-0.348054623876715;0
19.13;-0.090565252300715;-0.344788235901663;0
19.14;-0.0939980762380006;-0.34142410787806;0
19.15;-0.0973968233769913;-0.337963416221385;0
19.16;-0.100760533474339;-0.334407364271205;0
19.17;-0.104088258439756;-0.330757181884198;0
19.18;-0.107379062599331;-0.327014125019905;0
19.19;-0.110632022954664;-0.323179475319391;0
19.2;-0.113846229437762;-0.319254539676913;0
19.21;-0.117020785161616;-0.315240649804769;0
19.22;-0.120154806666402;-0.311139161791448;0
19.23;-0.123247424161227;-0.306951455653231;0
19.24;-0.126297781761368;-0.302678934879394;0
19.25;-0.129305037720931;-0.298323025971157;0
19.26;-0.132268364660875;-0.293885177974523;0
19.27;-0.135186949792333;-0.289366862007166;0
19.28;-0.138059995135178;-0.284769570779513;0
19.29;-0.140886717731779;-0.280094818110175;0
19.3;-0.143666349855879;-0.275344138435894;0
19.31;-0.146398139216549;-0.270519086316134;0
19.32;-0.149081349157171;-0.265621235932509;0
19.33;-0.151715258849389;-0.260652180583175;0
19.34;-0.154299163481974;-0.255613532172375;0
19.35;-0.15683237444458;-0.250506920695266;0
19.36;-0.159314219506311;-0.24533399371823;0
19.37;-0.161744042989083;-0.240096415854789;0
19.38;-0.164121205935717;-0.234795868237329;0
19.39;-0.166445086272742;-0.229434047984768;0
19.4;-0.168715078967841;-0.224012667666352;0
19.41;-0.17093059618194;-0.218533454761744;0
19.42;-0.173091067415857;-0.212998151117561;0
19.43;-0.175195939651522;-0.207408512400551;0
19.44;-0.177244677487702;-0.201766307547561;0
19.45;-0.179236763270217;-0.196073318212468;0
19.46;-0.181171697216612;-0.190331338210258;0
19.47;-0.183048997535252;-0.184542172958406;0
19.48;-0.184868200538828;-0.178707638915749;0
19.49;-0.186628860752238;-0.172829563019;0
19.5;-0.188330551014815;-0.166909782117098;0
19.51;-0.189972862576905;-0.160950142403561;0
19.52;-0.191555405190747;-0.154952498847008;0
19.53;-0.193077807195654;-0.148918714620028;0
19.54;-0.194539715597481;-0.14285066052658;0
19.55;-0.195940796142353;-0.136750214428081;0
19.56;-0.197280733384658;-0.130619260668367;0
19.57;-0.198559230749274;-0.124459689497702;0
19.58;-0.199776010588043;-0.118273396496005;0
19.59;-0.200930814230466;-0.112062281995468;0
19.6;-0.202023402028631;-0.105828250502745;0
19.61;-0.203053553396349;-0.0995732101208811;0
19.62;-0.204021066842524;-0.0932990719711595;0
19.63;-0.204925759998729;-0.0870077496150329;0
19.64;-0.205767469641009;-0.0807011584763209;0
19.65;-0.206546051705906;-0.0743812152638406;0
19.66;-0.207261381300713;-0.0680498373946446;0
19.67;-0.207913352707961;-0.0617089424180381;0
19.68;-0.208501879384159;-0.0553604474405456;0
19.69;-0.209026893952777;-0.0490062685519994;0
19.7;-0.209488348191505;-0.0426483202529191;0
19.71;-0.209886213013783;-0.0362885148833512;0
19.72;-0.210220478444641;-0.0299287620533382;0
19.73;-0.210491153590832;-0.0235709680751855;0
19.74;-0.210698266605315;-0.0172170353976911;0
19.75;-0.210841864646079;-0.0108688620425078;0
19.76;-0.210922013829343;-0.00452834104279911;0
19.77;-0.210938799177152;0.00180264011564315;0
19.78;-0.210892324559405;0.00812220005065855;0
19.79;-0.210782712630318;0.014428464037192;0
19.8;-0.210610104759377;0.0207195645578208;0
19.81;-0.210374660956794;0.0269936418501751;0
19.82;-0.210076559793506;0.033248844451093;0
19.83;-0.209715998315748;0.0394833297373518;0
19.84;-0.209293191954231;0.0456952644628216;0
19.85;-0.208808374427968;0.0518828252918832;0
19.86;-0.208261797642783;0.0580441993289596;0
19.87;-0.207653731584544;0.0641775846440071;0
19.88;-0.206984464207156;0.0702811907938172;0
19.89;-0.206254301315364;0.076353239338978;0
19.9;-0.205463566442405;0.08239196435635;0
19.91;-0.204612600722555;0.0883956129469083;0
19.92;-0.203701762758623;0.0943624457388089;0
19.93;-0.202731428484428;0.100290737385534;0
19.94;-0.201701991022329;0.106178777058979;0
19.95;-0.200613860535837;0.112024868937339;0
19.96;-0.199467464077377;0.117827332687654;0
19.97;-0.198263245431249;0.123584503942895;0
19.98;-0.19700166495184;0.129294734773424;0
19.99;-0.195683199397152;0.134956394152739;0
20;-0.194308341757697;0.140567868417332;0
