0;0.403628662773607;0.195087969065303;0
0.01;0.40552347298889;0.182621628956674;0
0.02;0.407293466738359;0.170121971616084;0
0.03;0.408938327966057;0.157592801208204;0
0.04;0.410457778669011;0.145037924206458;0
0.05;0.411851578915159;0.13246114824802;0
0.06;0.41311952684985;0.119866280990436;0
0.07;0.4142614586909;0.107257128970207;0
0.08;0.415277248712261;0.0946374964636602;0
0.09;0.416166809216298;0.0820111843504691;0
0.1;0.416930090494722;0.0693819889801318;0
0.11;0.417567080778197;0.0567537010417642;0
0.12;0.418077806174666;0.0441301044375288;0
0.13;0.418462330596424;0.0315149751600348;0
0.14;0.418720755675988;0.0189120801740387;0
0.15;0.418853220670802;0.00632517630277325;0
0.16;0.41885990235683;-0.00624199088077029;0
0.17;0.418741014911081;-0.018785688157281;0
0.18;0.41849680978313;-0.0313021957589684;0
0.19;0.418127575555681;-0.0437878084614827;0
0.2;0.417633637794245;-0.0562388366696;0
0.21;0.417015358885985;-0.068651607496355;0
0.22;0.416273137867803;-0.0810224658353122;0
0.23;0.415407410243735;-0.0933477754256628;0
0.24;0.414418647791732;-0.105623919909843;0
0.25;0.413307358359892;-0.117847303883369;0
0.26;0.412074085652238;-0.130014353936583;0
0.27;0.410719409004113;-0.142121519688022;0
0.28;0.409243943147276;-0.1541652748091;0
0.29;0.4076483379648;-0.166142118039828;0
0.3;0.405933278235846;-0.178048574195263;0
0.31;0.404099483370416;-0.189881195162422;0
0.32;0.402147707134191;-0.201636560887359;0
0.33;0.400078737363527;-0.213311280352139;0
0.34;0.397893395670745;-0.224901992541427;0
0.35;0.395592537139786;-0.236405367398425;0
0.36;0.39317705001237;-0.247818106769883;0
0.37;0.390647855364748;-0.259136945339921;0
0.38;0.388005906775165;-0.270358651552409;0
0.39;0.385252189982159;-0.281480028521636;0
0.4;0.382387722533798;-0.292497914931023;0
0.41;0.379413553427993;-0.303409185919628;0
0.42;0.376330762743998;-0.314210753956204;0
0.43;0.373140461265222;-0.324899569700559;0
0.44;0.369843790093496;-0.33547262285199;0
0.45;0.366441920254903;-0.345926942984558;0
0.46;0.362936052297324;-0.35625960036897;0
0.47;0.359327415879821;-0.366467706780853;0
0.48;0.355617269354004;-0.3765484162952;0
0.49;0.35180689933751;-0.38649892606676;0
0.5;0.347897620279749;-0.396316477096186;0
0.51;0.34389077402005;-0.405998354981717;0
0.52;0.339787729338356;-0.415541890656198;0
0.53;0.335589881498613;-0.424944461109245;0
0.54;0.331298651785015;-0.434203490094367;0
0.55;0.32691548703123;-0.443316448820848;0
0.56;0.322441859142792;-0.452280856630218;0
0.57;0.31787926461279;-0.461094281657136;0
0.58;0.313229224031017;-0.469754341474504;0
0.59;0.30849328158675;-0.478258703722658;0
0.6;0.303673004565297;-0.486605086722471;0
0.61;0.298769982838494;-0.494791260072199;0
0.62;0.293785828349307;-0.50281504522795;0
0.63;0.288722174590704;-0.510674316067588;0
0.64;0.283580676078953;-0.518366999437971;0
0.65;0.278363007821542;-0.525891075685363;0
0.66;0.273070864779851;-0.533244579168898;0
0.67;0.267705961326783;-0.54042559875697;0
0.68;0.262270030699495;-0.547432278306434;0
0.69;0.256764824447422;-0.554262817124496;0
0.7;0.251192111875762;-0.560915470413189;0
0.71;0.245553679484587;-0.56738854969633;0
0.72;0.239851330403775;-0.573680423228857;0
0.73;0.234086883823915;-0.579789516388466;0
0.74;0.228262174423385;-0.585714312049438;0
0.75;0.222379051791772;-0.591453350938602;0
0.76;0.216439379849807;-0.597005231973334;0
0.77;0.210445036266009;-0.602368612581538;0
0.78;0.2043979118702;-0.607542209003534;0
0.79;0.198299910064096;-0.612524796575801;0
0.8;0.192152946229129;-0.617315209996516;0
0.81;0.185958947131708;-0.621912343572841;0
0.82;0.17971985032608;-0.626315151449918;0
0.83;0.173437603554988;-0.630522647821536;0
0.84;0.167114164148302;-0.634533907122428;0
0.85;0.160751498419817;-0.63834806420219;0
0.86;0.154351581062383;-0.641964314480781;0
0.87;0.14791423607373;-0.649698472042501;-2.15846784438333
0.88;0.141305555882147;-0.67447545488411;-2.15846784438333
0.89;0.134450201547177;-0.69900767319462;-2.15846784438333
0.9;0.127350651984458;-0.723288193853625;-2.15846784438333
0.91;0.12000945504927;-0.74731017110547;-2.15846784438333
0.92;0.112429226654305;-0.771066848461189;-2.15846784438333
0.93;0.104612649868557;-0.79455156057041;-2.15846784438333
0.94;0.0965624739976157;-0.817757735062732;-2.15846784438333
0.95;0.0882815136457023;-0.840678894358054;-2.15846784438333
0.96;0.0797726477597308;-0.86330865744539;-2.15846784438333
0.97;0.0710388186557318;-0.88564074162967;-2.15846784438333
0.98;0.0620830310279509;-0.907668964246071;-2.15846784438333
0.99;0.0529083509409533;-0.929387244341419;-2.15846784438333
1;0.0435179048050631;-0.95078960432221;-2.15846784438333
1.01;0.0339148783354744;-0.971870171568811;-2.15846784438333
1.02;0.024102515495375;-0.992623180015429;-2.15846784438333
1.03;0.0140841174234247;-1.01304297169542;-2.15846784438333
1.04;0.00386304134593896;-1.03312399825152;-2.15846784438333
1.05;-0.00655730052587115;-1.05286082241067;-2.15846784438333
1.06;-0.0171734421132458;-1.07224811942296;-2.15846784438333
1.07;-0.0279818646014502;-1.09128067846439;-2.15846784438333
1.08;-0.0389789975852126;-1.10995340400307;-2.15846784438333
1.09;-0.0501612202276568;-1.12826131712852;-2.15846784438333
1.1;-0.061524862432362;-1.14619955684367;-2.15846784438333
1.11;-0.0730662060281732;-1.16376338131944;-2.15846784438333
1.12;-0.0847814859663866;-1.18094816911122;-2.15846784438333
1.13;-0.0966668915299298;-1.1977494203374;-2.15846784438333
1.14;-0.108718567554152;-1.21416275781926;-2.15846784438333
1.15;-0.120932615658843;-1.23018392818223;-2.15846784438333
1.16;-0.133305095491083;-1.24580880291807;-2.15846784438333
1.17;-0.145832025978546;-1.26103337940789;-2.15846784438333
1.18;-0.158509386592848;-1.27585378190553;-2.15846784438333
1.19;-0.171333118622557;-1.29026626248137;-2.15846784438333
1.2;-0.184299126455457;-1.30426720192613;-2.15846784438333
1.21;-0.19740327886967;-1.3178531106145;-2.15846784438333
1.22;-0.210641410333236;-1.33102062932852;-2.15846784438333
1.23;-0.224009322311743;-1.34376653004037;-2.15846784438333
1.24;-0.2375027845836;-1.3560877166546;-2.15846784438333
1.25;-0.25111753656255;-1.36798122570939;-2.15846784438333
1.26;-0.264849288627016;-1.379444227037;-2.15846784438333
1.27;-0.278693723455857;-1.39047402438299;-2.15846784438333
1.28;-0.292646497370141;-1.40106805598434;-2.15846784438333
1.29;-0.306703241680505;-1.4112238951062;-2.15846784438333
1.3;-0.320859564039704;-1.42093925053728;-2.15846784438333
1.31;-0.335111049799919;-1.4302119670437;-2.15846784438333
1.32;-0.349453263374424;-1.4390400257814;-2.15846784438333
1.33;-0.363881749603187;-1.44742154466686;-2.15846784438333
1.34;-0.37839203512199;-1.45535477870627;-2.15846784438333
1.35;-0.392979629734653;-1.46283812028292;-2.15846784438333
1.36;-0.407640027787947;-1.4698700994031;-2.15846784438333
1.37;-0.422368709548778;-1.47644938390012;-2.15846784438333
1.38;-0.437161142583217;-1.48257477959683;-2.15846784438333
1.39;-0.452012783136983;-1.4882452304264;-2.15846784438333
1.4;-0.466919077516926;-1.49345981851151;-2.15846784438333
1.41;-0.481875463473136;-1.49821776420202;-2.15846784438333
1.42;-0.496877371581223;-1.5025184260711;-2.15846784438333
1.43;-0.511920226624386;-1.50636130086993;-2.15846784438333
1.44;-0.526999448974835;-1.50974602344108;-2.15846784438333
1.45;-0.542110455974165;-1.51267236659065;-2.15846784438333
1.46;-0.557248663312262;-1.51514024091925;-2.15846784438333
1.47;-0.57240948640434;-1.51714969461198;-2.15846784438333
1.48;-0.587588341765688;-1.5187009131875;-2.15846784438333
1.49;-0.602780648383727;-1.51979421920642;-2.15846784438333
1.5;-0.617981829086971;-1.52043007193906;-2.15846784438333
1.51;-0.633187311910476;-1.52060906699283;-2.15846784438333
1.52;-0.648392531457389;-1.52033193589937;-2.15846784438333
1.53;-0.663592930256185;-1.51959954566164;-2.15846784438333
1.54;-0.678783960113194;-1.51841289826124;-2.15846784438333
1.55;-0.693961083460026;-1.51677313012602;-2.15846784438333
1.56;-0.709119774695494;-1.51468151155838;-2.15846784438333
1.57;-0.724255521521641;-1.5121394461244;-2.15846784438333
1.58;-0.739363826273484;-1.50914847000406;-2.15846784438333
1.59;-0.75444020724209;-1.50571025130286;-2.15846784438333
1.6;-0.769480199990591;-1.50182658932502;-2.15846784438333
1.61;-0.784479358662759;-1.49749941380862;-2.15846784438333
1.62;-0.799433257283766;-1.49273078412304;-2.15846784438333
1.63;-0.814337491052745;-1.48752288842876;-2.15846784438333
1.64;-0.829187677626787;-1.48187804280015;-2.15846784438333
1.65;-0.843979458395994;-1.47579869031133;-2.15846784438333
1.66;-0.85870849974923;-1.46928740008558;-2.15846784438333
1.67;-0.8733704943302;-1.46234686630857;-2.15846784438333
1.68;-0.887961162283505;-1.45497990720581;-2.15846784438333
1.69;-0.902476252490307;-1.44718946398467;-2.15846784438333
1.7;-0.916911543793256;-1.43897859974136;-2.15846784438333
1.71;-0.931262846210334;-1.43035049833327;-2.15846784438333
1.72;-0.945526002137269;-1.421308463217;-2.15846784438333
1.73;-0.959696887538166;-1.41185591625255;-2.15846784438333
1.74;-0.973771413124045;-1.40199639647413;-2.15846784438333
1.75;-0.987745525518927;-1.39173355882788;-2.15846784438333
1.76;-1.00161520841315;-1.38107117287706;-2.15846784438333
1.77;-1.0153764837036;-1.37001312147509;-2.15846784438333
1.78;-1.02902541262053;-1.3585633994069;-2.15846784438333
1.79;-1.04255809684062;-1.34672611199913;-2.15846784438333
1.8;-1.05597067958606;-1.33450547369947;-2.15846784438333
1.81;-1.06925934670925;-1.32190580662581;-2.15846784438333
1.82;-1.08242032776283;-1.30893153908564;-2.15846784438333
1.83;-1.09544989705487;-1.29558720406602;-2.15846784438333
1.84;-1.10834437468868;-1.28187743769496;-2.15846784438333
1.85;-1.12110012758726;-1.26780697767433;-2.15846784438333
1.86;-1.13371357050188;-1.25338066168521;-2.15846784438333
1.87;-1.14618116700454;-1.23860342576582;-2.15846784438333
1.88;-1.15849943046422;-1.22348030266293;-2.15846784438333
1.89;-1.17066492500637;-1.20801642015696;-2.15846784438333
1.9;-1.18267426645568;-1.1922169993616;-2.15846784438333
1.91;-1.19452412326166;-1.17608735299828;-2.15846784438333
1.92;-1.20621121740683;-1.1596328836462;-2.15846784438333
1.93;-1.21773232529734;-1.14285908196841;-2.15846784438333
1.94;-1.22908427863579;-1.12577152491453;-2.15846784438333
1.95;-1.24026396527584;-1.10837587390074;-2.15846784438333
1.96;-1.25126833005868;-1.09067787296747;-2.15846784438333
1.97;-1.26209437563088;-1.07268334691564;-2.15846784438333
1.98;-1.27273916324349;-1.05439819942176;-2.15846784438333
1.99;-1.28319981353231;-1.03582841113271;-2.15846784438333
2;-1.29347350727887;-1.01698003774065;-2.15846784438333
2.01;-1.30355748615222;-0.997859208038842;-2.15846784438333
2.02;-1.31344905343108;-0.978472121958809;-2.15846784438333
2.03;-1.32314557470633;-0.958825048589579;-2.15846784438333
2.04;-1.33264447856363;-0.938924324179605;-2.15846784438333
2.05;-1.34194325724592;-0.918776350121986;-2.15846784438333
2.06;-1.35103946729577;-0.898387590923617;-2.15846784438333
2.07;-1.35993073017735;-0.877764572158913;-2.15846784438333
2.08;-1.36861473287776;-0.856913878408749;-2.15846784438333
2.09;-1.37708922848786;-0.835842151185244;-2.15846784438333
2.1;-1.38535203676211;-0.814556086843056;-2.15846784438333
2.11;-1.39340104465764;-0.793062434477825;-2.15846784438333
2.12;-1.40123420685206;-0.771367993812412;-2.15846784438333
2.13;-1.40884954624025;-0.749479613071601;-2.15846784438333
2.14;-1.41624515440975;-0.727404186845915;-2.15846784438333
2.15;-1.42341919209475;-0.7051486539452;-2.15846784438333
2.16;-1.43036988960864;-0.682719995242648;-2.15846784438333
2.17;-1.43709554725483;-0.660125231509913;-2.15846784438333
2.18;-1.44359453571605;-0.637371421243987;-2.15846784438333
2.19;-1.44986529642172;-0.614465658486508;-2.15846784438333
2.2;-1.4559063418936;-0.591415070636153;-2.15846784438333
2.21;-1.4617162560695;-0.568226816254801;-2.15846784438333
2.22;-1.46729369460498;-0.544908082868113;-2.15846784438333
2.23;-1.4726373851531;-0.521466084761222;-2.15846784438333
2.24;-1.47774612762209;-0.497908060770183;-2.15846784438333
2.25;-1.48261879441087;-0.474241272069861;-2.15846784438333
2.26;-1.4872543306225;-0.450472999958923;-2.15846784438333
2.27;-1.49165175425545;-0.42661054364261;-2.15846784438333
2.28;-1.49581015637265;-0.402661218013945;-2.15846784438333
2.29;-1.49972870124841;-0.378632351434056;-2.15846784438333
2.3;-1.5034066264931;-0.354531283512276;-2.15846784438333
2.31;-1.50684324315563;-0.330365362886687;-2.15846784438333
2.32;-1.51003793580378;-0.306141945005768;-2.15846784438333
2.33;-1.51299016258231;-0.281868389911821;-2.15846784438333
2.34;-1.51569945524893;-0.257552060026823;-2.15846784438333
2.35;-1.51816541918818;-0.233200317941377;-2.15846784438333
2.36;-1.52038773340311;-0.208820524207402;-2.15846784438333
2.37;-1.52236615048505;-0.184420035135242;-2.15846784438333
2.38;-1.52410049656126;-0.160006200595818;-2.15846784438333
2.39;-1.52559067122065;-0.135586361828498;-2.15846784438333
2.4;-1.52683664741767;-0.111167849255317;-2.15846784438333
2.41;-1.52783847135431;-0.0867579803021973;-2.15846784438333
2.42;-1.52859626234033;-0.0623640572278113;-2.15846784438333
2.43;-1.52911021263188;-0.0379933649607182;-2.15846784438333
2.44;-1.5293805872485;-0.0136531689454159;-2.15846784438333
2.45;-1.5294077237686;0.0106492870020656;-2.15846784438333
2.46;-1.52919203210359;0.0349067828284019;-2.15846784438333
2.47;-1.52873399425065;0.0591121243664205;-2.15846784438333
2.48;-1.52803416402441;0.0832581454471382;-2.15846784438333
2.49;-1.52709316676743;0.107337709999776;-2.15846784438333
2.5;-1.5259116990399;0.131343714139142;-2.15846784438333
2.51;-1.52449052828838;0.155269088239778;-2.15846784438333
2.52;-1.52283049249395;0.179106798996277;-2.15846784438333
2.53;-1.52093249979975;0.202849851469162;-2.15846784438333
2.54;-1.51879752811824;0.226491291115758;-2.15846784438333
2.55;-1.51642662471809;0.250024205805459;-2.15846784438333
2.56;-1.51382090579104;0.273441727818822;-2.15846784438333
2.57;-1.51098155599894;0.296737035829905;-2.15846784438333
2.58;-1.50790982800084;0.3199033568713;-2.15846784438333
2.59;-1.50460704196073;0.342933968281285;-2.15846784438333
2.6;-1.50107458503573;0.365822199632559;-2.15846784438333
2.61;-1.49725349534702;0.405818242142689;0
2.62;-1.49299662116235;0.449934518355008;0
2.63;-1.48829952174305;0.493840100686246;0
2.64;-1.48316436169556;0.537522190090788;0
2.65;-1.4775934332193;0.580968076514696;0
2.66;-1.47158915520035;0.624165142552731;0
2.67;-1.46515407226858;0.667100867071321;0
2.68;-1.45829085381875;0.709762828796444;0
2.69;-1.45100229299597;0.75213870986541;0
2.7;-1.44329130564567;0.794216299341536;0
2.71;-1.43516092922867;0.835983496690737;0
2.72;-1.42661432170171;0.877428315219038;0
2.73;-1.41765476036364;0.918538885470061;0
2.74;-1.408285640668;0.959303458581522;0
2.75;-1.39851047500205;0.999710409599822;0
2.76;-1.38833289143295;1.03974824075178;0
2.77;-1.37775663242143;1.07940558467264;0
2.78;-1.36678555350328;1.11867120758943;0
2.79;-1.35542362193933;1.15753401245878;0
2.8;-1.34367491533417;1.19598304205843;0
2.81;-1.33154362022421;1.2340074820314;0
2.82;-1.31903403063549;1.27159666388225;0
2.83;-1.30615054661181;1.3087400679243;0
2.84;-1.29289767271351;1.34542732617735;0
2.85;-1.27928001648755;1.38164822521477;0
2.86;-1.2653022869094;1.41739270895953;0
2.87;-1.2509692927971;1.45265088142814;0
2.88;-1.23628594119821;1.48741300942193;0
2.89;-1.22125723575001;1.52166952516493;0
2.9;-1.20588827501363;1.55541102888757;0
2.91;-1.19018425078254;1.58862829135564;0
2.92;-1.17415044636605;1.62131225634375;0
2.93;-1.15779223484826;1.65345404305267;0
2.94;-1.14111507732315;1.68504494846995;0
2.95;-1.12412452110629;1.71607644967319;0
2.96;-1.10682619792382;1.74654020607535;0
2.97;-1.08922582207914;1.77642806161158;0
2.98;-1.07132918859813;1.8057320468669;0
2.99;-1.05314217135327;1.83444438114437;0
3;-1.03467072116737;1.8625574744731;0
3.01;-1.01592086389749;1.89006392955558;0
3.02;-0.996898698499692;1.916956543654;0
3.03;-0.977610395075161;1.94322831041495;0
3.04;-0.958062192898383;1.96887242163211;0
3.05;-0.938260398427968;1.99388226894655;0
3.06;-0.918211383300761;2.01825144548421;0
3.07;-0.897921582309855;2.04197374743006;0
3.08;-0.877397491367147;2.06504317553886;0
3.09;-0.856645665451082;2.08745393658184;0
3.1;-0.835672716540208;2.10920044472927;0
3.11;-0.814485311533207;2.13027732286835;0
3.12;-0.793090170156031;2.15067940385639;0
3.13;-0.771494062856797;2.17040173170884;0
3.14;-0.749703808689108;2.18943956272196;0
3.15;-0.727726273184424;2.20778836652999;0
3.16;-0.705568366214174;2.22544382709651;0
3.17;-0.68323703984224;2.24240184363981;0
3.18;-0.660739286168491;2.25865853149226;0
3.19;-0.638082135164014;2.27421022289332;0
3.2;-0.615272652498726;2.28905346771618;0
3.21;-0.592317937362003;2.30318503412794;0
3.22;-0.569225120277021;2.31660190918326;0
3.23;-0.54600136090945;2.32930129935124;0
3.24;-0.522653845871183;2.34128063097577;0
3.25;-0.499189786519768;2.35253755066913;0
3.26;-0.475616416754191;2.36306992563881;0
3.27;-0.4519409908077;2.37287584394775;0
3.28;-0.428170781038328;2.38195361470791;0
3.29;-0.404313075717772;2.39030176820715;0
3.3;-0.380375176819309;2.39791905596973;0
3.31;-0.356364397805406;2.4048044507503;0
3.32;-0.332288061415684;2.41095714646158;0
3.33;-0.308153497455906;2.41637655803592;0
3.34;-0.283968040588649;2.42106232122085;0
3.35;-0.259739028126314;2.42501429230868;0
3.36;-0.235473797827131;2.42823254780062;0
3.37;-0.21117968569483;2.43071738400532;0
3.38;-0.186864023782607;2.43246931657232;0
3.39;-0.162534138002055;2.43348907996045;0
3.4;-0.138197345937702;2.43377762684166;0
3.41;-0.1138609546678;2.43333612744038;0
3.42;-0.0895322585920055;2.43216596880883;0
3.43;-0.0652185372665994;2.43026875403862;0
3.44;-0.0409270532478744;2.42764630140886;0
3.45;-0.0166650499443244;2.42430064347128;0
3.46;0.00756025052173437;2.42023402607271;0
3.47;0.0317416494424861;2.4154489073153;0
3.48;0.0558719736422619;2.4099479564548;0
3.49;0.0799440775838933;2.40373405273761;0
3.5;0.10395084546316;2.39681028417674;0
3.51;0.127885193290726;2.38917994626736;0
3.52;0.151740070960962;2.38084654064234;0
3.53;0.175508464307049;2.37181377366833;0
3.54;0.199183397141787;2.36208555498285;0
3.55;0.222757933283503;2.351665995973;0
3.56;0.246225178566486;2.34055940819627;0
3.57;0.269578282835381;2.32877030174409;0
3.58;0.292810441922945;2.31630338354866;0
3.59;0.31591489961064;2.3031635556337;0
3.6;0.338884949571463;2.28935591330972;0
3.61;0.3617139372945;2.27488574331444;0
3.62;0.384395261990621;2.25975852189905;0
3.63;0.406922378478814;2.24397991286093;0
3.64;0.429288799052595;2.22755576552354;0
3.65;0.451488095325987;2.21049211266414;0
3.66;0.473513900058547;2.19279516839015;0
3.67;0.495359908958918;2.17447132596474;0
3.68;0.517019882466425;2.15552715558244;0
3.69;0.538487647510191;2.13596940209562;0
3.7;0.559757099245312;2.11580498269246;0
3.71;0.580822202765586;2.09504098452723;0
3.72;0.601676994792341;2.07368466230375;0
3.73;0.622315585338883;2.05174343581277;0
3.74;0.64273215935012;2.02922488742402;0
3.75;0.662920978316899;2.00613675953399;0
3.76;0.682876381864633;1.98248695196994;0
3.77;0.702592789315765;1.95828351935132;0
3.78;0.722064701225664;1.93353466840928;0
3.79;0.741286700891528;1.90824875526516;0
3.8;0.760253455833891;1.88243428266894;0
3.81;0.77895971925034;1.85609989719839;0
3.82;0.797400331441047;1.82925438642003;0
3.83;0.815570221205741;1.80190667601263;0
3.84;0.833464407211755;1.77406582685426;0
3.85;0.851077999332778;1.74574103207388;0
3.86;0.868406199957968;1.71694161406824;0
3.87;0.885444305271084;1.68767702148528;0
3.88;0.902187706499302;1.65795682617479;0
3.89;0.918631891131394;1.62779072010743;0
3.9;0.934772444104959;1.59718851226295;0
3.91;0.950605048962402;1.56616012548885;0
3.92;0.966125488975368;1.53471559333007;0
3.93;0.981329648237351;1.50286505683121;0
3.94;0.996213512724197;1.47061876131178;0
3.95;1.01077317132225;1.43798705311591;0
3.96;1.02500481682389;1.40498037633728;0
3.97;1.03890474689017;1.3716092695204;0
3.98;1.05246936498044;1.33788436233919;0
3.99;1.06569518124859;1.3038163722541;0
4;1.07857881340581;1.26941610114847;0
4.01;1.09111698754957;1.23469443194551;0
4.02;1.1033065389588;1.19966232520673;0
4.03;1.11514441285483;1.16433081571296;0
4.04;1.12662766512817;1.12871100902902;0
4.05;1.13775346303085;1.09281407805303;0
4.06;1.14851908583413;1.05665125955151;0
4.07;1.15892192545159;1.02023385068128;0
4.08;1.16895948702728;0.983573205499182;0
4.09;1.17862938948904;0.946680731460862;0
4.1;1.18792936606664;0.909567885909433;0
4.11;1.19685726477484;0.872246172555298;0
4.12;1.20541104886121;0.834727137948102;0
4.13;1.2135887972186;0.797022367941903;0
4.14;1.22138870476224;0.759143484154641;0
4.15;1.22880908277149;0.721102140422968;0
4.16;1.23584835919598;0.68291001925352;0
4.17;1.2425050789264;0.644578828271681;0
4.18;1.24877790402965;0.606120296668936;0
4.19;1.25466561394856;0.567546171649853;0
4.2;1.26016710566598;0.528868214879779;0
4.21;1.26528139383346;0.490098198934305;0
4.22;1.27000761086437;0.451247903751559;0
4.23;1.27434500699153;0.412329113088393;0
4.24;1.27829295028954;0.37335361098152;0
4.25;1.28185092666163;0.334333178214636;0
4.26;1.28501853979126;0.295279588792604;0
4.27;1.28779551105852;0.256204606423722;0
4.28;1.29018167942133;0.21711998101112;0
4.29;1.29217700126167;0.178037445154338;0
4.3;1.29378155019683;0.138968710662088;0
4.31;1.29499551685583;0.0999254650772505;0
4.32;1.29581920862124;0.0609193682151204;0
4.33;1.29625304933628;0.0219620487159046;0
4.34;1.2962975789777;-0.016934899387503;0
4.35;1.29595345329428;-0.0557599200854762;0
4.36;1.29522144341129;-0.0945014987903422;0
4.37;1.29410243540103;-0.133148165716809;0
4.38;1.29259742981972;-0.171688499243155;0
4.39;1.29070754121074;-0.210111129252199;0
4.4;1.28843399757467;-0.248404740451098;0
4.41;1.2857781398062;-0.286558075668994;0
4.42;1.28274142109811;-0.324559939131583;0
4.43;1.27932540631269;-0.362399199711638;0
4.44;1.27553177132074;-0.400064794154582;0
4.45;1.2713623023084;-0.437545730278157;0
4.46;1.26681889505213;-0.474831090145302;0
4.47;1.26190355416208;-0.511910033209312;0
4.48;1.25661839229418;-0.548771799430399;0
4.49;1.25096562933108;-0.585405712362759;0
4.5;1.24494759153249;-0.621801182211285;0
4.51;1.238566710655;-0.657947708857037;0
4.52;1.23182552304184;-0.693834884850646;0
4.53;1.22472666868284;-0.729452398372782;0
4.54;1.21727289024488;-0.764790036160879;0
4.55;1.20946703207336;-0.799837686401276;0
4.56;1.20131203916476;-0.834585341585986;0
4.57;1.19281095611088;-0.869023101333283;0
4.58;1.18396692601505;-0.903141175171329;0
4.59;1.17478318938057;-0.936929885284076;0
4.6;1.16526308297204;-0.970379669218668;0
4.61;1.15541003864958;-1.00348108255362;0
4.62;1.14522758217675;-1.03622480152704;0
4.63;1.13471933200222;-1.06860162562411;0
4.64;1.1238889980158;-1.10060248012325;0
4.65;1.11274038027926;-1.13221841860018;0
4.66;1.1012773677322;-1.16344062538914;0
4.67;1.08950393687355;-1.1942604180008;0
4.68;1.0774241504191;-1.22466924949606;0
4.69;1.0650421559355;-1.25465871081503;0
4.7;1.05236218445111;-1.28422053306087;0
4.71;1.03938854904427;-1.31334658973751;0
4.72;1.02612564340943;-1.34202889894095;0
4.73;1.01257794040151;-1.37025962550339;0
4.74;0.998749990559064;-1.39803108308973;0
4.75;0.984646420606704;-1.42533573624585;0
4.76;0.970271931937254;-1.45216620239807;0
4.77;0.955631299074121;-1.47851525380347;0
4.78;0.940729368114403;-1.50437581945034;0
4.79;0.925571055153198;-1.52974098690842;0
4.8;0.910161344689661;-1.55460400412845;0
4.81;0.894505288015276;-1.5789582811905;0
4.82;0.878608001584888;-1.60279739200074;0
4.83;0.862474665370996;-1.62611507593613;0
4.84;0.84611052120184;-1.64890523943678;0
4.85;0.829520871083793;-1.67116195754537;0
4.86;0.812711075508605;-1.69287947539349;0
4.87;0.795686551746024;-1.71405220963438;0
4.88;0.778452772122328;-1.73467474982178;0
4.89;0.761015262285315;-1.75474185973466;0
4.9;0.743379599456289;-1.77424847864737;0
4.91;0.725551410669591;-1.79318972254502;0
4.92;0.707536371000227;-1.81156088528382;0
4.93;0.689340201780138;-1.82935743969609;0
4.94;0.670968668803666;-1.84657503863973;0
4.95;0.652427580522789;-1.86320951599191;0
4.96;0.633722786232652;-1.87925688758679;0
4.97;0.614860174247992;-1.89471335209712;0
4.98;0.595845670070989;-1.90957529185945;0
4.99;0.576685234551121;-1.92383927364295;0
5;0.557384862037586;-1.93750204936152;0
5.01;0.537950578524862;-1.9505605567293;0
5.02;0.518388439791958;-1.96301191985925;0
5.03;0.498704529535948;-1.97485344980486;0
5.04;0.478904957500331;-1.98608264504496;0
5.05;0.458995857598808;-1.9966971919114;0
5.06;0.438983386035039;-2.00669496495974;0
5.07;0.418873719418944;-2.01607402728292;0
5.08;0.398673052880131;-2.0248326307678;0
5.09;0.378387598179007;-2.03296921629472;0
5.1;0.35802358181616;-2.04048241388001;0
5.11;0.337587243140563;-2.04737104276167;0
5.12;0.317084832457185;-2.053634111428;0
5.13;0.296522609134562;-2.05927081758967;0
5.14;0.275906839712912;-2.06428054809491;0
5.15;0.255243796013349;-2.06866287878831;0
5.16;0.234539753248759;-2.07241757431308;0
5.17;0.213800988136912;-2.07554458785721;0
5.18;0.193033777016364;-2.07804406084334;0
5.19;0.172244393965709;-2.07991632256295;0
5.2;0.151439108926745;-2.08116188975473;0
5.21;0.130624185832098;-2.0817814661275;0
5.22;0.109805880737877;-2.08177594182799;0
5.23;0.0889904399618855;-2.08114639285351;0
5.24;0.0681840982279651;-2.07989408041003;0
5.25;0.0473930768169948;-2.07802045021583;0
5.26;0.0266235817251015;-2.07552713175095;0
5.27;0.00588180182961685;-2.07241593745298;0
5.28;-0.0148260929366817;-2.06868886185929;0
5.29;-0.0354939534025139;-2.06434808069616;0
5.3;-0.0561156529656928;-2.0593959499152;0
5.31;-0.0766850893908495;-2.05383500467739;0
5.32;-0.0971961865967637;-2.04766795828511;0
5.33;-0.117642896432782;-2.04089770106265;0
5.34;-0.138019200443812;-2.03352729918557;0
5.35;-0.158319111623378;-2.02555999345934;0
5.36;-0.178536676154244;-2.01699919804772;0
5.37;-0.198665975136086;-2.00784849915145;0
5.38;-0.218701126299737;-1.9981116536375;0
5.39;-0.238636285707503;-1.98779258761965;0
5.4;-0.258465649439062;-1.97689539499065;0
5.41;-0.278183455262476;-1.96542433590676;0
5.42;-0.297783984289831;-1.9533838352249;0
5.43;-0.31726156261704;-1.94077848089323;0
5.44;-0.336610562947342;-1.92761302229554;0
5.45;-0.355825406198042;-1.91389236855013;0
5.46;-0.374900563090034;-1.89962158676372;0
5.47;-0.393830555719666;-1.88480590024099;0
5.48;-0.412609959112501;-1.8694506866504;0
5.49;-0.431233402758541;-1.85356147614688;0
5.5;-0.449695572128491;-1.83714394945201;0
5.51;-0.467991210170626;-1.82020393589242;0
5.52;-0.486115118787869;-1.80274741139698;0
5.53;-0.50406216029465;-1.78478049645345;0
5.54;-0.52182725885315;-1.76630945402543;0
5.55;-0.539405401888546;-1.74734068743001;0
5.56;-0.55679164148285;-1.72788073817718;0
5.57;-0.573981095746979;-1.70793628377135;0
5.58;-0.590968950170669;-1.68751413547604;0
5.59;-0.607750458949875;-1.66662123604218;0
5.6;-0.624320946291289;-1.64526465740104;0
5.61;-0.640675807693633;-1.62345159832224;0
5.62;-0.656810511205384;-1.60118938203791;0
5.63;-0.672720598658579;-1.57848545383357;0
5.64;-0.688401686878391;-1.5553473786065;0
5.65;-0.703849468868145;-1.53178283839258;0
5.66;-0.719059714969454;-1.50779962986213;0
5.67;-0.734028273997193;-1.48340566178581;0
5.68;-0.748751074348982;-1.4586089524712;0
5.69;-0.763224125088925;-1.43341762717096;0
5.7;-0.777443517005284;-1.40783991546341;0
5.71;-0.79140542364186;-1.38188414860634;0
5.72;-0.805106102302779;-1.35555875686483;0
5.73;-0.818541895030448;-1.32887226681409;0
5.74;-0.831709229556429;-1.30183329861794;0
5.75;-0.844604620224995;-1.27445056328402;0
5.76;-0.857224668889132;-1.24673285989645;0
5.77;-0.869566065778768;-1.2186890728268;0
5.78;-0.881625590341024;-1.19032816892435;0
5.79;-0.893400112052274;-1.16165919468643;0
5.8;-0.904886591201818;-1.13269127340975;0
5.81;-0.916082079646993;-1.1034336023236;0
5.82;-0.926983721539533;-1.07389544970581;0
5.83;-0.937588754023018;-1.04408615198238;0
5.84;-0.947894507901243;-1.01401511081169;0
5.85;-0.957898408277371;-0.983691790154114;0
5.86;-0.967597975163714;-0.953125713328018;0
5.87;-0.976990824062016;-0.92232646005305;0
5.88;-0.986074666514119;-0.891303663481573;0
5.89;-0.994847310622891;-0.86006700721919;0
5.9;-1.00330666154331;-0.828626222335277;0
5.91;-1.01145072194363;-0.796991084364412;0
5.92;-1.01927759243649;-0.765171410299638;0
5.93;-1.02678547197993;-0.733177055578462;0
5.94;-1.03397265824831;-0.701017911062514;0
5.95;-1.04083754797285;-0.668703900011768;0
5.96;-1.04737863725207;-0.636244975054268;0
5.97;-1.05359452183175;-0.603651115152241;0
5.98;-1.05948389735464;-0.570932322565544;0
5.99;-1.06504555957978;-0.538098619813339;0
6;-1.07027840457139;-0.505160046634919;0
6.01;-1.0751814288574;-0.472126656950595;0
6.02;-1.07975372955758;-0.439008515823554;0
6.03;-1.08399450448136;-0.405815696423603;0
6.04;-1.08790305219515;-0.372558276993696;0
6.05;-1.0914787720595;-0.339246337820155;0
6.06;-1.09472116423591;-0.305889958207491;0
6.07;-1.0976298296634;-0.272499213458709;0
6.08;-1.10020447000492;-0.239084171862009;0
6.09;-1.10244488756371;-0.205654891684768;0
6.1;-1.10435098516955;-0.172221418175694;0
6.11;-1.10592276603515;-0.138793780576026;0
6.12;-1.10716033358265;-0.10538198914068;0
6.13;-1.10806389124036;-0.0719960321702;0
6.14;-1.10863374220996;-0.0386458730543921;0
6.15;-1.1088702892041;-0.00534144732850782;0
6.16;-1.10877403415466;0.0279073402571644;0
6.17;-1.10834557789175;0.0610906186534427;0
6.18;-1.10758561979368;0.0941985534132809;0
6.19;-1.10649495740789;0.127221349576841;0
6.2;-1.10507448604319;0.160149254539768;0
6.21;-1.10332519833334;0.192972560903843;0
6.22;-1.10124818377224;0.225681609309181;0
6.23;-1.09884462822088;0.258266791247163;0
6.24;-1.09611581338622;0.290718551853292;0
6.25;-1.09306311627229;0.323027392679168;0
6.26;-1.08968800860358;0.355183874442784;0
6.27;-1.08599205622117;0.387178619756366;0
6.28;-1.08197691845148;0.419002315830965;0
6.29;-1.07764434744833;0.450645717157039;0
6.3;-1.07299618750805;0.482099648160263;0
6.31;-1.06803437435837;0.513355005831805;0
6.32;-1.06276093442096;0.544402762332334;0
6.33;-1.05717798404814;0.575233967569017;0
6.34;-1.05128772873392;0.605839751744784;0
6.35;-1.0450924622997;0.636211327879142;0
6.36;-1.03859456605479;0.666339994299824;0
6.37;-1.03179650793232;0.696217137104598;0
6.38;-1.02470084160052;0.725834232592521;0
6.39;-1.01731020554987;0.755182849663985;0
6.4;-1.00962732215644;0.784254652188873;0
6.41;-1.00165499672166;0.813041401342186;0
6.42;-0.993396116488812;0.841534957906475;0
6.43;-0.984853649636816;0.869727284540469;0
6.44;-0.976030644251311;0.897610448013258;0
6.45;-0.966930227273661;0.925176621403434;0
6.46;-0.957555603428082;0.95241808626258;0
6.47;-0.947910054127315;0.979327234742525;0
6.48;-0.937996936357182;1.0058965716858;0
6.49;-0.927819681540413;1.03211871667869;0
6.5;-0.917381794380105;1.05798640606641;0
6.51;-0.906686851683208;1.08349249492978;0
6.52;-0.895738501164418;1.10862995902293;0
6.53;-0.884540460230864;1.13339189667146;0
6.54;-0.873096514748004;1.15777153063069;0
6.55;-0.861410517787114;1.18176220990329;0
6.56;-0.84948638835478;1.20535741151607;0
6.57;-0.837328110104819;1.22855074225523;0
6.58;-0.824939730033028;1.25133594035981;0
6.59;-0.81232535715519;1.27370687717278;0
6.6;-0.799489161168763;1.2956575587494;0
6.61;-0.786435371098675;1.31718212742248;0
6.62;-0.773168273927668;1.33827486332401;0
6.63;-0.75969221321162;1.35893018586295;0
6.64;-0.746011587680284;1.37914265515869;0
6.65;-0.732130849823901;1.3989069734299;0
6.66;-0.718054504466123;1.41821798633833;0
6.67;-0.703787107323697;1.43707068428737;0
6.68;-0.689333263553377;1.45546020367498;0
6.69;-0.674697626286506;1.47338182810067;0
6.7;-0.659884895151741;1.4908309895263;0
6.71;-0.644899814786375;1.50780326939042;0
6.72;-0.629747173336727;1.52429439967586;0
6.73;-0.614431800948069;1.54030026393041;0
6.74;-0.598958568244556;1.55581689824027;0
6.75;-0.583332384799633;1.57084049215607;0
6.76;-0.567558197597404;1.5853673895714;0
6.77;-0.551640989485418;1.59939408955346;0
6.78;-0.535585777619378;1.61291724712583;0
6.79;-0.519397611900224;1.6259336740031;0
6.8;-0.503081573404101;1.63844033927734;0
6.81;-0.486642772805667;1.65043437005609;0
6.82;-0.470086348795252;1.66191305205205;0
6.83;-0.453417466490323;1.67287383012406;0
6.84;-0.436641315841774;1.68331430876954;0
6.85;-0.4197631100355;1.6932322525682;0
6.86;-0.402788083889756;1.70262558657699;0
6.87;-0.38572149224879;1.7114923966763;0
6.88;-0.368568608373225;1.71983092986731;0
6.89;-0.351334722327697;1.72763959452058;0
6.9;-0.334025139366217;1.73491696057578;0
6.91;-0.316645178315766;1.74166175969275;0
6.92;-0.299200169958591;1.74787288535367;0
6.93;-0.281695455413696;1.7535493929167;0
6.94;-0.264136384518026;1.75869049962089;0
6.95;-0.246528314207811;1.76329558454264;0
6.96;-0.228876606900566;1.76736418850364;0
6.97;-0.211186628878233;1.77089601393056;0
6.98;-0.193463748671937;1.77389092466651;0
6.99;-0.175713335448847;1.77634894573439;0
7;-0.157940757401622;1.77827026305241;0
7.01;-0.140151380140909;1.77965522310184;0
7.02;-0.122350565091387;1.78050433254716;0
7.03;-0.104543667891813;1.78081825780892;0
7.04;-0.0867360367995622;1.78059782458937;0
7.05;-0.0689330111001168;1.77984401735121;0
7.06;-0.0511399195219764;1.77855797874963;0
7.07;-0.0333620786574618;1.77674100901791;0
7.08;-0.0156047913898684;1.77439456530684;0
7.09;0.00212665467256761;1.7715202609782;0
7.1;0.0198269887554324;1.76811986485272;0
7.11;0.0374909584691725;1.76419530041263;0
7.12;0.0551133313519563;1.75974864495929;0
7.13;0.0726888964039102;1.75478212872611;0
7.14;0.0902124656122844;1.74929813394718;0
7.15;0.107678875467107;1.74329919388197;0
7.16;0.125082988466887;1.73678799179633;0
7.17;0.142419694613937;1.72976735990039;0
7.18;0.159683912898876;1.72224027824358;0
7.19;0.176870592773894;1.71420987356724;0
7.2;0.193974715614356;1.7056794181152;0
7.21;0.210991296168317;1.69665232840288;0
7.22;0.227915383993554;1.68713216394516;0
7.23;0.24474206488168;1.67712262594361;0
7.24;0.261466462268958;1.66662755593351;0
7.25;0.278083738633405;1.65565093439113;0
7.26;0.294589096877787;1.64419687930174;0
7.27;0.310977781698125;1.63226964468885;0
7.28;0.327245080937318;1.61987361910526;0
7.29;0.343386326923505;1.60701332408628;0
7.3;0.359396897792793;1.59369341256586;0
7.31;0.375272218795984;1.57991866725593;0
7.32;0.391007763588924;1.56569399898974;0
7.33;0.406599055506134;1.55102444502955;0
7.34;0.422041668817354;1.5359151673394;0
7.35;0.437331229966665;1.52037145082341;0
7.36;0.452463418793831;1.5043987015303;0
7.37;0.46743396973755;1.48800244482463;0
7.38;0.482238673020258;1.4711883235255;0
7.39;0.496873375814182;1.45396209601315;0
7.4;0.511333983388318;1.43632963430424;0
7.41;0.525616460236017;1.41829692209633;0
7.42;0.539716831182885;1.39987005278225;0
7.43;0.553631182474691;1.38105522743505;0
7.44;0.567355662844996;1.36185875276407;0
7.45;0.580886484562216;1.34228703904288;0
7.46;0.594219924455836;1.32234659800976;0
7.47;0.60735232492151;1.30204404074135;0
7.48;0.620280094904784;1.28138607550015;0
7.49;0.63299971086317;1.26037950555667;0
7.5;0.645507717706336;1.23903122698674;0
7.51;0.657800729714162;1.21734822644487;0
7.52;0.669875431432415;1.19533757891424;0
7.53;0.68172857854583;1.1730064454341;0
7.54;0.693356998728366;1.15036207080527;0
7.55;0.704757592470413;1.12741178127445;0
7.56;0.715927333882759;1.10416298219816;0
7.57;0.726863271477101;1.08062315568693;0
7.58;0.737562528922916;1.05679985823054;0
7.59;0.748022305780497;1.03270071830505;0
7.6;0.758239878209985;1.00833343396235;0
7.61;0.768212599656219;0.983705770403051;0
7.62;0.777937901509241;0.958825557533336;0
7.63;0.7874132937403;0.933700687506678;0
7.64;0.796636365513212;0.908339112251096;0
7.65;0.805604785770929;0.882748840982746;0
7.66;0.814316303797177;0.856937937706622;0
7.67;0.82276874975306;0.830914518705115;0
7.68;0.830960035188487;0.804686750015229;0
7.69;0.838888153528327;0.778262844895211;0
7.7;0.846551180533182;0.751651061281388;0
7.71;0.853947274734697;0.724859699235971;0
7.72;0.861074677845296;0.697897098386627;0
7.73;0.867931715142292;0.670771635358588;0
7.74;0.87451679582628;0.643491721200085;0
7.75;0.880828413353759;0.616065798801882;0
7.76;0.886865145743927;0.588502340311707;0
7.77;0.892625655859602;0.560809844544354;0
7.78;0.898108691662217;0.532996834388242;0
7.79;0.903313086440886;0.505071854209215;0
7.8;0.908237759015478;0.477043467252363;0
7.81;0.912881713913718;0.44892025304266;0
7.82;0.917244041522288;0.420710804785175;0
7.83;0.921323918211927;0.392423726765657;0
7.84;0.925120606436543;0.364067631752271;0
7.85;0.928633454806356;0.335651138399248;0
7.86;0.931861898135084;0.30718286865324;0
7.87;0.934805457461204;0.278671445163136;0
7.88;0.937463740043337;0.250125488694135;0
7.89;0.939836439329794;0.221553615546811;0
7.9;0.941923334902335;0.192964434981963;0
7.91;0.943724292394204;0.164366546651998;0
7.92;0.945239263382516;0.135768538039608;0
7.93;0.946468285255063;0.107178981904497;0
7.94;0.947411481051627;0.078606433738912;0
7.95;0.948069059279886;0.05005942923272;0
7.96;0.948441313706027;0.0215464817487805;0
7.97;0.948528623120148;-0.0069239201906529;0
7.98;0.948331451076591;-0.0353433154057621;0
7.99;0.947850345609299;-0.0637032725484999;0
8;0.94708593892235;-0.091995392578704;0
8.01;0.94603894705578;-0.12021131122627;0
8.02;0.944710169526863;-0.148342701438674;0
8.03;0.943100488946973;-0.176381275813123;0
8.04;0.941210870614202;-0.204318789012652;0
8.05;0.939042362081893;-0.232147040165451;0
8.06;0.93659609270325;-0.25985787524674;0
8.07;0.93387327315222;-0.287443189442511;0
8.08;0.930875194920817;-0.314894929494452;0
8.09;0.927603229793083;-0.342205096025391;0
8.1;0.924058829295885;-0.369365745844586;0
8.11;0.920243524126755;-0.396368994232217;0
8.12;0.916158923558978;-0.423207017202419;0
8.13;0.911806714824151;-0.449872053744223;0
8.14;0.907188662472432;-0.476356408039768;0
8.15;0.902306607710711;-0.502652451659158;0
8.16;0.897162467718946;-0.528752625731342;0
8.17;0.89175823494489;-0.554649443090425;0
8.18;0.886095976377478;-0.580335490396776;0
8.19;0.88017783279911;-0.605803430232381;0
8.2;0.874006018017107;-0.631046003169823;0
8.21;0.867582818074589;-0.656056029814328;0
8.22;0.860910590441061;-0.68082641281832;0
8.23;0.853991763182982;-0.705350138867911;0
8.24;0.846828834114589;-0.729620280640788;0
8.25;0.83942436992928;-0.753629998734962;0
8.26;0.83178100531184;-0.777372543567842;0
8.27;0.823901442031812;-0.800841257245124;0
8.28;0.815788448018317;-0.824029575398985;0
8.29;0.807444856416631;-0.846931028995076;0
8.3;0.798873564626836;-0.86953924610784;0
8.31;0.790077533324859;-0.891847953663664;0
8.32;0.781059785466231;-0.913850979151404;0
8.33;0.771823405272885;-0.935542252299828;0
8.34;0.76237153720333;-0.956915806721523;0
8.35;0.752707384906543;-0.977965781522848;0
8.36;0.742834210159909;-0.998686422879481;0
8.37;0.73275533179157;-1.01907208557718;0
8.38;0.722474124587516;-1.03911723451731;0
8.39;0.711994018183787;-1.05881644618683;0
8.4;0.701318495944132;-1.07816441009225;0
8.41;0.690451093823497;-1.09715593015723;0
8.42;0.679395399217697;-1.11578592608359;0
8.43;0.668155049799646;-1.13404943467513;0
8.44;0.65673373234252;-1.15194161112416;0
8.45;0.645135181530214;-1.16945773026034;0
8.46;0.633363178755498;-1.18659318776143;0
8.47;0.62142155090622;-1.20334350132583;0
8.48;0.609314169139969;-1.21970431180648;0
8.49;0.597044947647567;-1.23567138430585;0
8.5;0.584617842405796;-1.25124060923193;0
8.51;0.572036849919727;-1.26640800331469;0
8.52;0.559306005955077;-1.28116971058305;0
8.53;0.54642938426097;-1.29552200330194;0
8.54;0.533411095283502;-1.30946128286934;0
8.55;0.52025528487053;-1.32298408067306;0
8.56;0.506966132968057;-1.33608705890708;0
8.57;0.493547852308653;-1.34876701134729;0
8.58;0.480004687092294;-1.36102086408643;0
8.59;0.466340911660033;-1.37284567622814;0
8.6;0.452560829160922;-1.38423864053988;0
8.61;0.438668770212586;-1.39519708406475;0
8.62;0.424669091555865;-1.40571846869193;0
8.63;0.410566174703938;-1.41580039168578;0
8.64;0.396364424586343;-1.42544058617338;0
8.65;0.38206826818831;-1.43463692159057;0
8.66;0.367682153185816;-1.44338740408635;0
8.67;0.353210546576791;-1.45169017688557;0
8.68;0.338657933308875;-1.45954352060993;0
8.69;0.324028814904164;-1.46694585355727;0
8.7;0.309327708081343;-1.47389573193905;0
8.71;0.294559143375634;-1.48039185007613;0
8.72;0.279727663756973;-1.4864330405528;0
8.73;0.264837823246842;-1.49201827432907;0
8.74;0.249894185534151;-1.49714666081134;0
8.75;0.234901322590616;-1.50181744788142;0
8.76;0.219863813286023;-1.50603002188398;0
8.77;0.204786242003811;-1.50978390757254;0
8.78;0.189673197257377;-1.51307876801402;0
8.79;0.174529270307524;-1.51591440445208;0
8.8;0.15935905378146;-1.51829075612916;0
8.81;0.144167140293763;-1.52020790006757;0
8.82;0.128958121069714;-1.52166605080956;0
8.83;0.113736584571423;-1.52266556011668;0
8.84;0.0985071151271318;-1.52320691662851;0
8.85;0.0832742915641248;-1.52329074548091;0
8.86;0.0680426858456269;-1.52291780788406;0
8.87;0.0528168617121086;-1.52208900066041;0
8.88;0.0376013733273891;-1.52080535574275;0
8.89;0.0224007639299366;-1.5190680396327;0
8.9;0.00721956448976252;-1.51687835281976;0
8.91;-0.00793770762869947;-1.51423772916117;0
8.92;-0.0230665499973368;-1.51114773522287;0
8.93;-0.0381624764483378;-1.50761006958188;0
8.94;-0.0532210183910212;-1.50362656209019;0
8.95;-0.0682377261211338;-1.49919917310067;0
8.96;-0.0832081701222369;-1.4943299926551;0
8.97;-0.0981279423588034;-1.48902123963483;0
8.98;-0.112992657560655;-1.48327526087412;0
8.99;-0.127797954498365;-1.47709453023686;0
9;-0.142539497249267;-1.47048164765657;0
9.01;-0.157212976453698;-1.46343933814045;0
9.02;-0.171814110561121;-1.45597045073753;0
9.03;-0.186338647065769;-1.44807795747146;0
9.04;-0.200782363731462;-1.43976495223827;0
9.05;-0.215141069805242;-1.43103464966948;0
9.06;-0.229410607219485;-1.42189038396097;0
9.07;-0.243586851782152;-1.41233560766802;0
9.08;-0.257665714354838;-1.40237389046697;0
9.09;-0.271643142018285;-1.3920089178839;0
9.1;-0.285515119225043;-1.38124448999066;0
9.11;-0.299277668938938;-1.37008452006901;0
9.12;-0.312926853761048;-1.35853303324291;0
9.13;-0.32645877704185;-1.34659416507976;0
9.14;-0.339869583979251;-1.33427216016092;0
9.15;-0.353155462702181;-1.32157137062198;0
9.16;-0.366312645339461;-1.30849625466329;0
9.17;-0.379337409073635;-1.29505137503131;0
9.18;-0.392226077179495;-1.2812413974712;0
9.19;-0.404975020047;-1.26707108915115;0
9.2;-0.417580656188314;-1.25254531705911;0
9.21;-0.430039453228687;-1.23766904637228;0
9.22;-0.442347928880915;-1.22244733879998;0
9.23;-0.454502651903106;-1.20688535090046;0
9.24;-0.466500243039502;-1.19098833237215;0
9.25;-0.478337375944098;-1.17476162431992;0
9.26;-0.490010778086815;-1.15821065749696;0
9.27;-0.501517231641985;-1.14134095052273;0
9.28;-0.512853574358909;-1.12415810807773;0
9.29;-0.524016700414257;-1.1066678190755;0
9.3;-0.535003561246094;-1.08887585481256;0
9.31;-0.545811166369304;-1.07078806709679;0
9.32;-0.556436584172205;-1.05241038635493;0
9.33;-0.566876942694144;-1.03374881971976;0
9.34;-0.577129430383881;-1.01480944909755;0
9.35;-0.587191296838555;-0.995598429216447;0
9.36;-0.59705985352305;-0.976121985656375;0
9.37;-0.606732474469586;-0.956386412861067;0
9.38;-0.616206596957343;-0.936398072132897;0
9.39;-0.625479722171969;-0.916163389611105;0
9.4;-0.634549415844784;-0.895688854234055;0
9.41;-0.643413308871552;-0.874981015686181;0
9.42;-0.652069097910643;-0.85404648233025;0
9.43;-0.660514545960463;-0.83289191912558;0
9.44;-0.668747482916004;-0.811524045532887;0
9.45;-0.676765806104376;-0.789949633406379;0
9.46;-0.684567480799218;-0.768175504873776;0
9.47;-0.692150540713848;-0.746208530204908;0
9.48;-0.699513088473054;-0.72405562566953;0
9.49;-0.706653296063415;-0.701723751385046;0
9.5;-0.713569405262058;-0.679219909154778;0
9.51;-0.720259728043757;-0.656551140297458;0
9.52;-0.726722646966289;-0.633724523468608;0
9.53;-0.732956615533971;-0.610747172474462;0
9.54;-0.738960158539304;-0.587626234079125;0
9.55;-0.744731872382662;-0.564368885805604;0
9.56;-0.750270425369967;-0.54098233373141;0
9.57;-0.75557455798829;-0.517473810279383;0
9.58;-0.760643083159356;-0.493850572004419;0
9.59;-0.765474886470887;-0.470119897376769;0
9.6;-0.77006892638577;-0.44628908456257;0
9.61;-0.774424234429023;-0.422365449202301;0
9.62;-0.778539915352532;-0.398356322187801;0
9.63;-0.782415147277563;-0.374269047438554;0
9.64;-0.786049181815028;-0.350110979677873;0
9.65;-0.789441344163517;-0.325889482209687;0
9.66;-0.792591033185108;-0.301611924696556;0
9.67;-0.795497721458956;-0.277285680939614;0
9.68;-0.798160955312703;-0.252918126661083;0
9.69;-0.800580354831717;-0.228516637290017;0
9.7;-0.802755613846215;-0.20408858575195;0
9.71;-0.804686499896292;-0.179641340263079;0
9.72;-0.806372854174927;-0.155182262129663;0
9.73;-0.807814591448996;-0.130718703553271;0
9.74;-0.809011699958375;-0.106258005442526;0
9.75;-0.80996424129319;-0.0818074952320038;0
9.76;-0.810672350249289;-0.0573744847089111;0
9.77;-0.81113623466202;-0.032966267848197;0
9.78;-0.811356175218398;-0.00859011865671879;0
9.79;-0.811332525247758;0.015746710972899;0
9.8;-0.811065710490996;0.0400369933980881;0
9.81;-0.810556228848493;0.0642735273512205;0
9.82;-0.809804650106848;0.0884491400529345;0
9.83;-0.80881161564453;0.112556689313288;0
9.84;-0.807577838116574;0.136589065620131;0
9.85;-0.806104101118455;0.160539194214098;0
9.86;-0.804391258829276;0.184400037149607;0
9.87;-0.802440235634406;0.20816459534129;0
9.88;-0.800252025727723;0.231825910595255;0
9.89;-0.797827692693622;0.255377067624598;0
9.9;-0.795168369068931;0.278811196048589;0
9.91;-0.792275255884913;0.302121472374962;0
9.92;-0.789149622189531;0.325301121964742;0
9.93;-0.785792804550134;0.348343420979056;0
9.94;-0.782206206536765;0.371241698307357;0
9.95;-0.778391298186271;0.393989337476546;0
9.96;-0.774349615447411;0.416579778540419;0
9.97;-0.770082759607155;0.439006519948932;0
9.98;-0.76559239669839;0.461263120396742;0
9.99;-0.760880256889231;0.483343200650521;0
10;-0.755948133854156;0.505240445354508;0
10.01;-0.75079788412719;0.526948604813829;0
10.02;-0.745431426437354;0.548461496755049;0
10.03;-0.739850741026611;0.569773008063505;0
10.04;-0.734057868950549;0.590877096496915;0
10.05;-0.728054911362034;0.611767792374792;0
10.06;-0.721844028778082;0.632439200243215;0
10.07;-0.715427440330192;0.652885500514477;0
10.08;-0.708807422998398;0.673100951081183;0
10.09;-0.701986310829302;0.693079888904339;0
10.1;-0.694966494138335;0.71281673157502;0
10.11;-0.687750418696534;0.732305978849175;0
10.12;-0.680340584902079;0.751542214155172;0
10.13;-0.672739546936894;0.770520106073664;0
10.14;-0.664949911908561;0.789234409789391;0
10.15;-0.656974338977856;0.807679968514523;0
10.16;-0.648815538472173;0.825851714883173;0
10.17;-0.640476270985135;0.843744672316707;0
10.18;-0.631959346462688;0.861353956359489;0
10.19;-0.62326762327597;0.878674775984721;0
10.2;-0.614404007281256;0.895702434870031;0
10.21;-0.605371450867288;0.912432332642477;0
10.22;-0.596172951990289;0.928859966092654;0
10.23;-0.586811553196981;0.944980930357584;0
10.24;-0.577290340635912;0.960790920072098;0
10.25;-0.567612443057413;0.976285730488407;0
10.26;-0.557781030802508;0.991461258563595;0
10.27;-0.547799314781083;1.00631350401475;0
10.28;-0.537670545439666;1.02083857034147;0
10.29;-0.527398011719112;1.03503266581554;0
10.3;-0.51698504000256;1.04889210443744;0
10.31;-0.506434993053955;1.06241330685958;0
10.32;-0.495751268947502;1.07559280127592;0
10.33;-0.484937299988369;1.08842722427787;0
10.34;-0.473996551624987;1.10091332167621;0
10.35;-0.462932521353286;1.11304794928882;0
10.36;-0.451748737613197;1.12482807369418;0
10.37;-0.44044875867779;1.13625077295025;0
10.38;-0.42903617153537;1.14731323727878;0
10.39;-0.417514590764883;1.15801276971481;0
10.4;-0.405887657404994;1.16834678672119;0
10.41;-0.39415903781717;1.17831281876813;0
10.42;-0.382332422543126;1.18790851087746;0
10.43;-0.370411525156994;1.19713162313175;0
10.44;-0.35840008111255;1.20598003114794;0
10.45;-0.34630184658587;1.21445172651563;0
10.46;-0.334120597313763;1.22254481719976;0
10.47;-0.321860127428337;1.23025752790779;0
10.48;-0.309524248288049;1.2375882004212;0
10.49;-0.297116787305608;1.24453529389136;0
10.5;-0.284641586773071;1.2510973850997;0
10.51;-0.272102502684509;1.25727316868213;0
10.52;-0.259503403556578;1.26306145731783;0
10.53;-0.246848169247373;1.26846118188226;0
10.54;-0.234140689773903;1.27347139156452;0
10.55;-0.22138486412856;1.27809125394899;0
10.56;-0.208584599094931;1.28232005506141;0
10.57;-0.195743808063304;1.2861571993793;0
10.58;-0.182866409846238;1.28960220980695;0
10.59;-0.169956327494537;1.29265472761483;0
10.6;-0.157017487113988;1.29531451234377;0
10.61;-0.144053816683222;1.29758144167368;0
10.62;-0.131069244873044;1.29945551125725;0
10.63;-0.118067699867576;1.30093683451848;0
10.64;-0.105053108187588;1.30202564241624;0
10.65;-0.0920293935163347;1.30272228317305;0
10.66;-0.0790004755282683;1.3030272219692;0
10.67;-0.065970268720967;1.30294104060221;0
10.68;-0.0529426812506184;1.30246443711209;0
10.69;-0.0399216137714084;1.30159822537226;0
10.7;-0.0269109582791525;1.30034333464652;0
10.71;-0.01391459695951;1.29870080911219;0
10.72;-0.000936401041118715;1.29667180734956;0
10.73;0.0120197703460151;1.29425760179804;0
10.74;0.0249500713065378;1.291459578179;0
10.75;0.0378506703098496;1.28827923488569;0
10.76;0.0507177513139583;1.28471818234048;0
10.77;0.0635475148827574;1.28077814231951;0
10.78;0.0763361792964076;1.27646094724526;0
10.79;0.0890799816544982;1.27176853944704;0
10.8;0.101775178971672;1.26670297038991;0
10.81;0.114418049265395;1.26126639987211;0
10.82;0.127004892635566;1.2554610951915;0
10.83;0.139532032335648;1.24928943028114;0
10.84;0.151995815835013;1.24275388481439;0
10.85;0.164392615872213;1.2358570432799;0
10.86;0.176718831498859;1.22860159402671;0
10.87;0.188970889113816;1.22099032827991;0
10.88;0.201145243487434;1.21302613912712;0
10.89;0.213238378775496;1.20471202047618;0
10.9;0.225246809522637;1.19605106598444;0
10.91;0.237167081654907;1.18704646795997;0
10.92;0.24899577346124;1.17770151623505;0
10.93;0.26072949656352;1.16801959701242;0
10.94;0.272364896874999;1.1580041916846;0
10.95;0.283898655546782;1.14765887562671;0
10.96;0.295327489902126;1.13698731696318;0
10.97;0.306648154358287;1.12599327530878;0
10.98;0.317857441335667;1.11468060048443;0
10.99;0.328952182154003;1.10305323120808;0
11;0.33992924791536;1.09111519376132;0
11.01;0.350785550373673;1.07887060063191;0
11.02;0.36151804279062;1.0663236491329;0
11.03;0.372123720777572;1.05347861999863;0
11.04;0.382599623123406;1.04033987595818;0
11.05;0.392942832607951;1.02691186028665;0
11.06;0.403150476800849;1.01319909533485;0
11.07;0.413219728845618;0.99920618103771;0
11.08;0.423147808228706;0.98493779340213;0
11.09;0.43293198153333;0.970398682974505;0
11.1;0.442569563177902;0.955593673288612;0
11.11;0.452057916138847;0.940527659294261;0
11.12;0.461394452657628;0.925205605767238;0
11.13;0.470576634931775;0.909632545701056;0
11.14;0.47960197578977;0.893813578681021;0
11.15;0.488468039349575;0.877753869241124;0
11.16;0.49717244166067;0.861458645204296;0
11.17;0.505712851329414;0.844933196006539;0
11.18;0.514086990127572;0.828182871005469;0
11.19;0.522292633583868;0.811213077773808;0
11.2;0.530327611558404;0.794029280378348;0
11.21;0.5381898087998;0.776636997644954;0
11.22;0.545877165484934;0.759041801410116;0
11.23;0.553387677741124;0.741249314759633;0
11.24;0.560719398150659;0.723265210254949;0
11.25;0.567870436237525;0.70509520814771;0
11.26;0.57483895893623;0.686745074583099;0
11.27;0.581623191042619;0.668220619792495;0
11.28;0.588221415646564;0.649527696276025;0
11.29;0.594631974546435;0.630672196975571;0
11.3;0.600853268645268;0.611660053438794;0
11.31;0.606883758328525;0.592497233974738;0
11.32;0.61272196382338;0.573189741801585;0
11.33;0.61836646553945;0.553743613187134;0
11.34;0.623815904390899;0.53416491558256;0
11.35;0.629068982099846;0.514459745750044;0
11.36;0.634124461481036;0.494634227884823;0
11.37;0.638981166707693;0.474694511732253;0
11.38;0.643637983558539;0.454646770700446;0
11.39;0.648093859645908;0.434497199969057;0
11.4;0.652347804624946;0.414252014594795;0
11.41;0.656398890383837;0.393917447614235;0
11.42;0.660246251215062;0.373499748144495;0
11.43;0.663889083967651;0.353005179482366;0
11.44;0.667326648180422;0.332440017202446;0
11.45;0.670558266196197;0.311810547254873;0
11.46;0.673583323257;0.291123064063216;0
11.47;0.676401267580232;0.270383868623085;0
11.48;0.679011610415842;0.249599266602055;0
11.49;0.6814139260845;0.22877556644144;0
11.5;0.683607851996805;0.207919077460508;0
11.51;0.68559308865354;0.187036107963685;0
11.52;0.687369399627022;0.16613296335132;0
11.53;0.688936611523573;0.145215944234567;0
11.54;0.690294613927163;0.124291344554942;0
11.55;0.691443359324271;0.103365449709107;0
11.56;0.692382863010015;0.0824445346794487;0
11.57;0.693113202975626;0.0615348621709792;0
11.58;0.693634519777311;0.0406426807551291;0
11.59;0.693947016386593;0.0197742230209624;0
11.6;0.694050958022196;-0.00106429626563914;0
11.61;0.693946671963564;-0.0218666819942847;0
11.62;0.693634547346085;-0.0426267605333426;0
11.63;0.693115034938146;-0.0633383815436364;0
11.64;0.692388646900074;-0.0839954197820413;0
11.65;0.691455956525099;-0.104591776894458;0
11.66;0.690317597962443;-0.125121383197646;0
11.67;0.688974265922629;-0.145578199449398;0
11.68;0.687426715365151;-0.165956218606547;0
11.69;0.685675761168621;-0.186249467570304;0
11.7;0.683722277783517;-0.206452008918415;0
11.71;0.681567198867674;-0.226557942623652;0
11.72;0.679211516904652;-0.246561407758135;0
11.73;0.676656282805127;-0.266456584183011;0
11.74;0.673902605491455;-0.286237694222996;0
11.75;0.670951651465552;-0.305899004325317;0
11.76;0.667804644360268;-0.325434826702567;0
11.77;0.664462864474399;-0.344839520959028;0
11.78;0.660927648291515;-0.364107495699986;0
11.79;0.657200387982769;-0.383233210123593;0
11.8;0.653282530893876;-0.402211175594832;0
11.81;0.649175579016422;-0.42103595720113;0
11.82;0.644881088443716;-0.439702175289202;0
11.83;0.640400668811345;-0.458204506982686;0
11.84;0.635735982722651;-0.47653768768015;0
11.85;0.630888745159313;-0.494696512533054;0
11.86;0.625860722877243;-0.512675837903267;0
11.87;0.620653733787998;-0.530470582799722;0
11.88;0.615269646325925;-0.548075730293828;0
11.89;0.609710378801242;-0.565486328913245;0
11.9;0.603977898739289;-0.582697494013643;0
11.91;0.598074222206156;-0.599704409128067;0
11.92;0.592001413120917;-0.616502327293554;0
11.93;0.585761582554708;-0.633086572354625;0
11.94;0.579356888016874;-0.649452540243323;0
11.95;0.572789532728418;-0.665595700235429;0
11.96;0.566061764883001;-0.681511596182547;0
11.97;0.559175876895728;-0.697195847719706;0
11.98;0.552134204639972;-0.712644151448176;0
11.99;0.544939126672478;-0.727852282093175;0
12;0.537593063447012;-0.742816093636174;0
12.01;0.530098476516794;-0.757531520421489;0
12.02;0.522457867725984;-0.771994578236891;0
12.03;0.514673778390487;-0.786201365367939;0
12.04;0.50674878846832;-0.800148063625776;0
12.05;0.498685515719837;-0.813830939348112;0
12.06;0.490486614858053;-0.827246344373165;0
12.07;0.48215477668936;-0.840390716986278;0
12.08;0.473692727244892;-0.853260582839015;0
12.09;0.465103226902837;-0.865852555840474;0
12.1;0.456389069501946;-0.878163339020622;0
12.11;0.447553081446545;-0.890189725365424;0
12.12;0.438598120803324;-0.901928598623574;0
12.13;0.42952707639018;-0.913376934084636;0
12.14;0.420342866857417;-0.924531799328402;0
12.15;0.411048439761575;-0.935390354945301;0
12.16;0.401646770632186;-0.945949855227683;0
12.17;0.39214086203176;-0.956207648831838;0
12.18;0.382533742609266;-0.966161179410577;0
12.19;0.372828466147434;-0.97580798621626;0
12.2;0.363028110604151;-0.985145704674126;0
12.21;0.353135777148266;-0.99417206692581;0
12.22;0.343154589190087;-1.00288490234293;0
12.23;0.333087691406882;-1.01128213801066;0
12.24;0.322938248763676;-1.01936179918117;0
12.25;0.312709445529656;-1.02712200969682;0
12.26;0.30240448429047;-1.03456099238319;0
12.27;0.292026584956742;-1.04167706941162;0
12.28;0.281578983769091;-1.04846866263145;0
12.29;0.271064932299974;-1.05493429387177;0
12.3;0.260487696452637;-1.06107258521266;0
12.31;0.249850555457496;-1.06688225922597;0
12.32;0.239156800866253;-1.07236213918551;0
12.33;0.228409735544041;-1.07751114924672;0
12.34;0.217612672659909;-1.08232831459579;0
12.35;0.206768934675957;-1.08681276156822;0
12.36;0.195881852335423;-1.09096371773688;0
12.37;0.184954763650023;-1.09478051196953;0
12.38;0.173991012886859;-1.09826257445595;0
12.39;0.162993949555182;-1.10140943670458;0
12.4;0.151966927393339;-1.10422073150883;0
12.41;0.140913303356182;-1.10669619288308;0
12.42;0.129836436603258;-1.10883565596843;0
12.43;0.118739687488079;-1.11063905690836;0
12.44;0.107626416548766;-1.1121064326942;0
12.45;0.096499983500376;-1.11323792098082;0
12.46;0.0853637462292078;-1.11403375987227;0
12.47;0.0742210597893822;-1.11449428767783;0
12.48;0.0630752754019973;-1.11461994263833;0
12.49;0.0519297394571525;-1.11441126262308;0
12.5;0.0407877925191362;-1.11386888479735;0
12.51;0.0296527683350688;-1.11299354526079;0
12.52;0.0185279928472935;-1.11178607865668;0
12.53;0.00741678320980439;-1.1102474177524;0
12.54;-0.00367755319100107;-1.10837859299119;0
12.55;-0.0147517197109588;-1.10618073201535;0
12.56;-0.0258024314178791;-1.10365505916121;0
12.57;-0.0368264160561109;-1.10080289492592;0
12.58;-0.0478204150056472;-1.09762565540634;0
12.59;-0.0587811842354964;-1.09412485171026;0
12.6;-0.0697054952510402;-1.09030208934011;0
12.61;-0.0805901360351069;-1.08615906754952;0
12.62;-0.0914319119824884;-1.08169757867275;0
12.63;-0.102227646827631;-1.07691950742749;0
12.64;-0.112974183565233;-1.07182683019111;0
12.65;-0.123668385363492;-1.06642161425068;0
12.66;-0.134307136469728;-1.06070601702706;0
12.67;-0.144887343108135;-1.05468228527323;0
12.68;-0.155405934369403;-1.04835275424733;0
12.69;-0.165859863091957;-1.04171984686049;0
12.7;-0.176246106734557;-1.0347860727999;0
12.71;-0.186561668240025;-1.02755402762738;0
12.72;-0.196803576889846;-1.02002639185371;0
12.73;-0.206968889149403;-1.01220592998916;0
12.74;-0.217054689503613;-1.0040954895704;0
12.75;-0.227058091282727;-0.99569800016425;0
12.76;-0.236976237478062;-0.987016472348514;0
12.77;-0.246806301547447;-0.978053996670294;0
12.78;-0.256545488210139;-0.968813742582138;0
12.79;-0.266191034231018;-0.95929895735634;0
12.8;-0.275740209193812;-0.949512964977798;0
12.81;-0.285190316263171;-0.939459165015764;0
12.82;-0.294538692935351;-0.929141031474887;0
12.83;-0.303782711777323;-0.918562111625915;0
12.84;-0.312919781154104;-0.907726024816439;0
12.85;-0.321947345944097;-0.896636461262082;0
12.86;-0.330862888242262;-0.885297180818519;0
12.87;-0.339663928050921;-0.873712011734734;0
12.88;-0.348348023958015;-0.861884849387913;0
12.89;-0.356912773802627;-0.849819655000396;0
12.9;-0.365355815327593;-0.837520454339092;0
12.91;-0.373674826819031;-0.824991336397784;0
12.92;-0.381867527732624;-0.812236452062739;0
12.93;-0.389931679306475;-0.799260012762071;0
12.94;-0.397865085160392;-0.786066289099262;0
12.95;-0.405665591881435;-0.77265960947131;0
12.96;-0.413331089595575;-0.759044358671908;0
12.97;-0.420859512525327;-0.745224976480138;0
12.98;-0.428248839533198;-0.731205956235094;0
12.99;-0.435497094650823;-0.716991843396908;0
13;-0.442602347593653;-0.702587234094616;0
13.01;-0.449562714261058;-0.687996773661344;0
13.02;-0.456376357221737;-0.673225155157251;0
13.03;-0.463041486184296;-0.658277117880707;0
13.04;-0.469556358452887;-0.643157445868176;0
13.05;-0.4759192793678;-0.627870966383254;0
13.06;-0.482128602730896;-0.612422548395357;0
13.07;-0.488182731215783;-0.596817101048519;0
13.08;-0.494080116762638;-0.581059572120773;0
13.09;-0.49981926095758;-0.565154946474608;0
13.1;-0.505398715396511;-0.549108244498966;0
13.11;-0.510817082033338;-0.532924520543271;0
13.12;-0.516073013512507;-0.516608861343966;0
13.13;-0.521165213485764;-0.50016638444405;0
13.14;-0.526092436913083;-0.483602236606091;0
13.15;-0.530853490347703;-0.466921592219217;0
13.16;-0.535447232205199;-0.450129651700553;0
13.17;-0.539872573016552;-0.433231639891608;0
13.18;-0.54412847566516;-0.416232804450098;0
13.19;-0.548213955607749;-0.399138414237695;0
13.2;-0.55212808107914;-0.38195375770418;0
13.21;-0.555869973280851;-0.364684141268516;0
13.22;-0.559438806553494;-0.347334887697309;0
13.23;-0.562833808532943;-0.329911334481155;0
13.24;-0.566054260290266;-0.312418832209366;0
13.25;-0.569099496455389;-0.294862742943563;0
13.26;-0.571968905324503;-0.277248438590624;0
13.27;-0.574661928951189;-0.259581299275478;0
13.28;-0.577178063221281;-0.241866711714235;0
13.29;-0.579516857911458;-0.224110067588127;0
13.3;-0.581677916731583;-0.206316761918767;0
13.31;-0.5836608973508;-0.188492191445191;0
13.32;-0.585465511407417;-0.17064175300318;0
13.33;-0.587091524502587;-0.15277084190733;0
13.34;-0.588538756177827;-0.134884850336373;0
13.35;-0.589807079876409;-0.116989165722194;0
13.36;-0.590896422888658;-0.0990891691430589;0
13.37;-0.591806766281197;-0.0811902337214956;0
13.38;-0.592538144810205;-0.0632977230273172;0
13.39;-0.59309064681872;-0.045416989486255;0
13.4;-0.593464414118062;-0.0275533727946648;0
13.41;-0.593659641853425;-0.00971219834077529;0
13.42;-0.593676578353722;0.00810122436706251;0
13.43;-0.593515524965736;0.0258816032646637;0
13.44;-0.593176835872672;0.0436236652883802;0
13.45;-0.592660917897174;0.0613221579231018;0
13.46;-0.591968230288912;0.0789718507414359;0
13.47;-0.591099284496807;0.0965675369336219;0
13.48;-0.590054643926006;0.114104034827736;0
13.49;-0.588834923679703;0.131576189399748;0
13.5;-0.587440790285901;0.148978873772994;0
13.51;-0.585872961409233;0.166306990706639;0
13.52;-0.584132205547944;0.183555474072688;0
13.53;-0.582219341716165;0.200719290321145;0
13.54;-0.580135239111577;0.217793439932876;0
13.55;-0.577880816768619;0.234772958859783;0
13.56;-0.575457043197341;0.251652919951865;0
13.57;-0.57286493600805;0.268428434370769;0
13.58;-0.570105561521885;0.285094652989421;0
13.59;-0.567180034367458;0.301646767777358;0
13.6;-0.564089517063707;0.318080013171351;0
13.61;-0.560835219589114;0.334389667430944;0
13.62;-0.557418398937428;0.350571053978532;0
13.63;-0.553840358660072;0.366619542723592;0
13.64;-0.550102448395367;0.382530551370704;0
13.65;-0.546206063384756;0.398299546711002;0
13.66;-0.542152643976192;0.413922045896682;0
13.67;-0.537943675114853;0.429393617698235;0
13.68;-0.533580685821367;0.444709883744035;0
13.69;-0.529065248657721;0.459866519741956;0
13.7;-0.524398979181034;0.474859256682685;0
13.71;-0.519583535385389;0.489683882024381;0
13.72;-0.514620617131885;0.504336240858388;0
13.73;-0.509511965567143;0.518812237055655;0
13.74;-0.504259362530413;0.533107834393572;0
13.75;-0.498864629949519;0.547219057662909;0
13.76;-0.493329629225812;0.561141993754571;0
13.77;-0.487656260608358;0.574872792725856;0
13.78;-0.48184646255755;0.588407668845958;0
13.79;-0.475902211098363;0.601742901620421;0
13.8;-0.469825519163454;0.614874836794273;0
13.81;-0.463618435926341;0.627799887333588;0
13.82;-0.457283046124846;0.640514534385202;0
13.83;-0.450821469375057;0.653015328214348;0
13.84;-0.444235859476003;0.66529888911996;0
13.85;-0.437528403705282;0.677361908327406;0
13.86;-0.430701322105861;0.689201148858431;0
13.87;-0.423756866764288;0.700813446378079;0
13.88;-0.416697321080525;0.712195710018388;0
13.89;-0.409524999029663;0.723344923178644;0
13.9;-0.402242244415735;0.734258144301997;0
13.91;-0.394851430117865;0.744932507628247;0
13.92;-0.387354957329011;0.75536522392262;0
13.93;-0.379755254787511;0.765553581180345;0
13.94;-0.372054778001707;0.775494945306873;0
13.95;-0.364256008467871;0.785186760773577;0
13.96;-0.356361452881684;0.794626551248762;0
13.97;-0.348373642343523;0.803811920203866;0
13.98;-0.340295131557787;0.812740551494685;0
13.99;-0.332128498026534;0.821410209917506;0
14;-0.323876341237666;0.829818741740028;0
14.01;-0.315541281847917;0.837964075206939;0
14.02;-0.307125960860905;0.845844221020057;0
14.03;-0.298633038800489;0.853457272792925;0
14.04;-0.290065194879704;0.860801407479774;0
14.05;-0.281425126165516;0.867874885778764;0
14.06;-0.272715546739666;0.874676052509432;0
14.07;-0.263939186855849;0.881203336964269;0
14.08;-0.2550987920935;0.887455253234379;0
14.09;-0.246197122508436;0.89343040050915;0
14.1;-0.237236951780624;0.899127463349913;0
14.11;-0.22822106635932;0.904545211937525;0
14.12;-0.21915226460586;0.909682502293874;0
14.13;-0.210033355934351;0.914538276477263;0
14.14;-0.200867159950514;0.919111562751673;0
14.15;-0.191656505588973;0.923401475729889;0
14.16;-0.182404230249213;0.927407216490502;0
14.17;-0.173113178930489;0.931128072668789;0
14.18;-0.163786203365952;0.934563418521484;0
14.19;-0.154426161156237;0.937712714965483;0
14.2;-0.14503591490278;0.940575509590497;0
14.21;-0.135618331341131;0.943151436645706;0
14.22;-0.126176280474515;0.945440217000455;0
14.23;-0.116712634707901;0.947441658079061;0
14.24;-0.107230267982842;0.949155653769771;0
14.25;-0.09773205491334;0.950582184307976;0
14.26;-0.0882208699229922;0.951721316133729;0
14.27;-0.0786995863836827;0.952573201723672;0
14.28;-0.0691710757560651;0.953138079397462;0
14.29;-0.0596382067320973;0.953416273098795;0
14.3;-0.0501038443798792;0.953408192151144;0
14.31;-0.0405708492910468;0.953114330988316;0
14.32;-0.0310420767309734;0.952535268859968;0
14.33;-0.0215203757920283;0.951671669512197;0
14.34;-0.0120085885501402;0.950524280843357;0
14.35;-0.00250954922491461;0.949093934535235;0
14.36;0.00697391665645113;0.947381545659754;0
14.37;0.0164389930912096;0.945388112261347;0
14.38;0.0258828744288205;0.943114714915181;0
14.39;0.0353027661941815;0.940562516261401;0
14.4;0.0446958859060951;0.937732760515576;0
14.41;0.0540594638907323;0.934626772955526;0
14.42;0.0633907440898605;0.93124595938474;0
14.43;0.0726869848635994;0.927591805572576;0
14.44;0.0819454597874765;0.923665876671448;0
14.45;0.0911634584435509;0.919469816611225;0
14.46;0.10033828720538;0.91500534747105;0
14.47;0.109467270016601;0.910274268828819;0
14.48;0.118547749162915;0.905278457088544;0
14.49;0.127577086037234;0.900019864785838;0
14.5;0.136552661897798;0.894500519871783;0
14.51;0.145471878619023;0.888722524975411;0
14.52;0.15433215943489;0.882688056645078;0
14.53;0.163130949674642;0.876399364568972;0
14.54;0.171865717490602;0.869858770775043;0
14.55;0.180533954577895;0.863068668810628;0
14.56;0.189133176885877;0.856031522902036;0
14.57;0.197660925321068;0.848749867094401;0
14.58;0.2061147664414;0.841226304372073;0
14.59;0.21449229314158;0.833463505759873;0
14.6;0.222791125329382;0.825464209405475;0
14.61;0.231008910592674;0.817231219643265;0
14.62;0.239143324857011;0.808767406039952;0
14.63;0.247192073033593;0.800075702422278;0
14.64;0.255152889657427;0.791159105887128;0
14.65;0.263023539515512;0.782020675794378;0
14.66;0.270801818264869;0.772663532742811;0
14.67;0.278485553040269;0.763090857529437;0
14.68;0.286072603051463;0.753305890092552;0
14.69;0.293560860169787;0.743311928438892;0
14.7;0.300948249503957;0.733112327555215;0
14.71;0.308232729964921;0.722710498304684;0
14.72;0.315412294819592;0.712109906308389;0
14.73;0.322484972233352;0.70131407081238;0
14.74;0.329448825801144;0.690326563540574;0
14.75;0.336301955067039;0.679151007533902;0
14.76;0.343042496032136;0.667791075976062;0
14.77;0.349668621650654;0.656250491006273;0
14.78;0.3561785423141;0.64453302251938;0
14.79;0.362570506323381;0.632642486953714;0
14.8;0.368842800348738;0.620582746067084;0
14.81;0.374993749877393;0.608357705701282;0
14.82;0.381021719648787;0.595971314535503;0
14.83;0.386925114077305;0.583427562829061;0
14.84;0.39270237766238;0.570730481153809;0
14.85;0.398351995385883;0.557884139116642;0
14.86;0.403872493096681;0.544892644072508;0
14.87;0.4092624378823;0.531760139828305;0
14.88;0.414520438427577;0.518490805338082;0
14.89;0.419645145360229;0.505088853389952;0
14.9;0.424635251583256;0.491558529285111;0
14.91;0.429489492594099;0.477904109509385;0
14.92;0.434206646790484;0.464129900397715;0
14.93;0.438785535762877;0.450240236791984;0
14.94;0.443225024573491;0.436239480692614;0
14.95;0.447524022021783;0.422132019904327;0
14.96;0.451681480896381;0.40792226667651;0
14.97;0.455696398213395;0.393614656338586;0
14.98;0.45956781544106;0.379213645930805;0
14.99;0.463294818710666;0.364723712830892;0
15;0.466876539013739;0.350149353376947;0
15.01;0.470312152385439;0.335495081487038;0
15.02;0.47360088007413;0.320765427275892;0
15.03;0.476741988697117;0.305964935669106;0
15.04;0.479734790382514;0.291098165015307;0
15.05;0.482578642897215;0.276169685696666;0
15.06;0.485272949760977;0.261184078738197;0
15.07;0.487817160346589;0.246145934416259;0
15.08;0.490210769966116;0.231059850866666;0
15.09;0.492453319943236;0.215930432692845;0
15.1;0.49454439767165;0.200762289574441;0
15.11;0.49648363665959;0.185560034876791;0
15.12;0.498270716560419;0.170328284261686;0
15.13;0.499905363189353;0.155071654299831;0
15.14;0.501387348526312;0.13979476108542;0
15.15;0.502716490704931;0.124502218853226;0
15.16;0.503892653987751;0.109198638598639;0
15.17;0.504915748727632;0.0938886267010341;0
15.18;0.505785731315407;0.0785767835508951;0
15.19;0.506502604113832;0.0632677021810942;0
15.2;0.507066415377866;0.0479659669027257;0
15.21;0.507477259161335;0.0326761519459011;0
15.22;0.507735275210026;0.0174028201059018;0
15.23;0.507840648841261;0.0021505213950853;0
15.24;0.507793610810032;-0.0130762082990583;0
15.25;0.507594437161732;-0.0282728485493105;0
15.26;0.507243449071568;-0.043434895717199;0
15.27;0.506741012670728;-0.0585578642741559;0
15.28;0.506087538859358;-0.0736372881149769;0
15.29;0.50528348310645;-0.0886687218632014;0
15.3;0.504329345236714;-0.103647742168034;0
15.31;0.503225669204512;-0.118569948992437;0
15.32;0.501973042854963;-0.133430966892016;0
15.33;0.500572097672293;-0.148226446284343;0
15.34;0.499023508515541;-0.162952064708338;0
15.35;0.497327993341717;-0.177603528073357;0
15.36;0.495486312916514;-0.19217657189764;0
15.37;0.493499270512687;-0.206666962535737;0
15.38;0.491367711596208;-0.221070498394594;0
15.39;0.489092523500313;-0.235383011137938;0
15.4;0.486674635087559;-0.249600366878622;0
15.41;0.484115016400012;-0.263718467358591;0
15.42;0.481414678297691;-0.277733251116148;0
15.43;0.478574672085401;-0.291640694640175;0
15.44;0.475596089128086;-0.305436813511001;0
15.45;0.472480060454822;-0.319117663527587;0
15.46;0.469227756351618;-0.332679341820718;0
15.47;0.465840385943137;-0.346117987951895;0
15.48;0.462319196763497;-0.359429784997618;0
15.49;0.458665474316298;-0.372610960618759;0
15.5;0.454880541624022;-0.385657788114735;0
15.51;0.450965758766957;-0.398566587462189;0
15.52;0.446922522411815;-0.411333726337893;0
15.53;0.442752265330179;-0.423955621125593;0
15.54;0.43845645590697;-0.436428737906522;0
15.55;0.434036597639069;-0.448749593433324;0
15.56;0.429494228624287;-0.460914756087096;0
15.57;0.424830921040833;-0.472920846817327;0
15.58;0.420048280617466;-0.484764540064454;0
15.59;0.4151479460945;-0.496442564664799;0
15.6;0.410131588675835;-0.507951704737646;0
15.61;0.405000911472205;-0.519288800554225;0
15.62;0.399757648935813;-0.530450749388363;0
15.63;0.394403566286548;-0.541434506348591;0
15.64;0.388940458929959;-0.552237085191489;0
15.65;0.383370151867186;-0.562855559116037;0
15.66;0.377694499097033;-0.573287061538802;0
15.67;0.371915383010373;-0.583528786849726;0
15.68;0.366034713777085;-0.593577991148349;0
15.69;0.360054428725718;-0.603431992960258;0
15.7;0.353976491716082;-0.613088173933603;0
15.71;0.347802892504957;-0.622543979515482;0
15.72;0.341535646105141;-0.631796919608054;0
15.73;0.335176792138013;-0.640844569204189;0
15.74;0.328728394179852;-0.649684569002519;0
15.75;0.322192539102077;-0.658314626001744;0
15.76;0.315571336405656;-0.666732514074026;0
15.77;0.308866917549868;-0.674936074517368;0
15.78;0.302081435275631;-0.682923216586822;0
15.79;0.295217062923625;-0.690691918004416;0
15.8;0.288275993747405;-0.698240225447681;0
15.81;0.281260440221723;-0.70556625501667;0
15.82;0.274172633346286;-0.712668192679358;0
15.83;0.267014821945149;-0.719544294695343;0
15.84;0.259789271961971;-0.726192888017737;0
15.85;0.252498265751355;-0.732612370673185;0
15.86;0.245144101366483;-0.738801212119918;0
15.87;0.237729091843264;-0.744757953583784;0
15.88;0.230255564481237;-0.750481208372186;0
15.89;0.222725860121415;-0.75596966216587;0
15.9;0.215142332421324;-0.761222073288526;0
15.91;0.207507347127443;-0.766237272954139;0
15.92;0.199823281345266;-0.771014165492071;0
15.93;0.192092522807223;-0.775551728549844;0
15.94;0.184317469138661;-0.779849013273583;0
15.95;0.176500527122136;-0.783905144466132;0
15.96;0.168644111960208;-0.78771932072281;0
15.97;0.160750646536995;-0.791290814544812;0
15.98;0.15282256067868;-0.79461897243027;0
15.99;0.144862290413219;-0.797703214942968;0
16;0.136872277229455;-0.80054303675874;0
16.01;0.128854967335867;-0.803138006689571;0
16.02;0.120812810919191;-0.805487767685438;0
16.03;0.112748261403105;-0.807592036813918;0
16.04;0.104663774707228;-0.809450605217614;0
16.05;0.0965618085066475;-0.811063338049459;0
16.06;0.0884448214921823;-0.812430174385932;0
16.07;0.0803152726316224;-0.813551127118272;0
16.08;0.07217562043215;-0.814426282821752;0
16.09;0.0640283222041684;-0.815055801603087;0
16.1;0.0558758333267538;-0.815439916926066;0
16.11;0.0477206065149496;-0.81557893541549;0
16.12;0.0395650910891176;-0.815473236639519;0
16.13;0.0314117322465625;-0.81512327287053;0
16.14;0.0232629703356455;-0.814529568824583;0
16.15;0.0151212401325971;-0.813692721379631;0
16.16;0.00698897012124441;-0.812613399272574;0
16.17;-0.00113141822413771;-0.811292342775298;0
16.18;-0.00923751115264197;-0.809730363349823;0
16.19;-0.0173269033470019;-0.807928343282709;0
16.2;-0.0253971986301161;-0.805887235298859;0
16.21;-0.0334460106676188;-0.803608062154864;0
16.22;-0.0414709636662922;-0.801091916212064;0
16.23;-0.0494696930681182;-0.798339958989474;0
16.24;-0.0574398462397704;-0.795353420696743;0
16.25;-0.0653790831573459;-0.792133599747335;0
16.26;-0.0732850770861402;-0.788681862252091;0
16.27;-0.0811555152552712;-0.784999641493378;0
16.28;-0.0889880995269568;-0.781088437379998;0
16.29;-0.0967805470602565;-0.776949815883068;0
16.3;-0.104530590969087;-0.772585408453066;0
16.31;-0.112235980974323;-0.767996911418243;0
16.32;-0.119894484049802;-0.763186085364636;0
16.33;-0.127503885062043;-0.75815475449787;0
16.34;-0.135061987403506;-0.752904805986992;0
16.35;-0.142566613619206;-0.747438189290564;0
16.36;-0.150015606026515;-0.741756915465233;0
16.37;-0.157406827327963;-0.735863056457028;0
16.38;-0.164738161216885;-0.729758744375628;0
16.39;-0.172007512975724;-0.723446170751837;0
16.4;-0.179212810066847;-0.71692758577852;0
16.41;-0.186352002715684;-0.71020529753527;0
16.42;-0.193423064486049;-0.703281671197045;0
16.43;-0.200423992847476;-0.696159128227055;0
16.44;-0.207352809734412;-0.68884014555416;0
16.45;-0.214207562097115;-0.68132725473506;0
16.46;-0.220986322444106;-0.673623041101548;0
16.47;-0.227687189376032;-0.665730142893105;0
16.48;-0.234308288110784;-0.657651250375131;0
16.49;-0.240847770999737;-0.649389104943094;0
16.5;-0.247303818034969;-0.640946498212894;0
16.51;-0.253674637347321;-0.632326271097729;0
16.52;-0.25995846569517;-0.623531312871784;0
16.53;-0.266153568943775;-0.614564560221018;0
16.54;-0.272258242535078;-0.605428996281378;0
16.55;-0.278270811947831;-0.59612764966474;0
16.56;-0.284189633147928;-0.586663593472897;0
16.57;-0.290013093028823;-0.577039944299893;0
16.58;-0.295739609841923;-0.567259861223051;0
16.59;-0.301367633616839;-0.557326544782987;0
16.6;-0.306895646571389;-0.547243235952951;0
16.61;-0.312322163511249;-0.537013215097826;0
16.62;-0.317645732219149;-0.526639800923101;0
16.63;-0.32286493383351;-0.516126349414157;0
16.64;-0.32797838321644;-0.505476252766205;0
16.65;-0.33298472931098;-0.494692938305211;0
16.66;-0.337882655487525;-0.483779867400133;0
16.67;-0.342670879879328;-0.472740534366838;0
16.68;-0.347348155707009;-0.461578465364015;0
16.69;-0.351913271591985;-0.450297217281448;0
16.7;-0.356365051858748;-0.438900376620981;0
16.71;-0.360702356825932;-0.427391558370535;0
16.72;-0.364924083086074;-0.415774404871519;0
16.73;-0.369029163774037;-0.404052584679989;0
16.74;-0.373016568824001;-0.392229791421904;0
16.75;-0.376885305215;-0.380309742642836;0
16.76;-0.380634417204915;-0.368296178652491;0
16.77;-0.384262986552899;-0.356192861364382;0
16.78;-0.387770132730182;-0.344003573131029;0
16.79;-0.391155013119198;-0.331732115575032;0
16.8;-0.394416823201014;-0.319382308416374;0
16.81;-0.397554796731017;-0.306957988296319;0
16.82;-0.400568205902816;-0.294463007598254;0
16.83;-0.403456361500354;-0.281901233265841;0
16.84;-0.406218613038181;-0.269276545618839;0
16.85;-0.408854348889877;-0.256592837166944;0
16.86;-0.41136299640461;-0.243854011422022;0
16.87;-0.413744022011807;-0.231063981709079;0
16.88;-0.415996931313932;-0.218226669976334;0
16.89;-0.418121269167361;-0.205346005604758;0
16.9;-0.42011661975135;-0.192425924217422;0
16.91;-0.421982606625101;-0.179470366489025;0
16.92;-0.423718892772922;-0.166483276955957;0
16.93;-0.425325180637492;-0.153468602827243;0
16.94;-0.426801212141243;-0.14043029279673;0
16.95;-0.428146768695863;-0.127372295856878;0
16.96;-0.42936167119996;-0.114298560114492;0
16.97;-0.430445780024876;-0.101213031608758;0
16.98;-0.431398994988708;-0.0881196531319288;0
16.99;-0.43222125531854;-0.0750223630530133;0
17;-0.432912539600926;-0.0619250941448098;0
17.01;-0.433472865720672;-0.0488317724146348;0
17.02;-0.433902290787923;-0.0357463159390879;0
17.03;-0.434200911053637;-0.0226726337031985;0
17.04;-0.434368861813458;-0.00961462444429116;0
17.05;-0.434406317300057;0.00342382449908875;0
17.06;-0.434313490563983;0.0164388383328553;0
17.07;-0.434090633343085;0.029426555947332;0
17.08;-0.433738035920556;0.0423831310511412;0
17.09;-0.433256026971679;0.0553047332987026;0
17.1;-0.43264497339931;0.0681875494110135;0
17.11;-0.431905280158204;0.0810277842893878;0
17.12;-0.431037390068219;0.0938216621218305;0
17.13;-0.430041783616503;0.10656542748173;0
17.14;-0.428918978748725;0.119255346418549;0
17.15;-0.427669530649435;0.131887707540207;0
17.16;-0.426294031511641;0.14445882308684;0
17.17;-0.424793110295689;0.156965029995625;0
17.18;-0.42316743247753;0.169402690956377;0
17.19;-0.421417699786486;0.181768195457613;0
17.2;-0.419544649932584;0.19405796082278;0
17.21;-0.417549056323586;0.206268433236362;0
17.22;-0.415431727771796;0.218396088759569;0
17.23;-0.413193508190766;0.23043743433533;0
17.24;-0.410835276281988;0.242389008782294;0
17.25;-0.408357945211716;0.254247383777575;0
17.26;-0.405762462277992;0.266009164827953;0
17.27;-0.403049808568029;0.277670992229267;0
17.28;-0.40022099860604;0.28922954201373;0
17.29;-0.397277079991667;0.300681526884908;0
17.3;-0.394219133029094;0.31202369714009;0
17.31;-0.391048270347018;0.323252841579813;0
17.32;-0.387765636509561;0.334365788404279;0
17.33;-0.384372407618299;0.345359406096416;0
17.34;-0.380869790905502;0.356230604291355;0
17.35;-0.377259024318753;0.36697633463207;0
17.36;-0.373541376097075;0.377593591610957;0
17.37;-0.369718144338694;0.388079413397126;0
17.38;-0.36579065656061;0.398430882649168;0
17.39;-0.361760269250094;0.408645127313203;0
17.4;-0.357628367408278;0.418719321405971;0
17.41;-0.35339636408598;0.428650685782769;0
17.42;-0.34906569991192;0.438436488890031;0
17.43;-0.344637842613479;0.448074047502345;0
17.44;-0.340114286530157;0.457560727443718;0
17.45;-0.335496552119894;0.466893944292898;0
17.46;-0.330786185458406;0.476071164072572;0
17.47;-0.325984757731704;0.485089903922249;0
17.48;-0.321093864721961;0.493947732754681;0
17.49;-0.316115126286883;0.502642271895614;0
17.5;-0.311050185832765;0.51117119570675;0
17.51;-0.305900709781389;0.519532232191725;0
17.52;-0.300668387030941;0.527723163584972;0
17.53;-0.295354928411114;0.535741826923314;0
17.54;-0.289962066132581;0.543586114600148;0
17.55;-0.284491553230997;0.551253974902086;0
17.56;-0.278945163005714;0.558743412527909;0
17.57;-0.273324688453395;0.566052489089732;0
17.58;-0.267631941696688;0.573179323596236;0
17.59;-0.261868753408151;0.580122092917873;0
17.6;-0.256036972229613;0.586879032233921;0
17.61;-0.250138464187132;0.593448435461292;0
17.62;-0.244175112101765;0.599828655665003;0
17.63;-0.238148814996303;0.6060181054502;0
17.64;-0.232061487498174;0.612015257335672;0
17.65;-0.225915059238695;0.617818644108754;0
17.66;-0.219711474248859;0.623426859161558;0
17.67;-0.213452690351842;0.62883855680846;0
17.68;-0.207140678552417;0.634052452584779;0
17.69;-0.200777422423478;0.639067323526588;0
17.7;-0.194364917489835;0.643882008431612;0
17.71;-0.1879051706095;0.648495408101162;0
17.72;-0.181400199352624;0.65290648556307;0
17.73;-0.174852031378307;0.657114266275582;0
17.74;-0.16826270380944;0.661117838312192;0
17.75;-0.161634262605795;0.664916352527386;0
17.76;-0.154968761935538;0.668509022703284;0
17.77;-0.148268263545362;0.671895125677161;0
17.78;-0.141534836129433;0.675074001449858;0
17.79;-0.134770554697337;0.678045053275061;0
17.8;-0.127977499941218;0.680807747729474;0
17.81;-0.121157757602306;0.683361614763886;0
17.82;-0.114313417837013;0.685706247735154;0
17.83;-0.107446574582801;0.687841303419123;0
17.84;-0.100559324924001;0.689766502004521;0
17.85;-0.0936537684577847;0.69148162706784;0
17.86;-0.0867320066604668;0.692986525529277;0
17.87;-0.0797961422543381;0.69428110758975;0
17.88;-0.0728482785752093;0.695365346649057;0
17.89;-0.0658905189408607;0.696239279205237;0
17.9;-0.058924966020581;0.696903004735178;0
17.91;-0.0519537212059848;0.697356685556561;0
17.92;-0.0449788839832944;0.6976005466712;0
17.93;-0.0380025513072717;0.697634875589864;0
17.94;-0.0310268169769845;0.69746002213866;0
17.95;-0.0240537710135917;0.697076398247065;0
17.96;-0.0170854990403312;0.696484477717718;0
17.97;-0.0101240816648902;0.695684795978047;0
17.98;-0.00317159386434201;0.69467794981386;0
17.99;0.00376989562717342;0.693464597084996;0
18;0.0106983249278445;0.692045456423158;0
18.01;0.0176116396144817;0.690421306912052;0
18.02;0.0245077933255339;0.688592987749946;0
18.03;0.031384748360651;0.6865613978948;0
18.04;0.0382404762766207;0.684327495692083;0
18.05;0.045072958479505;0.681892298485434;0
18.06;0.0518801868128081;0.679256882210302;0
18.07;0.058660164141503;0.676422380970724;0
18.08;0.0654109049317522;0.673389986599394;0
18.09;0.0721304358261531;0.670160948201182;0
18.1;0.0788167962143455;0.666736571680265;0
18.11;0.0854680387988173;0.663118219251058;0
18.12;0.0920822301557467;0.65930730893309;0
18.13;0.0986574512907222;0.65530531403003;0
18.14;0.105191798189182;0.651113762593033;0
18.15;0.111683382361416;0.6467342368686;0
18.16;0.118130331381981;0.642168372731136;0
18.17;0.124530789423366;0.637417859100411;0
18.18;0.130882917783774;0.632484437344126;0
18.19;0.137184895408857;0.627369900665771;0
18.2;0.143434919407267;0.622076093478013;0
18.21;0.149631205559872;0.616604910761797;0
18.22;0.155771988822508;0.610958297411396;0
18.23;0.16185552382211;0.605138247565628;0
18.24;0.1678800853461;0.599146803925451;0
18.25;0.173843968824888;0.592986057058186;0
18.26;0.179745490807354;0.586658144688575;0
18.27;0.185582989429189;0.580165250976931;0
18.28;0.191354824873952;0.573509605784606;0
18.29;0.197059379826728;0.56669348392702;0
18.3;0.202695059920268;0.5597192044145;0
18.31;0.208260294173473;0.552589129681179;0
18.32;0.213753535422118;0.545305664802196;0
18.33;0.219173260741705;0.537871256699467;0
18.34;0.224517971862304;0.530288393336271;0
18.35;0.229786195575314;0.522559602900925;0
18.36;0.234976484131992;0.514687452979792;0
18.37;0.240087415633678;0.506674549719917;0
18.38;0.245117594413593;0.498523536981526;0
18.39;0.250065651410125;0.490237095480689;0
18.4;0.254930244531491;0.481817941922404;0
18.41;0.259710059011692;0.473268828124381;0
18.42;0.264403807757664;0.464592540131811;0
18.43;0.269010231687537;0.455791897323393;0
18.44;0.273528100059915;0.446869751508906;0
18.45;0.277956210794096;0.437828986018611;0
18.46;0.282293390781152;0.428672514784771;0
18.47;0.286538496185785;0.41940328141557;0
18.48;0.290690412738896;0.410024258261739;0
18.49;0.294748056020777;0.400538445476158;0
18.5;0.298710371734884;0.390948870066748;0
18.51;0.302576335972098;0.38125858494294;0
18.52;0.306344955465426;0.371470667956017;0
18.53;0.31001526783508;0.361588220933625;0
18.54;0.313586341823877;0.351614368708768;0
18.55;0.317057277522901;0.341552258143559;0
18.56;0.320427206587385;0.33140505714806;0
18.57;0.323695292442759;0.321175953694495;0
18.58;0.326860730480816;0.310868154827133;0
18.59;0.329922748245964;0.300484885668175;0
18.6;0.33288060561152;0.290029388419911;0
18.61;0.335733594946003;0.279504921363487;0
18.62;0.338481041269413;0.268914757854564;0
18.63;0.341122302399437;0.258262185316187;0
18.64;0.343656769087589;0.247550504229168;0
18.65;0.346083865145234;0.236783027120293;0
18.66;0.348403047559486;0.225963077548652;0
18.67;0.350613806598964;0.215093989090406;0
18.68;0.352715665909393;0.204179104322297;0
18.69;0.354708182599027;0.19322177380421;0
18.7;0.356590947313902;0.182225355061081;0
18.71;0.358363584302903;0.171193211564478;0
18.72;0.36002575147265;0.160128711714142;0
18.73;0.361577140432194;0.149035227819806;0
18.74;0.363017476527536;0.137916135083587;0
18.75;0.36434651886598;0.126774810583267;0
18.76;0.365564060330314;0.115614632256751;0
18.77;0.366669927582849;0.104438977888018;0
18.78;0.367663981059322;0.0932512240948589;0
18.79;0.368546114952687;0.0820547453187055;0
18.8;0.369316257186814;0.070852912816845;0
18.81;0.369974369380121;0.0596490936573237;0
18.82;0.370520446799173;0.0484466497168326;0
18.83;0.370954518302268;0.0372489366818723;0
18.84;0.371276646273052;0.0260593030534893;0
18.85;0.371486926544204;0.0148810891558771;0
18.86;0.371585488311219;0.00371762614913254;0
18.87;0.371572494036341;-0.00742776495354461;0
18.88;0.371448139342687;-0.0185517742639208;0
18.89;0.371212652898617;-0.0296511039917822;0
18.9;0.370866296292393;-0.0407224694126898;0
18.91;0.370409363897188;-0.0517625998301539;0
18.92;0.369842182726496;-0.0627682395319502;0
18.93;0.369165112280009;-0.0737361487403012;0
18.94;0.368378544380023;-0.0846631045556469;0
18.95;0.367482902998429;-0.0955459018937351;0
18.96;0.366478644074371;-0.10638135441576;0
18.97;0.365366255322631;-0.117166295451284;0
18.98;0.364146256032822;-0.127897578913677;0
18.99;0.362819196859456;-0.13857208020781;0
19;0.361385659602976;-0.149186697129753;0
19.01;0.359846256981821;-0.159738350758204;0
19.02;0.358201632395628;-0.17022398633742;0
19.03;0.356452459679626;-0.180640574151371;0
19.04;0.354599442850344;-0.190985110388903;0
19.05;0.352643315842701;-0.201254617999633;0
19.06;0.350584842238582;-0.211446147540363;0
19.07;0.348424814986994;-0.221556778011754;0
19.08;0.346164056115895;-0.231583617685045;0
19.09;0.34380341643581;-0.241523804918572;0
19.1;0.341343775235321;-0.251374508963862;0
19.11;0.338786039968548;-0.261132930761089;0
19.12;0.336131145934723;-0.270796303723655;0
19.13;0.333380055949967;-0.280361894511694;0
19.14;0.330533760011382;-0.289827003794282;0
19.15;0.327593274953577;-0.299188967000136;0
19.16;0.324559644097736;-0.308445155056608;0
19.17;0.321433936893345;-0.317592975116766;0
19.18;0.318217248552713;-0.32662987127437;0
19.19;0.314910699678393;-0.335553325266538;0
19.2;0.311515435883626;-0.34436085716393;0
19.21;0.308032627405952;-0.353050026048248;0
19.22;0.304463468714099;-0.361618430676877;0
19.23;0.300809178108276;-0.3700637101345;0
19.24;0.297070997314024;-0.378383544471491;0
19.25;0.293250191069731;-0.386575655328943;0
19.26;0.289348046707962;-0.394637806550145;0
19.27;0.285365873730739;-0.402567804778365;0
19.28;0.281305003378899;-0.41036350004077;0
19.29;0.277166788195677;-0.418022786318343;0
19.3;0.272952601584661;-0.425543602101641;0
19.31;0.268663837362244;-0.432923930932257;0
19.32;0.264301909304729;-0.440161801929845;0
19.33;0.259868250690232;-0.447255290304581;0
19.34;0.255364313835526;-0.454202517854925;0
19.35;0.250791569627971;-0.461001653450557;0
19.36;0.246151507052682;-0.467650913500384;0
19.37;0.24144563271509;-0.47414856240548;0
19.38;0.236675470359033;-0.480492912996874;0
19.39;0.231842560380545;-0.486682326958053;0
19.4;0.226948459337489;-0.492715215232112;0
19.41;0.221994739455181;-0.498590038413424;0
19.42;0.216982988128173;-0.504305307123759;0
19.43;0.211914807418348;-0.509859582372765;0
19.44;0.206791813549469;-0.515251475902712;0
19.45;0.201615636398369;-0.520479650517454;0
19.46;0.196387918982904;-0.525542820395502;0
19.47;0.191110316946864;-0.53043975138717;0
19.48;0.185784498041969;-0.535169261295716;0
19.49;0.180412141607141;-0.539730220142429;0
19.5;0.174994938045185;-0.544121550415606;0
19.51;0.169534588297057;-0.548342227303374;0
19.52;0.164032803313884;-0.552391278910315;0
19.53;0.158491303526876;-0.556267786457856;0
19.54;0.152911818315322;-0.559970884468391;0
19.55;0.147296085472808;-0.56349976093311;0
19.56;0.141645850671836;-0.566853657463515;0
19.57;0.135962866926997;-0.570031869426596;0
19.58;0.130248894056869;-0.573033746063667;0
19.59;0.1245056981448;-0.575858690592841;0
19.6;0.118735050998738;-0.578506160295161;0
19.61;0.112938729610272;-0.580975666584361;0
19.62;0.107118515613057;-0.583266775060294;0
19.63;0.101276194740767;-0.58537910554602;0
19.64;0.0954135562847564;-0.587312332108571;0
19.65;0.0895323925515911;-0.589066183063434;0
19.66;0.0836344983205992;-0.590640440962747;0
19.67;0.0777216703016191;-0.592034942567273;0
19.68;0.0717957065930985;-0.593249578802164;0
19.69;0.0658584061407094;-0.594284294696565;0
19.7;0.0599115681966388;-0.595139089307106;0
19.71;0.0539569917797173;-0.595814015625333;0
19.72;0.0479964751365452;-0.59630918046912;0
19.73;0.042031815203777;-0.596624744358147;0
19.74;0.0360648070717214;-0.596760921373481;0
19.75;0.0300972434494182;-0.596717979001352;0
19.76;0.0241309141313468;-0.596496237961183;0
19.77;0.0181676054659263;-0.596096072017965;0
19.78;0.0122090998259613;-0.595517907779043;0
19.79;0.0062571750811896;-0.594762224475423;0
19.8;0.000313604073086328;-0.593829553727671;0
19.81;-0.00561984590792164;-0.592720479296518;0
19.82;-0.0115414136426794;-0.591435636818254;0
19.83;-0.0174493445008132;-0.589975713525039;0
19.84;-0.0233418909553755;-0.588341447950216;0
19.85;-0.0292173130944762;-0.58653362961876;0
19.86;-0.0350738791297514;-0.584553098722976;0
19.87;-0.0409098659015235;-0.582400745783556;0
19.88;-0.0467235593805068;-0.580077511296141;0
19.89;-0.0525132551659134;-0.577584385363507;0
19.9;-0.0582772589798172;-0.574922407313514;0
19.91;-0.0640138871576331;-0.572092665302951;0
19.92;-0.0697214671345732;-0.569096295907437;0
19.93;-0.0753983379279379;-0.565934483697494;0
19.94;-0.0810428506151074;-0.562608460800981;0
19.95;-0.0866533688070966;-0.55911950645201;0
19.96;-0.092228269117538;-0.555468946526526;0
19.97;-0.0977659416269623;-0.551658153064696;0
19.98;-0.103264790342243;-0.547688543780287;0
19.99;-0.108723233651077;-0.543561581557194;0
20;-0.114139704771376;-0.539278773933291;0
