0;0.70640722753756;0.121786686340475;0
0.01;0.70752877281101;0.100382528470536;0
0.02;0.70843630134974;0.0789850665546861;0
0.03;0.709129908936553;0.0576007031983917;0
0.04;0.709609729135121;0.0362161934536948;-0.00785490534477799
0.05;0.709875331339402;0.0147398433040815;-0.0209464142527413
0.06;0.70992572214236;-0.00683482509317567;-0.0340379231607046
0.07;0.709759948210364;-0.0285011755284218;-0.0471294320686679
0.08;0.709377122645894;-0.0502525557147998;-0.0602209409766312
0.09;0.708776425139219;-0.0720822993099742;-0.0733124498845946
0.1;0.707957102099846;-0.0939837279385942;-0.0864039587925579
0.11;0.706918466767753;-0.115950153214887;-0.0994954677005212
0.12;0.70565989930439;-0.137974878764778;-0.112586976608484
0.13;0.704180846863467;-0.160051202246925;-0.125678485516448
0.14;0.70248082364154;-0.182172417372074;-0.138769994424411
0.15;0.700559410908405;-0.204331815920124;-0.151861503332374
0.16;0.69841625701735;-0.226522689754304;-0.164953012240338
0.17;0.69605107739526;-0.248738332831866;-0.178044521148301
0.18;0.693463654512651;-0.270972043210691;-0.191136030056264
0.19;0.690653837833647;-0.293217125051218;-0.204227538964228
0.2;0.687621543745968;-0.315466890613109;-0.217319047872191
0.21;0.684366755470969;-0.33771466224604;-0.230410556780154
0.22;0.680889522953811;-0.359953774374067;-0.243502065688118
0.23;0.677189962733807;-0.38217757547294;-0.256593574596081
0.24;0.673268257795041;-0.404379430039822;-0.269685083504044
0.25;0.669124657397313;-0.426552720554816;-0.282776592412008
0.26;0.664759476887523;-0.448690849433726;-0.295868101319971
0.27;0.660173097491553;-0.470787240971491;-0.308959610227934
0.28;0.65536596608677;-0.49283534327572;-0.322051119135898
0.29;0.650338594955238;-0.514828630189761;-0.335142628043861
0.3;0.645091561517744;-0.536760603204754;-0.348234136951824
0.31;0.639625508048758;-0.558624793360114;-0.361325645859787
0.32;0.633941141372446;-0.580414763131882;-0.374417154767751
0.33;0.628039232539849;-0.602124108308411;-0.387508663675714
0.34;0.621920616487368;-0.623746459852847;-0.400600172583677
0.35;0.615586191676689;-0.645275485751854;-0.413691681491641
0.36;0.609036919716276;-0.666704892850077;-0.426783190399604
0.37;0.602273824964591;-0.688028428669794;-0.439874699307567
0.38;0.595297994115189;-0.709239883215248;-0.452966208215531
0.39;0.588110575763833;-0.730333090761152;-0.466057717123494
0.4;0.580712779957801;-0.751301931624839;-0.479149226031457
0.41;0.573105877727551;-0.772140333921569;-0.492240734939421
0.42;0.565291200600901;-0.792842275302493;-0.505332243847384
0.43;0.557270140099918;-0.813401784674778;-0.518423752755347
0.44;0.549044147220683;-0.833812943903416;-0.531515261663311
0.45;0.540614731896124;-0.854069889494225;-0.544606770571274
0.46;0.531983462442106;-0.874166814257586;-0.557698279479237
0.47;0.523151964986968;-0.894097968952441;-0.5707897883872
0.48;0.514121922884716;-0.91385766391009;-0.583881297295164
0.49;0.504895076112067;-0.93344027063735;-0.596972806203127
0.5;0.495473220649557;-0.952840223398609;-0.61006431511109
0.51;0.485858207846925;-0.972052020776354;-0.623155824019054
0.52;0.476051943772991;-0.991070227209743;-0.636247332927017
0.53;0.466056388550247;-1.00988947451078;-0.64933884183498
0.54;0.455873555674389;-1.02850446335769;-0.662430350742944
0.55;0.44550551131902;-1.0469099647651;-0.675521859650907
0.56;0.434954373625757;-1.06510082153059;-0.68861336855887
0.57;0.424222311979981;-1.08307194965724;-0.701704877466834
0.58;0.413311546272467;-1.10081833975182;-0.714796386374797
0.59;0.402224346147151;-1.11833505839816;-0.72788789528276
0.6;0.390963030235267;-1.13561724950542;-0.740979404190724
0.61;0.379529965376121;-1.15266013563088;-0.754070913098687
0.62;0.367927565824753;-1.16945901927683;-0.76716242200665
0.63;0.356158292446748;-1.18600928416131;-0.780253930914613
0.64;0.344224651900456;-1.20230639646231;-0.793345439822577
0.65;0.332129195806891;-1.21834590603509;-0.80643694873054
0.66;0.319874519907583;-1.23412344760237;-0.819528457638503
0.67;0.307463263210646;-1.24963474191698;-0.832619966546467
0.68;0.294898107125348;-1.26487559689679;-0.84571147545443
0.69;0.282181774585458;-1.27984190873147;-0.858802984362393
0.7;0.269317029161648;-1.29452966296099;-0.871894493270357
0.71;0.256306674163245;-1.30893493552541;-0.88498600217832
0.72;0.243153551729611;-1.32305389378578;-0.898077511086283
0.73;0.229860541911447;-1.33688279751593;-0.911169019994247
0.74;0.216430561742308;-1.35041799986475;-0.92426052890221
0.75;0.202866564300633;-1.36365594828898;-0.937352037810173
0.76;0.189171537762578;-1.37659318545595;-0.950443546718137
0.77;0.17534850444596;-1.38922635011636;-0.9635350556261
0.78;0.161400519845602;-1.40155217794672;-0.976626564534063
0.79;0.147330671660401;-1.41356750236127;-0.989718073442027
0.8;0.133142078812409;-1.42526925529321;-1.00280958234999
0.81;0.118837890458239;-1.43665446794507;-1.01590109125795
0.82;0.10442128499311;-1.44772027150804;-1.02899260016592
0.83;0.0898954690478402;-1.45846389785007;-1.04208410907388
0.84;0.0752636764790943;-1.46888268017261;-1.05517561798184
0.85;0.0605291673532125;-1.47897405363584;-1.06826712688981
0.86;0.0456952269239237;-1.48873555595231;-1.08135863579777
0.87;0.0307651646042676;-1.49816482794877;-1.09445014470573
0.88;0.0157423129330421;-1.5072596140961;-1.1075416536137
0.89;0.000630026536094168;-1.51601776300737;-1.12063316252166
0.9;-0.0145683189172252;-1.52443722790367;-1.13372467142962
0.91;-0.0298493277621196;-1.53251606704796;-1.14681618033759
0.92;-0.045209585390599;-1.5402524441465;-1.15990768924555
0.93;-0.0606456593076017;-1.54764462871815;-1.17299919815351
0.94;-0.0761541001906622;-1.5546909964312;-1.18609070706148
0.95;-0.0917314429528029;-1.56139002940786;-1.19918221596944
0.96;-0.107374207808324;-1.56774031649632;-1.2122737248774
0.97;-0.123078901341169;-1.57374055351028;-1.22536523378537
0.98;-0.138842017575535;-1.5793895434361;-1.23845674269333
0.99;-0.15466003904842;-1.58468619660742;-1.25154825160129
1;-0.170529437883751;-1.58962953084728;-1.26463976050926
1.01;-0.186446676867809;-1.5942186715778;-1.27773126941722
1.02;-0.202408210525585;-1.59845285189745;-1.29082277832518
1.03;-0.218410486197781;-1.60233141262585;-1.30391428723315
1.04;-0.234449945118097;-1.60585380231624;-1.31700579614111
1.05;-0.250523023490505;-1.6090195772356;-1.33009730504907
1.06;-0.266626153566184;-1.61182840131257;-1.34318881395704
1.07;-0.282755764719779;-1.61428004605316;-1.356280322865
1.08;-0.298908284524678;-1.6163743904243;-1.36937183177296
1.09;-0.315080139826982;-1.61811142070549;-1.38246334068093
1.1;-0.331267757817842;-1.61949123030847;-1.39555484958889
1.11;-0.347467567103856;-1.62051401956505;-1.40864635849685
1.12;-0.363675998775197;-1.62118009548336;-1.42173786740482
1.13;-0.379889487471164;-1.62148987147242;-1.43482937631278
1.14;-0.396104472442837;-1.6214438670354;-1.44792088522074
1.15;-0.41231739861252;-1.62104270743151;-1.46101239412871
1.16;-0.428524717629667;-1.62028712330684;-1.47410390303667
1.17;-0.444722888922978;-1.61917795029422;-1.48719541194463
1.18;-0.460908380748349;-1.61771612858226;-1.5002869208526
1.19;-0.47707767123238;-1.61590270245385;-1.51337842976056
1.2;-0.49322724941113;-1.61373881979423;-1.52646993866852
1.21;-0.509353616263811;-1.61122573156879;-1.53956144757649
1.22;-0.525453285741138;-1.60836479127099;-1.55265295648445
1.23;-0.541522785788006;-1.60515745434037;-1.56574446539241
1.24;-0.55755865936023;-1.60160527755108;-1.57883597430038
1.25;-0.573557465435028;-1.59770991837106;-1.59192748320834
1.26;-0.58951578001497;-1.5934731342921;-1.6050189921163
1.27;-0.605430197125096;-1.58889678213118;-1.61811050102427
1.28;-0.621297329802917;-1.58398281730309;-1.63120200993223
1.29;-0.637113811081017;-1.57873329306486;-1.64429351884019
1.3;-0.652876294961972;-1.57315035973209;-1.65738502774816
1.31;-0.668581457385307;-1.56723626386759;-1.67047653665612
1.32;-0.684225997186216;-1.56099334744249;-1.68356804556408
1.33;-0.699806637045772;-1.55442404697027;-1.69665955447205
1.34;-0.715320124432349;-1.54753089261389;-1.70975106338001
1.35;-0.730763232534009;-1.54031650726639;-1.72284257228797
1.36;-0.746132761181565;-1.5327836056053;-1.73593408119594
1.37;-0.761425537762075;-1.52493499312108;-1.7490255901039
1.38;-0.776638418122506;-1.51677356512016;-1.76211709901186
1.39;-0.791768287463314;-1.5083023057026;-1.77520860791983
1.4;-0.80681206122169;-1.49952428671499;-1.78830011682779
1.41;-0.821766685944222;-1.49044266667884;-1.80139162573575
1.42;-0.836629140148734;-1.48106068969481;-1.81448313464372
1.43;-0.851396435175056;-1.47138168432316;-1.82757464355168
1.44;-0.866065616024499;-1.46140906244082;-1.84066615245964
1.45;-0.880633762187794;-1.45114631807548;-1.85375766136761
1.46;-0.895097988461267;-1.440597026217;-1.86684917027557
1.47;-0.909455445751034;-1.42976484160662;-1.87994067918353
1.48;-0.92370332186498;-1.41865349750437;-1.8930321880915
1.49;-0.937838842292329;-1.40726680443503;-1.90612369699946
1.5;-0.951859270970564;-1.39560864891308;-1.91921520590742
1.51;-0.965761911039515;-1.38368299214708;-1.93230671481539
1.52;-0.979544105582394;-1.37149386872388;-1.94539822372335
1.53;-0.993203238353581;-1.35904538527313;-1.95848973263131
1.54;-1.00673673449298;-1.3463417191124;-1.97158124153927
1.55;-1.02014206122671;-1.33338711687355;-1.98467275044724
1.56;-1.03341672855405;-1.32018589311058;-1.9977642593552
1.57;-1.04655828992024;-1.3067424288896;-2.01085576826316
1.58;-1.0595643428753;-1.29306117036124;-2.02394727717113
1.59;-1.0724325297183;-1.279146627316;-2.03703878607909
1.6;-1.08516053812724;-1.26500337172301;-2.05013029498706
1.61;-1.0977461017742;-1.25063603625269;-2.06322180389502
1.62;-1.11018700092564;-1.23604931278374;-2.07631331280298
1.63;-1.12248106302769;-1.22124795089489;-2.08940482171094
1.64;-1.13462616327634;-1.20623675634207;-2.10249633061891
1.65;-1.14662022517229;-1.19102058952122;-2.11558783952687
1.66;-1.1584612210604;-1.17560436391746;-2.12867934843483
1.67;-1.17014717265351;-1.15999304454097;-2.1417708573428
1.68;-1.18167615154067;-1.14419164635014;-2.15486236625076
1.69;-1.19304627967941;-1.12820523266241;-2.16795387515872
1.7;-1.2042557298722;-1.11203891355337;-2.18104538406669
1.71;-1.21530272622674;-1.09569784424465;-2.19413689297465
1.72;-1.22618554460016;-1.07918722348094;-2.20722840188261
1.73;-1.23690251302687;-1.06251229189684;-2.22031991079058
1.74;-1.24745201213012;-1.04567833037392;-2.23341141969854
1.75;-1.257832475517;-1.02869065838857;-2.2465029286065
1.76;-1.26804239015696;-1.01155463235106;-2.25959443751447
1.77;-1.2780802967436;-0.994275643936456;-2.27268594642243
1.78;-1.28794479003982;-0.976859118407784;-2.28577745533039
1.79;-1.29763451920612;-0.959310512932034;-2.29886896423836
1.8;-1.307148188112;-0.941635314889478;-2.31196047314632
1.81;-1.3164845556305;-0.923839040176844;-2.32505198205428
1.82;-1.32564243591571;-0.90592723150486;-2.33814349096225
1.83;-1.3346206986632;-0.887905456690683;-2.35123499987021
1.84;-1.3434182693534;-0.869779306945738;-2.36432650877817
1.85;-1.35203412947785;-0.851554395159485;-2.37741801768614
1.86;-1.36046731674818;-0.833236354179643;-2.3905095265941
1.87;-1.36871692528799;-0.814830835089377;-2.40360103550206
1.88;-1.37678210580746;-0.796343505481995;-2.41669254441003
1.89;-1.38466206576061;-0.777780047733641;-2.42978405331799
1.9;-1.39235606948541;-0.759146157274546;-2.44287556222595
1.91;-1.39986343832653;-0.740447540859322;-2.45596707113392
1.92;-1.40718355074077;-0.72168991483684;-2.46905858004188
1.93;-1.41431584238524;-0.702879003420207;-2.48215008894984
1.94;-1.42125980618822;-0.684020536957358;-2.49524159785781
1.95;-1.42801499240273;-0.665120250202775;-2.50833310676577
1.96;-1.43458100864279;-0.646183880590868;-2.52142461567373
1.97;-1.44095751990251;-0.627217166511505;-2.5345161245817
1.98;-1.44714424855786;-0.608225845588235;-2.54760763348966
1.99;-1.45314096780577;-0.589203871751066;-2.55153508616205
2;-1.45894668381699;-0.569971228646208;-2.53844357725409
2.01;-1.46455885947316;-0.550469974672949;-2.52535206834612
2.02;-1.46997483699198;-0.530706417189932;-2.51226055943816
2.03;-1.4751920219714;-0.510686931343764;-2.4991690505302
2.04;-1.48020788405846;-0.490417958041492;-2.48607754162223
2.05;-1.48501995759769;-0.469906001906857;-2.47298603271427
2.06;-1.48962584225902;-0.449157629220954;-2.45989452380631
2.07;-1.49402320364503;-0.428179465847951;-2.44680301489834
2.08;-1.49820977387739;-0.406978195146517;-2.43371150599038
2.09;-1.50218335216237;-0.385560555867599;-2.42061999708242
2.1;-1.50594180533524;-0.363933340039206;-2.40752848817445
2.11;-1.50948306838349;-0.342103390838868;-2.39443697926649
2.12;-1.5128051449487;-0.320077600454411;-2.38134547035853
2.13;-1.51590610780697;-0.297862907933715;-2.36825396145056
2.14;-1.51878409932782;-0.275466297024129;-2.3551624525426
2.15;-1.52143733191142;-0.252894794002194;-2.34207094363464
2.16;-1.52386408840407;-0.23015546549435;-2.32897943472667
2.17;-1.52606272249188;-0.207255416289292;-2.31588792581871
2.18;-1.52803165907252;-0.184201787142647;-2.30279641691075
2.19;-1.52976939460497;-0.161001752574642;-2.28970490800278
2.2;-1.53127449743723;-0.137662518661438;-2.27661339909482
2.21;-1.53254560811194;-0.114191320820795;-2.26352189018686
2.22;-1.5335814396498;-0.090595421592756;-2.25043038127889
2.23;-1.53438077781078;-0.0668821084160054;-2.23733887237093
2.24;-1.53494248133311;-0.0430586914005941;-2.22424736346297
2.25;-1.53526548214994;-0.0191325010976909;-2.211155854555
2.26;-1.53534878558371;0.00488911373295824;-2.19806434564704
2.27;-1.53519147051819;0.0289987883571923;-2.18497283673908
2.28;-1.53479268954817;0.0531891443015465;-2.17188132783111
2.29;-1.53415166910676;0.0774527915886403;-2.15878981892315
2.3;-1.53326770957043;0.101782330972172;-2.14569831001519
2.31;-1.5321401853416;0.126170356170852;-2.13260680110722
2.32;-1.53076854490895;0.150609456100599;-2.11951529219926
2.33;-1.52915231088542;0.175092217104354;-2.1064237832913
2.34;-1.52729108002392;0.199611225178813;-2.09333227438333
2.35;-1.52518452321078;0.224159068197456;-2.08024076547537
2.36;-1.52283238543698;0.248728338129178;-2.06714925656741
2.37;-1.52023448574727;0.273311633251891;-2.05405774765944
2.38;-1.51739071716708;0.297901560360418;-2.04096623875148
2.39;-1.51430104660751;0.322490736968054;-2.02787472984352
2.4;-1.5109655147482;0.347071793501114;-2.01478322093555
2.41;-1.50738423589838;0.371637375485853;-2.00169171202759
2.42;-1.50355739783607;0.396180145727093;-1.98860020311963
2.43;-1.4994852616255;0.420692786477925;-1.97550869421166
2.44;-1.49516816141291;0.44516800159986;-1.9624171853037
2.45;-1.49060650420079;0.469598518712783;-1.94932567639574
2.46;-1.48580076960065;0.493977091334093;-1.93623416748777
2.47;-1.48075150956444;0.518296501006402;-1.92314265857981
2.48;-1.47545934809484;0.542549559413176;-1.91005114967185
2.49;-1.46992498093427;0.566729110481711;-1.89695964076388
2.5;-1.46414917523314;0.590828032472819;-1.88386813185592
2.51;-1.45813276919709;0.614839240056638;-1.87077662294796
2.52;-1.45187667171364;0.63875568637396;-1.85768511403999
2.53;-1.44538186195828;0.662570365082481;-1.84459360513203
2.54;-1.43864938898009;0.686276312387389;-1.83150209622407
2.55;-1.43168037126726;0.709866609055713;-1.8184105873161
2.56;-1.42447599629241;0.733334382413846;-1.80531907840814
2.57;-1.4170375200381;0.756672808327679;-1.79222756950018
2.58;-1.40936626650259;0.77987511316479;-1.77913606059221
2.59;-1.40146362718606;0.802934575738109;-1.76604455168425
2.6;-1.39333106055746;0.82584452923053;-1.75295304277629
2.61;-1.38497009150225;0.848598363099918;-1.73986153386832
2.62;-1.37638231075113;0.871189524963967;-1.72677002496036
2.63;-1.36756937429006;0.89361152246439;-1.7136785160524
2.64;-1.35853300275167;0.915857925109907;-1.70058700714443
2.65;-1.34927498078841;0.937922366097526;-1.68749549823647
2.66;-1.33979715642756;0.959798544111602;-1.67440398932851
2.67;-1.33010144040829;0.981480225100164;-1.66131248042054
2.68;-1.32018980550118;1.00296124402804;-1.64822097151258
2.69;-1.31006428581021;1.02423550660627;-1.63512946260462
2.7;-1.2997269760576;1.04529699099736;-1.62203795369665
2.71;-1.28918003085176;1.06613974949583;-1.60894644478869
2.72;-1.27842566393844;1.08675791018373;-1.59585493588073
2.73;-1.26746614743553;1.10714567856056;-1.58276342697276
2.74;-1.25630381105165;1.12729733914714;-1.5696719180648
2.75;-1.2449410412888;1.14720725706311;-1.55658040915684
2.76;-1.23338028062938;1.1668698795775;-1.54348890024887
2.77;-1.22162402670782;1.18627973763203;-1.53039739134091
2.78;-1.2096748314671;1.20543144733673;-1.51730588243295
2.79;-1.19753530030043;1.22431971143744;-1.50421437352498
2.8;-1.1852080911784;1.24293932075479;-1.49112286461702
2.81;-1.17269591376188;1.26128515559438;-1.47803135570906
2.82;-1.16000152850089;1.27935218712762;-1.46493984680109
2.83;-1.14712774571989;1.29713547874303;-1.45184833789313
2.84;-1.13407742468958;1.31463018736757;-1.43875682898517
2.85;-1.12085347268573;1.33183156475759;-1.4256653200772
2.86;-1.10745884403515;1.34873495875924;-1.41257381116924
2.87;-1.09389653914929;1.36533581453782;-1.39948230226128
2.88;-1.08016960354555;1.38162967577589;-1.38639079335331
2.89;-1.06628112685692;1.39761218583976;-1.37329928444535
2.9;-1.05223424182993;1.41327908891417;-1.36020777553739
2.91;-1.03803212331153;1.42862623110466;-1.34711626662942
2.92;-1.02367798722503;1.44364956150767;-1.33402475772146
2.93;-1.00917508953549;1.45834513324774;-1.3209332488135
2.94;-0.994526725204891;1.4727091044819;-1.30784173990554
2.95;-0.979736227137408;1.48673773937075;-1.29475023099757
2.96;-0.964806965115142;1.50042740901618;-1.28165872208961
2.97;-0.949742344724603;1.51377459236531;-1.26856721318165
2.98;-0.934545806274312;1.52677587708066;-1.25547570427368
2.99;-0.919220823703861;1.53942796037617;-1.24238419536572
3;-0.903770903484758;1.55172764981896;-1.22929268645776
3.01;-0.888199583513418;1.56367186409666;-1.21620117754979
3.02;-0.872510431996632;1.57525763375004;-1.20310966864183
3.03;-0.856707046329861;1.58648210187092;-1.19001815973387
3.04;-0.840793051968722;1.59734252476516;-1.1769266508259
3.05;-0.824772101293984;1.60783627258046;-1.16383514191794
3.06;-0.808647872470462;1.61796082989908;-1.15074363300998
3.07;-0.792424068300126;1.62771379629518;-1.13765212410201
3.08;-0.776104415069811;1.63709288685672;-1.12456061519405
3.09;-0.759692661393858;1.64609593267189;-1.11146910628609
3.1;-0.743192577052053;1.65472088127987;-1.09837759737812
3.11;-0.72660795182322;1.66296579708593;-1.08528608847016
3.12;-0.709942594314825;1.67082886174082;-1.0721945795622
3.13;-0.693200330788943;1.67830837448432;-1.05910307065423
3.14;-0.676385003984957;1.68540275245295;-1.04601156174627
3.15;-0.659500471939334;1.69211053095185;-1.03292005283831
3.16;-0.642550606802849;1.69843036369072;-1.01982854393034
3.17;-0.625539293655611;1.70436102298391;-1.00673703502238
3.18;-0.608470429320244;1.70990139991456;-0.993645526114415
3.19;-0.591347921173596;1.71505050446291;-0.980554017206452
3.2;-0.574175685957323;1.71980746559873;-0.967462508298489
3.21;-0.556957648587703;1.72417153133788;-0.954370999390526
3.22;-0.539697740965062;1.72814206876317;-0.941279490482562
3.23;-0.522399900783133;1.7317185640094;-0.928187981574599
3.24;-0.505068070338741;1.73490062221282;-0.915096472666636
3.25;-0.48770619534214;1.73768796742498;-0.902004963758672
3.26;-0.470318223728387;1.74008044249103;-0.888913454850709
3.27;-0.452908104470076;1.74207800889268;-0.875821945942746
3.28;-0.435479786391812;1.74368074655588;-0.862730437034782
3.29;-0.418037216986763;1.74488885362323;-0.849638928126819
3.3;-0.400584341235647;1.74570264619148;-0.836547419218856
3.31;-0.383125100428501;1.74612255801401;-0.823455910310892
3.32;-0.365663430989577;1.74614914016861;-0.810364401402929
3.33;-0.348203263305726;1.74578306069063;-0.797272892494966
3.34;-0.330748520558595;1.74502510417174;-0.784181383587002
3.35;-0.313303117560998;1.7438761713244;-0.771089874679039
3.36;-0.295870959597794;1.74233727851232;-0.757998365771076
3.37;-0.278455941271608;1.74040955724698;-0.744906856863113
3.38;-0.261061945353746;1.73809425365058;-0.731815347955149
3.39;-0.243692841640628;1.73539272788552;-0.718723839047186
3.4;-0.226352485816072;1.73230645355068;-0.705632330139223
3.41;-0.209044718319771;1.72883701704471;-0.692540821231259
3.42;-0.191773363222278;1.72498611689667;-0.679449312323296
3.43;-0.174542227106837;1.72075556306412;-0.666357803415333
3.44;-0.157355097958368;1.71614727619908;-0.65326629450737
3.45;-0.140215744059953;1.71116328688205;-0.640174785599406
3.46;-0.123127912897105;1.70580573482435;-0.627083276691443
3.47;-0.106095330070171;1.70007686803924;-0.613991767783479
3.48;-0.0891216982151529;1.69397904198185;-0.600900258875516
3.49;-0.0722106959332752;1.68751471865845;-0.587808749967553
3.5;-0.0553659767295913;1.68068646570538;-0.574717241059589
3.51;-0.0385911679609397;1.67349695543775;-0.561625732151626
3.52;-0.0218898697935459;1.66594896386853;-0.548534223243663
3.53;-0.00526565417056686;1.65804536969815;-0.5354427143357
3.54;0.011277936210131;1.64978915327515;-0.522351205427736
3.55;0.0277373889076691;1.64118339552801;-0.509259696519773
3.56;0.0441092227390462;1.63223127686884;-0.49616818761181
3.57;0.0603899887689375;1.62293607606894;-0.483076678703846
3.58;0.076576271288126;1.61330116910699;-0.469985169795883
3.59;0.0926646887802925;1.60333002798995;-0.456893660887919
3.6;0.108651894876894;1.59302621954726;-0.443802151979956
3.61;0.124534579299867;1.58239340419869;-0.430710643071993
3.62;0.140309468791887;1.57143533469621;-0.41761913416403
3.63;0.15597332803394;1.56015585484042;-0.404527625256067
3.64;0.171522960549934;1.5485588981718;-0.391436116348103
3.65;0.186955209598125;1.53664848663739;-0.37834460744014
3.66;0.202266959049088;1.52442872923321;-0.365253098532176
3.67;0.21745513425001;1.51190382062294;-0.352161589624213
3.68;0.232516702875071;1.4990780397333;-0.33907008071625
3.69;0.247448675761662;1.48595574832658;-0.325978571808287
3.7;0.262248107732239;1.47254138955076;-0.312887062900324
3.71;0.276912098401573;1.45883948646779;-0.29979555399236
3.72;0.291437792969189;1.44485464056039;-0.286704045084397
3.73;0.305822382996777;1.43059153021792;-0.273612536176433
3.74;0.32006310717037;1.41605490920183;-0.26052102726847
3.75;0.334157252047083;1.40124960509112;-0.247429518360506
3.76;0.348102152786226;1.38618051770835;-0.234338009452543
3.77;0.361895193864581;1.37085261752671;-0.22124650054458
3.78;0.375533809775678;1.35527094405863;-0.208154991636617
3.79;0.389015485712868;1.3394406042265;-0.195063482728654
3.8;0.402337758236023;1.32336677071594;-0.18197197382069
3.81;0.415498215921702;1.30705468031223;-0.168880464912727
3.82;0.428494499996597;1.29050963222034;-0.155788956004763
3.83;0.441324304954112;1.27373698636917;-0.1426974470968
3.84;0.453985379153916;1.25674216170049;-0.129605938188837
3.85;0.466475525404318;1.23953063444314;-0.116514429280874
3.86;0.478792601527317;1.22210793637299;-0.10342292037291
3.87;0.490934520906195;1.2044796530593;-0.0903314114649469
3.88;0.502899253015507;1.18665142209791;-0.0772399025569839
3.89;0.514684823933354;1.16862893133188;-0.0641483936490199
3.9;0.526289316835801;1.1504179170602;-0.0510568847410569
3.91;0.537710872473332;1.13202416223493;-0.0379653758330933
3.92;0.548947689629232;1.11345349464756;-0.0248738669251303
3.93;0.559998025559779;1.09471178510497;-0.0117823580171672
3.94;0.570860196416153;1.07580494559571;0
3.95;0.581532361715468;1.05666696323191;0
3.96;0.592011864667846;1.03724512572833;0
3.97;0.602295895055246;1.01754574283755;0
3.98;0.612381706084419;0.997575196664907;0
3.99;0.622266615101273;0.977339939631064;0
4;0.631948004284797;0.956846492416955;0
4.01;0.641423321320356;0.936101441891832;0
4.02;0.650690080052183;0.915111439025031;0
4.03;0.659745861114931;0.893883196782104;0
4.04;0.668588312544112;0.872423488005984;0
4.05;0.67721515036528;0.85073914328385;0
4.06;0.685624159161828;0.828837048800339;0
4.07;0.693813192621249;0.806724144177789;0
4.08;0.701780174059755;0.784407420304171;0
4.09;0.70952309692511;0.761893917149389;0
4.1;0.717040025277586;0.73919072157062;0
4.11;0.72432909424892;0.716304965107373;0
4.12;0.731388510479181;0.693243821766933;0
4.13;0.738216552531445;0.670014505800898;0
4.14;0.744811571284209;0.64662426947346;0
4.15;0.75117199030144;0.623080400822135;0
4.16;0.757296306180208;0.599390221411608;0
4.17;0.763183088875828;0.575561084081405;0
4.18;0.768830982004451;0.551600370688041;0
4.19;0.774238703123056;0.527515489842369;0
4.2;0.779405043986797;0.503313874642784;0
4.21;0.784328870783664;0.47900298040499;0
4.22;0.789009124346428;0.454590282389005;0
4.23;0.793444820341852;0.4300832735241;0
4.24;0.797635049437135;0.40548946213234;0
4.25;0.801578977443597;0.380816369651438;0
4.26;0.805275845437588;0.356071528357579;0
4.27;0.808724969858625;0.331262479088917;0
4.28;0.811925742584772;0.306396768970409;0
4.29;0.814877630985283;0.281481949140688;0
4.3;0.81758017795051;0.256525572481625;0
4.31;0.820033001899137;0.231535191351279;0
4.32;0.822235796762754;0.206518355320902;0
4.33;0.824188331947821;0.181482608916662;0
4.34;0.825890452275074;0.156435489366764;0
4.35;0.827342077896432;0.131384524354631;0
4.36;0.82854320418946;0.106337229778803;0
4.37;0.82949390162947;0.0813011075202255;0
4.38;0.830194315639323;0.0562836432175715;0
4.39;0.83064466641703;0.0312923040512584;0
4.4;0.830845248741231;0.00633453653680611;0
4.41;0.830796431754651;-0.0185822356718181;0
4.42;0.83049865872564;-0.0434506139682261;0
4.43;0.829952446787902;-0.0682632269683702;0
4.44;0.829158386658525;-0.0930127326734069;0
4.45;0.828117142334445;-0.117691820620034;0
4.46;0.826829450767463;-0.142293214017681;0
4.47;0.825296121517947;-0.16680967187193;0
4.48;0.823518036387371;-0.191233991093555;0
4.49;0.821496149029825;-0.215559008592583;0
4.5;0.819231484542656;-0.239777603356757;0
4.51;0.816725139036402;-0.263882698513814;0
4.52;0.813978279184165;-0.287867263376992;0
4.53;0.810992141750622;-0.311724315473177;0
4.54;0.807768033100824;-0.335446922553103;0
4.55;0.804307328688979;-0.359028204583055;0
4.56;0.800611472527405;-0.382461335717482;0
4.57;0.796681976635846;-0.405739546251994;0
4.58;0.792520420471339;-0.428856124556157;0
4.59;0.788128450338859;-0.451804418985564;0
4.6;0.783507778782932;-0.474577839772646;0
4.61;0.778660183960433;-0.497169860895668;0
4.62;0.773587508994805;-0.519574021925426;0
4.63;0.768291661311902;-0.541783929849085;0
4.64;0.762774611957708;-0.563793260870695;0
4.65;0.75703839489815;-0.585595762187847;0
4.66;0.751085106301259;-0.607185253744006;0
4.67;0.744916903801915;-0.62855562995602;0
4.68;0.738536005749436;-0.649700861416337;0
4.69;0.731944690438248;-0.670614996569465;0
4.7;0.725145295321929;-0.691292163362208;0
4.71;0.718140216210844;-0.711726570867238;0
4.72;0.710931906453692;-0.73191251087956;0
4.73;0.703522876103192;-0.751844359485432;0
4.74;0.695915691066215;-0.771516578603324;0
4.75;0.688112972238631;-0.790923717496497;0
4.76;0.680117394625163;-0.810060414256804;0
4.77;0.671931686444528;-0.828921397259312;0
4.78;0.663558628220168;-0.847501486587356;0
4.79;0.655001051856865;-0.86579559542766;0
4.8;0.646261839703541;-0.88379873143515;0
4.81;0.637343923602545;-0.901505998067099;0
4.82;0.628250283925742;-0.918912595886264;0
4.83;0.618983948597707;-0.936013823832681;0
4.84;0.609547992106347;-0.952805080463772;0
4.85;0.599945534501262;-0.969281865162471;0
4.86;0.590179740380176;-0.985439779313044;0
4.87;0.580253817863747;-1.00127452744431;0
4.88;0.5701710175591;-1.01678191834;0
4.89;0.559934631512406;-1.0319578661159;0
4.9;0.549547992150832;-1.04679839126365;0
4.91;0.539014471214211;-1.0612996216608;0
4.92;0.528337478676764;-1.07545779354694;0
4.93;0.517520461659209;-1.08926925246572;0
4.94;0.506566903331612;-1.10273045417244;0
4.95;0.495480321807308;-1.11583796550705;0
4.96;0.484264269028261;-1.12858846523237;0
4.97;0.472922329642183;-1.1409787448373;0
4.98;0.461458119871795;-1.15300570930487;0
4.99;0.449875286376557;-1.16466637784494;0
5;0.438177505107231;-1.17595788459142;0
5.01;0.426368480153638;-1.18687747926379;0
5.02;0.414451942585953;-1.19742252779293;0
5.03;0.402431649289908;-1.20759051291091;0
5.04;0.39031138179626;-1.2173790347049;0
5.05;0.378094945104878;-1.22678581113481;0
5.06;0.365786166503821;-1.23580867851481;0
5.07;0.353388894383761;-1.2444455919585;0
5.08;0.340906997048118;-1.2526946257877;0
5.09;0.328344361519274;-1.26055397390479;0
5.1;0.315704892341226;-1.26802195012866;0
5.11;0.302992510379041;-1.27509698849398;0
5.12;0.29021115161549;-1.28177764351406;0
5.13;0.277364765945208;-1.28806259040705;0
5.14;0.264457315966766;-1.29395062528563;0
5.15;0.251492775773004;-1.29944066531012;0
5.16;0.238475129740001;-1.304531748805;0
5.17;0.225408371315046;-1.30922303533894;0
5.18;0.212296501803964;-1.3135138057684;0
5.19;0.19914352915818;-1.31740346224467;0
5.2;0.185953466761874;-1.3208915281847;0
5.21;0.172730332219584;-1.32397764820548;0
5.22;0.159478146144639;-1.32666158802229;0
5.23;0.146200930948764;-1.32894323431081;0
5.24;0.132902709633231;-1.33082259453319;0
5.25;0.119587504581905;-1.33229979672821;0
5.26;0.106259336356559;-1.3333750892657;0
5.27;0.0929222224947947;-1.33404884056524;0
5.28;0.0795801763109461;-1.33432153877942;0
5.29;0.0662372057003004;-1.33419379144173;0
5.3;0.052897311947005;-1.33366632507928;0
5.31;0.0395644885360031;-1.33273998479045;0
5.32;0.0262427199693481;-1.33141573378784;0
5.33;0.0129359805872467;-1.32969465290653;0
5.34;-0.000351766605826672;-1.3275779400779;0
5.35;-0.0136165711095999;-1.32506690976931;0
5.36;-0.0268544960907161;-1.32216299238978;0
5.37;-0.0400616195393518;-1.31886773366196;0
5.38;-0.0532340354194041;-1.31518279396059;0
5.39;-0.0663678548119122;-1.31110994761772;0
5.4;-0.0794592070513827;-1.306651082195;0
5.41;-0.092504240854691;-1.30180819772325;0
5.42;-0.105499125442232;-1.29658340590964;0
5.43;-0.118440051650995;-1.29097892931274;0
5.44;-0.131323233039255;-1.28499710048578;0
5.45;-0.144144906982541;-1.27864036108838;0
5.46;-0.156901335760591;-1.27191126096714;0
5.47;-0.16958880763497;-1.26481245720534;0
5.48;-0.182203637917052;-1.25734671314215;0
5.49;-0.194742170026048;-1.2495168973617;0
5.5;-0.207200776536802;-1.24132598265226;0
5.51;-0.219575860217037;-1.23277704493608;0
5.52;-0.231863855053775;-1.22387326217003;0
5.53;-0.244061227268628;-1.21461791321769;0
5.54;-0.256164476321684;-1.20501437669298;0
5.55;-0.268170135903711;-1.19506612977598;0
5.56;-0.28007477491638;-1.18477674700121;0
5.57;-0.291874998440261;-1.17414989901879;0
5.58;-0.303567448690306;-1.16318935132895;0
5.59;-0.315148805958559;-1.15189896299026;0
5.6;-0.32661578954383;-1.14028268530201;0
5.61;-0.337965158668079;-1.1283445604613;0
5.62;-0.349193713379262;-1.11608872019506;0
5.63;-0.360298295440381;-1.1035193843677;0
5.64;-0.371275789204505;-1.09064085956465;0
5.65;-0.382123122475519;-1.07745753765237;0
5.66;-0.39283726735437;-1.06397389431531;0
5.67;-0.40341524107058;-1.05019448757017;0
5.68;-0.413854106798802;-1.03612395625813;0
5.69;-0.424150974460197;-1.02176701851537;0
5.7;-0.434303001508426;-1.00712847022247;0
5.71;-0.44430739370004;-0.992213183433207;0
5.72;-0.454161405849069;-0.977026104783183;0
5.73;-0.463862342565601;-0.961572253878815;0
5.74;-0.473407558978177;-0.945856721667264;0
5.75;-0.48279446143979;-0.929884668787749;0
5.76;-0.492020508217322;-0.91366132390482;0
5.77;-0.501083210164233;-0.897191982024094;0
5.78;-0.509980131376326;-0.880482002791001;0
5.79;-0.518708889830435;-0.863536808773087;0
5.8;-0.527267158005852;-0.846361883726394;0
5.81;-0.535652663488356;-0.828962770846484;0
5.82;-0.543863189556686;-0.811345071004656;0
5.83;-0.551896575751304;-0.793514440969894;0
5.84;-0.559750718425324;-0.775476591617128;0
5.85;-0.567423571277455;-0.757237286122344;0
5.86;-0.574913145866851;-0.738802338145127;0
5.87;-0.582217512109718;-0.720177609999186;0
5.88;-0.589334798757579;-0.701369010811452;0
5.89;-0.596263193857088;-0.682382494670289;0
5.9;-0.603000945191269;-0.663224058763426;0
5.91;-0.609546360702097;-0.643899741506165;0
5.92;-0.615897808894312;-0.624415620660438;0
5.93;-0.622053719220397;-0.604777811445319;0
5.94;-0.628012582446608;-0.584992464639543;0
5.95;-0.633772951000012;-0.565065764676627;0
5.96;-0.639333439296436;-0.545003927733187;0
5.97;-0.644692724049268;-0.524813199811011;0
5.98;-0.649849544559064;-0.504499854813499;0
5.99;-0.654802702983881;-0.48407019261704;0
6;-0.65955106459032;-0.463530537137919;0
6.01;-0.664093557985205;-0.442887234395338;0
6.02;-0.668429175327888;-0.422146650571147;0
6.03;-0.672556972523129;-0.401315170066858;0
6.04;-0.676476069394546;-0.380399193558541;0
6.05;-0.680185649838599;-0.359405136050183;0
6.06;-0.683684961959108;-0.338339424926099;0
6.07;-0.686973318182287;-0.31720849800298;0
6.08;-0.690050095352305;-0.296018801582157;0
6.09;-0.69291473480737;-0.274776788502674;0
6.1;-0.695566742436349;-0.253488916195747;0
6.11;-0.698005688715943;-0.232161644741184;0
6.12;-0.700231208728436;-0.210801434926364;0
6.13;-0.702243002160044;-0.189414746308325;0
6.14;-0.704040833279909;-0.168008035279561;0
6.15;-0.705624530899763;-0.146587753138091;0
6.16;-0.706993988314315;-0.12516034416237;0
6.17;-0.708149163222416;-0.10373224369161;0
6.18;-0.709090077629043;-0.0823098762120893;0
6.19;-0.70981681772819;-0.0608996534499913;0
6.2;-0.710329533766704;-0.0395079724713573;0
6.21;-0.710628439889165;-0.0181412137896932;0
6.22;-0.710713813963874;0.00319426051820808;0
6.23;-0.710585997390037;0.0244921086876788;0
6.24;-0.710245394886243;0.0457460111322772;0
6.25;-0.709692474260315;0.0669496723000328;0
6.26;-0.708927766160655;0.0880968225192971;0
6.27;-0.707951863809169;0.109181219833663;0
6.28;-0.706765422715905;0.130196651825424;0
6.29;-0.705369160375502;0.151136937427044;0
6.3;-0.703763855945579;0.171995928720116;0
6.31;-0.701950349907202;0.192767512721294;0
6.32;-0.699929543707543;0.213445613154682;0
6.33;-0.697702399384881;0.234024192210171;0
6.34;-0.695269939176086;0.25449725228723;0
6.35;-0.692633245106729;0.274858837723638;0
6.36;-0.689793458563982;0.295103036508681;0
6.37;-0.686751779852444;0.315223981980319;0
6.38;-0.683509467733086;0.335215854505833;0
6.39;-0.680067838945451;0.355072883145502;0
6.4;-0.676428267713304;0.374789347298806;0
6.41;-0.672592185233898;0.394359578332729;0
6.42;-0.668561079151036;0.413777961191669;0
6.43;-0.664336493012126;0.433038935988532;0
6.44;-0.659920025709404;0.452136999576547;0
6.45;-0.655313330905528;0.471066707101379;0
6.46;-0.650518116443746;0.489822673533089;0
6.47;-0.645536143742835;0.508399575177541;0
6.48;-0.640369227177012;0.526792151166815;0
6.49;-0.635019233441051;0.544995204928233;0
6.5;-0.629488080900795;0.563003605631581;0
6.51;-0.623777738929301;0.58081228961414;0
6.52;-0.617890227228839;0.598416261783138;0
6.53;-0.611827615138959;0.615810596995225;0
6.54;-0.605592020930882;0.632990441412622;0
6.55;-0.599185611088422;0.649951013835555;0
6.56;-0.592610599575705;0.666687607010633;0
6.57;-0.5858692470919;0.683195588914806;0
6.58;-0.578963860313234;0.699470404014564;0
6.59;-0.57189679112252;0.715507574500048;0
6.6;-0.564670435826461;0.731302701493739;0
6.61;-0.557287234360981;0.746851466233409;0
6.62;-0.549749669484845;0.762149631229023;0
6.63;-0.542060265961829;0.777193041393291;0
6.64;-0.534221589731699;0.791977625145577;0
6.65;-0.526236247070282;0.806499395488877;0
6.66;-0.518106883738876;0.820754451059591;0
6.67;-0.509836184123298;0.834738977149824;0
6.68;-0.501426870362827;0.84844924670195;0
6.69;-0.492881701469328;0.861881621275198;0
6.7;-0.484203472436836;0.875032551984005;0
6.71;-0.475395013341892;0.887898580407921;0
6.72;-0.466459188434892;0.900476339472823;0
6.73;-0.457398895222775;0.912762554303239;0
6.74;-0.448217063543303;0.924754043045567;0
6.75;-0.438916654631244;0.936447717661994;0
6.76;-0.429500660176751;0.94784058469493;0
6.77;-0.419972101376233;0.958929746001779;0
6.78;-0.410334027976002;0.969712399459866;0
6.79;-0.400589517309013;0.980185839641384;0
6.8;-0.390741673324994;0.99034745845818;0
6.81;-0.380793625614251;1.00019474577627;0
6.82;-0.370748528425479;1.00972528999992;0
6.83;-0.360609559677862;1.0189367786252;0
6.84;-0.350379919967774;1.02782699876287;0
6.85;-0.340062831570397;1.03639383763051;0
6.86;-0.329661537436545;1.0446352830138;0
6.87;-0.319179300185026;1.05254942369687;0
6.88;-0.308619401090834;1.0601344498616;0
6.89;-0.297985139069488;1.06738865345588;0
6.9;-0.287279829657828;1.07431042853073;0
6.91;-0.276506803991585;1.08089827154618;0
6.92;-0.265669407780024;1.08715078164599;0
6.93;-0.25477100027799;1.09306666090109;0
6.94;-0.243814953255653;1.09864471452173;0
6.95;-0.232804649966276;1.10388385103842;0
6.96;-0.221743484112313;1.10878308245147;0
6.97;-0.210634858810154;1.11334152434936;0
6.98;-0.199482185553822;1.11755839599582;0
6.99;-0.18828888317795;1.12143302038567;0
7;-0.177058376820325;1.12496482426949;0
7.01;-0.165794096884342;1.1281533381471;0
7.02;-0.154499478001649;1.13099819623004;0
7.03;-0.143177957995315;1.13349913637295;0
7.04;-0.131832976843824;1.135655999974;0
7.05;-0.120467975646198;1.13746873184451;0
7.06;-0.109086395588565;1.13893738004775;0
7.07;-0.0976916769124803;1.14006209570706;0
7.08;-0.0862872578853006;1.14084313278345;0
7.09;-0.0748765737729191;1.14128084782269;0
7.1;-0.063463055815168;1.14137569967217;0
7.11;-0.0520501302041879;1.1411282491675;0
7.12;-0.0406412170660657;1.14053915878913;0
7.13;-0.0292397294460419;1.13960919228905;0
7.14;-0.0178490722975837;1.1383392142878;0
7.15;-0.00647264147562187;1.13673018984194;0
7.16;0.00488617726575515;1.13478318398216;0
7.17;0.0162240092708564;1.13249936122216;0
7.18;0.0275374919749025;1.12987998503865;0
7.19;0.0388232758912094;1.12692641732248;0
7.2;0.050078025592755;1.12364011780129;0
7.21;0.0612984206878449;1.12002264343376;0
7.22;0.0724811567895933;1.11607564777584;0
7.23;0.0836229464789413;1.11180088031898;0
7.24;0.0947205202609327;1.1072001858009;0
7.25;0.105770627513974;1.10227550348888;0
7.26;0.116770037431804;1.09702886643597;0
7.27;0.12771553995791;1.09146240071038;0
7.28;0.138603946712107;1.08557832459831;0
7.29;0.149432091909041;1.07937894778052;0
7.3;0.160196833268329;1.07286667048286;0
7.31;0.170895052916091;1.06604398260122;0
7.32;0.181523658277628;1.05891346280098;0
7.33;0.19207958296096;1.0514777775915;0
7.34;0.202559787631022;1.04373968037583;0
7.35;0.212961260874225;1.035702010476;0
7.36;0.223281020053176;1.02736769213423;0
7.37;0.233516112151299;1.01873973349043;0
7.38;0.24366361460712;1.00982122553625;0
7.39;0.253720636137997;1.00061534104617;0
7.4;0.263684317553051;0.991125333485841;0
7.41;0.273551832555089;0.981354535898159;0
7.42;0.283320388531274;0.971306359767369;0
7.43;0.292987227332357;0.960984293861634;0
7.44;0.302549626040224;0.950391903054408;0
7.45;0.312004897723569;0.939532827125032;0
7.46;0.321350392181483;0.928410779538933;0
7.47;0.330583496674749;0.917029546207827;0
7.48;0.339701636644657;0.905392984230348;0
7.49;0.348702276419133;0.89350502061349;0
7.5;0.357582919905999;0.8813696509753;0
7.51;0.366341111273182;0.868990938229228;0
7.52;0.374974435615677;0.856373011250566;0
7.53;0.383480519609104;0.843520063525411;0
7.54;0.391857032149672;0.830436351782578;0
7.55;0.400101684980387;0.817126194608904;0
7.56;0.408212233303343;0.803593971048399;0
7.57;0.416186476377933;0.78984411918567;0
7.58;0.424022258104821;0.775881134714093;0
7.59;0.431717467595537;0.761709569489166;0
7.6;0.439270039727529;0.74733403006752;0
7.61;0.446677955684552;0.732759176232045;0
7.62;0.453939243482248;0.717989719503589;0
7.63;0.46105197847877;0.703030421639713;0
7.64;0.46801428387036;0.687886093120961;0
7.65;0.474824331171714;0.672561591625131;0
7.66;0.481480340681047;0.65706182049002;0
7.67;0.487980581929739;0.64139172716512;0
7.68;0.494323374116443;0.625556301652755;0
7.69;0.500507086525559;0.609560574939144;0
7.7;0.506530138929982;0.593409617415867;0
7.71;0.512391001978014;0.577108537292245;0
7.72;0.518088197564368;0.560662478999097;0
7.73;0.523620299185171;0.544076621584393;0
7.74;0.528985932276882;0.527356177101287;0
7.75;0.534183774539071;0.510506388989021;0
7.76;0.539212556240964;0.493532530447207;0
7.77;0.544071060511711;0.476439902803984;0
7.78;0.548758123614306;0.459233833878545;0
7.79;0.55327263520311;0.441919676338537;0
7.8;0.557613538564927;0.424502806052836;0
7.81;0.561779830843588;0.406988620440201;0
7.82;0.565770563248005;0.389382536814303;0
7.83;0.569584841243662;0.371689990725634;0
7.84;0.573221824727511;0.353916434300803;0
7.85;0.576680728186254;0.336067334579713;0
7.86;0.579960820837984;0.318148171851129;0
7.87;0.583061426757182;0.300164437987134;0
7.88;0.585981924983049;0.282121634776971;0
7.89;0.588721749611186;0.264025272260787;0
7.9;0.5912803898686;0.24588086706375;0
7.91;0.593657390172064;0.227693940731077;0
7.92;0.595852350169828;0.209470018064426;0
7.93;0.597864924766704;0.191214625460189;0
7.94;0.599694824132548;0.172933289250153;0
7.95;0.601341813694152;0.154631534045038;0
7.96;0.602805714110594;0.13631488108139;0
7.97;0.604086401232071;0.117988846572337;0
7.98;0.605183806042259;0.0996589400626751;0
7.99;0.606097914584247;0.0813306627887891;0
8;0.606828767870087;0.0630095060438765;0
8.01;0.60737646177403;0.0447009495489641;0
8.02;0.607741146909498;0.0264104598301935;0
8.03;0.607923028489855;0.00814348860284986;0
8.04;0.607922366173053;-0.0100945288373921;0
8.05;0.607739473890227;-0.0282981752155349;0
8.06;0.607374719658309;-0.0464620528701718;0
8.07;0.60682852537676;-0.0645807853377829;0
8.08;0.606101366608492;-0.0826490189279547;0
8.09;0.605193772345085;-0.100661424289065;0
8.1;0.604106324756388;-0.118612697963983;0
8.11;0.602839658924615;-0.136497563935329;0
8.12;0.601394462563028;-0.154310775159859;0
8.13;0.599771475719339;-0.172047115091525;0
8.14;0.597971490463923;-0.189701399192769;0
8.15;0.595995350562977;-0.207268476433638;0
8.16;0.593843951136747;-0.224743230778266;0
8.17;0.591518238302942;-0.242120582658316;0
8.18;0.589019208805481;-0.25939549043296;0
8.19;0.586347909628697;-0.276562951834979;0
8.2;0.583505437597145;-0.293618005402574;0
8.21;0.58049293896116;-0.310555731896486;0
8.22;0.57731160896831;-0.327371255702021;0
8.23;0.573962691420897;-0.344059746215592;0
8.24;0.570447478219664;-0.360616419215385;0
8.25;0.566767308893872;-0.377036538215762;0
8.26;0.562923570117901;-0.393315415805031;0
8.27;0.558917695214553;-0.409448414966206;0
8.28;0.55475116364523;-0.425430950380387;0
8.29;0.550425500487147;-0.441258489712408;0
8.3;0.545942275897777;-0.456926554878389;0
8.31;0.541303104566706;-0.472430723294849;0
8.32;0.536509645155071;-0.487766629109036;0
8.33;0.531563599722791;-0.502929964410133;0
8.34;0.526466713143764;-0.51791648042102;0
8.35;0.521220772509246;-0.532721988670254;0
8.36;0.515827606519587;-0.547342362143967;0
8.37;0.510289084864551;-0.561773536417352;0
8.38;0.504607117592409;-0.576011510765449;0
8.39;0.498783654468019;-0.590052349252924;0
8.4;0.492820684320103;-0.603892181802558;0
8.41;0.486720234377935;-0.617527205242149;0
8.42;0.480484369597667;-0.630953684329574;0
8.43;0.474115191978488;-0.644167952755709;0
8.44;0.467614839868868;-0.657166414124974;0
8.45;0.460985487263093;-0.669945542913234;0
8.46;0.454229343088322;-0.682501885402805;0
8.47;0.447348650482402;-0.69483206059433;0
8.48;0.440345686062667;-0.706932761095291;0
8.49;0.433222759185954;-0.718800753984932;0
8.5;0.425982211200086;-0.730432881655362;0
8.51;0.418626414687044;-0.741826062628649;0
8.52;0.41115777269808;-0.752977292349679;0
8.53;0.403578717981009;-0.763883643954601;0
8.54;0.395891712199932;-0.774542269014658;0
8.55;0.388099245147624;-0.78495039825523;0
8.56;0.380203833950854;-0.795105342249914;0
8.57;0.372208022268868;-0.805004492089472;0
8.58;0.364114379485302;-0.814645320025502;0
8.59;0.35592549989377;-0.824025380088661;0
8.6;0.347644001877384;-0.833142308681326;0
8.61;0.339272527082465;-0.841993825144534;0
8.62;0.330813739586703;-0.850577732299089;0
8.63;0.322270325062013;-0.858891916960716;0
8.64;0.313644989932372;-0.866934350429151;0
8.65;0.304940460526865;-0.874703088951066;0
8.66;0.296159482228238;-0.88219627415673;0
8.67;0.287304818617185;-0.889412133470333;0
8.68;0.278379250612667;-0.896348980493882;0
8.69;0.269385575608498;-0.903005215364602;0
8.7;0.260326606606487;-0.909379325085789;0
8.71;0.251205171346381;-0.915469883831055;0
8.72;0.242024111432894;-0.921275553221911;0
8.73;0.232786281460078;-0.926795082578672;0
8.74;0.223494548133301;-0.932027309144632;0
8.75;0.214151789389107;-0.936971158283505;0
8.76;0.204760893513224;-0.941625643650106;0
8.77;0.195324758256983;-0.945989867334278;0
8.78;0.185846289952415;-0.950063019978056;0
8.79;0.176328402626303;-0.953844380866092;0
8.8;0.166774017113448;-0.957333317989348;0
8.81;0.157186060169415;-0.960529288082089;0
8.82;0.147567463583033;-0.963431836632215;0
8.83;0.137921163288908;-0.966040597864967;0
8.84;0.128250098480224;-0.96835529470006;0
8.85;0.118557210722087;-0.970375738682306;0
8.86;0.108845443065681;-0.972101829885787;0
8.87;0.0991177391635071;-0.973533556791656;0
8.88;0.0893770423859586;-0.974670996139651;0
8.89;0.0796262949394979;-0.975514312753399;0
8.9;0.0698684369867012;-0.976063759339623;0
8.91;0.0601064057684262;-0.976319676261352;0
8.92;0.0503431347283649;-0.976282491285236;0
8.93;0.0405815526402393;-0.975952719303104;0
8.94;0.0308245827378966;-0.975330962027881;0
8.95;0.0210751418485608;-0.974417907663996;0
8.96;0.0113361395294936;-0.973214330552444;0
8.97;0.00161047720831914;-0.97172109079062;0
8.98;-0.00809895267273753;-0.969939133827117;0
8.99;-0.0177892675084471;-0.96786949003162;0
9;-0.027457595377761;-0.965513274240096;0
9.01;-0.0371010758863366;-0.962871685275436;0
9.02;-0.0467168610041608;-0.959946005443756;0
9.03;-0.0563021158980256;-0.956737600006526;0
9.04;-0.0658540197586191;-0.953247916628748;0
9.05;-0.0753697666219895;-0.949478484803378;0
9.06;-0.0848465661851487;-0.945430915252214;0
9.07;-0.0942816446155778;-0.941106899303452;0
9.08;-0.103672245354406;-0.936508208246162;0
9.09;-0.113015629913032;-0.931636692661899;0
9.1;-0.122309078662952;-0.926494281733692;0
9.11;-0.13154989161859;-0.921082982532662;0
9.12;-0.140735389212884;-0.915404879282519;0
9.13;-0.149862913065418;-0.909462132602194;0
9.14;-0.158929826742893;-0.903256978726869;0
9.15;-0.167933516511701;-0.89679172870769;0
9.16;-0.176871392082409;-0.890068767590412;0
9.17;-0.18574088734593;-0.883090553573293;0
9.18;-0.194539461101183;-0.875859617144493;0
9.19;-0.20326459777404;-0.868378560199293;0
9.2;-0.211913808127347;-0.860650055137423;0
9.21;-0.220484629961835;-0.852676843940812;0
9.22;-0.228974628807724;-0.844461737232056;0
9.23;-0.237381398606819;-0.836007613313938;0
9.24;-0.245702562384925;-0.827317417190305;0
9.25;-0.253935772914381;-0.818394159568636;0
9.26;-0.262078713366543;-0.809240915844627;0
9.27;-0.270129097954031;-0.799860825069131;0
9.28;-0.278084672562571;-0.790257088897794;0
9.29;-0.285943215372247;-0.780432970523727;0
9.3;-0.293702537468021;-0.770391793593567;0
9.31;-0.301360483439324;-0.760136941107281;0
9.32;-0.308914931968578;-0.749671854302066;0
9.33;-0.316363796408498;-0.739000031520712;0
9.34;-0.323705025347989;-0.72812502706479;0
9.35;-0.330936603166525;-0.717050450033041;0
9.36;-0.338056550576838;-0.705779963145331;0
9.37;-0.345062925155788;-0.694317281552555;0
9.38;-0.351953821863263;-0.68266617163287;0
9.39;-0.358727373548988;-0.670830449774643;0
9.4;-0.365381751447104;-0.658813981146494;0
9.41;-0.371915165658386;-0.646620678454838;0
9.42;-0.378325865619992;-0.634254500689304;0
9.43;-0.384612140562597;-0.621719451856445;0
9.44;-0.390772319954829;-0.609019579702123;0
9.45;-0.396804773934872;-0.596158974422983;0
9.46;-0.402707913729134;-0.583141767367415;0
9.47;-0.40848019205788;-0.56997212972641;0
9.48;-0.41412010352774;-0.556654271214729;0
9.49;-0.419626185010965;-0.543192438742785;0
9.5;-0.424997016011385;-0.529590915079661;0
9.51;-0.430231219016943;-0.515854017507675;0
9.52;-0.435327459838741;-0.501986096468913;0
9.53;-0.440284447936527;-0.48799153420415;0
9.54;-0.44510093673052;-0.473874743384571;0
9.55;-0.44977572389954;-0.45964016573673;0
9.56;-0.454307651665349;-0.44529227066116;0
9.57;-0.458695607063147;-0.430835553845058;0
9.58;-0.462938522198183;-0.416274535869481;0
9.59;-0.467035374488403;-0.401613760811467;0
9.6;-0.470985186893102;-0.38685779484152;0
9.61;-0.474787028127533;-0.372011224816882;0
9.62;-0.478440012863429;-0.357078656871017;0
9.63;-0.481943301915407;-0.342064714999749;0
9.64;-0.485296102413217;-0.326974039644472;0
9.65;-0.488497667959812;-0.311811286272857;0
9.66;-0.491547298775219;-0.296581123957512;0
9.67;-0.494444341826183;-0.281288233952988;0
9.68;-0.49718819094158;-0.26593730827159;0
9.69;-0.499778286913583;-0.250533048258409;0
9.7;-0.502214117584575;-0.235080163166003;0
9.71;-0.504495217919809;-0.21958336872916;0
9.72;-0.506621170065822;-0.204047385740166;0
9.73;-0.508591603394599;-0.188476938625004;0
9.74;-0.510406194533507;-0.172876754020915;0
9.75;-0.512064667381016;-0.15725155935574;0
9.76;-0.513566793108217;-0.141606081429459;0
9.77;-0.514912390146172;-0.125945044998368;0
9.78;-0.516101324159116;-0.110273171362294;0
9.79;-0.517133508003545;-0.0945951769552771;0
9.8;-0.518008901673237;-0.0789157719401316;0
9.81;-0.518727512230223;-0.063239658807304;0
9.82;-0.51928939372178;-0.0475715309784385;0
9.83;-0.519694647083477;-0.0319160714150612;0
9.84;-0.519943420028332;-0.0162779512327899;0
9.85;-0.520035906922139;-0.00066182832147825;0
9.86;-0.519972348645025;0.0149276540283052;0
9.87;-0.519753032439299;0.0304858684920608;0
9.88;-0.519378291743669;0.0460082050710061;0
9.89;-0.518848506013892;0.0614900724441948;0
9.9;-0.51816410052994;0.0769268993127114;0
9.91;-0.517325546189765;0.0923141357355557;0
9.92;-0.516333359289736;0.107647254456827;0
9.93;-0.515188101291848;0.122921752223831;0
9.94;-0.513890378577797;0.138133151095718;0
9.95;-0.512440842190009;0.153276999742296;0
9.96;-0.51084018755972;0.168348874732626;0
9.97;-0.50908915422223;0.183344381813042;0
9.98;-0.507188525519417;0.198259157174228;0
9.99;-0.505139128289633;0.213088868706993;0
10;-0.502941832545092;0.227829217246385;0
10.01;-0.500597551136877;0.242475937803788;0
10.02;-0.498107239407677;0.257024800786661;0
10.03;-0.495471894832382;0.271471613205568;0
10.04;-0.492692556646667;0.285812219868163;0
10.05;-0.489770305463703;0.300042504559789;0
10.06;-0.486706262879112;0.314158391210371;0
10.07;-0.483501591064322;0.32815584504726;0
10.08;-0.480157492348462;0.342030873733729;0
10.09;-0.476675208788928;0.355779528492775;0
10.1;-0.473056021730789;0.369397905215953;0
10.11;-0.469301251355162;0.382882145556891;0
10.12;-0.465412256216731;0.396228438009231;0
10.13;-0.461390432770555;0.409433018968656;0
10.14;-0.457237214888327;0.422492173778749;0
10.15;-0.452954073364247;0.435402237760372;0
10.16;-0.448542515410681;0.448159597224297;0
10.17;-0.444004084143767;0.460760690466814;0
10.18;-0.439340358059144;0.473202008748043;0
10.19;-0.434552950497971;0.485480097252686;0
10.2;-0.429643509103431;0.49759155603297;0
10.21;-0.424613715267871;0.509533040933513;0
10.22;-0.419465283570789;0.521301264497884;0
10.23;-0.414199961207828;0.532892996856605;0
10.24;-0.408819527410987;0.544305066596365;0
10.25;-0.403325792860209;0.555534361610219;0
10.26;-0.397720599086567;0.566577829928544;0
10.27;-0.392005817867222;0.577432480530546;0
10.28;-0.386183350612357;0.588095384136095;0
10.29;-0.380255127744275;0.5985636739777;0
10.3;-0.374223108068877;0.60883454655241;0
10.31;-0.368089278139707;0.618905262353467;0
10.32;-0.361855651614768;0.628773146581509;0
10.33;-0.355524268606331;0.638435589835161;0
10.34;-0.349097195023917;0.647890048780834;0
10.35;-0.342576521910686;0.657134046801564;0
10.36;-0.335964364773426;0.666165174624743;0
10.37;-0.329262862906365;0.674981090928579;0
10.38;-0.32247417870901;0.68357952292715;0
10.39;-0.315600496998239;0.691958266933899;0
10.4;-0.308644024314844;0.70011518890346;0
10.41;-0.301606988224768;0.708048224951666;0
10.42;-0.294491636615231;0.715755381853637;0
10.43;-0.287300236985975;0.72323473751983;0
10.44;-0.280035075735851;0.730484441449948;0
10.45;-0.272698457444968;0.737502715164609;0
10.46;-0.265292704152618;0.744287852614682;0
10.47;-0.257820154631219;0.750838220568211;0
10.48;-0.250283163656484;0.757152258974843;0
10.49;-0.242684101274042;0.763228481307698;0
10.5;-0.235025352062758;0.769065474882604;0
10.51;-0.227309314394943;0.774661901154656;0
10.52;-0.219538399693718;0.780016495992036;0
10.53;-0.21171503168773;0.78512806992706;0
10.54;-0.203841645663464;0.789995508384409;0
10.55;-0.195920687715382;0.79461777188652;0
10.56;-0.187954613994098;0.798993896236114;0
10.57;-0.179945889952845;0.803122992675837;0
10.58;-0.171896989592435;0.807004248025023;0
10.59;-0.163810394704964;0.810636924793563;0
10.6;-0.155688594116479;0.814020361272882;0
10.61;-0.147534082928836;0.817153971604055;0
10.62;-0.139349361760979;0.820037245823065;0
10.63;-0.131136935989877;0.822669749883226;0
10.64;-0.122899314991325;0.825051125654821;0
10.65;-0.114639011380869;0.827181090901977;0
10.66;-0.106358540255048;0.829059439236833;0
10.67;-0.0980604184332064;0.830686040051048;0
10.68;-0.0897471637000896;0.832060838424713;0
10.69;-0.0814212940494527;0.833183855012731;0
10.7;-0.0730853269289057;0.834055185908735;0
10.71;-0.0647417784862212;0.834675002486632;0
10.72;-0.0563931628173266;0.835043551219848;0
10.73;-0.0480419912162039;0.835161153478373;0
10.74;-0.0396907714269187;0.835028205303708;0
10.75;-0.0313420068979987;0.834645177161805;0
10.76;-0.0229981960393812;0.834012613674139;0
10.77;-0.0146618314821486;0.833131133326992;0
10.78;-0.00633539934126753;0.832001428159116;0
10.79;0.00197862151845076;0.830624263427867;0
10.8;0.0102777602129556;0.829000477253978;0
10.81;0.0185595545659142;0.827130980245092;0
10.82;0.0268215518318087;0.825016755098218;0
10.83;0.0350613094149645;0.822658856181261;0
10.84;0.0432763955842992;0.820058409093782;0
10.85;0.0514643901835871;0.817216610207169;0
10.86;0.059622885337033;0.814134726184372;0
10.87;0.0677494861499522;0.810814093479407;0
10.88;0.0758418114043552;0.807256117816787;0
10.89;0.0838974942492366;0.80346227365109;0
10.9;0.0919141828853722;0.799434103606852;0
10.91;0.0998895412444256;0.795173217898987;0
10.92;0.107821249662174;0.790681293733941;0
10.93;0.115707005545657;0.7859600746918;0
10.94;0.123544524034064;0.781011370089552;0
10.95;0.131331538653172;0.775837054325754;0
10.96;0.139065801963139;0.770439066206801;0
10.97;0.14674508619949;0.764819408255055;0
10.98;0.154367183907091;0.758980145999062;0
10.99;0.161929908566959;0.7529234072461;0
11;0.169431095215704;0.746651381337309;0
11.01;0.176868601057459;0.740166318385662;0
11.02;0.184240306068103;0.733470528497016;0
11.03;0.191544113591625;0.72656638097453;0
11.04;0.198777950928456;0.7194563035067;0
11.05;0.20593976991561;0.712142781339291;0
11.06;0.21302754749847;0.70462835643143;0
11.07;0.22003928629407;0.696915626596165;0
11.08;0.226973015145708;0.68900724462574;0
11.09;0.233826789668747;0.680905917401908;0
11.1;0.240598692787454;0.67261440499155;0
11.11;0.247286835262724;0.664135519727907;0
11.12;0.253889356210565;0.655472125277729;0
11.13;0.260404423611177;0.646627135694632;0
11.14;0.266830234808514;0.637603514458984;0
11.15;0.273165017000185;0.628404273504621;0
11.16;0.279407027717557;0.619032472232711;0
11.17;0.285554555295947;0.609491216513091;0
11.18;0.29160591933477;0.599783657673381;0
11.19;0.297559471147524;0.589912991476213;0
11.2;0.303413594201491;0.579882457084905;0
11.21;0.309166704547055;0.569695336017888;0
11.22;0.314817251236504;0.559354951092249;0
11.23;0.320363716732221;0.548864665356697;0
11.24;0.325804617304167;0.538227881014316;0
11.25;0.331138503416534;0.527448038335418;0
11.26;0.336363960103496;0.516528614560866;0
11.27;0.341479607333941;0.505473122796192;0
11.28;0.346484100365111;0.494285110896871;0
11.29;0.351376130085053;0.482968160345084;0
11.3;0.356154423343801;0.471525885118344;0
11.31;0.360817743273209;0.459961930550316;0
11.32;0.365364889595362;0.448279972184201;0
11.33;0.369794698919481;0.436483714619033;0
11.34;0.374106045027267;0.424576890349247;0
11.35;0.378297839146609;0.412563258597887;0
11.36;0.382369030213598;0.400446604143794;0
11.37;0.386318605122786;0.388230736143164;0
11.38;0.390145588965637;0.375919486945813;0
11.39;0.393849045257117;0.36351671090653;0
11.4;0.39742807615038;0.351026283191871;0
11.41;0.4008818226395;0.338452098582774;0
11.42;0.40420946475021;0.325798070273342;0
11.43;0.407410221718622;0.313068128666177;0
11.44;0.410483352157869;0.300266220164627;0
11.45;0.413428154212679;0.287396305962309;0
11.46;0.416243965701811;0.27446236083028;0
11.47;0.418930164248375;0.261468371902222;0
11.48;0.421486167397974;0.24841833745801;0
11.49;0.423911432724696;0.23531626570603;0
11.5;0.426205457924914;0.22216617356461;0
11.51;0.428367780898898;0.208972085442942;0
11.52;0.430397979820237;0.195738032021843;0
11.53;0.432295673193072;0.182468049034742;0
11.54;0.434060519897136;0.16916617604924;0
11.55;0.435692219220619;0.155836455249618;0
11.56;0.437190510880854;0.142482930220655;0
11.57;0.438555175032866;0.12910964473311;0
11.58;0.439786032265764;0.115720641531243;0
11.59;0.440882943587032;0.102319961122724;0
11.6;0.44184581039473;0.0889116405712901;0
11.61;0.442674574437628;0.075499712292514;0
11.62;0.443369217763324;0.062088202853034;0
11.63;0.443929762654358;0.0486811317736;0
11.64;0.44435627155239;0.0352825103362902;0
11.65;0.444648846970453;0.0218963403962461;0
11.66;0.444807631393363;0.0085266131982769;0
11.67;0.444832807166304;-0.00482269180132271;0
11.68;0.444724596371663;-0.0181476081073956;0
11.69;0.444483260694163;-0.031444183352645;0
11.7;0.444109101274358;-0.0447084804581165;0
11.71;0.443602458550549;-0.0579365787871038;0
11.72;0.442963712089198;-0.0711245752921411;0
11.73;0.442193280403897;-0.0842685856547532;0
11.74;0.441291620762978;-0.0973647454176312;0
11.75;0.440259228985836;-0.11040921110891;0
11.76;0.439096639228047;-0.12339816135822;0
11.77;0.437804423755358;-0.136327798004202;0
11.78;0.436383192706648;-0.149194347193154;0
11.79;0.434833593845943;-0.161994060468507;0
11.8;0.433156312303572;-0.174723215850815;0
11.81;0.431352070306575;-0.187378118907952;0
11.82;0.429421626898451;-0.199955103815215;0
11.83;0.427365777648351;-0.212450534405021;0
11.84;0.42518535434982;-0.22486080520592;0
11.85;0.422881224709204;-0.237182342470614;0
11.86;0.420454292023822;-0.249411605192705;0
11.87;0.417905494850022;-0.261545086111873;0
11.88;0.415235806661246;-0.27357931270722;0
11.89;0.412446235496203;-0.285510848178489;0
11.9;0.409537823597298;-0.297336292414885;0
11.91;0.406511647039421;-0.309052282951241;0
11.92;0.403368815349238;-0.320655495911249;0
11.93;0.400110471115104;-0.332142646937507;0
11.94;0.396737789587739;-0.34351049210812;0
11.95;0.393251978271798;-0.354755828839602;0
11.96;0.389654276508474;-0.36587549677584;0
11.97;0.385945955049281;-0.376866378662864;0
11.98;0.382128315621142;-0.387725401209206;0
11.99;0.37820269048295;-0.398449535931586;0
12;0.374170441973734;-0.409035799985728;0
12.01;0.370032962052589;-0.419481256982056;0
12.02;0.365791671830509;-0.42978301778607;0
12.03;0.361448021094295;-0.439938241303175;0
12.04;0.357003487822683;-0.44994413524777;0
12.05;0.352459577694847;-0.459797956896373;0
12.06;0.347817823591455;-0.469497013824601;0
12.07;0.343079785088415;-0.479038664627809;0
12.08;0.3382470479435;-0.488420319625188;0
12.09;0.333321223575999;-0.497639441547154;0
12.1;0.328303948539575;-0.506693546205846;0
12.11;0.323196883988497;-0.515580203148554;0
12.12;0.318001715137403;-0.524297036293923;0
12.13;0.312720150714796;-0.532841724550759;0
12.14;0.307353922410416;-0.541212002419292;0
12.15;0.301904784316687;-0.54940566057474;0
12.16;0.296374512364409;-0.557420546433032;0
12.17;0.290764903752869;-0.565254564698545;0
12.18;0.285077776374555;-0.572905677893737;0
12.19;0.279314968234666;-0.580371906870528;0
12.2;0.273478336865578;-0.587651331303323;0
12.21;0.267569758736471;-0.59474209016355;0
12.22;0.261591128658289;-0.601642382175618;0
12.23;0.255544359184231;-0.608350466254164;0
12.24;0.249431380005948;-0.614864661922521;0
12.25;0.243254137345639;-0.621183349712291;0
12.26;0.237014593344248;-0.627304971543939;0
12.27;0.230714725445924;-0.633228031088347;0
12.28;0.224356525778966;-0.638951094109215;0
12.29;0.217942000533423;-0.644472788786278;0
12.3;0.211473169335547;-0.64979180601925;0
12.31;0.204952064619302;-0.654906899712443;0
12.32;0.198380730995103;-0.659816887040016;0
12.33;0.191761224615999;-0.664520648691799;0
12.34;0.185095612541481;-0.669017129099654;0
12.35;0.178385972099112;-0.673305336644341;0
12.36;0.171634390244181;-0.677384343842865;0
12.37;0.164842962917572;-0.681253287516259;0
12.38;0.158013794402034;-0.684911368937824;0
12.39;0.151148996677069;-0.688357853961778;0
12.4;0.144250688772612;-0.691592073132332;0
12.41;0.137320996121718;-0.694613421773186;0
12.42;0.130362049912427;-0.69742136005745;0
12.43;0.123375986439036;-0.700015413058015;0
12.44;0.116364946452942;-0.702395170778366;0
12.45;0.109331074513269;-0.704560288163897;0
12.46;0.10227651833747;-0.706510485093728;0
12.47;0.0952034281521018;-0.708245546353074;0
12.48;0.0881139560439527;-0.709765321586206;0
12.49;0.0810102553117405;-0.711069725230051;0
12.5;0.0738944798185536;-0.712158736428483;0
12.51;0.0667687833452381;-0.713032398927366;0
12.52;0.0596353189449207;-0.713690820950407;0
12.53;0.0524962382988595;-0.714134175055907;0
12.54;0.0453536910738125;-0.714362697974457;0
12.55;0.0382098242811148;-0.714376690427687;0
12.56;0.0310667816376531;-0.714176516928144;0
12.57;0.0239267029289264;-0.713762605560389;0
12.58;0.0167917233743793;-0.713135447743413;0
12.59;0.00966397299519558;-0.71229559797448;0
12.6;0.0025455759847355;-0.711243673554502;0
12.61;-0.00456134991819687;-0.709980354295052;0
12.62;-0.011654694053075;-0.708506382207153;0
12.63;-0.0187323534581772;-0.706822561171953;0
12.64;-0.02579223348774;-0.704929756593412;0
12.65;-0.0328322484255574;-0.70282889503316;0
12.66;-0.0398503220948496;-0.700520963827634;0
12.67;-0.0468443884642234;-0.698007010687663;0
12.68;-0.0538123922495505;-0.695288143280644;0
12.69;-0.060752289511589;-0.692365528795461;0
12.7;-0.0676620482491778;-0.689240393490307;0
12.71;-0.074539648987833;-0.685914022223587;0
12.72;-0.0813830853635765;-0.682387757968043;0
12.73;-0.0881903647018327;-0.678663001308315;0
12.74;-0.0949595085912259;-0.674741209922079;0
12.75;-0.101688553452116;-0.670623898044971;0
12.76;-0.108375551099711;-0.666312635919475;0
12.77;-0.115018569301598;-0.661809049227966;0
12.78;-0.121615692329533;-0.657114818510116;0
12.79;-0.128165021505334;-0.65223167856485;0
12.8;-0.134664675740728;-0.64716141783707;0
12.81;-0.141112792070994;-0.64190587778935;0
12.82;-0.147507526182262;-0.636466952258817;0
12.83;-0.153847052932303;-0.630846586799438;0
12.84;-0.160129566864693;-0.625046778009941;0
12.85;-0.16635328271618;-0.619069572847579;0
12.86;-0.172516435917128;-0.612917067927985;0
12.87;-0.178617283084907;-0.606591408811345;0
12.88;-0.184654102510067;-0.600094789275121;0
12.89;-0.190625194635197;-0.593429450573578;0
12.9;-0.196528882526312;-0.586597680684343;0
12.91;-0.202363512336645;-0.57960181354226;0
12.92;-0.208127453762731;-0.572444228260785;0
12.93;-0.213819100492641;-0.565127348341171;0
12.94;-0.219436870646258;-0.557653640869711;0
12.95;-0.224979207207474;-0.5500256157033;0
12.96;-0.230444578448184;-0.542245824643561;0
12.97;-0.235831478343983;-0.534316860599836;0
12.98;-0.241138426981429;-0.526241356741277;0
12.99;-0.246363970956792;-0.518021985638337;0
13;-0.251506683766164;-0.509661458393917;0
13.01;-0.256565166186834;-0.501162523764465;0
13.02;-0.261538046649835;-0.492527967271288;0
13.03;-0.266423981603561;-0.48376061030238;0
13.04;-0.27122165586835;-0.474863309205039;0
13.05;-0.275929782981971;-0.465838954369558;0
13.06;-0.28054710553589;-0.456690469304299;0
13.07;-0.285072395502264;-0.447420809702415;0
13.08;-0.289504454551556;-0.43803296250054;0
13.09;-0.293842114360707;-0.428529944929722;0
13.1;-0.298084236911778;-0.418914803558914;0
13.11;-0.302229714781007;-0.409190613331309;0
13.12;-0.306277471418179;-0.399360476593827;0
13.13;-0.310226461416281;-0.389427522120058;0
13.14;-0.314075670771341;-0.379394904126959;0
13.15;-0.317824117132421;-0.369265801285615;0
13.16;-0.321470850041684;-0.359043415726374;0
13.17;-0.325014951164488;-0.348730972038652;0
13.18;-0.328455534509459;-0.33833171626573;0
13.19;-0.331791746638489;-0.327848914894847;0
13.2;-0.335022766866615;-0.317285853842902;0
13.21;-0.338147807451735;-0.306645837438068;0
13.22;-0.341166113774124;-0.295932187397645;0
13.23;-0.344076964505715;-0.285148241802454;0
13.24;-0.346879671769102;-0.274297354068089;0
13.25;-0.349573581286257;-0.263382891913339;0
13.26;-0.352158072516899;-0.252408236326098;0
13.27;-0.354632558786534;-0.241376780527072;0
13.28;-0.356996487404106;-0.230291928931601;0
13.29;-0.359249339769267;-0.219157096109913;0
13.3;-0.361390631469245;-0.207975705746111;0
13.31;-0.363419912365291;-0.196751189596235;0
13.32;-0.365336766668711;-0.185486986445672;0
13.33;-0.367140813006461;-0.174186541066272;0
13.34;-0.368831704476324;-0.162853303173448;0
13.35;-0.370409128691652;-0.151490726383593;0
13.36;-0.371872807815685;-0.140102267172118;0
13.37;-0.373222498585455;-0.128691383832423;0
13.38;-0.37445799232529;-0.117261535436112;0
13.39;-0.375579114949918;-0.105816180794763;0
13.4;-0.376585726957202;-0.0943587774235628;0
13.41;-0.377477723410525;-0.0828927805071025;0
13.42;-0.378255033910832;-0.071421641867661;0
13.43;-0.37891762255838;-0.0599488089362607;0
13.44;-0.379465487904203;-0.0484777237268121;0
13.45;-0.379898662891339;-0.0370118218136438;0
13.46;-0.380217214785844;-0.0255545313127207;0
13.47;-0.380421245097641;-0.014109271866849;0
13.48;-0.380510889491238;-0.00267945363516474;0
13.49;-0.380486317686356;0.008731523712798;0
13.5;-0.380347733348528;0.0201202719981652;0
13.51;-0.380095373969708;0.0314834155286167;0
13.52;-0.379729510738939;0.042817592088825;0
13.53;-0.379250448403149;0.0541194539251519;0
13.54;-0.378658525118129;0.0653856687243182;0
13.55;-0.377954112289741;0.0766129205857625;0
13.56;-0.377137614405448;0.0877979109874092;0
13.57;-0.376209468856198;0.0989373597445672;0
13.58;-0.375170145748773;0.110028005961684;0
13.59;-0.374020147708631;0.12106660897668;0
13.6;-0.372760009673357;0.1320499492976;0
13.61;-0.371390298676774;0.142974829531302;0
13.62;-0.369911613623805;0.153838075303928;0
13.63;-0.368324585056169;0.164636536172898;0
13.64;-0.366629874908997;0.175367086530154;0
13.65;-0.364828176258458;0.186026626496411;0
13.66;-0.362920213060473;0.196612082806164;0
13.67;-0.360906739880639;0.207120409683186;0
13.68;-0.358788541615425;0.217548589706289;0
13.69;-0.356566433204767;0.227893634665094;0
13.7;-0.354241259336144;0.238152586405575;0
13.71;-0.351813894140247;0.248322517665139;0
13.72;-0.349285240878349;0.258400532897015;0
13.73;-0.346656231621475;0.268383769083708;0
13.74;-0.34392782692149;0.27826939653932;0
13.75;-0.341101015474213;0.288054619700486;0
13.76;-0.338176813774679;0.297736677905731;0
13.77;-0.335156265764652;0.307312846163021;0
13.78;-0.332040442472522;0.316780435905306;0
13.79;-0.328830441645701;0.326136795733839;0
13.8;-0.32552738737564;0.335379312149088;0
13.81;-0.322132429715591;0.344505410269016;0
13.82;-0.318646744291255;0.353512554534564;0
13.83;-0.315071531904415;0.362398249402124;0
13.84;-0.311408018129722;0.371160040022835;0
13.85;-0.307657452904734;0.379795512908504;0
13.86;-0.303821110113367;0.388302296583995;0
13.87;-0.299900287162874;0.396678062225892;0
13.88;-0.295896304554511;0.404920524287286;0
13.89;-0.291810505448005;0.413027441108513;0
13.9;-0.287644255219993;0.42099661551369;0
13.91;-0.283398941016543;0.428825895392884;0
13.92;-0.279075971299939;0.43651317426978;0
13.93;-0.274676775389834;0.444056391854689;0
13.94;-0.270202802998956;0.45145353458276;0
13.95;-0.265655523763492;0.458702636137265;0
13.96;-0.261036426768302;0.465801777957821;0
13.97;-0.256347020067131;0.472749089733415;0
13.98;-0.251588830197949;0.47954274988013;0
13.99;-0.246763401693588;0.486180986003438;0
14;-0.241872296587825;0.492662075344948;0
14.01;-0.236917093917068;0.498984345213521;0
14.02;-0.231899389217799;0.505146173400621;0
14.03;-0.22682079401994;0.51114598857983;0
14.04;-0.221682935336293;0.516982270690417;0
14.05;-0.216487455148211;0.522653551304886;0
14.06;-0.211236009887676;0.528158413980411;0
14.07;-0.20593026991593;0.533495494594085;0
14.08;-0.200571918998823;0.538663481661911;0
14.09;-0.195162653779052;0.543661116641461;0
14.1;-0.189704183245442;0.54848719421815;0
14.11;-0.18419822819944;0.553140562575063;0
14.12;-0.178646520718986;0.557620123646275;0
14.13;-0.173050803619921;0.561924833353632;0
14.14;-0.167412829915108;0.566053701826932;0
14.15;-0.161734362271421;0.570005793607489;0
14.16;-0.156017172464775;0.573780227835028;0
14.17;-0.150263040833362;0.577376178417895;0
14.18;-0.144473755729262;0.580792874186561;0
14.19;-0.13865111296859;0.584029599030389;0
14.2;-0.132796915280355;0.587085692017675;0
14.21;-0.126912971754192;0.589960547498929;0
14.22;-0.121001097287133;0.592653615193417;0
14.23;-0.115063112029599;0.59516440025895;0
14.24;-0.109100840830755;0.597492463344938;0
14.25;-0.103116112683418;0.599637420628719;0
14.26;-0.0971107601686798;0.601598943835182;0
14.27;-0.0910866189004003;0.603376760239698;0
14.28;-0.085045526969752;0.604970652654403;0
14.29;-0.0789893243899755;0.60638045939785;0
14.3;-0.0729198525415126;0.607606074248084;0
14.31;-0.0668389536176834;0.608647446379156;0
14.32;-0.0607484700710726;0.609504580281161;0
14.33;-0.0546502440607892;0.610177535663817;0
14.34;-0.0485461169007646;0.610666427343664;0
14.35;-0.0424379285092519;0.610971425114935;0
14.36;-0.0363275168596899;0.61109275360417;0
14.37;-0.0302167174330937;0.611030692108644;0
14.38;-0.0241073626721338;0.610785574418684;0
14.39;-0.0180012814370639;0.610357788623954;0
14.4;-0.0119002984636579;0.609747776903802;0
14.41;-0.0058062338233151;0.608956035301748;0
14.42;0.000279097614509182;0.607983113484213;0
14.43;0.00635388671738902;0.606829614483595;0
14.44;0.0124163306223744;0.605496194425782;0
14.45;0.0184646332656431;0.603983562242222;0
14.46;0.0244970059092041;0.602292479366659;0
14.47;0.0305116676645002;0.60042375941665;0
14.48;0.036506846012757;0.598378267859989;0
14.49;0.0424807773219294;0.596156921666158;0
14.5;0.0484317073600954;0.593760688942946;0
14.51;0.0543578918051498;0.591190588558353;0
14.52;0.0602575967506513;0.58844768974794;0
14.53;0.0661290992076782;0.585533111707743;0
14.54;0.0719706876025486;0.58244802317292;0
14.55;0.0777806622702636;0.57919364198227;0
14.56;0.0835573359435326;0.575771234628779;0
14.57;0.0892990342372421;0.572182115796351;0
14.58;0.0950040961282294;0.568427647882902;0
14.59;0.100670874430227;0.564509240509953;0
14.6;0.106297736263845;0.560428350018928;0
14.61;0.111883063521451;0.556186478954298;0
14.62;0.117425253326829;0.551785175533772;0
14.63;0.122922718489484;0.547226033105706;0
14.64;0.128373887953454;0.542510689593913;0
14.65;0.133777207240525;0.537640826930072;0
14.66;0.139131138887711;0.532618170473912;0
14.67;0.144434162878876;0.527444488421382;0
14.68;0.149684777070396;0.522121591200992;0
14.69;0.15488149761072;0.516651330858535;0
14.7;0.160022859353737;0.511035600430393;0
14.71;0.165107416265814;0.505276333305627;0
14.72;0.170133741826419;0.49937550257707;0
14.73;0.175100429422193;0.493335120381637;0
14.74;0.180006092734386;0.487157237230062;0
14.75;0.184849366119542;0.48084394132628;0
14.76;0.189628904983327;0.474397357876688;0
14.77;0.194343386147413;0.467819648389495;0
14.78;0.198991508209304;0.461113009964398;0
14.79;0.203571991895025;0.454279674572805;0
14.8;0.208083580404557;0.44732190832885;0
14.81;0.212525039749962;0.440242010751417;0
14.82;0.216895159086066;0.433042314017428;0
14.83;0.221192751033658;0.425725182206615;0
14.84;0.225416651995083;0.418293010538035;0
14.85;0.229565722462169;0.410748224598561;0
14.86;0.233638847316411;0.403093279563589;0
14.87;0.237634936121315;0.395330659410229;0
14.88;0.241552923406852;0.387462876123198;0
14.89;0.245391768945933;0.379492468893696;0
14.9;0.249150458022843;0.371422003311496;0
14.91;0.252828001693569;0.36325407055051;0
14.92;0.25642343703795;0.354991286548088;0
14.93;0.259935827403601;0.346636291178303;0
14.94;0.263364262641534;0.338191747419483;0
14.95;0.266707859333437;0.329660340516244;0
14.96;0.269965761010546;0.321044777136292;0
14.97;0.273137138364062;0.312347784522257;0
14.98;0.276221189447067;0.303572109638802;0
14.99;0.279217139867891;0.294720518315305;0
15;0.282124242974885;0.285795794384346;0
15.01;0.284941780032558;0.276800738816282;0
15.02;0.287669060389055;0.267738168850177;0
15.03;0.290305421634911;0.258610917121339;0
15.04;0.292850229753084;0.24942183078575;0
15.05;0.295302879260207;0.240173770641643;0
15.06;0.297662793339048;0.230869610248504;0
15.07;0.299929423962151;0.221512235043758;0
15.08;0.302102252006631;0.212104541457414;0
15.09;0.304180787360113;0.20264943602494;0
15.1;0.306164569017782;0.193149834498627;0
15.11;0.308053165170554;0.183608660957723;0
15.12;0.309846173284336;0.174028846917598;0
15.13;0.311543220170374;0.164413330438213;0
15.14;0.313143962046686;0.154765055232153;0
15.15;0.314648084590576;0.145086969772509;0
15.16;0.31605530298222;0.135382026400857;0
15.17;0.317365361939344;0.125653180435614;0
15.18;0.318578035742977;0.115903389281035;0
15.19;0.319693128254306;0.106135611537117;0
15.2;0.320710472922632;0.0963528061106686;0
15.21;0.321629932784441;0.0865579313278226;0
15.22;0.322451400453613;0.0767539440482432;0
15.23;0.323174798102776;0.066943798781297;0
15.24;0.323800077435834;0.0571304468044475;0
15.25;0.32432721965169;0.0473168352841328;0
15.26;0.324756235399192;0.0375059063993874;0
15.27;0.32508716472332;0.0277005964684647;0
15.28;0.325320077002668;0.0179038350787179;0
15.29;0.325455070878226;0.00811854421999306;0
15.3;0.325492274173522;-0.00165236257820978;0
15.31;0.325431843806148;-0.0114059811055575;0
15.32;0.325273965690724;-0.0211394173254346;0
15.33;0.325018854633325;-0.0308497882249761;0
15.34;0.324666754217441;-0.040534222660334;0
15.35;0.324217936681501;-0.0501898621969348;0
15.36;0.323672702788015;-0.0598138619444814;0
15.37;0.323031381684397;-0.069403391386461;0
15.38;0.322294330755515;-0.0789556352039184;0
15.39;0.321461935468028;-0.0884677940932576;0
15.4;0.320534609206577;-0.0979370855778375;0
15.41;0.319512793101889;-0.107360744813128;0
15.42;0.31839695585085;-0.116736025385199;0
15.43;0.317187593528639;-0.126060200102307;0
15.44;0.315885229392965;-0.135330561779368;0
15.45;0.314490413680501;-0.144544424015075;0
15.46;0.313003723395573;-0.153699121961457;0
15.47;0.311425762091193;-0.162792013085654;0
15.48;0.309757159642513;-0.171820477923685;0
15.49;0.307998572012768;-0.18078192082602;0
15.5;0.306150681011814;-0.189673770694718;0
15.51;0.304214194047322;-0.198493481711948;0
15.52;0.302189843868732;-0.207238534059675;0
15.53;0.300078388304049;-0.215906434630317;0
15.54;0.297880609989577;-0.224494717728174;0
15.55;0.295597316092676;-0.233000945761433;0
15.56;0.293229338027644;-0.241422709924564;0
15.57;0.290777531164821;-0.249757630870903;0
15.58;0.288242774533009;-0.258003359375267;0
15.59;0.285625970515313;-0.266157576986381;0
15.6;0.282928044538505;-0.27421799666897;0
15.61;0.280149944756012;-0.28218236343533;0
15.62;0.277292641724638;-0.290048454966207;0
15.63;0.274357128075123;-0.297814082220806;0
15.64;0.271344418176661;-0.305477090035795;0
15.65;0.26825554779546;-0.313035357713104;0
15.66;0.265091573747496;-0.320486799596398;0
15.67;0.261853573545538;-0.327829365636049;0
15.68;0.258542645040582;-0.335061041942461;0
15.69;0.255159906057806;-0.342179851327607;0
15.7;0.251706494027159;-0.349183853834639;0
15.71;0.248183565608713;-0.356071147255416;0
15.72;0.244592296312889;-0.362839867635839;0
15.73;0.240933880115687;-0.36948818976884;0
15.74;0.237209529069047;-0.376014327674917;0
15.75;0.233420472906456;-0.382416535070077;0
15.76;0.229567958643931;-0.388693105821086;0
15.77;0.225653250176512;-0.394842374387886;0
15.78;0.221677627870387;-0.400862716253101;0
15.79;0.217642388150779;-0.40675254833849;0
15.8;0.213548843085731;-0.412510329408277;0
15.81;0.209398319965912;-0.418134560459238;0
15.82;0.205192160880588;-0.423623785097456;0
15.83;0.200931722289882;-0.428976589901664;0
15.84;0.196618374593459;-0.434191604773074;0
15.85;0.19225350169578;-0.439267503271621;0
15.86;0.187838500568055;-0.444203002938545;0
15.87;0.183374780807019;-0.448996865605229;0
15.88;0.178863764190703;-0.453647897688237;0
15.89;0.174306884231297;-0.458154950470471;0
15.9;0.169705585725277;-0.462516920368404;0
15.91;0.165061324300915;-0.466732749185321;0
15.92;0.160375565963326;-0.470801424350518;0
15.93;0.155649786637182;-0.474721979144414;0
15.94;0.150885471707239;-0.478493492909537;0
15.95;0.14608411555682;-0.48211509124733;0
15.96;0.141247221104391;-0.48558594620076;0
15.97;0.136376299338375;-0.488905276422689;0
15.98;0.131472868850352;-0.492072347329982;0
15.99;0.126538455366776;-0.495086471243338;0
16;0.121574591279356;-0.497947007512814;0
16.01;0.116582815174259;-0.500653362629037;0
16.02;0.111564671360246;-0.503204990320101;0
16.03;0.106521709395922;-0.505601391634127;0
16.04;0.101455483616214;-0.507842115007506;0
16.05;0.0963675526582326;-0.509926756318809;0
16.06;0.091259478986662;-0.511854958928397;0
16.07;0.086132828418816;-0.513626413703716;0
16.08;0.0809891696495056;-0.515240859030314;0
16.09;0.0758300737758608;-0.5166980808086;0
16.1;0.0706571138222492;-0.517997912436355;0
16.11;0.065471864265433;-0.519140234777042;0
16.12;0.0602759005601066;-0.520124976113941;0
16.13;0.0550707986649576;-0.520952112090148;0
16.14;0.0498581345693897;-0.52162166563448;0
16.15;0.0446394838210507;-0.522133706873334;0
16.16;0.0394164210543052;-0.522488353028546;0
16.17;0.0341905195197907;-0.522685768301317;0
16.18;0.0289633506151974;-0.522726163742243;0
16.19;0.02373648341741;-0.522609797107537;0
16.2;0.0185114842161491;-0.522336972701489;0
16.21;0.0132899160492498;-0.521908041205248;0
16.22;0.00807333823971321;-0.521323399491998;0
16.23;0.00286330593466808;-0.520583490428597;0
16.24;-0.00233863035362421;-0.519688802663779;0
16.25;-0.00753092520458608;-0.51863987040299;0
16.26;-0.0127120387438288;-0.517437273169961;0
16.27;-0.017880437095214;-0.516081635555097;0
16.28;-0.0230345928303401;-0.514573626950801;0
16.29;-0.0281729854153234;-0.512913961273812;0
16.3;-0.0332941016547448;-0.511103396674681;0
16.31;-0.0383964361326334;-0.509142735234483;0
16.32;-0.0434784916503605;-0.507032822648882;0
16.33;-0.048538779661318;-0.504774547899667;0
16.34;-0.0535758207022553;-0.502368842913878;0
16.35;-0.0585881448211531;-0.499816682210638;0
16.36;-0.0635742920015103;-0.49711908253583;0
16.37;-0.0685328125829228;-0.494277102484746;0
16.38;-0.0734622676778365;-0.491291842112833;0
16.39;-0.0783612295843535;-0.488164442534687;0
16.4;-0.0832282821949762;-0.484896085511422;0
16.41;-0.0880620214011739;-0.481487993026567;0
16.42;-0.0928610554936561;-0.477941426850636;0
16.43;-0.0976240055582424;-0.474257688094517;0
16.44;-0.102349505867216;-0.47043811675184;0
16.45;-0.10703620426605;-0.46648409123047;0
16.46;-0.111682762555406;-0.462397027873295;0
16.47;-0.116287856868283;-0.458178380468463;0
16.48;-0.120850178042236;-0.453829639749241;0
16.49;-0.125368431986529;-0.449352332883652;0
16.5;-0.129841340044159;-0.444748022954074;0
16.51;-0.134267639348614;-0.440018308426964;0
16.52;-0.138646083175295;-0.435164822612884;0
16.53;-0.142975441287491;-0.430189233117021;0
16.54;-0.14725450027682;-0.425093241280355;0
16.55;-0.151482063898037;-0.41987858161169;0
16.56;-0.155656953398124;-0.414547021210709;0
16.57;-0.159778007839568;-0.409100359182255;0
16.58;-0.163844084417748;-0.403540426042027;0
16.59;-0.167854058772339;-0.397869083113874;0
16.6;-0.171806825292648;-0.392088221918897;0
16.61;-0.175701297416808;-0.386199763556548;0
16.62;-0.179536407924752;-0.380205658077923;0
16.63;-0.183311109224877;-0.374107883851455;0
16.64;-0.187024373634337;-0.367908446921212;0
16.65;-0.190675193652884;-0.361609380357996;0
16.66;-0.194262582230194;-0.35521274360346;0
16.67;-0.197785573026592;-0.348720621807446;0
16.68;-0.201243220667135;-0.342135125158754;0
16.69;-0.204634600988961;-0.335458388209562;0
16.7;-0.207958811281862;-0.328692569193691;0
16.71;-0.211214970522013;-0.321839849338959;0
16.72;-0.214402219598791;-0.314902432173811;0
16.73;-0.217519721534648;-0.307882542828462;0
16.74;-0.220566661697957;-0.300782427330765;0
16.75;-0.223542248008806;-0.293604351897024;0
16.76;-0.226445711137674;-0.286350602217977;0
16.77;-0.22927630469694;-0.27902348274016;0
16.78;-0.232033305425195;-0.271625315942898;0
16.79;-0.234716013364303;-0.264158441611119;0
16.8;-0.237323752029162;-0.256625216104238;0
16.81;-0.239855868570156;-0.24902801162133;0
16.82;-0.242311733928221;-0.241369215462811;0
16.83;-0.244690742982533;-0.233651229288868;0
16.84;-0.246992314690751;-0.225876468374858;0
16.85;-0.249215892221813;-0.2180473608639;0
16.86;-0.251360943081235;-0.210166347016901;0
16.87;-0.253426959228911;-0.202235878460234;0
16.88;-0.255413457189369;-0.194258417431306;0
16.89;-0.257319978154484;-0.186236436022239;0
16.9;-0.259146088078613;-0.178172415421896;0
16.91;-0.260891377766146;-0.170068845156484;0
16.92;-0.262555462951458;-0.161928222328966;0
16.93;-0.264137984371253;-0.153753050857505;0
16.94;-0.265638607829282;-0.145545840713175;0
16.95;-0.267057024253441;-0.137309107157166;0
16.96;-0.268392949745241;-0.12904536997772;0
16.97;-0.269646125621643;-0.120757152727015;0
16.98;-0.27081631844926;-0.112446981958235;0
16.99;-0.271903320070944;-0.104117386463052;0
17;-0.272906947624732;-0.0957708965097471;0
17.01;-0.273827043555195;-0.0874100430821969;0
17.02;-0.274663475617168;-0.0790373571199566;0
17.03;-0.275416136871893;-0.0706553687596593;0
17.04;-0.276084945675585;-0.0622666065779612;0
17.05;-0.276669845660425;-0.0538735968362552;0
17.06;-0.277170805708024;-0.0454788627273772;0
17.07;-0.27758781991535;-0.0370849236245259;0
17.08;-0.277920907553162;-0.0286942943326192;0
17.09;-0.278170113016968;-0.0203094843423063;0
17.1;-0.278335505770538;-0.0119329970868552;0
17.11;-0.278417180281994;-0.00356732920213289;0
17.12;-0.27841525595252;0.00478503021010507;0
17.13;-0.278329877037716;0.0131216003154001;0
17.14;-0.278161212561646;0.021439909276038;0
17.15;-0.277909456223594;0.0297374949765459;0
17.16;-0.277574826297596;0.0380119057450279;0
17.17;-0.277157565524778;0.0462607010701302;0
17.18;-0.276657940998533;0.0544814523134288;0
17.19;-0.276076244042608;0.0626717434170336;0
17.2;-0.275412790082136;0.0708291716062057;0
17.21;-0.274667918507653;0.0789513480867842;0
17.22;-0.273841992532182;0.0870358987372252;0
17.23;-0.272935399041408;0.0950804647950516;0
17.24;-0.271948548437022;0.10308270353752;0
17.25;-0.27088187447328;0.11104028895631;0
17.26;-0.269735834086849;0.118950912426041;0
17.27;-0.26851090721999;0.126812283366434;0
17.28;-0.267207596637149;0.134622129897921;0
17.29;-0.265826427735032;0.142378199490528;0
17.3;-0.264367948346205;0.150078259605834;0
17.31;-0.262832728536322;0.157720098331843;0
17.32;-0.261221360395029;0.165301525010575;0
17.33;-0.259534457820626;0.172820370858212;0
17.34;-0.257772656298562;0.18027448957762;0
17.35;-0.255936612673844;0.187661757963073;0
17.36;-0.254027004917426;0.194980076497025;0
17.37;-0.252044531886678;0.202227369938744;0
17.38;-0.24998991307999;0.20940158790467;0
17.39;-0.247863888385629;0.216500705440313;0
17.4;-0.2456672178249;0.223522723583551;0
17.41;-0.243400681289725;0.230465669919171;0
17.42;-0.241065078274706;0.237327599124491;0
17.43;-0.238661227603778;0.244106593505929;0
17.44;-0.236189967151544;0.250800763526369;0
17.45;-0.233652153559361;0.257408248323176;0
17.46;-0.231048661946308;0.263927216216727;0
17.47;-0.228380385615098;0.27035586520932;0
17.48;-0.225648235753051;0.27669242347433;0
17.49;-0.222853141128217;0.282935149835477;0
17.5;-0.219996047780755;0.289082334236085;0
17.51;-0.21707791870966;0.295132298198203;0
17.52;-0.214099733554949;0.301083395271475;0
17.53;-0.211062488275402;0.306934011471637;0
17.54;-0.207967194821967;0.312682565708524;0
17.55;-0.204814880806933;0.318327510203486;0
17.56;-0.201606589168972;0.323867330896101;0
17.57;-0.198343377834173;0.329300547840076;0
17.58;-0.195026319373149;0.334625715588251;0
17.59;-0.191656500654366;0.339841423566587;0
17.6;-0.188235022493758;0.344946296437073;0
17.61;-0.184762999300783;0.349938994449434;0
17.62;-0.181241558720999;0.354818213781571;0
17.63;-0.177671841275296;0.359582686868651;0
17.64;-0.17405499999588;0.364231182720754;0
17.65;-0.170392200059142;0.368762507229019;0
17.66;-0.166684618415508;0.3731755034602;0
17.67;-0.162933443416402;0.377469051939582;0
17.68;-0.15913987443843;0.381642070922169;0
17.69;-0.155305121504907;0.385693516652111;0
17.7;-0.151430404904839;0.389622383610284;0
17.71;-0.147516954809488;0.393427704749992;0
17.72;-0.143566010886629;0.397108551720729;0
17.73;-0.139578821912628;0.400664035079951;0
17.74;-0.135556645382449;0.404093304492831;0
17.75;-0.131500747117725;0.407395548919939;0
17.76;-0.127412400873005;0.410569996792826;0
17.77;-0.123292887940298;0.413615916177471;0
17.78;-0.119143496752036;0.416532614925568;0
17.79;-0.114965522482581;0.419319440813625;0
17.8;-0.110760266648399;0.421975781669861;0
17.81;-0.106529036707015;0.424501065488868;0
17.82;-0.102273145654875;0.426894760534051;0
17.83;-0.0979939116242476;0.429156375427809;0
17.84;-0.0936926574792694;0.431285459229465;0
17.85;-0.0893707104112711;0.433281601500946;0
17.86;-0.0850294015335014;0.435144432360205;0
17.87;-0.0806700654753708;0.436873622522391;0
17.88;-0.0762940399763395;0.438468883328788;0
17.89;-0.0719026654795709;0.439929966763517;0
17.9;-0.0674972847254729;0.441256665458029;0
17.91;-0.063079242345249;0.442448812683409;0
17.92;-0.0586498844545818;0.443506282330509;0
17.93;-0.0542105582475688;0.444428988877936;0
17.94;-0.0497626115910338;0.445216887347932;0
17.95;-0.0453073926193334;0.445869973250177;0
17.96;-0.0408462493297797;0.446388282513548;0
17.97;-0.0363805291787995;0.446771891405884;0
17.98;-0.03191157867895;0.447020916441794;0
17.99;-0.0274407429969092;0.447135514278557;0
18;-0.0229693655525618;0.447115881600175;0
18.01;-0.0184987876192968;0.446962254989619;0
18.02;-0.0140303479256358;0.446674910789338;0
18.03;-0.00956538225830909;0.446254164950089;0
18.04;-0.00510522306689555;0.445700372868156;0
18.05;-0.000651199070142153;0.44501392921102;0
18.06;0.0037953651359212;0.444195267731558;0
18.07;0.00823314946795765;0.443244861070851;0
18.08;0.0126608387432764;0.442163220549665;0
18.09;0.0170771230656499;0.440950895948699;0
18.1;0.0214806982088834;0.439608475277686;0
18.11;0.0258702659980254;0.438136584533424;0
18.12;0.030244534688109;0.436535887446844;0
18.13;0.0346022193403154;0.434807085219194;0
18.14;0.0389420421954497;0.432950916247448;0
18.15;0.0432627330446239;0.430968155839036;0
18.16;0.0475630295970381;0.428859615916004;0
18.17;0.0518416778447575;0.426626144708699;0
18.18;0.0560974324243785;0.424268626439103;0
18.19;0.0603290569754823;0.421787980993922;0
18.2;0.0645353244957743;0.419185163587543;0
18.21;0.0687150176928067;0.41646116441498;0
18.22;0.0728669293321872;0.413617008294936;0
18.23;0.0769898625821732;0.410653754303094;0
18.24;0.0810826313545564;0.407572495395772;0
18.25;0.0851440606417405;0.404374358024069;0
18.26;0.0891729868499178;0.401060501738632;0
18.27;0.0931682581282525;0.397632118785182;0
18.28;0.0971287346939777;0.394090433690933;0
18.29;0.101053289153316;0.390436702842046;0
18.3;0.104940806818136;0.386672214052263;0
18.31;0.108790186018252;0.382798286122849;0
18.32;0.112600338409293;0.378816268394019;0
18.33;0.116370189276037;0.37472754028797;0
18.34;0.120098677831147;0.370533510843679;0
18.35;0.123784757509216;0.366235618243635;0
18.36;0.127427396256042;0.361835329332636;0
18.37;0.131025576813058;0.357334139128827;0
18.38;0.134578296996836;0.352733570327129;0
18.39;0.138084569973596;0.348035172795235;0
18.4;0.141543424528631;0.343240523062314;0
18.41;0.144953905330607;0.338351223800608;0
18.42;0.148315073190622;0.333368903300086;0
18.43;0.151626005316005;0.328295214936317;0
18.44;0.154885795558747;0.323131836631736;0
18.45;0.158093554658524;0.317880470310489;0
18.46;0.161248410480236;0.312542841347005;0
18.47;0.164349508246008;0.307120698008497;0
18.48;0.167396010761588;0.301615810891555;0
18.49;0.17038709863708;0.296029972353015;0
18.5;0.17332197050197;0.290364995935281;0
18.51;0.176199843214373;0.284622715786287;0
18.52;0.179019952064458;0.278804986074276;0
18.53;0.181781550972004;0.272913680397588;0
18.54;0.184483912678022;0.266950691189635;0
18.55;0.187126328930412;0.260917929119248;0
18.56;0.189708110663607;0.254817322486602;0
18.57;0.192228588172145;0.248650816614877;0
18.58;0.194687111278153;0.242420373237876;0
18.59;0.19708304949268;0.236127969883767;0
18.6;0.199415792170853;0.229775599255154;0
18.61;0.201684748660824;0.223365268605663;0
18.62;0.203889348446455;0.216898999113239;0
18.63;0.206029041283736;0.210378825250347;0
18.64;0.208103297330882;0.203806794151265;0
18.65;0.210111607272095;0.197184964976674;0
18.66;0.212053482434961;0.190515408275736;0
18.67;0.21392845490145;0.183800205345849;0
18.68;0.215736077612516;0.177041447590284;0
18.69;0.217475924466255;0.170241235873899;0
18.7;0.219147590409615;0.163401679877118;0
18.71;0.220750691523638;0.156524897448384;0
18.72;0.222284865102224;0.14961301395527;0
18.73;0.223749769724396;0.14266816163446;0
18.74;0.225145085320061;0.135692478940776;0
18.75;0.226470513229264;0.128688109895476;0
18.76;0.227725776254912;0.121657203433984;0
18.77;0.228910618708984;0.114601912753287;0
18.78;0.230024806452206;0.107524394659163;0
18.79;0.231068126927202;0.100426808913453;0
18.8;0.232040389185119;0.0933113175815719;0
18.81;0.232941423905728;0.0861800843804458;0
18.82;0.233771083411006;0.0790352740270774;0
18.83;0.234529241672211;0.0718790515879304;0
18.84;0.235215794310448;0.0647135818293274;0
18.85;0.235830658590752;0.0575410285690548;0
18.86;0.236373773409689;0.0503635540293653;0
18.87;0.236845099276496;0.0431833181915721;0
18.88;0.237244618287771;0.0360024781524223;0
18.89;0.237572334095742;0.0288231874824429;0
18.9;0.237828271870123;0.0216475955864459;0
18.91;0.238012478253585;0.0144778470663804;0
18.92;0.238125021310877;0.00731608108672101;0
18.93;0.238165990471596;0.000164430742575668;0
18.94;0.238135496466668;-0.00697497756930065;0
18.95;0.238033671258542;-0.0141000247764034;0
18.96;0.237860667965144;-0.0212085997531047;0
18.97;0.237616660777616;-0.0282985999398274;0
18.98;0.237301844871887;-0.035367931958587;0
18.99;0.236916436314099;-0.0424145122247236;0
19;0.236460671959935;-0.0494362675546471;0
19.01;0.235934809347888;-0.0564311357694189;0
19.02;0.235339126586517;-0.0633970662939993;0
19.03;0.234673922235725;-0.0703320207519848;0
19.04;0.233939515182117;-0.0772339735556679;0
19.05;0.233136244508471;-0.0841009124912484;0
19.06;0.232264469357386;-0.0909308392990304;0
19.07;0.231324568789151;-0.0977217702484393;0
19.08;0.230316941633882;-0.104471736707695;0
19.09;0.229242006337995;-0.111178785707978;0
19.1;0.228100200805052;-0.117840980501939;0
19.11;0.226891982231062;-0.124456401116371;0
19.12;0.22561782693427;-0.131023144898921;0
19.13;0.22427823017951;-0.137539327058653;0
19.14;0.222873705997184;-0.144003081200344;0
19.15;0.221404786996924;-0.150412559852332;0
19.16;0.219872024176002;-0.156765934987798;0
19.17;0.218275986722564;-0.163061398539313;0
19.18;0.216617261813743;-0.16929716290652;0
19.19;0.214896454408734;-0.175471461456817;0
19.2;0.213114187036882;-0.181582549018879;0
19.21;0.211271099580883;-0.187628702368913;0
19.22;0.209367849055143;-0.193608220709485;0
19.23;0.207405109379389;-0.199519426140815;0
19.24;0.205383571147598;-0.20536066412439;0
19.25;0.203303941392329;-0.211130303938773;0
19.26;0.201166943344531;-0.216826739127506;0
19.27;0.198973316188901;-0.222448387938947;0
19.28;0.196723814814896;-0.227993693757967;0
19.29;0.194419209563447;-0.233461125529354;0
19.3;0.19206028596949;-0.238849178172838;0
19.31;0.189647844500378;-0.244156372989608;0
19.32;0.187182700290272;-0.24938125806023;0
19.33;0.184665682870584;-0.254522408633849;0
19.34;0.182097635896574;-0.259578427508579;0
19.35;0.179479416870184;-0.264547945402982;0
19.36;0.176811896859191;-0.269429621318537;0
19.37;0.174095960212781;-0.274222142893011;0
19.38;0.171332504273632;-0.278924226744636;0
19.39;0.168522439086592;-0.283534618807009;0
19.4;0.165666687104053;-0.288052094654629;0
19.41;0.162766182888115;-0.292475459818984;0
19.42;0.159821872809623;-0.296803550095126;0
19.43;0.156834714744192;-0.301035231838636;0
19.44;0.153805677765297;-0.305169402252923;0
19.45;0.150735741834543;-0.309204989666782;0
19.46;0.147625897489192;-0.313140953802147;0
19.47;0.144477145527067;-0.316976286031965;0
19.48;0.141290496688915;-0.320710009628151;0
19.49;0.138066971338342;-0.324341179999545;0
19.5;0.134807599139406;-0.327868884919831;0
19.51;0.131513418731984;-0.331292244745363;0
19.52;0.128185477404996;-0.334610412622849;0
19.53;0.124824830767613;-0.337822574686845;0
19.54;0.121432542418519;-0.340927950247029;0
19.55;0.11800968361336;-0.3439257919652;0
19.56;0.114557332930463;-0.346815386021982;0
19.57;0.111076575934934;-0.34959605227319;0
19.58;0.107568504841243;-0.352267144395834;0
19.59;0.10403421817439;-0.354828050023734;0
19.6;0.100474820429769;-0.357278190872722;0
19.61;0.0968914217318175;-0.359617022855413;0
19.62;0.093285137491577;-0.361844036185528;0
19.63;0.0896570880632454;-0.363958755471756;0
19.64;0.0860083983998464;-0.365960739801145;0
19.65;0.0823401977081078;-0.367849582812009;0
19.66;0.0786536191026604;-0.369624912756364;0
19.67;0.0749497992596575;-0.371286392551867;0
19.68;0.071229878069924;-0.372833719823285;0
19.69;0.0674949982917367;-0.374266626933485;0
19.7;0.0637463052033428;-0.375584881003955;0
19.71;0.0599849462553194;-0.376788283924877;0
19.72;0.0562120707228796;-0.377876672354754;0
19.73;0.0524288293582296;-0.378849917709619;0
19.74;0.0486363740430797;-0.379707926141843;0
19.75;0.0448358574414151;-0.380450638508564;0
19.76;0.0410284326526277;-0.381078030329774;0
19.77;0.0372152528651142;-0.381590111736081;0
19.78;0.0333974710104435;-0.381986927406186;0
19.79;0.0295762394181937;-0.382268556494116;0
19.8;0.0257527094715647;-0.382435112546245;0
19.81;0.0219280312638653;-0.382486743408147;0
19.82;0.0181033532559774;-0.38242363112133;0
19.83;0.0142798219348984;-0.382245991809894;0
19.84;0.0104585814734624;-0.381954075557171;0
19.85;0.00664077339133954;-0.381548166272391;0
19.86;0.0028275362174134;-0.381028581547449;0
19.87;-0.000979994846364803;-0.380395672503807;0
19.88;-0.00478068825954697;-0.379649823629618;0
19.89;-0.00857341647608635;-0.378791452607128;0
19.9;-0.0123570562754662;-0.377821010130416;0
19.91;-0.0161304890919628;-0.376738979713563;0
19.92;-0.0198926013419471;-0.375545877489304;0
19.93;-0.0236422847491308;-0.374242251998251;0
19.94;-0.0273784366676619;-0.372828683968765;0
19.95;-0.0310999604029777;-0.371305786087554;0
19.96;-0.0348057655303219;-0.369674202761093;0
19.97;-0.0384947682108357;-0.367934609867934;0
19.98;-0.0421658915051303;-0.366087714502019;0
19.99;-0.0458180656842532;-0.364134254707071;0
20;-0.0494502285379583;-0.362074999202164;0
