0;0.376011115924755;0.261890018482935;0
0.01;0.378577123356913;0.250125701505959;0
0.02;0.381025238208065;0.238306625697759;0
0.03;0.383354929248474;0.226436428062574;0
0.04;0.385565701660192;0.21451875467814;0
0.05;0.387657097122805;0.202557259587144;0
0.06;0.389628693888093;0.190555603688199;0
0.07;0.391480106843596;0.178517453626666;0
0.08;0.393210987565094;0.166446480685666;0
0.09;0.394821024357993;0.154346359677596;0
0.1;0.396309942287635;0.142220767836508;0
0.11;0.397677503198533;0.130073383711653;0
0.12;0.398923505722547;0.117907886062536;0
0.13;0.400047785276027;0.105727952755813;0
0.14;0.401050214045923;0.09353725966434;0
0.15;0.401930700964903;0.0813394795687235;0
0.16;0.4026891916755;0.0691382810616775;0
0.17;0.40332566848331;0.0569373274555229;0
0.18;0.403840150299289;0.0447402756931467;0
0.19;0.404232692571168;0.0325507752627417;0
0.2;0.404503387204039;0.0203724671166461;0
0.21;0.404652362470148;0.00820898259460059;0
0.22;0.404679782907939;-0.00393605764826314;0
0.23;0.404585849210403;-0.0160590447083885;0
0.24;0.404370798102781;-0.0281563824954036;0
0.25;0.404034902209678;-0.0402244887880651;0
0.26;0.403578469911634;-0.0522597962842308;0
0.27;0.403001845191242;-0.0642587536445543;0
0.28;0.402305407468837;-0.0762178265296016;0
0.29;0.401489571427861;-0.0881334986300892;0
0.3;0.400554786829953;-0.100002272689947;0
0.31;0.399501538319834;-0.11182067152191;0
0.32;0.398330345220084;-0.123585239015354;0
0.33;0.397041761315864;-0.135292541136071;0
0.34;0.395636374629689;-0.146939166917721;0
0.35;0.394114807186313;-0.158521729444653;0
0.36;0.39247771476784;-0.17003686682584;0
0.37;0.39072578665912;-0.181481243159627;0
0.38;0.388859745383554;-0.192851549489036;0
0.39;0.386880346429384;-0.204144504747353;0
0.4;0.384788377966569;-0.215356856693728;0
0.41;0.382584660554355;-0.226485382838525;0
0.42;0.380270046839639;-0.237526891358166;0
0.43;0.377845421246228;-0.248478221999207;0
0.44;0.375311699655111;-0.2593362469714;0
0.45;0.372669829075851;-0.270097871829487;0
0.46;0.369920787309209;-0.280760036343482;0
0.47;0.367065582601113;-0.291319715357205;0
0.48;0.364105253288109;-0.301773919634823;0
0.49;0.361040867434387;-0.312119696695167;0
0.5;0.357873522460526;-0.322354131633604;0
0.51;0.354604344764079;-0.332474347931226;0
0.52;0.351234489332121;-0.342477508251147;0
0.53;0.347765139345891;-0.352360815221679;0
0.54;0.344197505777671;-0.362121512206191;0
0.55;0.340532826980011;-0.371756884059428;0
0.56;0.336772368267471;-0.381264257870093;0
0.57;0.332917421490987;-0.390641003689495;0
0.58;0.328969304605019;-0.399884535246068;0
0.59;0.324929361227614;-0.408992310645561;0
0.6;0.320798960193542;-0.417961833056732;0
0.61;0.316579495100625;-0.42679065138235;0
0.62;0.31227238384944;-0.435476360915331;0
0.63;0.307879068176516;-0.444016603979854;0
0.64;0.303401013181192;-0.452409070557258;0
0.65;0.298839706846288;-0.460651498896595;0
0.66;0.294196659552735;-0.468741676109652;0
0.67;0.289473403588327;-0.476677438750313;0
0.68;0.284671492650753;-0.484456673378095;0
0.69;0.279792501345064;-0.492077317105737;0
0.7;0.274838024675731;-0.499537358130682;0
0.71;0.269809677533472;-0.506834836250341;0
0.72;0.264709094176989;-0.513967843361002;0
0.73;0.259537927709798;-0.52093452394026;0
0.74;0.254297849552302;-0.527733075512865;0
0.75;0.24899054890929;-0.534361749099854;0
0.76;0.243617732233008;-0.540818849650891;0
0.77;0.238181122681995;-0.547102736459688;0
0.78;0.232682459575834;-0.553211823562422;0
0.79;0.227123497845994;-0.559144580119066;0
0.8;0.221506007482945;-0.564899530777528;0
0.81;0.215831772979699;-0.570475256020542;0
0.82;0.210102592771964;-0.57587039249522;0
0.83;0.204320278675086;-0.581083633325206;0
0.84;0.198486655317937;-0.586113728405355;0
0.85;0.192603559573946;-0.590959484678904;0
0.86;0.18667283998943;-0.595619766397046;0
0.87;0.180696356209413;-0.600093495360895;0
0.88;0.174675978401099;-0.604379651145777;0
0.89;0.16861358667519;-0.608477271307819;0
0.9;0.162511070505213;-0.612385451572799;0
0.91;0.156370328145035;-0.61610334600724;0
0.92;0.150193266044755;-0.619630167171719;0
0.93;0.143981798265138;-0.622965186256374;0
0.94;0.137737845890775;-0.626107733198616;0
0.95;0.131463336442145;-0.62905719678301;0
0.96;0.125160203286758;-0.631813024723364;0
0.97;0.118830385049566;-0.634374723726995;0
0.98;0.112475825022793;-0.636741859541213;0
0.99;0.106098470575403;-0.63891405698202;0
1;0.0997002725623375;-0.64089099994506;0
1.01;0.0932831847337452;-0.642672431398828;0
1.02;0.0868491631443427;-0.644258153360202;0
1.03;0.0804001655631081;-0.645648026852295;0
1.04;0.0739381508834726;-0.646841971844712;0
1.05;0.0674650785341891;-0.647839967176224;0
1.06;0.0609829078910528;-0.648642050459936;0
1.07;0.0544935976896488;-0.649248317971002;0
1.08;0.047999105439301;-0.649658924516941;0
1.09;0.0415013868383954;-0.649874083290633;0
1.1;0.0350023951912517;-0.649894065706073;0
1.11;0.0285040808267142;-0.649719201216942;0
1.12;0.0220083905186346;-0.649349877118104;0
1.13;0.0155172669084152;-0.648786538330098;0
1.14;0.00903264792978473;-0.648029687166729;0
1.15;0.00255646623597326;-0.647079883085855;0
1.16;-0.00390935137054576;-0.64593774242347;0
1.17;-0.010362884505579;-0.6446039381112;0
1.18;-0.0168022197678377;-0.64307919937731;0
1.19;-0.0232254513004983;-0.641364311431361;0
1.2;-0.0296306813495371;-0.639460115132616;0
1.21;-0.0360160208186753;-0.637367506642345;0
1.22;-0.0423795898207756;-0.635087437060141;0
1.23;-0.0487195182255314;-0.632620912044403;0
1.24;-0.0550339462032882;-0.629968991417103;0
1.25;-0.0613210247648444;-0.627132788753012;0
1.26;-0.0675789162970736;-0.624113470953505;0
1.27;-0.0738057950942168;-0.620912257805122;0
1.28;-0.0799998478846922;-0.617530421523033;0
1.29;-0.0861592743532718;-0.613969286279565;0
1.3;-0.0922822876584775;-0.610230227717981;0
1.31;-0.0983671149450481;-0.606314672451642;0
1.32;-0.104411997851334;-0.602224097548775;0
1.33;-0.110415193011476;-0.597960030002986;0
1.34;-0.11637497255222;-0.59352404618972;0
1.35;-0.122289624584246;-0.588917771308861;0
1.36;-0.128157453687847;-0.584142878813644;0
1.37;-0.133976781392846;-0.579201089826089;0
1.38;-0.139745946652605;-0.574094172539152;0
1.39;-0.145463306311994;-0.568823941605786;0
1.4;-0.151127235569196;-0.563392257515137;0
1.41;-0.156736128431214;-0.557801025956061;0
1.42;-0.162288398162958;-0.552052197168191;0
1.43;-0.16778247772979;-0.546147765280767;0
1.44;-0.173216820233395;-0.540089767639438;0
1.45;-0.17858989934088;-0.533880284121279;0
1.46;-0.183900209706956;-0.527521436438219;0
1.47;-0.189146267389115;-0.521015387429146;0
1.48;-0.194326610255669;-0.514364340340879;0
1.49;-0.199439798386558;-0.507570538098284;0
1.5;-0.204484414466805;-0.500636262563731;0
1.51;-0.209459064172518;-0.493563833786168;0
1.52;-0.214362376549343;-0.48635560924003;0
1.53;-0.219193004383255;-0.479013983054235;0
1.54;-0.223949624563599;-0.471541385231531;0
1.55;-0.228630938438278;-0.463940280858411;0
1.56;-0.233235672161006;-0.456213169305888;0
1.57;-0.237762577030518;-0.448362583421358;0
1.58;-0.242210429821673;-0.440391088711812;0
1.59;-0.246578033108334;-0.432301282518673;0
1.6;-0.250864215577978;-0.424095793184501;0
1.61;-0.255067832337923;-0.415777279211838;0
1.62;-0.259187765213115;-0.407348428414461;0
1.63;-0.263222923035398;-0.398811957061304;0
1.64;-0.267172241924182;-0.390170609013321;0
1.65;-0.271034685558457;-0.381427154853569;0
1.66;-0.274809245440077;-0.372584391010763;0
1.67;-0.278494941148244;-0.363645138876603;0
1.68;-0.282090820585148;-0.354612243917126;0
1.69;-0.28559596021269;-0.345488574778373;0
1.7;-0.289009465280238;-0.336277022386643;0
1.71;-0.292330470043358;-0.326980499043615;0
1.72;-0.295558137973483;-0.317601937516618;0
1.73;-0.298691661958457;-0.308144290124331;0
1.74;-0.301732854350591;-0.303789787947622;-2.58985667717503
1.75;-0.304844024892164;-0.320050316042116;-2.58985667717503
1.76;-0.308117247066392;-0.336186959227188;-2.58985667717503
1.77;-0.311551261177431;-0.35219509329202;-2.58985667717503
1.78;-0.315144761495371;-0.368070140495237;-2.58985667717503
1.79;-0.318896396726755;-0.383807570857271;-2.58985667717503
1.8;-0.322804770497954;-0.399402903436183;-2.58985667717503
1.81;-0.326868441851223;-0.41485170758659;-2.58985667717503
1.82;-0.331085925753269;-0.43014960420136;-2.58985667717503
1.83;-0.335455693616154;-0.445292266935711;-2.58985667717503
1.84;-0.339976173830365;-0.460275423413401;-2.58985667717503
1.85;-0.344645752309856;-0.475094856414666;-2.58985667717503
1.86;-0.349462773048895;-0.489746405045575;-2.58985667717503
1.87;-0.35442553869051;-0.504225965888498;-2.58985667717503
1.88;-0.359532311106364;-0.518529494133366;-2.58985667717503
1.89;-0.364781311987847;-0.53265300468942;-2.58985667717503
1.9;-0.370170723448196;-0.546592573277143;-2.58985667717503
1.91;-0.375698688635456;-0.560344337500092;-2.58985667717503
1.92;-0.38136331235605;-0.573904497896331;-2.58985667717503
1.93;-0.387162661708786;-0.587269318969203;-2.58985667717503
1.94;-0.393094766729066;-0.600435130197142;-2.58985667717503
1.95;-0.399157621043108;-0.613398327022285;-2.58985667717503
1.96;-0.405349182531953;-0.626155371817603;-2.58985667717503
1.97;-0.411667374005041;-0.638702794832312;-2.58985667717503
1.98;-0.418110083883151;-0.651037195115306;-2.58985667717503
1.99;-0.424675166890471;-0.663155241416391;-2.58985667717503
2;-0.43136044475558;-0.675053673065063;-2.58985667717503
2.01;-0.438163706921115;-0.686729300826629;-2.58985667717503
2.02;-0.445082711261901;-0.698179007735436;-2.58985667717503
2.03;-0.452115184811303;-0.70939974990501;-2.58985667717503
2.04;-0.459258824495578;-0.720388557314893;-2.58985667717503
2.05;-0.466511297875991;-0.731142534573986;-2.58985667717503
2.06;-0.473870243898457;-0.741658861660211;-2.58985667717503
2.07;-0.481333273650471;-0.751934794636306;-2.58985667717503
2.08;-0.488897971125087;-0.761967666341586;-2.58985667717503
2.09;-0.496561893991715;-0.771754887059496;-2.58985667717503
2.1;-0.504322574373466;-0.781293945160811;-2.58985667717503
2.11;-0.51217751963084;-0.790582407722309;-2.58985667717503
2.12;-0.520124213151472;-0.799617921120802;-2.58985667717503
2.13;-0.52816011514572;-0.808398211602364;-2.58985667717503
2.14;-0.536282663447824;-0.816921085826647;-2.58985667717503
2.15;-0.544489274322399;-0.825184431386154;-2.58985667717503
2.16;-0.552777343276012;-0.833186217300354;-2.58985667717503
2.17;-0.561144245873577;-0.840924494484549;-2.58985667717503
2.18;-0.569587338559333;-0.848397396193375;-2.58985667717503
2.19;-0.578103959482141;-0.855603138438871;-2.58985667717503
2.2;-0.586691429324842;-0.862540020383011;-2.58985667717503
2.21;-0.595347052137431;-0.869206424704641;-2.58985667717503
2.22;-0.604068116173784;-0.875600817940753;-2.58985667717503
2.23;-0.612851894731674;-0.881721750802027;-2.58985667717503
2.24;-0.621695646995844;-0.88756785846261;-2.58985667717503
2.25;-0.63059661888384;-0.893137860824068;-2.58985667717503
2.26;-0.639552043894386;-0.898430562753493;-2.58985667717503
2.27;-0.648559143958011;-0.903444854295726;-2.58985667717503
2.28;-0.657615130289686;-0.908179710859688;-2.58985667717503
2.29;-0.666717204243213;-0.912634193378799;-2.58985667717503
2.3;-0.675862558167092;-0.916807448445482;-2.58985667717503
2.31;-0.685048376261623;-0.920698708419765;-2.58985667717503
2.32;-0.694271835436973;-0.924307291511982;-2.58985667717503
2.33;-0.703530106171961;-0.927632601839595;-2.58985667717503
2.34;-0.712820353373286;-0.930674129458176;-2.58985667717503
2.35;-0.722139737234954;-0.933431450366564;-2.58985667717503
2.36;-0.731485414097638;-0.935904226486259;-2.58985667717503
2.37;-0.74085453730772;-0.938092205615087;-2.58985667717503
2.38;-0.750244258075749;-0.939995221355216;-2.58985667717503
2.39;-0.759651726334066;-0.941613193015556;-2.58985667717503
2.4;-0.769074091593341;-0.942946125488653;-2.58985667717503
2.41;-0.77850850379776;-0.94399410910213;-2.58985667717503
2.42;-0.787952114178615;-0.944757319444774;-2.58985667717503
2.43;-0.797402076106037;-0.945236017167368;-2.58985667717503
2.44;-0.806855545938633;-0.945430547758365;-2.58985667717503
2.45;-0.816309683870755;-0.945341341294513;-2.58985667717503
2.46;-0.825761654777175;-0.944968912166559;-2.58985667717503
2.47;-0.835208629054895;-0.944313858780147;-2.58985667717503
2.48;-0.844647783461859;-0.943376863232043;-2.58985667717503
2.49;-0.854076301952321;-0.942158690961836;-2.58985667717503
2.5;-0.863491376508615;-0.940660190379246;-2.58985667717503
2.51;-0.872890207969085;-0.938882292467211;-2.58985667717503
2.52;-0.882270006851952;-0.936826010360894;-2.58985667717503
2.53;-0.891627994174843;-0.934492438902797;-2.58985667717503
2.54;-0.900961402269784;-0.931882754174142;-2.58985667717503
2.55;-0.910267475593389;-0.928998213002701;-2.58985667717503
2.56;-0.919543471532021;-0.92584015244728;-2.58985667717503
2.57;-0.928786661201703;-0.922409989259022;-2.58985667717503
2.58;-0.937994330242531;-0.918709219319765;-2.58985667717503
2.59;-0.947163779607366;-0.914739417057631;-2.58985667717503
2.6;-0.956292326344589;-0.910502234840078;-2.58985667717503
2.61;-0.965377304374681;-0.90599940234464;-2.58985667717503
2.62;-0.974416065260406;-0.901232725907563;-2.58985667717503
2.63;-0.983405978970391;-0.896204087850585;-2.58985667717503
2.64;-0.99234443463587;-0.890915445786099;-2.58985667717503
2.65;-1.00122884130039;-0.885368831900938;-2.58985667717503
2.66;-1.01005662866224;-0.879566352219036;-2.58985667717503
2.67;-1.01882524780944;-0.873510185843222;-2.58985667717503
2.68;-1.02753217194705;-0.867202584176418;-2.58985667717503
2.69;-1.03617489711657;-0.860645870122492;-2.58985667717503
2.7;-1.04475094290731;-0.85384243726706;-2.58985667717503
2.71;-1.05325785315939;-0.846794749038501;-2.58985667717503
2.72;-1.06169319665839;-0.839505337849489;-2.58985667717503
2.73;-1.07005456782123;-0.831976804219307;-2.58985667717503
2.74;-1.07833958737321;-0.824211815877265;-2.58985667717503
2.75;-1.08654590301599;-0.816213106847509;-2.58985667717503
2.76;-1.09467119008641;-0.807983476515529;-2.58985667717503
2.77;-1.10271315220578;-0.799525788676677;-2.58985667717503
2.78;-1.11066952191965;-0.790842970567018;-2.58985667717503
2.79;-1.11853806132783;-0.781938011876827;-2.58985667717503
2.8;-1.12631656270435;-0.772813963747057;-2.58985667717503
2.81;-1.13400284910746;-0.763473937749115;-2.58985667717503
2.82;-1.14159477497925;-0.753921104848279;-2.58985667717503
2.83;-1.14909022673489;-0.744158694351084;-2.58985667717503
2.84;-1.15648712334121;-0.73418999283704;-2.58985667717503
2.85;-1.16378341688459;-0.724018343075007;-2.58985667717503
2.86;-1.17097709312794;-0.713647142924597;-2.58985667717503
2.87;-1.17806617205657;-0.703079844222948;-2.58985667717503
2.88;-1.18504870841291;-0.692319951657226;-2.58985667717503
2.89;-1.19192279221994;-0.681371021623231;-2.58985667717503
2.9;-1.19868654929302;-0.670236661070456;-2.58985667717503
2.91;-1.20533814174019;-0.658920526333985;-2.58985667717503
2.92;-1.21187576845079;-0.647426321953589;-2.58985667717503
2.93;-1.21829766557205;-0.635757799480401;-2.58985667717503
2.94;-1.22460210697388;-0.623918756271557;-2.58985667717503
2.95;-1.23078740470139;-0.611913034273169;-2.58985667717503
2.96;-1.23685190941529;-0.599744518792029;-2.58985667717503
2.97;-1.24279401081997;-0.587417137256425;-2.58985667717503
2.98;-1.24861213807901;-0.574934857966462;-2.58985667717503
2.99;-1.25430476021833;-0.562301688834273;-2.58985667717503
3;-1.25987038651654;-0.54952167611453;-2.58985667717503
3.01;-1.26530756688265;-0.536598903125635;-2.58985667717503
3.02;-1.27061489222091;-0.523537488962004;-2.58985667717503
3.03;-1.27579099478275;-0.510341587197839;-2.58985667717503
3.04;-1.28083454850571;-0.497015384582787;-2.58985667717503
3.05;-1.28574426933929;-0.483563099729908;-2.58985667717503
3.06;-1.29051891555767;-0.469988981796329;-2.58985667717503
3.07;-1.29515728805918;-0.456297309157027;-2.58985667717503
3.08;-1.29965823065247;-0.442492388072124;-2.58985667717503
3.09;-1.30402063032937;-0.428578551348112;-2.58985667717503
3.1;-1.30824341752429;-0.414560156993427;-2.58985667717503
3.11;-1.31232556636018;-0.400441586868776;-2.58985667717503
3.12;-1.31626609488095;-0.386227245332633;-2.58985667717503
3.13;-1.32006406527034;-0.371921557882324;-2.58985667717503
3.14;-1.3237185840572;-0.3575289697911;-2.58985667717503
3.15;-1.32722880230706;-0.343053944741639;-2.58985667717503
3.16;-1.33059391580009;-0.328500963456365;-2.58985667717503
3.17;-1.33381316519534;-0.313874522325023;-2.58985667717503
3.18;-1.33688583618119;-0.299179132029908;-2.58985667717503
3.19;-1.3398112596121;-0.284419316169179;-2.58985667717503
3.2;-1.34258881163159;-0.269599609878666;-2.58985667717503
3.21;-1.34521791378137;-0.254724558452583;-2.58985667717503
3.22;-1.34769803309673;-0.239798715963572;-2.58985667717503
3.23;-1.35002868218813;-0.224826643882483;-2.58985667717503
3.24;-1.35220941930896;-0.20981290969831;-2.58985667717503
3.25;-1.35423984840949;-0.194762085538699;-2.58985667717503
3.26;-1.35611961917711;-0.179678746791427;-2.58985667717503
3.27;-1.35784842706266;-0.164567470727282;-2.58985667717503
3.28;-1.35942601329313;-0.149432835124741;-2.58985667717503
3.29;-1.36085216487052;-0.134279416896858;-2.58985667717503
3.3;-1.36212671455704;-0.11911179072078;-2.58985667717503
3.31;-1.36324954084657;-0.103934527670273;-2.58985667717503
3.32;-1.3642205679225;-0.0887521938516972;-2.58985667717503
3.33;-1.36503976560194;-0.0735693490437998;-2.58985667717503
3.34;-1.36570714926633;-0.0583905453417505;-2.58985667717503
3.35;-1.36622277977849;-0.0432203258058093;-2.58985667717503
3.36;-1.36658676338627;-0.0280632231150238;-2.58985667717503
3.37;-1.36679925161265;-0.0129237582263532;-2.58985667717503
3.38;-1.36686044113252;0.00219356096038931;-2.58985667717503
3.39;-1.36677057363612;0.0172842409313863;-2.58985667717503
3.4;-1.36652993567924;0.0323438038810689;-2.58985667717503
3.41;-1.3661388585202;0.0473677890273887;-2.58985667717503
3.42;-1.36559771794372;0.0623517539197264;-2.58985667717503
3.43;-1.36490693407175;0.077291275739057;-2.58985667717503
3.44;-1.36406697116135;0.0921819525899963;-2.58985667717503
3.45;-1.36307833738965;0.107019404784354;-2.58985667717503
3.46;-1.36194158462603;0.121799276115825;-2.58985667717503
3.47;-1.36065730819163;0.136517235125448;-2.58985667717503
3.48;-1.35922614660619;0.151168976357478;-2.58985667717503
3.49;-1.3576487813224;0.165750221605297;-2.58985667717503
3.5;-1.35592593644785;0.180256721147017;-2.58985667717503
3.51;-1.35405837845469;0.194684254970432;-2.58985667717503
3.52;-1.35204691587699;0.209028633986937;-2.58985667717503
3.53;-1.34989239899617;0.223285701234115;-2.58985667717503
3.54;-1.34759571951428;0.23745133306661;-2.58985667717503
3.55;-1.34515781021559;0.251521440334974;-2.58985667717503
3.56;-1.34257964461633;0.265491969552142;-2.58985667717503
3.57;-1.33986223660288;0.27935890404722;-2.58985667717503
3.58;-1.33700664005846;0.293118265106248;-2.58985667717503
3.59;-1.33401394847847;0.306766113099624;-2.58985667717503
3.6;-1.33088529457461;0.320298548595877;-2.58985667717503
3.61;-1.32762184986799;0.333711713461477;-2.58985667717503
3.62;-1.3242248242712;0.347001791946371;-2.58985667717503
3.63;-1.32069546565966;0.360165011754953;-2.58985667717503
3.64;-1.31703505943232;0.373197645102163;-2.58985667717503
3.65;-1.31324492806186;0.386096009754432;-2.58985667717503
3.66;-1.30932643063451;0.398856470055183;-2.58985667717503
3.67;-1.30528096237979;0.411475437934608;-2.58985667717503
3.68;-1.30110995419008;0.423949373903437;-2.58985667717503
3.69;-1.29681487213048;0.436274788030451;-2.58985667717503
3.7;-1.29239721693882;0.448448240903448;-2.58985667717503
3.71;-1.28785852351626;0.460466344573417;-2.58985667717503
3.72;-1.28320036040844;0.472325763481664;-2.58985667717503
3.73;-1.27842432927749;0.484023215369639;-2.58985667717503
3.74;-1.27353206436498;0.495555472171222;-2.58985667717503
3.75;-1.26852523194605;0.50691936088723;-2.58985667717503
3.76;-1.26340552977489;0.518111764441917;-2.58985667717503
3.77;-1.25817468652169;0.529129622521233;-2.58985667717503
3.78;-1.25283446120134;0.539969932392634;-2.58985667717503
3.79;-1.24738664259399;0.550629749706217;-2.58985667717503
3.8;-1.24183304865767;0.561106189276981;-2.58985667717503
3.81;-1.23617552593322;0.571396425848003;-2.58985667717503
3.82;-1.23041594894164;0.581497694834347;-2.58985667717503
3.83;-1.22455621957404;0.591407293047497;-2.58985667717503
3.84;-1.21859826647459;0.60112257940015;-2.58985667717503
3.85;-1.21254404441631;0.610640975591177;-2.58985667717503
3.86;-1.20639553367027;0.619959966770584;-2.58985667717503
3.87;-1.20015473936812;0.629077102184319;-2.58985667717503
3.88;-1.1938236908583;0.637989995798747;-2.58985667717503
3.89;-1.18740444105614;0.646696326904658;-2.58985667717503
3.9;-1.18089906578794;0.65519384070065;-2.58985667717503
3.91;-1.17430966312935;0.663480348855758;-2.58985667717503
3.92;-1.16763835273822;0.67155373005119;-2.58985667717503
3.93;-1.16088727518211;0.679411930501037;-2.58985667717503
3.94;-1.15405859126069;0.687052964451857;-2.58985667717503
3.95;-1.14715448132326;0.694474914660996;-2.58985667717503
3.96;-1.14017714458154;0.701675932853555;-2.58985667717503
3.97;-1.13312879841807;0.708654240157897;-2.58985667717503
3.98;-1.12601167769023;0.715408127519602;-2.58985667717503
3.99;-1.11882803403033;0.72193595609378;-2.58985667717503
4;-1.11158013514181;0.728236157615665;-2.58985667717503
4.01;-1.10427026409186;0.734307234749418;-2.58985667717503
4.02;-1.09690071860064;0.740147761415061;-2.58985667717503
4.03;-1.08947381032732;0.745756383093496;-2.58985667717503
4.04;-1.0819918641532;0.75113181710955;-2.58985667717503
4.05;-1.07445721746205;0.756272852892988;-2.58985667717503
4.06;-1.06687221941799;0.761178352217477;-2.58985667717503
4.07;-1.05923923024106;0.76584724941744;-2.58985667717503
4.08;-1.0515606204807;0.770278551582795;-2.58985667717503
4.09;-1.04383877028739;0.774471338731548;-2.58985667717503
4.1;-1.03607606868272;0.778424763960226;-2.58985667717503
4.11;-1.02827491282796;0.782138053572149;-2.58985667717503
4.12;-1.02043770729154;0.785610507183536;-2.58985667717503
4.13;-1.01256686331548;0.788841497807451;-2.58985667717503
4.14;-1.00466479808115;0.791830471915603;-2.58985667717503
4.15;-0.996733933974498;0.794576949478022;-2.58985667717503
4.16;-0.988776697850941;0.797080523980632;-2.58985667717503
4.17;-0.98079552030023;0.799340862420762;-2.58985667717503
4.18;-0.972792834911428;0.801357705280621;-2.58985667717503
4.19;-0.964771077538263;0.803130866478799;-2.58985667717503
4.2;-0.956732685565065;0.80466023329983;-2.58985667717503
4.21;-0.9486800971735;0.80594576630189;-2.58985667717503
4.22;-0.940615750610331;0.806987499202688;-2.58985667717503
4.23;-0.932542083456418;0.807785538743618;-2.58985667717503
4.24;-0.924461531897169;0.808340064532264;-2.58985667717503
4.25;-0.916376529994669;0.808651328863323;-2.58985667717503
4.26;-0.908289508961691;0.808719656518053;-2.58985667717503
4.27;-0.900202896437812;0.808545444542339;-2.58985667717503
4.28;-0.892119115767847;0.808129162003472;-2.58985667717503
4.29;-0.884040585282802;0.80747134972576;-2.58985667717503
4.3;-0.875969717583575;0.806572620005087;-2.58985667717503
4.31;-0.867908918827601;0.805433656302532;-2.58985667717503
4.32;-0.859860588018653;0.804055212917184;-2.58985667717503
4.33;-0.851827116300013;0.802438114638291;-2.58985667717503
4.34;-0.843810886251211;0.800583256376864;-2.58985667717503
4.35;-0.835814271188536;0.798491602776911;-2.58985667717503
4.36;-0.827839634469538;0.796164187806416;-2.58985667717503
4.37;-0.819850490131373;0.809134302253138;0
4.38;-0.811655180544431;0.832185571975187;0
4.39;-0.803230653832819;0.854947767834899;0
4.4;-0.794579829285206;0.87741456344775;0
4.41;-0.785705689008118;0.899579731851496;0
4.42;-0.77661127692406;0.921437147201904;0
4.43;-0.767299697752821;0.942980786435246;0
4.44;-0.757774115976318;0.964204730897131;0
4.45;-0.748037754787295;0.985103167937236;0
4.46;-0.738093895022231;1.00567039246953;0
4.47;-0.727945874078808;1.02590080849755;0
4.48;-0.717597084818277;1.04578893060439;0
4.49;-0.707050974453093;1.06532938540696;0
4.5;-0.696311043420162;1.08451691297415;0
4.51;-0.685380844240074;1.10334636820857;0
4.52;-0.674263980362684;1.12181272219149;0
4.53;-0.662964104999407;1.13991106349065;0
4.54;-0.65148491994261;1.15763659943055;0
4.55;-0.639830174372463;1.17498465732507;0
4.56;-0.628003663651639;1.19195068567185;0
4.57;-0.616009228108243;1.20853025530846;0
4.58;-0.603850751807355;1.22471906052976;0
4.59;-0.591532161311565;1.24051292016644;0
4.6;-0.579057424430911;1.25590777862431;0
4.61;-0.566430548962595;1.2708997068842;0
4.62;-0.553655581420876;1.28548490346216;0
4.63;-0.540736605757546;1.29965969532985;0
4.64;-0.527677742073379;1.31342053879474;0
4.65;-0.514483145320958;1.32676402034013;0
4.66;-0.50115700399929;1.33968685742462;0
4.67;-0.487703538840598;1.35218589924101;0
4.68;-0.47412700148972;1.36425812743437;0
4.69;-0.4604316731765;1.3759006567792;0
4.7;-0.446621863381604;1.38711073581545;0
4.71;-0.432701908496145;1.39788574744348;0
4.72;-0.418676170475565;1.40822320947755;0
4.73;-0.404549035488148;1.41812077515808;0
4.74;-0.390324912558609;1.42757623362235;0
4.75;-0.376008232207163;1.43658751033363;0
4.76;-0.361603445084479;1.44515266746879;0
4.77;-0.347115020602963;1.45326990426419;0
4.78;-0.332547445564751;1.46093755731993;0
4.79;-0.317905222786859;1.46815410086238;0
4.8;-0.303192869723894;1.47491814696502;0
4.81;-0.288414917088741;1.48122844572758;0
4.82;-0.273575907471645;1.48708388541346;0
4.83;-0.258680393958113;1.49248349254555;0
4.84;-0.243732938746039;1.49742643196044;0
4.85;-0.228738111762474;1.50191200682098;0
4.86;-0.213700489280465;1.50593965858751;0
4.87;-0.198624652536354;1.50950896694756;0
4.88;-0.183515186347982;1.51261964970427;0
4.89;-0.168376677734179;1.51527156262362;0
4.9;-0.153213714535982;1.51746469924055;0
4.91;-0.138030884039962;1.51919919062412;0
4.92;-0.122832771604091;1.52047530510185;0
4.93;-0.107623959286553;1.52129344794338;0
4.94;-0.0924090244778859;1.5216541610036;0
4.95;-0.077192538536891;1.52155812232554;0
4.96;-0.0619790654306823;1.52100614570299;0
4.97;-0.046773160379295;1.51999918020331;0
4.98;-0.0315793685052437;1.51853830965039;0
4.99;-0.0164022234884281;1.51662475206818;0
5;-0.00124624622678133;1.51425985908496;0
5.01;0.0138840564969486;1.51144511529852;0
5.02;0.0289841933418949;1.50818213760258;0
5.03;0.0440496897288592;1.50447267447482;0
5.04;0.0590760891528058;1.50031860522652;0
5.05;0.0740589544876819;1.4957219392144;0
5.06;0.0889938692831871;1.49068481501479;0
5.07;0.103876439053116;1.48520949956046;0
5.08;0.118702292554901;1.47929838724052;0
5.09;0.133467083059992;1.47295399896358;0
5.1;0.148166489614703;1.46617898118464;0
5.11;0.162796218291161;1.45897610489607;0
5.12;0.177352003428011;1.45134826458285;0
5.13;0.19182960886051;1.44329847714275;0
5.14;0.206224829139668;1.43482988077155;0
5.15;0.220533490740087;1.42594573381388;0
5.16;0.234751453256146;1.41664941358002;0
5.17;0.248874610586219;1.40694441512901;0
5.18;0.262898892104556;1.39683435001862;0
5.19;0.276820263820529;1.38632294502253;0
5.2;0.2906347295249;1.37541404081518;0
5.21;0.304338331922789;1.36411159062471;0
5.22;0.317927153753038;1.35241965885448;0
5.23;0.331397318893642;1.34034241967371;0
5.24;0.344744993452959;1.32788415557752;0
5.25;0.35796638684637;1.31504925591706;0
5.26;0.371057752858126;1.30184221540008;0
5.27;0.384015390688053;1.28826763256256;0
5.28;0.396835645982854;1.27433020821176;0
5.29;0.409514911851712;1.26003474384138;0
5.3;0.422049629865923;1.24538614001916;0
5.31;0.434436291042278;1.23038939474767;0
5.32;0.446671436809943;1.2150496017986;0
5.33;0.458751659960554;1.19937194902127;0
5.34;0.470673605581291;1.18336171662583;0
5.35;0.482433971970669;1.16702427544173;0
5.36;0.494029511536805;1.15036508515198;0
5.37;0.505457031677923;1.13338969250392;0
5.38;0.516713395644855;1.11610372949678;0
5.39;0.527795523385329;1.098512911547;0
5.4;0.538700392369799;1.08062303563158;0
5.41;0.549425038398619;1.06243997841017;0
5.42;0.559966556390343;1.04396969432658;0
5.43;0.570322101150947;1.02521821369016;0
5.44;0.580488888123784;1.00619164073774;0
5.45;0.590464194120064;0.986896151676838;0
5.46;0.600245358029689;0.967337992710499;0
5.47;0.609829781512256;0.947523478044687;0
5.48;0.619214929668054;0.927458987878639;0
5.49;0.628398331688899;0.907150966378918;0
5.5;0.637377581488625;0.886605919637765;0
5.51;0.646150338313105;0.865830413616403;0
5.52;0.654714327329626;0.844831072073923;0
5.53;0.663067340195503;0.823614574482411;0
5.54;0.671207235605773;0.802187653928951;0
5.55;0.679131939819861;0.780557095005167;0
5.56;0.686839447167085;0.758729731684951;0
5.57;0.694327820530886;0.736712445191032;0
5.58;0.701595191811676;0.71451216185106;0
5.59;0.708639762368205;0.692135850943839;0
5.6;0.715459803437347;0.669590522536396;0
5.61;0.722053656532216;0.646883225312542;0
5.62;0.728419733818532;0.624021044393579;0
5.63;0.734556518469169;0.601011099151841;0
5.64;0.740462564996791;0.577860541017723;0
5.65;0.746136499564555;0.554576551280862;0
5.66;0.751577020274778;0.531166338886157;0
5.67;0.756782897435564;0.507637138225277;0
5.68;0.761752973805314;0.483996206924347;0
5.69;0.766486164815104;0.460250823628464;0
5.7;0.770981458768896;0.43640828578372;0
5.71;0.775237917021561;0.412475907417405;0
5.72;0.779254674134697;0.388461016917055;0
5.73;0.783030938010232;0.364370954809006;0
5.74;0.786565990001823;0.340213071537136;0
5.75;0.789859185004031;0.315994725242446;0
5.76;0.792909951519308;0.29172327954415;0
5.77;0.795717791702806;0.267406101322938;0
5.78;0.798282281385021;0.243050558507071;0
5.79;0.80060307007232;0.218664017861971;0
5.8;0.802679880925383;0.194253842783945;0
5.81;0.804512510715599;0.169827391098731;0
5.82;0.806100829759474;0.145392012865476;0
5.83;0.807444781831105;0.120955048186838;0
5.84;0.808544384052786;0.0965238250258146;0
5.85;0.809399726763812;0.0721056570299801;0
5.86;0.810010973367566;0.0477078413637439;0
5.87;0.810378360156962;0.0233376565492785;0
5.88;0.810502196118341;-0.000997639683253664;0
5.89;0.810382862713913;-0.0252908125355471;0
5.9;0.810020813642849;-0.0495346522704472;0
5.91;0.809416574581127;-0.0737219763300724;0
5.92;0.808570742900252;-0.0978456314421499;0
5.93;0.807483987364963;-0.121898495713951;0
5.94;0.806157047810069;-0.145873480713222;0
5.95;0.804590734796526;-0.16976353353551;0
5.96;0.802785929246905;-0.193561638857282;0
5.97;0.800743582060405;-0.217260820974254;0
5.98;0.798464713707537;-0.240854145824342;0
5.99;0.795950413804664;-0.264334722994643;0
6;0.79320184066853;-0.287695707711898;0
6.01;0.79022022085098;-0.31093030281584;0
6.02;0.787006848654003;-0.334031760714886;0
6.03;0.783563085625321;-0.356993385323606;0
6.04;0.779890360034671;-0.379808533981418;0
6.05;0.775990166330996;-0.402470619351984;0
6.06;0.771864064580729;-0.424973111302742;0
6.07;0.767513679887369;-0.447309538764069;0
6.08;0.762940701792566;-0.469473491567544;0
6.09;0.758146883658909;-0.491458622262794;0
6.1;0.753134042034658;-0.513258647912416;0
6.11;0.747904056000614;-0.534867351864477;0
6.12;0.742458866499372;-0.556278585502098;0
6.13;0.736800475647186;-0.577486269969637;0
6.14;0.730930946028675;-0.598484397874994;0
6.15;0.724852399974615;-0.619267034967565;0
6.16;0.718567018823068;-0.639828321791393;0
6.17;0.712077042164084;-0.660162475313051;0
6.18;0.705384767068249;-0.680263790523824;0
6.19;0.698492547299321;-0.700126642015746;0
6.2;0.691402792511231;-0.719745485531069;0
6.21;0.684117967429701;-0.739114859484738;0
6.22;0.676640591018776;-0.758229386459474;0
6.23;0.668973235632511;-0.777083774673058;0
6.24;0.661118526152126;-0.795672819417413;0
6.25;0.653079139108892;-0.813991404469122;0
6.26;0.644857801793046;-0.832034503470995;0
6.27;0.636457291349016;-0.849797181284319;0
6.28;0.62788043385726;-0.867274595311445;0
6.29;0.619130103403017;-0.884461996788359;0
6.3;0.610209221132262;-0.901354732046906;0
6.31;0.601120754295183;-0.917948243746336;0
6.32;0.591867715277475;-0.934238072073861;0
6.33;0.582453160619777;-0.950219855913911;0
6.34;0.572880190025552;-0.965889333985799;0
6.35;0.563151945357735;-0.981242345949496;0
6.36;0.553271609624471;-0.99627483347926;0
6.37;0.543242405954256;-1.01098284130483;0
6.38;0.53306759656082;-1.02536251821993;0
6.39;0.522750481698071;-1.03941011805789;0
6.4;0.512294398605426;-1.05312200063402;0
6.41;0.501702720443875;-1.0664946326547;0
6.42;0.490978855223105;-1.07952458859276;0
6.43;0.480126244720019;-1.09220855152915;0
6.44;0.469148363388989;-1.10454331396052;0
6.45;0.458048717264196;-1.11652577857269;0
6.46;0.446830842854381;-1.12815295897969;0
6.47;0.435498306030364;-1.13942198042833;0
6.48;0.424054700905672;-1.15033008046806;0
6.49;0.412503648710628;-1.16087460958608;0
6.5;0.400848796660244;-1.17105303180739;0
6.51;0.389093816816271;-1.1808629252599;0
6.52;0.377242404943755;-1.19030198270425;0
6.53;0.365298279362456;-1.19936801202847;0
6.54;0.353265179793479;-1.20805893670718;0
6.55;0.341146866201471;-1.21637279622543;0
6.56;0.328947117632738;-1.22430774646697;0
6.57;0.316669731049647;-1.231862060067;0
6.58;0.304318520161648;-1.23903412672932;0
6.59;0.291897314253295;-1.24582245350784;0
6.6;0.279409957009613;-1.25222566505237;0
6.61;0.266860305339156;-1.25824250381885;0
6.62;0.254252228195137;-1.26387183024382;0
6.63;0.241589605394966;-1.26911262288321;0
6.64;0.228876326438562;-1.27396397851558;0
6.65;0.216116289325794;-1.27842511220965;0
6.66;0.203313399373406;-1.28249535735627;0
6.67;0.190471568031782;-1.28617416566495;0
6.68;0.177594711701905;-1.2894611071248;0
6.69;0.164686750552869;-1.29235586993019;0
6.7;0.151751607340288;-1.29485826037103;0
6.71;0.138793206225966;-1.2969682026879;0
6.72;0.125815471599168;-1.29868573889202;0
6.73;0.112822326899857;-1.30001102855024;0
6.74;0.0998176934442307;-1.30094434853521;0
6.75;0.0868054892529149;-1.30148609274073;0
6.76;0.0737896278821619;-1.30163677176257;0
6.77;0.0607740172583924;-1.30139701254485;0
6.78;0.0477625585164298;-1.30076755799214;0
6.79;0.0347591448417668;-1.29974926654747;0
6.8;0.0217676603172041;-1.29834311173642;0
6.81;0.00879197877420056;-1.2965501816775;0
6.82;-0.00416403735072951;-1.29437167855906;0
6.83;-0.0170965381542384;-1.29180891808285;0
6.84;-0.0300016873986535;-1.28886332887453;0
6.85;-0.0428756636384426;-1.28553645186135;0
6.86;-0.0557146613403102;-1.28182993961726;0
6.87;-0.0685148919965972;-1.27774555567557;0
6.88;-0.0812725852316653;-1.27328517380972;0
6.89;-0.0939839899009431;-1.26845077728205;0
6.9;-0.106645375182319;-1.26324445806112;0
6.91;-0.119253031659568;-1.25766841600787;0
6.92;-0.131803272397496;-1.25172495803065;0
6.93;-0.144292434008503;-1.2454164972098;0
6.94;-0.156716877710248;-1.23874555189181;0
6.95;-0.169072990374127;-1.23171474475347;0
6.96;-0.181357185564254;-1.22432680183643;0
6.97;-0.193565904566656;-1.21658455155236;0
6.98;-0.205695617408394;-1.20849092365918;0
6.99;-0.217742823866308;-1.20004894820864;0
7;-0.229704054465119;-1.19126175446569;0
7.01;-0.241575871464594;-1.18213256979988;0
7.02;-0.253354869835504;-1.17266471854935;0
7.03;-0.265037678224093;-1.16286162085769;0
7.04;-0.276620959904807;-1.15272679148401;0
7.05;-0.288101413720992;-1.14226383858675;0
7.06;-0.299475775013323;-1.1314764624816;0
7.07;-0.310740816535691;-1.1203684543739;0
7.08;-0.321893349358302;-1.10894369506594;0
7.09;-0.332930223757741;-1.09720615363972;0
7.1;-0.343848330093753;-1.0851598861154;0
7.11;-0.354644599672497;-1.07280903408606;0
7.12;-0.365316005596047;-1.06015782332917;0
7.13;-0.375859563597907;-1.04721056239515;0
7.14;-0.3862723328643;-1.03397164117361;0
7.15;-0.396551416841031;-1.0204455294376;0
7.16;-0.406693964025694;-1.0066367753665;0
7.17;-0.416697168745004;-0.992550004047838;0
7.18;-0.42655827191707;-0.978189915958774;0
7.19;-0.436274561798375;-0.96356128542745;0
7.2;-0.4458433747153;-0.948668959074931;0
7.21;-0.455262095779962;-0.933517854238132;0
7.22;-0.464528159590215;-0.918112957374258;0
7.23;-0.473639050913603;-0.902459322447261;0
7.24;-0.482592305355103;-0.886562069296846;0
7.25;-0.491385510008481;-0.870426381990523;0
7.26;-0.500016304091093;-0.854057507159241;0
7.27;-0.508482379561971;-0.837460752317134;0
7.28;-0.51678148172304;-0.820641484165896;0
7.29;-0.524911409803302;-0.803605126884332;0
7.3;-0.532870017525863;-0.786357160403622;0
7.31;-0.540655213657646;-0.768903118668834;0
7.32;-0.548264962541651;-0.751248587887229;0
7.33;-0.555697284611652;-0.733399204763923;0
7.34;-0.562950256889194;-0.715360654725431;0
7.35;-0.570022013462764;-0.697138670131666;0
7.36;-0.576910745949043;-0.678739028476942;0
7.37;-0.583614703936115;-0.660167550580538;0
7.38;-0.590132195408534;-0.641430098767383;0
7.39;-0.596461587154166;-0.622532575039433;0
7.4;-0.602601305152693;-0.603480919238287;0
7.41;-0.60854983494571;-0.584281107199626;0
7.42;-0.614305721988338;-0.564939148900033;0
7.43;-0.619867571982262;-0.54546108659676;0
7.44;-0.625234051190147;-0.525852992961017;0
7.45;-0.630403886731351;-0.506120969205359;0
7.46;-0.635375866858895;-0.486271143205725;0
7.47;-0.640148841217629;-0.46630966761872;0
7.48;-0.644721721083547;-0.446242717994703;0
7.49;-0.649093479584222;-0.426076490887251;0
7.5;-0.653263151900323;-0.405817201959582;0
7.51;-0.657229835448172;-0.385471084088499;0
7.52;-0.660992690043351;-0.365044385466439;0
7.53;-0.664550938045305;-0.344543367702187;0
7.54;-0.667903864482956;-0.323974303920835;0
7.55;-0.671050817161319;-0.303343476863556;0
7.56;-0.673991206749113;-0.282657176987755;0
7.57;-0.676724506847371;-0.261921700568182;0
7.58;-0.679250254039079;-0.241143347799557;0
7.59;-0.681568047919846;-0.220328420901284;0
7.6;-0.683677551109628;-0.199483222224815;0
7.61;-0.685578489245544;-0.178614052364225;0
7.62;-0.687270650955815;-0.157727208270568;0
7.63;-0.688753887814863;-0.136828981370554;0
7.64;-0.69002811427962;-0.115925655690131;0
7.65;-0.691093307607094;-0.0950235059834945;0
7.66;-0.691949507753257;-0.074128795868102;0
7.67;-0.692596817253309;-0.0532477759662289;0
7.68;-0.693035401083385;-0.0323866820536127;0
7.69;-0.69326548650379;-0.01155173321573;0
7.7;-0.693287362883828;0.00925086998775425;0
7.71;-0.693101381508319;0.0300149473498302;0
7.72;-0.692707955365878;0.0507343408337449;0
7.73;-0.692107558919076;0.0714029163808356;0
7.74;-0.69130072785656;0.0920145657080675;0
7.75;-0.690288058827242;0.112563208094756;0
7.76;-0.689070209156686;0.133042792157955;0
7.77;-0.687647896545776;0.153447297616002;0
7.78;-0.686021898751818;0.173770737039708;0
7.79;-0.684193053252178;0.194007157590687;0
7.8;-0.682162256890604;0.214150642746335;0
7.81;-0.679930465506355;0.234195314010952;0
7.82;-0.677498693546283;0.25413533261253;0
7.83;-0.674868013660016;0.273964901184711;0
7.84;-0.67203955627839;0.293678265433447;0
7.85;-0.669014509175282;0.313269715787885;0
7.86;-0.665794117013007;0.332733589035003;0
7.87;-0.662379680871451;0.352064269937547;0
7.88;-0.658772557761088;0.3712561928348;0
7.89;-0.654974160120081;0.390303843225742;0
7.9;-0.650985955295624;0.409201759334154;0
7.91;-0.646809465009723;0.427944533655226;0
7.92;-0.642446264809585;0.446526814483239;0
7.93;-0.637897983502828;0.464943307419892;0
7.94;-0.633166302577693;0.483188776862864;0
7.95;-0.628252955608456;0.501258047474191;0
7.96;-0.623159727646253;0.519146005628047;0
7.97;-0.617888454595522;0.536847600837552;0
7.98;-0.612441022576273;0.554357847160188;0
7.99;-0.606819367272394;0.571671824581458;0
8;-0.60102547326623;0.588784680376408;0
8.01;-0.595061373359645;0.605691630448626;0
8.02;-0.588929147881789;0.622387960646381;0
8.03;-0.582630923983819;0.638869028055528;0
8.04;-0.576168874920789;0.655130262268832;0
8.05;-0.569545219320957;0.671167166631383;0
8.06;-0.562762220442748;0.686975319461759;0
8.07;-0.555822185419613;0.702550375248617;0
8.08;-0.548727464493033;0.717888065822396;0
8.09;-0.541480450233923;0.732984201501816;0
8.1;-0.534083576752685;0.747834672214888;0
8.11;-0.526539318898163;0.762435448594128;0
8.12;-0.518850191445763;0.776782583045696;0
8.13;-0.511018748275009;0.790872210792188;0
8.14;-0.503047581536775;0.804700550888813;0
8.15;-0.494939320810494;0.818263907212681;0
8.16;-0.486696632251579;0.831558669424986;0
8.17;-0.478322217729357;0.844581313905798;0
8.18;-0.469818813955773;0.857328404661269;0
8.19;-0.461189191605151;0.869796594203008;0
8.2;-0.452436154425284;0.881982624399413;0
8.21;-0.443562538340138;0.893883327298754;0
8.22;-0.434571210544457;0.905495625923813;0
8.23;-0.425465068590541;0.916816535037886;0
8.24;-0.416247039467508;0.927843161881961;0
8.25;-0.406920078673299;0.938572706882922;0
8.26;-0.397487169279743;0.949002464332591;0
8.27;-0.387951320990958;0.959129823037469;0
8.28;-0.378315569195391;0.96895226693903;0
8.29;-0.368582974011783;0.978467375704431;0
8.3;-0.358756619329361;0.987672825287511;0
8.31;-0.348839611842565;0.996566388459961;0
8.32;-0.338835080080577;1.00514593531257;0
8.33;-0.328746173431995;1.01340943372641;0
8.34;-0.318576061164916;1.02135494981393;0
8.35;-0.308327931442749;1.02898064832985;0
8.36;-0.298004990336052;1.03628479305171;0
8.37;-0.287610460830709;1.04326574713018;0
8.38;-0.277147581832728;1.04992197340891;0
8.39;-0.266619607169984;1.05625203471399;0
8.4;-0.25602980459121;1.0622545941129;0
8.41;-0.245381454762522;1.06792841514299;0
8.42;-0.234677850261811;1.07327236200946;0
8.43;-0.22392229457128;1.0782853997528;0
8.44;-0.213118101068454;1.08296659438575;0
8.45;-0.202268592015952;1.08731511299969;0
8.46;-0.191377097550332;1.09133022384065;0
8.47;-0.180446954670318;1.09501129635475;0
8.48;-0.169481506224702;1.09835780120335;0
8.49;-0.158484099900241;1.10136931024769;0
8.5;-0.147458087209832;1.10404549650338;0
8.51;-0.136406822481288;1.10638613406451;0
8.52;-0.125333661847007;1.10839109799769;0
8.53;-0.11424196223483;1.11006036420591;0
8.54;-0.103135080360404;1.11139400926252;0
8.55;-0.0920163717213329;1.11239221021519;0
8.56;-0.0808891895934268;1.11305524436023;0
8.57;-0.069756884029341;1.11338348898709;0
8.58;-0.0586228008599015;1.1133774210935;0
8.59;-0.0474902806984133;1.11303761707105;0
8.6;-0.0363626579482438;1.11236475236159;0
8.61;-0.0252432598139733;1.11135960108457;0
8.62;-0.0141354053164025;1.11002303563537;0
8.63;-0.00304240431170703;1.10835602625486;0
8.64;0.00803244348497634;1.10635964057043;0
8.65;0.0190858494712443;1.10403504310859;0
8.66;0.0301145371241214;1.10138349477931;0
8.67;0.041115242961471;1.09840635233244;0
8.68;0.052084717497846;1.09510506778627;0
8.69;0.0630197261945004;1.09148118782856;0
8.7;0.0739170504032874;1.08753635319015;0
8.71;0.0847734883041725;1.08327229799157;0
8.72;0.0955858558360907;1.07869084906267;0
8.73;0.10635098762088;1.07379392523567;0
8.74;0.117065737880029;1.06858353661188;0
8.75;0.127726981343967;1.06306178380225;0
8.76;0.138331614153653;1.05723085714218;0
8.77;0.148876554754192;1.0510930358807;0
8.78;0.159358744780225;1.04465068734442;0
8.79;0.169775149932858;1.03790626607657;0
8.8;0.180122760847858;1.03086231295129;0
8.81;0.190398593954886;1.02352145426362;0
8.82;0.200599692327528;1.0158864007954;0
8.83;0.210723126523866;1.00795994685754;0
8.84;0.220765995417378;0.999744969308768;0
8.85;0.230725427017911;0.991244426551435;0
8.86;0.240598579282519;0.98246135750454;0
8.87;0.250382640915922;0.973398880554404;0
8.88;0.26007483216038;0.964060192483322;0
8.89;0.269672405574748;0.954448567376558;0
8.9;0.279172646802511;0.944567355508043;0
8.91;0.288572875328581;0.934419982205155;0
8.92;0.297870445224641;0.924009946692948;0
8.93;0.307062745882855;0.913340820918215;0
8.94;0.316147202737714;0.90241624835378;0
8.95;0.325121277975848;0.891239942783394;0
8.96;0.333982471233596;0.87981568706765;0
8.97;0.342728320282152;0.868147331891312;0
8.98;0.351356401700103;0.856238794492462;0
8.99;0.35986433153318;0.844094057373885;0
9;0.36824976594104;0.831717166997105;0
9.01;0.376510401830915;0.819112232459489;0
9.02;0.384643977477955;0.806283424154854;0
9.03;0.392648273132108;0.793234972417996;0
9.04;0.400521111611373;0.77997116615359;0
9.05;0.408260358881271;0.766496351449878;0
9.06;0.415863924620388;0.752814930177605;0
9.07;0.423329762771844;0.738931358574644;0
9.08;0.430655872080542;0.724850145816748;0
9.09;0.437840296616067;0.710575852574897;0
9.1;0.444881126281098;0.696113089559686;0
9.11;0.451776497305209;0.681466516053215;0
9.12;0.45852459272393;0.666640838428938;0
9.13;0.465123642842961;0.651640808659949;0
9.14;0.471571925687412;0.636471222816157;0
9.15;0.477867767435971;0.621136919550821;0
9.16;0.484009542839887;0.60564277857693;0
9.17;0.489995675626679;0.589993719133892;0
9.18;0.49582463888846;0.574194698445002;0
9.19;0.50149495545481;0.558250710166183;0
9.2;0.507005198250084;0.542166782826474;0
9.21;0.512353990635103;0.525947978260731;0
9.22;0.517540006733126;0.509599390035057;0
9.23;0.522561971740055;0.493126141865409;0
9.24;0.527418662218796;0.476533386029899;0
9.25;0.53210890637771;0.45982630177525;0
9.26;0.536631584333111;0.443010093717916;0
9.27;0.540985628355747;0.426089990240342;0
9.28;0.545170023101233;0.409071241882853;0
9.29;0.549183805824372;0.391959119731667;0
9.3;0.553026066577353;0.374758913803524;0
9.31;0.556695948391772;0.357475931427409;0
9.32;0.560192647444466;0.340115495623873;0
9.33;0.563515413207125;0.32268294348243;0
9.34;0.566663548579679;0.305183624537533;0
9.35;0.569636410007432;0.287622899143601;0
9.36;0.572433407581949;0.270006136849605;0
9.37;0.575054005125687;0.252338714773686;0
9.38;0.577497720260374;0.234626015978296;0
9.39;0.579764124459144;0.216873427846354;0
9.4;0.581852843082437;0.199086340458898;0
9.41;0.583763555397693;0.181270144974712;0
9.42;0.585495994582839;0.163430232012417;0
9.43;0.587049947713625;0.145571990035507;0
9.44;0.588425255734811;0.127700803740802;0
9.45;0.589621813415265;0.109822052450806;0
9.46;0.590639569287004;0.0919411085104309;0
9.47;0.591478525568218;0.0740633356885753;0
9.48;0.592138738070335;0.0561940875850162;0
9.49;0.592620316089186;0.0383387060430894;0
9.5;0.592923422280317;0.0205025195686208;0
9.51;0.593048272518526;0.00269084175557434;0
9.52;0.592995135741683;-0.0150910302811255;0
9.53;0.59276433377892;-0.0328378174651371;0
9.54;0.59235624116325;-0.0505442603101581;0
9.55;0.591771284928722;-0.0682051204628425;0
9.56;0.59100994439218;-0.0858151822367316;0
9.57;0.590072750919723;-0.103369254136754;0
9.58;0.58896028767797;-0.120862170373853;0
9.59;0.587673189370221;-0.138288792369307;0
9.6;0.586212141957623;-0.155644010248306;0
9.61;0.584577882365452;-0.172922744322357;0
9.62;0.582771198174617;-0.190119946560096;0
9.63;0.580792927298522;-0.207230602046077;0
9.64;0.578643957645381;-0.224249730427134;0
9.65;0.576325226766134;-0.241172387345887;0
9.66;0.573837721488092;-0.257993665861008;0
9.67;0.57118247753443;-0.274708697853816;0
9.68;0.568360579129686;-0.291312655420826;0
9.69;0.565373158591392;-0.307800752251846;0
9.7;0.562221395907997;-0.324168244993239;0
9.71;0.558906518303222;-0.340410434595967;0
9.72;0.555429799787003;-0.35652266764803;0
9.73;0.551792560693184;-0.372500337690948;0
9.74;0.547996167204122;-0.388338886519887;0
9.75;0.544042030862353;-0.404033805467109;0
9.76;0.539931608069515;-0.419580636668343;0
9.77;0.535666399572674;-0.434974974311771;0
9.78;0.531247949938248;-0.450212465869248;0
9.79;0.526677847013692;-0.46528881330945;0
9.8;0.521957721377141;-0.480199774292581;0
9.81;0.517089245775189;-0.494941163346354;0
9.82;0.512074134548985;-0.509508853022884;0
9.83;0.506914143048862;-0.523898775036219;0
9.84;0.501611067037667;-0.538106921380163;0
9.85;0.496166742083005;-0.552129345426122;0
9.86;0.490583042938603;-0.565962163000657;0
9.87;0.484861882914978;-0.579601553442467;0
9.88;0.47900521323964;-0.593043760638518;0
9.89;0.473015022407024;-0.606285094039035;0
9.9;0.466893335518367;-0.619321929651105;0
9.91;0.460642213611748;-0.632150711010619;0
9.92;0.454263752982508;-0.644767950132297;0
9.93;0.447760084494266;-0.657170228437554;0
9.94;0.44113337288076;-0.669354197659974;0
9.95;0.434385816038735;-0.681316580728137;0
9.96;0.427519644312101;-0.693054172625602;0
9.97;0.420537119767599;-0.7045638412278;0
9.98;0.413440535462207;-0.715842528115647;0
9.99;0.406232214702501;-0.726887249365661;0
10;0.398914510296237;-0.737695096316391;0
10.01;0.391489803796367;-0.748263236310969;0
10.02;0.383960504737743;-0.758588913415601;0
10.03;0.376329049866737;-0.768669449113827;0
10.04;0.368597902364036;-0.778502242976375;0
10.05;0.360769551060847;-0.788084773306468;0
10.06;0.352846509648756;-0.797414597760409;0
10.07;0.3448313158835;-0.806489353943317;0
10.08;0.336726530782885;-0.815306759979878;0
10.09;0.328534737819118;-0.823864615059971;0
10.1;0.320258542105788;-0.832160799959061;0
10.11;0.31190056957977;-0.84019327753324;0
10.12;0.303463466178273;-0.847960093188813;0
10.13;0.294949897011328;-0.855459375326332;0
10.14;0.286362545529938;-0.862689335758985;0
10.15;0.277704112690163;-0.869648270105268;0
10.16;0.268977316113396;-0.876334558155859;0
10.17;0.260184889243082;-0.882746664214623;0
10.18;0.251329580498152;-0.888883137413709;0
10.19;0.242414152423414;-0.894742612002666;0
10.2;0.233441380837176;-0.900323807611556;0
10.21;0.224414053976348;-0.905625529488015;0
10.22;0.2153349716393;-0.910646668708247;0
10.23;0.206206944326723;-0.91538620236192;0
10.24;0.197032792380754;-0.919843193710971;0
10.25;0.187815345122637;-0.924016792322298;0
10.26;0.178557439989174;-0.927906234174356;0
10.27;0.169261921668222;-0.931510841737671;0
10.28;0.159931641233508;-0.934830024029281;0
10.29;0.150569455279015;-0.937863276641148;0
10.3;0.141178225053199;-0.940610181742564;0
10.31;0.131760815593301;-0.943070408056604;0
10.32;0.122320094860011;-0.945243710810669;0
10.33;0.11285893287274;-0.947129931661191;0
10.34;0.103380200845766;-0.948728998592553;0
10.35;0.0938867703255028;-0.950040925790308;0
10.36;0.0843815123291529;-0.951065813488774;0
10.37;0.0748672964849993;-0.9518038477931;0
10.38;0.0653469901745917;-0.952255300475893;0
10.39;0.0558234576770804;-0.952420528748523;0
10.4;0.0462995593159502;-0.952299975007197;0
10.41;0.0367781506084074;-0.951894166553945;0
10.42;0.0272620814176682;-0.951203715292632;0
10.43;0.0177541951084007;-0.950229317400129;0
10.44;0.00825732770556434;-0.948971752972788;0
10.45;-0.00122569294310302;-0.947431885648373;0
10.46;-0.0106920480007086;-0.945610662203593;0
10.47;-0.0201389284706937;-0.94350911212741;0
10.48;-0.0295635360219479;-0.94112834717028;0
10.49;-0.0389630838093074;-0.93846956086952;0
10.5;-0.0483347972892009;-0.93553402805096;0
10.51;-0.0576759150302054;-0.932323104307099;0
10.52;-0.0669836895182793;-0.928838225451939;0
10.53;-0.0762553879564384;-0.925080906952709;0
10.54;-0.0854882930586475;-0.92105274333869;0
10.55;-0.0946797038376967;-0.916755407587362;0
10.56;-0.103826936386838;-0.912190650488076;0
10.57;-0.112927324654961;-0.907360299983511;0
10.58;-0.121978221215078;-0.902266260489126;0
10.59;-0.130976998025912;-0.896910512190857;0
10.6;-0.139921047186362;-0.891295110321315;0
10.61;-0.148807781682634;-0.885422184414728;0
10.62;-0.157634636127824;-0.879293937540888;0
10.63;-0.166399067493757;-0.872912645518374;0
10.64;-0.175098555834854;-0.866280656107327;0
10.65;-0.183730605003839;-0.859400388182031;0
10.66;-0.192292743359091;-0.852274330883616;0
10.67;-0.20078252446342;-0.844905042753144;0
10.68;-0.2091975277741;-0.837295150845381;0
10.69;-0.217535359323944;-0.829447349823563;0
10.7;-0.225793652393246;-0.82136440103544;0
10.71;-0.233970068172404;-0.813049131570929;0
10.72;-0.242062296415034;-0.804504433301672;0
10.73;-0.250068056081396;-0.795733261902831;0
10.74;-0.257985095971966;-0.786738635857435;0
10.75;-0.265811195350972;-0.777523635443613;0
10.76;-0.273544164559724;-0.768091401705041;0
10.77;-0.281181845619575;-0.758445135404947;0
10.78;-0.288722112824353;-0.748588095964012;0
10.79;-0.296162873322097;-0.738523600382507;0
10.8;-0.303502067685945;-0.728255022147033;0
10.81;-0.310737670474021;-0.717785790122197;0
10.82;-0.317867690778176;-0.707119387427598;0
10.83;-0.324890172761432;-0.696259350300483;0
10.84;-0.331803196183986;-0.685209266944427;0
10.85;-0.338604876917643;-0.673972776364418;0
10.86;-0.345293367448542;-0.66255356718872;0
10.87;-0.351866857368036;-0.650955376477879;0
10.88;-0.358323573851611;-0.639181988521262;0
10.89;-0.364661782125716;-0.627237233621506;0
10.9;-0.370879785922377;-0.615124986867261;0
10.91;-0.376975927921501;-0.602849166894622;0
10.92;-0.382948590180729;-0.590413734637633;0
10.93;-0.388796194552757;-0.577822692068255;0
10.94;-0.394517203090008;-0.565080080926209;0
10.95;-0.400110118436558;-0.552189981439069;0
10.96;-0.405573484207219;-0.539156511033025;0
10.97;-0.410905885353691;-0.52598382303471;0
10.98;-0.416105948517695;-0.512676105364495;0
10.99;-0.421172342370998;-0.499237579221662;0
11;-0.426103777942257;-0.485672497761855;0
11.01;-0.430899008930606;-0.471985144767238;0
11.02;-0.435556832005911;-0.458179833309741;0
11.03;-0.440076087095624;-0.444260904407838;0
11.04;-0.444455657658188;-0.430232725677247;0
11.05;-0.448694470942912;-0.416099689975981;0
11.06;-0.452791498236281;-0.401866214044159;0
11.07;-0.456745755094633;-0.387536737138997;0
11.08;-0.460556301563176;-0.373115719665395;0
11.09;-0.464222242381286;-0.358607641802535;0
11.1;-0.467742727174056;-0.344017002126919;0
11.11;-0.47111695063006;-0.329348316232252;0
11.12;-0.474344152665308;-0.3146061153466;0
11.13;-0.477423618573352;-0.299794944947233;0
11.14;-0.480354679161546;-0.284919363373588;0
11.15;-0.483136710873412;-0.269983940438746;0
11.16;-0.48576913589713;-0.254993256039866;0
11.17;-0.488251422260119;-0.239951898767981;0
11.18;-0.490583083909723;-0.224864464517581;0
11.19;-0.492763680779988;-0.209735555096388;0
11.2;-0.494792818844536;-0.194569776835758;0
11.21;-0.496670150155559;-0.179371739202104;0
11.22;-0.49839537286892;-0.16414605340978;0
11.23;-0.499968231255401;-0.148897331035811;0
11.24;-0.501388515698102;-0.133630182636902;0
11.25;-0.502656062676026;-0.118349216369132;0
11.26;-0.50377075473387;-0.103059036610732;0
11.27;-0.504732520438062;-0.0877642425883712;0
11.28;-0.505541334319083;-0.0724694270073436;0
11.29;-0.506197216800095;-0.0571791746860629;0
11.3;-0.506700234111956;-0.0418980611952713;0
11.31;-0.507050498194627;-0.0266306515023576;0
11.32;-0.507248166585068;-0.0113814986211841;0
11.33;-0.507293442291642;0.00384485773218296;0
11.34;-0.507186573655113;0.0190438924774464;0
11.35;-0.506927854196292;0.0342110965013643;0
11.36;-0.5065176224504;0.0493419779819619;0
11.37;-0.505956261788227;0.0644320637052843;0
11.38;-0.505244200224151;0.0794769003743085;0
11.39;-0.504381910211111;0.0944720559096348;0
11.4;-0.503369908422609;0.109413120741583;0
11.41;-0.50220875552183;0.124295709093322;0
11.42;-0.500899055917976;0.139115460254657;0
11.43;-0.499441457509899;0.153868039846121;0
11.44;-0.497836651417147;0.168549141072992;0
11.45;-0.496085371698508;0.183154485968895;0
11.46;-0.494188395058171;0.197679826628619;0
11.47;-0.492146540539608;0.212120946429807;0
11.48;-0.489960669207289;0.226473661243165;0
11.49;-0.487631683816348;0.240733820630858;0
11.5;-0.485160528470325;0.254897309032739;0
11.51;-0.482548188267088;0.268960046940092;0
11.52;-0.479795688933093;0.282917992056541;0
11.53;-0.47690409644608;0.296767140445822;0
11.54;-0.473874516646355;0.310503527666073;0
11.55;-0.470708094836795;0.324123229890338;0
11.56;-0.46740601537171;0.337622365012976;0
11.57;-0.463969501234697;0.350997093741651;0
11.58;-0.460399813605656;0.364243620674624;0
11.59;-0.456698251417082;0.377358195363032;0
11.6;-0.452866150899821;0.390337113357858;0
11.61;-0.448904885118409;0.403176717241328;0
11.62;-0.444815863496184;0.415873397642423;0
11.63;-0.440600531330302;0.428423594236253;0
11.64;-0.436260369296842;0.440823796727006;0
11.65;-0.431796892946153;0.453070545814214;0
11.66;-0.427211652188611;0.465160434142069;0
11.67;-0.422506230770971;0.47709010723154;0
11.68;-0.41768224574346;0.48885626439503;0
11.69;-0.412741346917818;0.500455659633351;0
11.7;-0.407685216316441;0.511885102514746;0
11.71;-0.402515567612816;0.52314145903576;0
11.72;-0.397234145563436;0.534221652463702;0
11.73;-0.391842725431367;0.545122664160504;0
11.74;-0.386343112401661;0.55584153438774;0
11.75;-0.380737140988811;0.566375363092612;0
11.76;-0.375026674436429;0.576721310674691;0
11.77;-0.369213604109337;0.586876598733219;0
11.78;-0.363299848878287;0.596838510794779;0
11.79;-0.357287354497482;0.606604393021161;0
11.8;-0.35117809297511;0.616171654897221;0
11.81;-0.344974061937099;0.625537769898588;0
11.82;-0.33867728398427;0.634700276139035;0
11.83;-0.332289806043126;0.643656776997365;0
11.84;-0.32581369871045;0.652404941723655;0
11.85;-0.319251055591945;0.66094250602471;0
11.86;-0.312603992635107;0.669267272628592;0
11.87;-0.305874647456551;0.677377111828088;0
11.88;-0.299065178663991;0.685269962002991;0
11.89;-0.292177765173106;0.692943830121073;0
11.9;-0.285214605519478;0.700396792217638;0
11.91;-0.27817791716584;0.707626993853545;0
11.92;-0.271069935804838;0.714632650551604;0
11.93;-0.263892914657531;0.721412048211253;0
11.94;-0.256649123767832;0.72796354350142;0
11.95;-0.249340849293133;0.734285564231501;0
11.96;-0.241970392791307;0.740376609700374;0
11.97;-0.234540070504324;0.746235251023383;0
11.98;-0.227052212638698;0.751860131437232;0
11.99;-0.219509162642982;0.757249966582735;0
12;-0.211913276482533;0.76240354476538;0
12.01;-0.20426692191178;0.767319727193659;0
12.02;-0.196572477744199;0.771997448195138;0
12.03;-0.188832333120233;0.776435715410233;0
12.04;-0.181048886773375;0.780633609963683;0
12.05;-0.173224546294632;0.784590286613696;0
12.06;-0.165361727395603;0.788304973878764;0
12.07;-0.15746285317039;0.791776974142161;0
12.08;-0.149530353356558;0.795005663734104;0
12.09;-0.141566663595378;0.797990492991619;0
12.1;-0.133574224691575;0.800730986296113;0
12.11;-0.125555481872795;0.803226742088688;0
12.12;-0.117512884049018;0.805477432863229;0
12.13;-0.109448883072148;0.807482805137304;0
12.14;-0.101365932995985;0.809242679400927;0
12.15;-0.0932664893368123;0.810756950043235;0
12.16;-0.0851530083348189;0.812025585257133;0
12.17;-0.0770279462165686;0.81304862692199;0
12.18;-0.0688937584587454;0.81382619046444;0
12.19;-0.0607528990533869;0.814358464697375;0
12.2;-0.0526078197748262;0.814645711637228;0
12.21;-0.0444609694485583;0.814688266299608;0
12.22;-0.036314793222247;0.814486536473424;0
12.23;-0.0281717318390873;0.814041002473562;0
12.24;-0.0200342209137369;0.813352216872269;0
12.25;-0.0119046902110292;0.812420804209318;0
12.26;-0.00378556292767996;0.811247460681112;0
12.27;0.00432074502280296;0.809832953808836;0
12.28;0.0124118257217976;0.808178122085802;0
12.29;0.0204852799536264;0.806283874604122;0
12.3;0.0285387179097882;0.804151190660865;0
12.31;0.0365697598891613;0.801781119343842;0
12.32;0.0445760369939721;0.799174779097183;0
12.33;0.0525551918213298;0.796333357266871;0
12.34;0.0605048791501267;0.793258109626406;0
12.35;0.0684227666231064;0.789950359882764;0
12.36;0.0763065354239038;0.786411499162853;0
12.37;0.0841538809488619;0.782642985480632;0
12.38;0.0919625134734345;0.778646343185098;0
12.39;0.0997301588129823;0.774423162389341;0
12.4;0.107454558977776;0.769975098380866;0
12.41;0.115133472822019;0.765303871013385;0
12.42;0.122764676686704;0.760411264080307;0
12.43;0.130345965036126;0.755299124670137;0
12.44;0.137875151087864;0.749969362504008;0
12.45;0.145350067436066;0.744423949255577;0
12.46;0.152768566667844;0.73866491785352;0
12.47;0.160128521972625;0.73269436176686;0
12.48;0.167427827744277;0.726514434273385;0
12.49;0.174664400175844;0.720127347711382;0
12.5;0.181836177846718;0.713535372714966;0
12.51;0.188941122302103;0.706740837433237;0
12.52;0.195977218624589;0.699746126733548;0
12.53;0.202942475997692;0.692553681389135;0
12.54;0.209834928261204;0.685165997251382;0
12.55;0.216652634458187;0.677585624407009;0
12.56;0.223393679373487;0.669815166320439;0
12.57;0.230056174063592;0.661857278961645;0
12.58;0.236638256377716;0.653714669919757;0
12.59;0.243138091469945;0.645390097502714;0
12.6;0.249553872302327;0.636886369823268;0
12.61;0.255883820138754;0.628206343871622;0
12.62;0.262126185029522;0.619352924575011;0
12.63;0.268279246286415;0.610329063844538;0
12.64;0.274341312948213;0.60113775960955;0
12.65;0.280310724236484;0.591782054839895;0
12.66;0.286185850001542;0.582265036556343;0
12.67;0.291965091158468;0.572589834829516;0
12.68;0.297646880113054;0.562759621767624;0
12.69;0.30322968117759;0.552777610493346;0
12.7;0.308711990976362;0.542647054110172;0
12.71;0.314092338840775;0.532371244658536;0
12.72;0.319369287193982;0.521953512062073;0
12.73;0.324541431924946;0.511397223064332;0
12.74;0.329607402751818;0.500705780156279;0
12.75;0.334565863574549;0.489882620494923;0
12.76;0.339415512816656;0.478931214813416;0
12.77;0.344155083756051;0.467855066322955;0
12.78;0.348783344844843;0.456657709606842;0
12.79;0.353299100018063;0.445342709507035;0
12.8;0.357701188991209;0.433913660003547;0
12.81;0.361988487546561;0.42237418308703;0
12.82;0.366159907808187;0.410727927624909;0
12.83;0.37021439850559;0.398978568221401;0
12.84;0.37415094522592;0.387129804071779;0
12.85;0.377968570654714;0.37518535781124;0
12.86;0.381666334805091;0.363148974358718;0
12.87;0.385243335235373;0.351024419756005;0
12.88;0.388698707255072;0.338815480002541;0
12.89;0.39203162411921;0.326525959886219;0
12.9;0.395241297210925;0.314159681810569;0
12.91;0.398326976212341;0.301720484618673;0
12.92;0.40128794926366;0.289212222414186;0
12.93;0.404123543110449;0.27663876337979;0
12.94;0.406833123239112;0.264003988593478;0
12.95;0.409416094000503;0.251311790842991;0
12.96;0.411871898721685;0.238566073438789;0
12.97;0.414200019805814;0.225770749025913;0
12.98;0.416399978820132;0.212929738395079;0
12.99;0.418471336572072;0.200046969293385;0
13;0.420413693173472;0.187126375234969;0
13.01;0.422226688092894;0.174171894311987;0
13.02;0.423910000196053;0.161187468006259;0
13.03;0.425463347774372;0.148177040001946;0
13.04;0.42688648856167;0.135144554999597;0
13.05;0.428179219738989;0.122093957531948;0
13.06;0.429341377927599;0.109029190781783;0
13.07;0.430372839170188;0.0959541954022533;0
13.08;0.431273518900263;0.0828729083399682;0
13.09;0.432043371899806;0.0697892616612257;0
13.1;0.432682392245196;0.0567071813817217;0
13.11;0.433190613241454;0.0436305863000849;0
13.12;0.433568107344835;0.0305633868355794;0
13.13;0.433814986073826;0.0175094838703166;0
13.14;0.433931399908576;0.00447276759631669;0
13.15;0.43391753817883;-0.00854288363224489;0
13.16;0.433773628940404;-0.0215336044412694;0
13.17;0.433499938840267;-0.0344955435731126;0
13.18;0.433096772970281;-0.0474248650167784;0
13.19;0.432564474709681;-0.060317749131599;0
13.2;0.431903425556329;-0.0731703937640776;0
13.21;0.431114044946854;-0.0859790153575683;0
13.22;0.430196790065708;-0.0987398500544762;0
13.23;0.42915215564325;-0.111449154790656;0
13.24;0.427980673742914;-0.124103208381698;0
13.25;0.426682913537554;-0.136698312600788;0
13.26;0.425259481075051;-0.149230793247834;0
13.27;0.423711019033266;-0.161697001209551;0
13.28;0.422038206464438;-0.174093313510206;0
13.29;0.420241758529113;-0.186416134352719;0
13.3;0.418322426219713;-0.198661896149832;0
13.31;0.416280996073828;-0.210827060545049;0
13.32;0.414118289877359;-0.222908119423053;0
13.33;0.411835164357598;-0.234901595909328;0
13.34;0.409432510866358;-0.246804045358696;0
13.35;0.406911255053278;-0.258612056332496;0
13.36;0.404272356529401;-0.270322251564122;0
13.37;0.401516808521152;-0.281931288912669;0
13.38;0.398645637514833;-0.293435862304404;0
13.39;0.395659902891763;-0.304832702661807;0
13.4;0.392560696554181;-0.316118578819927;0
13.41;0.389349142542042;-0.327290298429802;0
13.42;0.386026396640842;-0.338344708848682;0
13.43;0.3825936459806;-0.34927869801683;0
13.44;0.379052108626128;-0.360089195320642;0
13.45;0.375403033158744;-0.370773172441866;0
13.46;0.371647698249541;-0.381327644192677;0
13.47;0.367787412224382;-0.391749669336395;0
13.48;0.363823512620751;-0.402036351393614;0
13.49;0.3597573657366;-0.412184839433524;0
13.5;0.355590366171363;-0.422192328850233;0
13.51;0.351323936359268;-0.432056062123852;0
13.52;0.346959526095108;-0.441773329566167;0
13.53;0.342498612052624;-0.451341470050696;0
13.54;0.337942697295666;-0.460757871726917;0
13.55;0.333293310782272;-0.470019972718519;0
13.56;0.328552006861847;-0.479125261805455;0
13.57;0.32372036476559;-0.488071279089648;0
13.58;0.31879998809034;-0.496855616644166;0
13.59;0.313792504276002;-0.505475919145702;0
13.6;0.30869956407673;-0.513929884490198;0
13.61;0.303522841026025;-0.522215264391457;0
13.62;0.298264030895924;-0.530329864962601;0
13.63;0.292924851150458;-0.538271547280208;0
13.64;0.287507040393537;-0.546038227931023;0
13.65;0.282012357811459;-0.553627879541071;0
13.66;0.276442582610198;-0.561038531287075;0
13.67;0.270799513447658;-0.568268269390038;0
13.68;0.265084967861083;-0.575315237590877;0
13.69;0.259300781689775;-0.582177637608001;0
13.7;0.253448808493334;-0.588853729576717;0
13.71;0.247530918965574;-0.595341832470376;0
13.72;0.241549000344316;-0.601640324503156;0
13.73;0.235504955817238;-0.607747643514391;0
13.74;0.229400703923956;-0.613662287334372;0
13.75;0.223238177954542;-0.619382814131529;0
13.76;0.217019325344648;-0.624907842740941;0
13.77;0.210746107067428;-0.630236052974082;0
13.78;0.20442049702245;-0.635366185909767;0
13.79;0.198044481421785;-0.640297044166225;0
13.8;0.191620058173453;-0.645027492154267;0
13.81;0.185149236262435;-0.649556456311483;0
13.82;0.178634035129413;-0.653882925317454;0
13.83;0.172076484047458;-0.658005950289932;0
13.84;0.165478621496831;-0.661924644961964;0
13.85;0.158842494538107;-0.66563818583995;0
13.86;0.152170158183796;-0.669145812342603;0
13.87;0.14546367476867;-0.672446826920817;0
13.88;0.138725113318965;-0.675540595158433;0
13.89;0.131956548920677;-0.678426545853908;0
13.9;0.12516006208711;-0.681104171082894;0
13.91;0.118337738125899;-0.683573026241738;0
13.92;0.111491666505672;-0.685832730071934;0
13.93;0.104623940222565;-0.687882964665535;0
13.94;0.0977366551667533;-0.689723475451576;0
13.95;0.090831909489221;-0.691354071163521;0
13.96;0.0839118029689275;-0.692774623787809;0
13.97;0.0769784363805803;-0.693985068493504;0
13.98;0.0700339108631942;-0.694985403543149;0
13.99;0.0630803272896271;-0.695775690184845;0
14;0.0561197856372781;-0.69635605252564;0
14.01;0.049154384360137;-0.696726677386294;0
14.02;0.0421862197623684;-0.696887814137493;0
14.03;0.0352173853736175;-0.696839774517594;0
14.04;0.0282499713262213;-0.696582932431991;0
14.05;0.0212860637345083;-0.696117723734188;0
14.06;0.0143277440763692;-0.695444645988674;0
14.07;0.00737708857728101;-0.69456425821572;0
14.08;0.000436167596963491;-0.69347718061818;0
14.09;-0.00649295498115135;-0.692184094290424;0
14.1;-0.0134082223574595;-0.690685740909527;0
14.11;-0.0203075854205572;-0.688982922408816;0
14.12;-0.0271890033482706;-0.687076500633924;0
14.13;-0.0340504442051666;-0.684967396981473;0
14.14;-0.0408898855363738;-0.682656592020527;0
14.15;-0.0477053149575404;-0.680145125096958;0
14.16;-0.0544947307407598;-0.677434093920874;0
14.17;-0.0612561423962943;-0.674524654137261;0
14.18;-0.0679875712499312;-0.671418018879993;0
14.19;-0.0746870510158035;-0.668115458309378;0
14.2;-0.0813526283645135;-0.664618299133407;0
14.21;-0.087982363486396;-0.660927924112873;0
14.22;-0.0945743306497606;-0.657045771550533;0
14.23;-0.101126618753954;-0.652973334764508;0
14.24;-0.107637331877088;-0.64871216154609;0
14.25;-0.114104589818274;-0.644263853602154;0
14.26;-0.12052652863421;-0.639630065982368;0
14.27;-0.126901301169985;-0.634812506491394;0
14.28;-0.133227077583919;-0.629812935086289;0
14.29;-0.139502045866328;-0.624633163259304;0
14.3;-0.145724412352043;-0.619275053406302;0
14.31;-0.151892402226554;-0.613740518180995;0
14.32;-0.158004260025627;-0.608031519835232;0
14.33;-0.164058250128271;-0.602150069545551;0
14.34;-0.170052657242902;-0.596098226726218;0
14.35;-0.17598578688658;-0.589878098328998;0
14.36;-0.181855965857185;-0.583491838129868;0
14.37;-0.187661542698405;-0.576941646002925;0
14.38;-0.193400888157397;-0.570229767181726;0
14.39;-0.199072395635021;-0.563358491508294;0
14.4;-0.204674481628491;-0.556330152670052;0
14.41;-0.21020558616636;-0.549147127424913;0
14.42;-0.215664173235692;-0.541811834814804;0
14.43;-0.221048731201318;-0.534326735367859;0
14.44;-0.226357773217073;-0.526694330289545;0
14.45;-0.231589837628885;-0.518917160642994;0
14.46;-0.236743488369628;-0.510997806518788;0
14.47;-0.241817315345618;-0.502938886194474;0
14.48;-0.246809934814669;-0.494743055284077;0
14.49;-0.25171998975559;-0.486413005877886;0
14.5;-0.256546150229045;-0.477951465672777;0
14.51;-0.261287113729671;-0.469361197093361;0
14.52;-0.265941605529364;-0.460644996404239;0
14.53;-0.27050837901166;-0.451805692813625;0
14.54;-0.274986215997097;-0.442846147568647;0
14.55;-0.279373927059512;-0.43376925304259;0
14.56;-0.283670351833161;-0.424577931814385;0
14.57;-0.287874359310608;-0.415275135740621;0
14.58;-0.291984848131298;-0.405863845020373;0
14.59;-0.296000746860749;-0.39634706725315;0
14.6;-0.299921014260293;-0.386727836490239;0
14.61;-0.303744639547299;-0.377009212279756;0
14.62;-0.307470642645826;-0.367194278705693;0
14.63;-0.311098074427633;-0.357286143421265;0
14.64;-0.314626016943503;-0.347287936676848;0
14.65;-0.31805358364482;-0.337202810342816;0
14.66;-0.321379919595355;-0.32703393692758;0
14.67;-0.324604201673213;-0.316784508591125;0
14.68;-0.32772563876289;-0.306457736154347;0
14.69;-0.330743471937411;-0.296056848104513;0
14.7;-0.333656974630507;-0.285585089597116;0
14.71;-0.336465452798791;-0.275045721454464;0
14.72;-0.339168245073911;-0.264442019161287;0
14.73;-0.341764722904643;-0.253777271857676;0
14.74;-0.344254290688902;-0.243054781329661;0
14.75;-0.346636385895658;-0.232277860997728;0
14.76;-0.348910479176713;-0.221449834903597;0
14.77;-0.351076074468356;-0.210574036695543;0
14.78;-0.353132709082857;-0.199653808612598;0
14.79;-0.355079953789796;-0.18869250046791;0
14.8;-0.356917412887231;-0.177693468631584;0
14.81;-0.358644724262689;-0.166660075013309;0
14.82;-0.360261559443983;-0.155595686045065;0
14.83;-0.36176762363986;-0.144503671664232;0
14.84;-0.363162655770477;-0.133387404297387;0
14.85;-0.36444642848773;-0.122250257845109;0
14.86;-0.365618748185427;-0.111095606668083;0
14.87;-0.366679454999329;-0.0999268245748073;0
14.88;-0.367628422797088;-0.0887472838112098;0
14.89;-0.368465559158073;-0.077560354052467;0
14.9;-0.369190805343144;-0.0663694013973269;0
14.91;-0.369804136254363;-0.055177787365232;0
14.92;-0.370305560384708;-0.0439888678965394;0
14.93;-0.370695119757789;-0.0328059923561305;0
14.94;-0.370972889857626;-0.0216325025407052;0
14.95;-0.371138979548515;-0.0104717316900506;0
14.96;-0.371193530985022;0.00067299649742655;0
14.97;-0.37113671951216;0.0117983688446143;0
14.98;-0.37096875355578;0.0229010836707728;0
14.99;-0.37068987450324;0.0339778517614891;0
15;-0.370300356574399;0.0450253973332284;0
15.01;-0.369800506682982;0.0560404589922008;0
15.02;-0.369190664288398;0.0670197906872677;0
15.03;-0.368471201238041;0.0779601626566102;0
15.04;-0.367642521600164;0.0888583623678884;0
15.05;-0.366705061487378;0.0997111954516197;0
15.06;-0.365659288870848;0.110515486627509;0
15.07;-0.364505703385262;0.121268080623463;0
15.08;-0.363244836124637;0.131965843087032;0
15.09;-0.361877249429053;0.142605661489006;0
15.1;-0.360403536662384;0.153184446018924;0
15.11;-0.35882432198111;0.163699130472231;0
15.12;-0.357140260094296;0.174146673128835;0
15.13;-0.355352036014829;0.184524057622812;0
15.14;-0.353460364801997;0.194828293803018;0
15.15;-0.351465991295498;0.205056418584364;0
15.16;-0.349369689840987;0.215205496789515;0
15.17;-0.347172264007246;0.225272621980776;0
15.18;-0.344874546295083;0.235254917281932;0
15.19;-0.342477397838051;0.245149536189815;0
15.2;-0.33998170809511;0.254953663375376;0
15.21;-0.337388394535319;0.264664515474024;0
15.22;-0.334698402314672;0.274279341865042;0
15.23;-0.331912703945196;0.283795425439829;0
15.24;-0.329032298956412;0.293210083358792;0
15.25;-0.326058213549283;0.302520667796655;0
15.26;-0.32299150024276;0.311724566675996;0
15.27;-0.319833237513046;0.320819204388806;0
15.28;-0.316584529425701;0.329802042505875;0
15.29;-0.313246505260702;0.338670580473812;0
15.3;-0.309820319130603;0.347422356299522;0
15.31;-0.306307149591889;0.356054947221936;0
15.32;-0.302708199249689;0.364565970370837;0
15.33;-0.299024694355944;0.372953083412588;0
15.34;-0.295257884401189;0.381213985182602;0
15.35;-0.291409041700061;0.389346416304388;0
15.36;-0.287479460970688;0.397348159794996;0
15.37;-0.283470458908074;0.405217041656728;0
15.38;-0.279383373751639;0.412950931454935;0
15.39;-0.275219564847035;0.420547742881765;0
15.4;-0.270980412202399;0.428005434305723;0
15.41;-0.266667316039167;0.435322009306878;0
15.42;-0.262281696337601;0.442495517197617;0
15.43;-0.257824992377178;0.449524053528777;0
15.44;-0.253298662271982;0.456405760581062;0
15.45;-0.248704182501246;0.463138827841594;0
15.46;-0.244043047435204;0.469721492465506;0
15.47;-0.239316768856383;0.476152039722446;0
15.48;-0.234526875476507;0.482428803427892;0
15.49;-0.229674912449153;0.488550166359175;0
15.5;-0.224762440878321;0.494514560656107;0
15.51;-0.219791037323056;0.500320468206129;0
15.52;-0.214762293298302;0.505966421013881;0
15.53;-0.209677814772121;0.51145100155511;0
15.54;-0.204539221659449;0.516772843114849;0
15.55;-0.199348147312538;0.52193063010978;0
15.56;-0.194106238008248;0.526923098394712;0
15.57;-0.188815152432345;0.531749035553118;0
15.58;-0.183476561160967;0.536407281171667;0
15.59;-0.178092146139413;0.540896727098692;0
15.6;-0.172663600158423;0.545216317686551;0
15.61;-0.16719262632811;0.549365050017828;0
15.62;-0.161680937549694;0.553341974115346;0
15.63;-0.15613025598522;0.557146193135945;0
15.64;-0.150542312525398;0.560776863547998;0
15.65;-0.144918846255757;0.564233195292647;0
15.66;-0.139261603921247;0.567514451928727;0
15.67;-0.133572339389468;0.570619950761371;0
15.68;-0.127852813112695;0.573549062954284;0
15.69;-0.122104791588841;0.576301213625678;0
15.7;-0.116330046821542;0.578875881927868;0
15.71;-0.110530355779518;0.581272601110536;0
15.72;-0.104707499855376;0.583490958567666;0
15.73;-0.098863264324014;0.585530595868176;0
15.74;-0.0929994378007943;0.587391208770248;0
15.75;-0.0871178116996459;0.589072547219395;0
15.76;-0.0812201796912597;0.59057441533029;0
15.77;-0.0753083371615386;0.591896671352383;0
15.78;-0.0693840806704635;0.593039227619354;0
15.79;-0.0634492074115378;0.594002050482438;0
15.8;-0.0575055146719711;0.594785160227674;0
15.81;-0.0515547992937623;0.595388630977128;0
15.82;-0.0455988571358429;0.595812590574146;0
15.83;-0.0396394825374384;0.596057220452706;0
15.84;-0.0336784677828088;0.596122755490923;0
15.85;-0.0277176025675242;0.596009483848792;0
15.86;-0.0217586734664335;0.595717746790233;0
15.87;-0.0158034634034839;0.595247938489526;0
15.88;-0.00985375112354526;0.594600505822219;0
15.89;-0.00391131066639492;0.593775948140594;0
15.9;0.00202208915698261;0.592774817033794;0
15.91;0.00794468528562877;0.591597716072695;0
15.92;0.0138547209272246;0.590245300539647;0
15.93;0.019750446073934;0.588718277143166;0
15.94;0.0256301180153264;0.587017403717709;0
15.95;0.0314920018482311;0.585143488908634;0
15.96;0.037334370983374;0.583097391842474;0
15.97;0.0431555076486527;0.580880021782647;0
15.98;0.0489537033889022;0.578492337770723;0
15.99;0.05472725956201;0.575935348253388;0
16;0.0604744878312363;0.573210110695244;0
16.01;0.0661937106535993;0.570317731177576;0
16.02;0.071883261764185;0.567259363983236;0
16.03;0.0775414866562447;0.56403621116779;0
16.04;0.0831667430569423;0.560649522117088;0
16.05;0.0887574013986165;0.557100593091401;0
16.06;0.094311845285425;0.553390766756289;0
16.07;0.0998284719552383;0.549521431700371;0
16.08;0.105305692736652;0.545494021940153;0
16.09;0.110741933500991;0.54131001641209;0
16.1;0.116135635109177;0.536970938452059;0
16.11;0.121485253853335;0.532478355262415;0
16.12;0.126789261893011;0.527833877366809;0
16.13;0.132046147685894;0.52303915805297;0
16.14;0.137254416412902;0.51809589280361;0
16.15;0.142412590397525;0.513005818715669;0
16.16;0.147519209519317;0.507770713908081;0
16.17;0.152572831621407;0.50239239691826;0
16.18;0.157572032911926;0.496872726087511;0
16.19;0.162515408359243;0.491213598935558;0
16.2;0.167401572080893;0.485416951524413;0
16.21;0.172229157726097;0.479484757811777;0
16.22;0.176996818851779;0.473419028994194;0
16.23;0.181703229291951;0.467221812840178;0
16.24;0.186347083520406;0.46089519301351;0
16.25;0.190927097006581;0.454441288386952;0
16.26;0.195442006564532;0.447862252346577;0
16.27;0.199890570694897;0.441160272086954;0
16.28;0.204271569919778;0.434337567897405;0
16.29;0.208583807110448;0.427396392439575;0
16.3;0.212826107807786;0.420339030016532;0
16.31;0.216997320535377;0.413167795833645;0
16.32;0.221096317105178;0.405885035251462;0
16.33;0.225121992915677;0.398493123030843;0
16.34;0.229073267242474;0.390994462570565;0
16.35;0.232949083521204;0.383391485137663;0
16.36;0.236748409622724;0.375686649090732;0
16.37;0.240470238120515;0.367882439096453;0
16.38;0.244113586550211;0.359981365339567;0
16.39;0.247677497661199;0.351985962726565;0
16.4;0.251161039660233;0.343898790083339;0
16.41;0.254563306446997;0.335722429347031;0
16.42;0.257883417841557;0.327459484752356;0
16.43;0.261120519803659;0.319112582012628;0
16.44;0.264273784643809;0.310684367495762;0
16.45;0.267342411226094;0.302177507395503;0
16.46;0.270325625162695;0.293594686898125;0
16.47;0.273222679000045;0.284938609344883;0
16.48;0.276032852396596;0.276211995390452;0
16.49;0.278755452292152;0.267417582157626;0
16.5;0.281389813068733;0.258558122388536;0
16.51;0.283935296702938;0.249636383592642;0
16.52;0.286391292909775;0.24065514719176;0
16.53;0.28875721927792;0.231617207662393;0
16.54;0.291032521396405;0.22252537167562;0
16.55;0.293216672972677;0.21338245723481;0
16.56;0.295309175942038;0.204191292811417;0
16.57;0.29730956056843;0.194954716479127;0
16.58;0.299217385536554;0.185675575046611;0
16.59;0.301032238035316;0.176356723189154;0
16.6;0.302753733832578;0.167001022579412;0
16.61;0.304381517341223;0.157611341017573;0
16.62;0.305915261676511;0.148190551561173;0
16.63;0.307354668704735;0.138741531654827;0
16.64;0.308699469083181;0.12926716226015;0
16.65;0.309949422291381;0.119770326986109;0
16.66;0.311104316653676;0.110253911220087;0
16.67;0.312163969353091;0.100720801259896;0
16.68;0.313128226436544;0.0911738834470149;0
16.69;0.313996962811381;0.0816160433013078;0
16.7;0.314770082233276;0.0720501646574659;0
16.71;0.315447517285499;0.062479128803447;0
16.72;0.316029229349581;0.0529058136211554;0
16.73;0.316515208567394;0.0433330927296205;0
16.74;0.316905473794679;0.0337638346309261;0
16.75;0.317200072546041;0.0242009018591408;0
16.76;0.317399080931453;0.0146471501325007;0
16.77;0.317502603584295;0.00510542750909198;0
16.78;0.317510773580966;-0.00442142645371908;0
16.79;0.317423752352109;-0.0139305815358633;0
16.8;0.317241729585491;-0.0234192176869091;0
16.81;0.316964923120573;-0.0328845258539237;0
16.82;0.316593578834833;-0.0423237088046154;0
16.83;0.316127970521866;-0.0517339819455174;0
16.84;0.315568399761339;-0.061112574134977;0
16.85;0.314915195780834;-0.0704567284907149;0
16.86;0.314168715309637;-0.0797637031917228;0
16.87;0.31332934242454;-0.0890307722742673;0
16.88;0.312397488387712;-0.0982552264217732;0
16.89;0.31137359147669;-0.107434373748358;0
16.9;0.310258116806576;-0.116565540575795;0
16.91;0.309051556144486;-0.125646072203686;0
16.92;0.307754427716332;-0.134673333672614;0
16.93;0.306367276006005;-0.143644710520078;0
16.94;0.304890671547031;-0.152557609528973;0
16.95;0.303325210706776;-0.161409459468421;0
16.96;0.301671515463281;-0.170197711826741;0
16.97;0.299930233174799;-0.178919841536341;0
16.98;0.298102036342126;-0.187573347690344;0
16.99;0.296187622363794;-0.196155754250732;0
17;0.294187713284233;-0.204664610747832;0
17.01;0.292103055534971;-0.213097492970915;0
17.02;0.289934419668969;-0.221452003649758;0
17.03;0.287682600088182;-0.229725773126943;0
17.04;0.285348414764444;-0.237916460020732;0
17.05;0.282932704953759;-0.246021751878325;0
17.06;0.280436334904112;-0.254039365819318;0
17.07;0.277860191556882;-0.261967049169202;0
17.08;0.275205184241972;-0.269802580082707;0
17.09;0.27247224436675;-0.277543768156838;0
17.1;0.269662325098903;-0.285188455033437;0
17.11;0.266776401043321;-0.292734514991092;0
17.12;0.263815467913101;-0.300179855526261;0
17.13;0.260780542194793;-0.307522417923422;0
17.14;0.257672660808002;-0.314760177814133;0
17.15;0.254492880759432;-0.32189114572482;0
17.16;0.251242278791525;-0.328913367613172;0
17.17;0.247921951025768;-0.335824925392992;0
17.18;0.244533012600819;-0.342623937447366;0
17.19;0.241076597305545;-0.349308559130019;0
17.2;0.237553857207105;-0.355876983254724;0
17.21;0.233965962274189;-0.362327440572651;0
17.22;0.230314099995544;-0.368658200237505;0
17.23;0.226599474993901;-0.374867570258376;0
17.24;0.222823308635423;-0.38095389794014;0
17.25;0.218986838634819;-0.386915570311347;0
17.26;0.215091318656224;-0.392751014539442;0
17.27;0.211138017909988;-0.398458698333263;0
17.28;0.207128220745499;-0.404037130332679;0
17.29;0.203063226240169;-0.409484860485293;0
17.3;0.198944347784706;-0.414800480410119;0
17.31;0.194772912664812;-0.419982623748138;0
17.32;0.190550261639437;-0.425029966499658;0
17.33;0.186277748515711;-0.429941227348392;0
17.34;0.181956739720709;-0.434715167972193;0
17.35;0.177588613870151;-0.439350593340353;0
17.36;0.173174761334208;-0.44384635199743;0
17.37;0.168716583800514;-0.448201336333515;0
17.38;0.164215493834551;-0.452414482840891;0
17.39;0.15967291443752;-0.456484772357037;0
17.4;0.155090278601842;-0.460411230293917;0
17.41;0.15046902886444;-0.464192926853512;0
17.42;0.145810616857912;-0.467828977229561;0
17.43;0.141116502859761;-0.471318541795462;0
17.44;0.1363881553398;-0.474660826278313;0
17.45;0.131627050505887;-0.477855081919051;0
17.46;0.126834671848116;-0.480900605618682;0
17.47;0.122012509681607;-0.483796740070567;0
17.48;0.117162060688041;-0.486542873878749;0
17.49;0.11228482745607;-0.489138441662329;0
17.5;0.10738231802075;-0.491582924145854;0
17.51;0.102456045402132;-0.493875848235735;0
17.52;0.0975075271431475;-0.496016787082696;0
17.53;0.0925382848469372;-0.49800536013024;0
17.54;0.0875498437137575;-0.49984123314917;0
17.55;0.0825437320776025;-0.501524118258152;0
17.56;0.0775214809426839;-0.503053773930355;0
17.57;0.0724846235199076;-0.504430004986186;0
17.58;0.0674346947634847;-0.505652662572134;0
17.59;0.062373230907817;-0.50672164412578;0
17.6;0.0573017690047944;-0.507636893326977;0
17.61;0.0522218464616423;-0.508398400035258;0
17.62;0.0471350005794571;-0.509006200213509;0
17.63;0.0420427680925664;-0.509460375837952;0
17.64;0.0369466847088508;-0.509761054794488;0
17.65;0.0318482846511638;-0.509908410761465;0
17.66;0.0267491001999843;-0.509902663078905;0
17.67;0.0216506612374378;-0.509744076604283;0
17.68;0.0165544947928206;-0.509432961554901;0
17.69;0.0114621245897592;-0.508969673336944;0
17.7;0.00637507059513989;-0.508354612361269;0
17.71;0.0012948485699394;-0.507588223846038;0
17.72;-0.00377703037791206;-0.506670997606246;0
17.73;-0.00883906023850403;-0.505603467830249;0
17.74;-0.0138897405426263;-0.504386212843369;0
17.75;-0.0189275768020275;-0.503019854858683;0
17.76;-0.0239510809471248;-0.501505059715072;0
17.77;-0.0289587717620361;-0.49984253660266;0
17.78;-0.0339491753168115;-0.498033037775714;0
17.79;-0.0389208253967365;-0.496077358253133;0
17.8;-0.0438722639285858;-0.493976335506644;0
17.81;-0.0488020414037034;-0.491730849136787;0
17.82;-0.053708717297788;-0.489341820536849;0
17.83;-0.0585908604872647;-0.486810212544834;0
17.84;-0.0634470496621221;-0.484137029083613;0
17.85;-0.0682758737350987;-0.48132331478938;0
17.86;-0.073075932247102;-0.478370154628532;0
17.87;-0.0778458357687437;-0.475278673503131;0
17.88;-0.0825842062978801;-0.472050035845063;0
17.89;-0.0872896776530426;-0.468685445199051;0
17.9;-0.0919608958626491;-0.465186143794653;0
17.91;-0.0965965195498866;-0.46155341210741;0
17.92;-0.101195220313157;-0.457788568409277;0
17.93;-0.105755683101977;-0.453892968308494;0
17.94;-0.110276606588238;-0.44986800427906;0
17.95;-0.114756703532701;-0.445715105179971;0
17.96;-0.119194701146651;-0.44143573576436;0
17.97;-0.123589341448592;-0.43703139617874;0
17.98;-0.12793938161589;-0.432503621452489;0
17.99;-0.132243594331272;-0.42785398097775;0
18;-0.136500768124076;-0.423084077979941;0
18.01;-0.140709707706167;-0.418195548979015;0
18.02;-0.144869234302426;-0.413190063241678;0
18.03;-0.14897818597572;-0.408069322224726;0
18.04;-0.153035417946266;-0.402835059009692;0
18.05;-0.157039802905299;-0.397489037728986;0
18.06;-0.160990231322974;-0.392033052983708;0
18.07;-0.164885611750398;-0.386468929253335;0
18.08;-0.168724871115732;-0.38079852029746;0
18.09;-0.172506955014267;-0.375023708549789;0
18.1;-0.176230827992416;-0.369146404504579;0
18.11;-0.179895473825526;-0.363168546095718;0
18.12;-0.183499895789455;-0.357092098068653;0
18.13;-0.18704311692584;-0.350919051345355;0
18.14;-0.190524180300972;-0.34465142238253;0
18.15;-0.193942149258239;-0.33829125252328;0
18.16;-0.197296107664044;-0.331840607342419;0
18.17;-0.200585160147154;-0.325301575985645;0
18.18;-0.203808432331415;-0.31867627050279;0
18.19;-0.20696507106177;-0.311966825175344;0
18.2;-0.210054244623532;-0.305175395838474;0
18.21;-0.213075142954846;-0.298304159197745;0
18.22;-0.216026977852303;-0.291355312140763;0
18.23;-0.218908983169643;-0.284331071043944;0
18.24;-0.221720415009507;-0.277233671074643;0
18.25;-0.224460551908191;-0.270065365488838;0
18.26;-0.227128695013352;-0.262828424924609;0
18.27;-0.22972416825464;-0.255525136691613;0
18.28;-0.2322463185072;-0.248157804056789;0
18.29;-0.234694515748016;-0.240728745526502;0
18.3;-0.237068153205065;-0.233240294125356;0
18.31;-0.239366647499241;-0.225694796671893;0
18.32;-0.241589438779026;-0.218094613051401;0
18.33;-0.243735990847873;-0.21044211548606;0
18.34;-0.245805791284284;-0.202739687802636;0
18.35;-0.247798351554547;-0.194989724697963;0
18.36;-0.249713207118133;-0.187194631002423;0
18.37;-0.251549917525701;-0.179356820941658;0
18.38;-0.253308066509728;-0.171478717396733;0
18.39;-0.25498726206773;-0.163562751162977;0
18.4;-0.25658713653806;-0.15561136020772;0
18.41;-0.258107346668289;-0.147626988927169;0
18.42;-0.259547573676146;-0.139612087402618;0
18.43;-0.260907523303023;-0.131569110656241;0
18.44;-0.26218692586003;-0.123500517906686;0
18.45;-0.263385536266612;-0.115408771824679;0
18.46;-0.264503134081721;-0.107296337788888;0
18.47;-0.26553952352755;-0.0991656831422387;0
18.48;-0.266494533505827;-0.091019276448929;0
18.49;-0.267368017606692;-0.0828595867523536;0
18.5;-0.268159854110149;-0.0746890828341572;0
18.51;-0.268869945980126;-0.0665102324746414;0
18.52;-0.269498220851132;-0.0583255017147431;0
18.53;-0.270044631007553;-0.0501373541198017;0
18.54;-0.270509153355589;-0.0419482500453345;0
18.55;-0.270891789387859;-0.0337606459050361;0
18.56;-0.2711925651407;-0.0255769934412173;0
18.57;-0.271411531144178;-0.0173997389978981;0
18.58;-0.271548762364843;-0.00923132279676816;0
18.59;-0.271604358141263;-0.00107417821622732;0
18.6;-0.271578442112354;0.00706926892628391;0
18.61;-0.271471162138559;0.0151966010884537;0
18.62;-0.271282690215892;0.0233054097135605;0
18.63;-0.271013222382898;0.0313932959370198;0
18.64;-0.270662978620576;0.0394578712888112;0
18.65;-0.270232202745277;0.0474967583915829;0
18.66;-0.26972116229466;0.0555075916542306;0
18.67;-0.269130148406724;0.0634880179607517;0
18.68;-0.268459475691973;0.0714356973541757;0
18.69;-0.267709482098768;0.0793483037153752;0
18.7;-0.266880528771916;0.0872235254365616;0
18.71;-0.265972999904542;0.0950590660892734;0
18.72;-0.264987302583311;0.102852645086667;0
18.73;-0.263923866627058;0.110601998339919;0
18.74;-0.26278314441887;0.118304878908557;0
18.75;-0.261565610731701;0.125959057644532;0
18.76;-0.260271762547576;0.133562323829846;0
18.77;-0.258902118870441;0.141112485807568;0
18.78;-0.257457220532741;0.14860737160604;0
18.79;-0.255937629995782;0.156044829556124;0
18.8;-0.254343931143954;0.163422728901286;0
18.81;-0.252676729072889;0.170738960400375;0
18.82;-0.250936649871619;0.177991436922913;0
18.83;-0.249124340398822;0.185178094036731;0
18.84;-0.247240468053219;0.192296890587795;0
18.85;-0.245285720538217;0.199345809272052;0
18.86;-0.24326080562086;0.206322857199156;0
18.87;-0.241166450885194;0.21322606644789;0
18.88;-0.239003403480098;0.220053494613162;0
18.89;-0.2367724298617;0.226803225344407;0
18.9;-0.234474315530436;0.233473368875253;0
18.91;-0.232109864762862;0.240062062544309;0
18.92;-0.229679900338288;0.246567471306935;0
18.93;-0.227185263260346;0.252987788237847;0
18.94;-0.224626812473566;0.259321235024441;0
18.95;-0.222005424575066;0.265566062450678;0
18.96;-0.21932199352144;0.271720550871426;0
18.97;-0.216577430330956;0.277783010677119;0
18.98;-0.21377266278114;0.283751782748614;0
18.99;-0.210908635101864;0.289625238902125;0
19;-0.207986307664025;0.295401782324123;0
19.01;-0.205006656663925;0.30107984799608;0
19.02;-0.201970673803447;0.306657903108954;0
19.03;-0.198879365966131;0.312134447467312;0
19.04;-0.19573375488926;0.317508013882973;0
19.05;-0.192534876832053;0.322777168558083;0
19.06;-0.189283782240079;0.32794051145753;0
19.07;-0.185981535405991;0.332996676670587;0
19.08;-0.182629214126698;0.337944332761712;0
19.09;-0.17922790935707;0.342782183110407;0
19.1;-0.175778724860304;0.347508966240059;0
19.11;-0.17228277685504;0.35212345613568;0
19.12;-0.168741193659363;0.35662446255047;0
19.13;-0.165155115331777;0.361010831301134;0
19.14;-0.161525693309284;0.365281444551879;0
19.15;-0.157854090042677;0.369435221087024;0
19.16;-0.154141478629146;0.373471116572176;0
19.17;-0.150389042442341;0.377388123803883;0
19.18;-0.146597974759976;0.381185272947748;0
19.19;-0.14276947838911;0.384861631764914;0
19.2;-0.138904765289218;0.388416305826903;0
19.21;-0.135005056193161;0.391848438718746;0
19.22;-0.13107158022618;0.395157212230367;0
19.23;-0.127105574523032;0.398341846536191;0
19.24;-0.123108283843375;0.401401600362935;0
19.25;-0.119080960185539;0.404335771145552;0
19.26;-0.115024862398782;0.407143695171308;0
19.27;-0.110941255794162;0.409824747711957;0
19.28;-0.106831411754145;0.412378343144018;0
19.29;-0.102696607341056;0.414803935057102;0
19.3;-0.0985381249045058;0.417101016350322;0
19.31;-0.0943572516879052;0.41926911931673;0
19.32;-0.0901552794341916;0.421307815715822;0
19.33;-0.0859335039908808;0.423216716834071;0
19.34;-0.0816932249145686;0.424995473533518;0
19.35;-0.0774357450750012;0.42664377628841;0
19.36;-0.0731623702588312;0.428161355209903;0
19.37;-0.0688744087731822;0.429547980058847;0
19.38;-0.0645731710491371;0.430803460246648;0
19.39;-0.0602599692452732;0.431927644824262;0
19.4;-0.0559361168513591;0.432920422459312;0
19.41;-0.0516029282923352;0.433781721401372;0
19.42;-0.0472617185326932;0.43451150943545;0
19.43;-0.042913802681375;0.435109793823693;0
19.44;-0.038560495597306;0.435576621235365;0
19.45;-0.0342031114956826;0.435912077665129;0
19.46;-0.0298429635551289;0.436116288339677;0
19.47;-0.0254813635258384;0.436189417612775;0
19.48;-0.0211196213388188;0.43613166884874;0
19.49;-0.016759044716353;0.435943284294437;0
19.5;-0.0124009387837913;0.43562454493984;0
19.51;-0.00804660568278993;0.435175770367208;0
19.52;-0.00369734418610837;0.434597318588968;0
19.53;0.000645550685921346;0.433889585874342;0
19.54;0.00498078804714146;0.433053006564813;0
19.55;0.00930708152541981;0.432088052878494;0
19.56;0.0136231496404953;0.430995234703475;0
19.57;0.0179277161797074;0.42977509938024;0
19.58;0.0222195105715012;0.428428231473224;0
19.59;0.0264972682565994;0.426955252531612;0
19.6;0.0307597310567338;0.425356820839455;0
19.61;0.0350056475408307;0.423633631155211;0
19.62;0.0392337733885445;0.421786414440791;0
19.63;0.0434428717510347;0.419815937580232;0
19.64;0.0476317136088831;0.417723003088066;0
19.65;0.051799078127049;0.415508448807534;0
19.66;0.0559437530067616;0.413173147598703;0
19.67;0.0600645348342475;0.410718007016643;0
19.68;0.064160229426197;0.408143968979744;0
19.69;0.0682296521718682;0.405452009428311;0
19.7;0.072271628371735;0.402643137973539;0
19.71;0.0762849935725812;0.399718397537006;0
19.72;0.0802685938989477;0.396678863980792;0
19.73;0.0842212863808388;0.39352564572837;0
19.74;0.088141939277597;0.390259883376378;0
19.75;0.0920294323978543;0.386882749297421;0
19.76;0.0958826574154721;0.383395447234026;0
19.77;0.0997005181813808;0.379799211883891;0
19.78;0.103481931031234;0.376095308476574;0
19.79;0.107225825088792;0.372285032341751;0
19.8;0.110931142564946;0.368369708469196;0
19.81;0.114596839052315;0.364350691060621;0
19.82;0.118221883815314;0.360229363073542;0
19.83;0.121805260075632;0.356007135757296;0
19.84;0.125345965293036;0.351685448181379;0
19.85;0.128843011441419;0.347265766756261;0
19.86;0.132295425280028;0.342749584746819;0
19.87;0.135702248619794;0.338138421778565;0
19.88;0.139062538584687;0.333433823336815;0
19.89;0.142375367868034;0.328637360258971;0
19.9;0.145639824983737;0.323750628220072;0
19.91;0.148855014512301;0.318775247211786;0
19.92;0.152020057341642;0.31371286101501;0
19.93;0.155134090902573;0.308565136666244;0
19.94;0.158196269398944;0.303333763917908;0
19.95;0.161205764032348;0.298020454692782;0
19.96;0.164161763221349;0.292626942532734;0
19.97;0.167063472815171;0.287154982041919;0
19.98;0.169910116301795;0.281606348324617;0
19.99;0.172700935010416;0.275982836417893;0
20;0.175435188308192;0.270286260719262;0
