0;0.22802832360045;0.185432359486703;0
0.01;0.229850351850878;0.178247879688948;0
0.02;0.231600348583906;0.171022315965117;0
0.03;0.233277913018022;0.163757904863392;0
0.04;0.234882666772864;0.156456890732977;0
0.05;0.236414253944147;0.149121525037924;0
0.06;0.23787234117172;0.141754065670003;0
0.07;0.239256617700743;0.134356776260831;0
0.08;0.240566795435996;0.126931925493459;0
0.09;0.241802608989286;0.119481786413626;0
0.1;0.242963815719981;0.112008635740896;0
0.11;0.244050195768643;0.104514753179871;0
0.12;0.245061552083785;0.0970024207316943;0
0.13;0.245997710441734;0.0894739220060516;0
0.14;0.246858519459628;0.08193154153387;0
0.15;0.247643850601537;0.0743775640809223;0
0.16;0.248353598177727;0.0668142739625412;0
0.17;0.248987679337075;0.0592439543596455;0
0.18;0.249546034052654;0.0516688866362832;0
0.19;0.250028625100499;0.0440913496588903;0
0.2;0.250435438031574;0.0365136191174698;0
0.21;0.250766481136964;0.0289379668488893;0
0.22;0.251021785406301;0.0213666601624955;0
0.23;0.251201404479467;0.0138019611682466;0
0.24;0.251305414591587;0.00624612610755648;0
0.25;0.251333914511343;-0.00129859531295068;0
0.26;0.251287025472635;-0.0088299605845828;0
0.27;0.251164891099637;-0.0163457350564244;0
0.28;0.250967677325254;-0.0238436925916916;0
0.29;0.250695572303049;-0.0313216162204074;0
0.3;0.250348786312646;-0.0387772987882064;0
0.31;0.249927551658672;-0.046208543601083;0
0.32;0.249432122563267;-0.0536131650658956;0
0.33;0.248862775052208;-0.0609889893264423;0
0.34;0.248219806834697;-0.0683338548949251;0
0.35;0.247503537176849;-0.0756456132786214;0
0.36;0.246714306768943;-0.0829221296015829;0
0.37;0.245852477586474;-0.0901612832211846;0
0.38;0.244918432745064;-0.0973609683393466;0
0.39;0.243912576349287;-0.104519094608257;0
0.4;0.242835333335462;-0.111633587730423;0
0.41;0.241687149308471;-0.118702390052873;0
0.42;0.240468490372659;-0.12572346115536;0
0.43;0.239179842956887;-0.132694778432378;0
0.44;0.237821713633784;-0.139614337668841;0
0.45;0.236394628933282;-0.14648015360926;0
0.46;0.234899135150476;-0.153290260520265;0
0.47;0.233335798147903;-0.160042712746293;0
0.48;0.231705203152284;-0.166735585258317;0
0.49;0.230007954545819;-0.173366974195444;0
0.5;0.228244675652092;-0.179934997399233;0
0.51;0.226416008516672;-0.186437794940594;0
0.52;0.224522613682475;-0.192873529639119;0
0.53;0.22256516995997;-0.199240387574692;0
0.54;0.220544374192298;-0.20553657859126;0
0.55;0.2184609410154;-0.211760336792607;0
0.56;0.216315602613213;-0.217909921030004;0
0.57;0.214109108468032;-0.223983615381604;0
0.58;0.211842225106116;-0.229979729623451;0
0.59;0.209515735838619;-0.235896599691978;0
0.6;0.207130440497939;-0.241732588137864;0
0.61;0.204687155169561;-0.247486084571136;0
0.62;0.202186711919498;-0.253155506097396;0
0.63;0.199629958517403;-0.258739297745052;0
0.64;0.197017758155451;-0.264235932883448;0
0.65;0.194350989163083;-0.269643913631781;0
0.66;0.191630544717701;-0.274961771258689;0
0.67;0.188857332551411;-0.280188066572429;0
0.68;0.186032274653906;-0.285321390301513;0
0.69;0.183156306971584;-0.290360363465732;0
0.7;0.180230379103001;-0.295303637737461;0
0.71;0.177255453990761;-0.300149895793151;0
0.72;0.174232507609923;-0.304897851654922;0
0.73;0.171162528653045;-0.309546251022181;0
0.74;0.168046518211961;-0.314093871593166;0
0.75;0.164885489456377;-0.318539523376347;0
0.76;0.161680467309406;-0.322882048991611;0
0.77;0.158432488120141;-0.327120323961147;0
0.78;0.155142599333355;-0.331253256989976;0
0.79;0.151811859156451;-0.335279790236045;0
0.8;0.148441336223756;-0.339198899569832;0
0.81;0.145032109258269;-0.343009594823398;0
0.82;0.141585266730957;-0.346710920028835;0
0.83;0.138101906517726;-0.350301953646045;0
0.84;0.134583135554155;-0.353781808779814;0
0.85;0.131030069488112;-0.357149633386124;0
0.86;0.127443832330351;-0.360404610467662;0
0.87;0.123825556103204;-0.363545958258495;0
0.88;0.120176380487481;-0.366572930397857;0
0.89;0.116497452467672;-0.369484816093031;0
0.9;0.112789925975574;-0.372280940271285;0
0.91;0.10905496153245;-0.374960663720845;0
0.92;0.105293725889825;-0.377523383220868;0
0.93;0.101507391669029;-0.379968531660408;0
0.94;0.0976971369996089;-0.382295578146355;0
0.95;0.0938641451566986;-0.384504028100327;0
0.96;0.0900096041974816;-0.386593423344514;0
0.97;0.0861347065968368;-0.388563342176459;0
0.98;0.0822406488822901;-0.39041339943278;0
0.99;0.078328631268377;-0.392143246541827;0
1;0.0743998572905296;-0.393752571565282;0
1.01;0.0704555334385962;-0.395241099228706;0
1.02;0.0664968687901057;-0.396608590941038;0
1.03;0.0625250746433869;-0.397854844803076;0
1.04;0.0585413641506521;-0.398979695604929;0
1.05;0.0545469519511556;-0.399983014812491;0
1.06;0.0505430538045375;-0.400864710542931;0
1.07;0.0465308862244609;-0.401624727529248;0
1.08;0.042511666112654;-0.402263047073905;0
1.09;0.0384866103934633;-0.402779686991587;0
1.1;0.0344569356490295;-0.403174701541103;0
1.11;0.030423857755192;-0.40344818134649;0
1.12;0.0263885915182315;-0.403600253307344;0
1.13;0.0223523503125571;-0.403631080498441;0
1.14;0.0183163457194457;-0.403540862058673;0
1.15;0.0142817871669394;-0.403329833069378;0
1.16;0.0102498815710078;-0.402998264422094;0
1.17;0.00622183297807932;-0.402546462675813;0
1.18;0.00219884220904763;-0.401974769903787;0
1.19;-0.00181789349514338;-0.401283563529948;0
1.2;-0.00582718082623237;-0.400473256155017;0
1.21;-0.00982783075958827;-0.399544295372365;0
1.22;-0.0138186589032707;-0.398497163573702;0
1.23;-0.017798485845102;-0.397332377744664;0
1.24;-0.0217661374976494;-0.396050489250394;0
1.25;-0.0257204454410189;-0.394652083611169;0
1.26;-0.0296602472633609;-0.393137780268187;0
1.27;-0.0335843868989891;-0.391508232339585;0
1.28;-0.0374917149640166;-0.389764126366778;0
1.29;-0.041381089089412;-0.387906182051217;0
1.3;-0.0452513742513799;-0.385935151981664;0
1.31;-0.0491014430989729;-0.383851821352068;0
1.32;-0.052930176278839;-0.381657007670161;0
1.33;-0.0567364627570148;-0.379351560456863;0
1.34;-0.0605192001376709;-0.37693636093661;0
1.35;-0.0642772949787211;-0.37441232171871;0
1.36;-0.0680096631042038;-0.371780386469837;0
1.37;-0.0717152299133505;-0.369041529577781;0
1.38;-0.0753929306862515;-0.366196755806567;0
1.39;-0.0790417108860353;-0.363247099943055;0
1.4;-0.0826605264574755;-0.36019362643516;0
1.41;-0.0862483441219432;-0.357037429021785;0
1.42;-0.0898041416686211;-0.353779630354631;0
1.43;-0.0933269082419008;-0.35042138161197;0
1.44;-0.0968156446248808;-0.346963862104542;0
1.45;-0.100269363518889;-0.343408278873697;0
1.46;-0.103687089818955;-0.339755866281909;0
1.47;-0.107067860885145;-0.336007885595806;0
1.48;-0.110410726809707;-0.332165624561856;0
1.49;-0.11371475067993;-0.328230396974838;0
1.5;-0.116979008836656;-0.324203542239252;0
1.51;-0.120202591128386;-0.320086424923803;0
1.52;-0.123384601160884;-0.31588043430911;0
1.53;-0.126524156542241;-0.311586983928779;0
1.54;-0.129620389123315;-0.307207511104003;0
1.55;-0.132672445233489;-0.302743476471823;0
1.56;-0.135679485911683;-0.298196363507219;0
1.57;-0.138640687132564;-0.293567678039168;0
1.58;-0.14155524002788;-0.288858947760838;0
1.59;-0.144422351102886;-0.284071721734069;0
1.6;-0.14724124244777;-0.2792075698883;0
1.61;-0.150011151944064;-0.274268082514101;0
1.62;-0.152731333465948;-0.269254869751474;0
1.63;-0.155401057076432;-0.26416956107308;0
1.64;-0.15801960921833;-0.259013804762563;0
1.65;-0.160586292900013;-0.253789267388127;0
1.66;-0.163100427875863;-0.248497633271544;0
1.67;-0.165561350821404;-0.243140603952744;0
1.68;-0.167968415503062;-0.237719897650173;0
1.69;-0.170320992942503;-0.232237248717067;0
1.7;-0.17261847157552;-0.226694407093838;0
1.71;-0.174860257405429;-0.221093137756721;0
1.72;-0.177045774150932;-0.215435220162856;0
1.73;-0.179174463388415;-0.209722447691996;0
1.74;-0.181245784688651;-0.203956627084993;0
1.75;-0.183259215747873;-0.198139577879241;0
1.76;-0.18521425251319;-0.192273131841264;0
1.77;-0.187110409302311;-0.1863591323966;0
1.78;-0.188947218917563;-0.180399434057184;0
1.79;-0.190724232754171;-0.174395901846379;0
1.8;-0.192441020902771;-0.168350410721851;0
1.81;-0.194097172246157;-0.162264844996461;0
1.82;-0.195692294550213;-0.15614109775734;0
1.83;-0.197226014549039;-0.149981070283336;0
1.84;-0.19869797802424;-0.143786671461011;0
1.85;-0.200107849878373;-0.137559817199351;0
1.86;-0.201455314202528;-0.131302429843388;0
1.87;-0.202740074338053;-0.125016437586896;0
1.88;-0.203961852932389;-0.118703773884335;0
1.89;-0.205120391989033;-0.112366376862247;0
1.9;-0.206215452911609;-0.106006188730245;0
1.91;-0.207246816542043;-0.0996251551917989;0
1.92;-0.208214283192854;-0.0932252248549895;0
1.93;-0.209117672673547;-0.0868083486433963;0
1.94;-0.209956824311119;-0.0803764792073108;0
1.95;-0.210731596964677;-0.0739315703354401;0
1.96;-0.211441869034179;-0.0674755763672825;0
1.97;-0.2120875384633;-0.0610104516063467;0
1.98;-0.212668522736433;-0.0545381497343908;0
1.99;-0.213184758869844;-0.0480606232268542;0
2;-0.213636203396981;-0.0415798227696561;0
2.01;-0.214022832347959;-0.0350976966775322;0
2.02;-0.214344641223238;-0.0286161903140826;0
2.03;-0.214601644961509;-0.0221372455137002;0
2.04;-0.214793877901809;-0.0156628000055516;0
2.05;-0.21492139373988;-0.00919478683977741;0
2.06;-0.214984265478813;-0.00273513381608236;0
2.07;-0.214982585373976;0.00371423708511941;0
2.08;-0.21491646487227;0.0101514102688365;0
2.09;-0.214786034545743;0.0165744770887458;0
2.1;-0.214591444019578;0.0229815364073863;0
2.11;-0.214332861894493;0.0293706951531403;0
2.12;-0.214010475663589;0.0357400688738383;0
2.13;-0.21362449162368;0.0420877822868301;0
2.14;-0.213175134781133;0.0484119698253604;0
2.15;-0.212662648752267;0.0547107761810939;0
2.16;-0.212087295658339;0.0609823568426325;0
2.17;-0.211449356015169;0.0672248786298707;0
2.18;-0.210749128617438;0.0734365202240357;0
2.19;-0.209986930417705;0.079615472693261;0
2.2;-0.209163096400189;0.0857599400135441;0
2.21;-0.208277979449368;0.0918681395849386;0
2.22;-0.207331950213425;0.0979383027428362;0
2.23;-0.206325396962623;0.103968675264192;0
2.24;-0.20525872544262;0.109957517868551;0
2.25;-0.204132358722817;0.115903106713734;0
2.26;-0.202946737039759;0.121803733886045;0
2.27;-0.201702317635667;0.127657707884859;0
2.28;-0.200399574592146;0.13346335410146;0
2.29;-0.199038998659135;0.139219015291991;0
2.3;-0.197621097079152;0.144923052044382;0
2.31;-0.196146393406896;0.15057384323914;0
2.32;-0.194615427324271;0.156169786503854;0
2.33;-0.193028754450895;0.161709298661301;0
2.34;-0.191386946150151;0.167190816171035;0
2.35;-0.189690589330865;0.172612795564323;0
2.36;-0.187940286244647;0.177973713872317;0
2.37;-0.186136654278997;0.183272069047351;0
2.38;-0.184280325746219;0.188506380377238;0
2.39;-0.182371947668233;0.193675188892457;0
2.4;-0.180412181557337;0.198777057766133;0
2.41;-0.178401703193009;0.203810572706677;0
2.42;-0.176341202394817;0.20877434234301;0
2.43;-0.174231382791507;0.213666998602246;0
2.44;-0.172072961586346;0.218487197079743;0
2.45;-0.169866669318809;0.223233617401426;0
2.46;-0.167613249622666;0.227904963578285;0
2.47;-0.165313458980567;0.232499964352947;0
2.48;-0.162968066475198;0.237017373538243;0
2.49;-0.160577853537082;0.241455970347684;0
2.5;-0.158143613689113;0.245814559717743;0
2.51;-0.155666152287915;0.250091972621881;0
2.52;-0.15314628626208;0.254287066376228;0
2.53;-0.150584843847402;0.258398724936835;0
2.54;-0.14798266431917;0.262425859188441;0
2.55;-0.145340597721614;0.26636740722466;0
2.56;-0.142659504594585;0.270222334619537;0
2.57;-0.139940255697564;0.273989634690401;0
2.58;-0.137183731731074;0.277668328751944;0
2.59;-0.1343908230556;0.281257466361473;0
2.6;-0.131562429408089;0.28475612555528;0
2.61;-0.12869945961613;0.288163413076061;0
2.62;-0.125802831309901;0.291478464591342;0
2.63;-0.122873470631968;0.294700444902861;0
2.64;-0.119912311945037;0.297828548146857;0
2.65;-0.11692029753774;0.300861997985214;0
2.66;-0.113898377328553;0.303800047787439;0
2.67;-0.110847508567931;0.306641980803409;0
2.68;-0.107768655538768;0.309387110326872;0
2.69;-0.104662789255249;0.312034779849662;0
2.7;-0.101530887160215;0.314584363206586;0
2.71;-0.098373932821112;0.317035264710983;0
2.72;-0.0951929156246336;0.319386919280899;0
2.73;-0.0919888304701374;0.321638792555876;0
2.74;-0.0887626774619402;0.323790381004338;0
2.75;-0.0855154616005814;0.32584121202154;0
2.76;-0.0822481924731474;0.327790844018086;0
2.77;-0.0789618839427554;0.329638866498991;0
2.78;-0.0756575538372875;0.331384900133298;0
2.79;-0.0723362236374726;0.333028596814214;0
2.8;-0.0689989181644086;0.334569639709809;0
2.81;-0.0656466652666202;0.336007743304224;0
2.82;-0.0622804955067479;0.337342653429448;0
2.83;-0.0589014418479612;0.338574147287621;0
2.84;-0.0555105393401911;0.339702033463912;0
2.85;-0.0521088248062768;0.340726151929957;0
2.86;-0.0486973365281203;0.341646374037887;0
2.87;-0.0452771139329424;0.342462602504961;0
2.88;-0.0418491972797355;0.343174771388815;0
2.89;-0.0384146273460054;0.343782846053374;0
2.9;-0.0349744451148959;0.344286823125423;0
2.91;-0.0315296914627902;0.344686730441887;0
2.92;-0.0280814068474806;0.344982626987853;0
2.93;-0.0246306309969995;0.34517460282535;0
2.94;-0.0211784025992047;0.345262779012941;0
2.95;-0.0177257589922092;0.345247307516165;0
2.96;-0.0142737358557484;0.34512837110886;0
2.97;-0.0108233669035736;0.344906183265432;0
2.98;-0.00737568357696547;0.344580988044091;0
2.99;-0.0039317147394534;0.344153059961139;0
3;-0.00049248637283366;0.343622703856323;0
3.01;0.00294097872542681;0.342990254749347;0
3.02;0.00636766124331185;0.342256077687575;0
3.03;0.00978654565381517;0.341420567584996;0
3.04;0.0131966205128501;0.340484149052515;0
3.05;0.0165968787554233;0.33944727621963;0
3.06;0.0199863179899868;0.338310432547571;0
3.07;0.0233639407908836;0.337074130633967;0
3.08;0.0267287549888012;0.335738912009109;0
3.09;0.0300797739591513;0.334305346923901;0
3.1;0.0334160169082912;0.332774034129555;0
3.11;0.0367365091575051;0.331145600649129;0
3.12;0.0400402824246657;0.329420701540981;0
3.13;0.0433263751034921;0.327600019654222;0
3.14;0.0465938325403288;0.325684265376264;0
3.15;0.0498417073083632;0.323674176372547;0
3.16;0.0530690594792065;0.321570517318526;0
3.17;0.0562749568917599;0.31937407962404;0
3.18;0.0594584754182899;0.317085681150125;0
3.19;0.0626193070740674;0.314934070015098;0.0506697025206058
3.2;0.0657604928623648;0.313198044487581;0.101339405041212
3.21;0.0688861878694468;0.311877410705191;0.152009107561817
3.22;0.0720005446838828;0.310971850620702;0.202678810082423
3.23;0.0751077121560578;0.31048092231081;0.253348512603029
3.24;0.0782118341609355;0.310404060321512;0.304018215123635
3.25;0.0813170483644398;0.310740576049907;0.354687917644241
3.26;0.0844274849938168;0.311489658162272;0.405357620164846
3.27;0.087547265612341;0.312650373048199;0.456027322685452
3.28;0.0906805018987237;0.314221665310603;0.506697025206058
3.29;0.0938312944315824;0.316202358291408;0.557366727726664
3.3;0.0970037314793271;0.318591154632662;0.608036430247269
3.31;0.100201887795816;0.321386636872884;0.658706132767875
3.32;0.103429823422132;0.324587268078374;0.709375835288481
3.33;0.10669158249483;0.328191392509264;0.760045537809087
3.34;0.109991192060998;0.332197236320029;0.810715240329693
3.35;0.11333266090048;0.336602908294202;0.861384942850299
3.36;0.116719978355597;0.341406400613005;0.912054645370904
3.37;0.120157113168705;0.346605589657618;0.96272434789151
3.38;0.12364801232793;0.352198236844775;1.01339405041212
3.39;0.127196599921405;0.358181989495393;1.06406375293272
3.4;0.130806776000337;0.364554381735899;1.11473345545333
3.41;0.134482415451243;0.371312835431951;1.16540315797393
3.42;0.138227366877657;0.378454661154197;1.21607286049454
3.43;0.142045451491647;0.385977059175738;1.26674256301514
3.44;0.14594046201544;0.393877120500945;1.31741226553575
3.45;0.149916161593477;0.402151827925252;1.36808196805636
3.46;0.153976282715213;0.410798057125576;1.41875167057696
3.47;0.15812452614894;0.41981257778096;1.46942137309757
3.48;0.162364559886969;0.429192054723079;1.52009107561817
3.49;0.166700018102438;0.438933049116182;1.57076077813878
3.5;0.171134500118054;0.449032019666095;1.62143048065939
3.51;0.175671569387057;0.459485323857849;1.67210018317999
3.52;0.180314752486685;0.47028921922153;1.7227698857006
3.53;0.185067538124421;0.48143986462591;1.7734395882212
3.54;0.189933376157304;0.492933321599437;1.82410929074181
3.55;0.194915676624568;0.504765555678125;1.87477899326241
3.56;0.200017808793882;0.516932437779907;1.92544869578302
3.57;0.205243100221448;0.529429745604992;1.97611839830363
3.58;0.21059483582622;0.542253165061745;2.02678810082423
3.59;0.216076256978495;0.555398291717652;2.07745780334484
3.6;0.221690560603122;0.568860632274851;2.12812750586544
3.61;0.227440436876382;0.58238715412656;2.10270840569359
3.62;0.233322792144319;0.595253965176946;2.05191834758505
3.63;0.239330631423968;0.607412733731002;2.0011282894765
3.64;0.245456863186136;0.618861031961272;1.95033823136796
3.65;0.251694372600233;0.629596649183863;1.89954817325942
3.66;0.25803602370707;0.639617592147921;1.84875811515088
3.67;0.264474661594247;0.648922085259438;1.79796805704234
3.68;0.271003114573487;0.657508570739418;1.7471779989338
3.69;0.277614196359259;0.665375708716491;1.69638794082526
3.7;0.284300708248028;0.672522377254038;1.64559788271672
3.71;0.291055441297487;0.678947672311952;1.59480782460818
3.72;0.297871178505108;0.684650907643132;1.54401776649964
3.73;0.304740696985368;0.689631614624888;1.4932277083911
3.74;0.311656770144996;0.693889542025387;1.44243765028256
3.75;0.31861216985559;0.697424655705336;1.39164759217402
3.76;0.325599668622967;0.700237138255113;1.34085753406548
3.77;0.332612041752586;0.70232738856754;1.29006747595693
3.78;0.339642069510416;0.703696021346563;1.23927741784839
3.79;0.346682539278602;0.704343866552074;1.18848735973985
3.8;0.353726247705292;0.704271968781179;1.13769730163131
3.81;0.360766002847992;0.703481586586166;1.08690724352277
3.82;0.367794626309818;0.701974191729531;1.03611718541423
3.83;0.374804955368013;0.69975146837636;0.98532712730569
3.84;0.381789845094113;0.696815312224437;0.934537069197149
3.85;0.388742170465128;0.693167829572429;0.883747011088609
3.86;0.395654828465136;0.688811336326549;0.832956952980068
3.87;0.40252074017666;0.683748356946097;0.782166894871527
3.88;0.409332852861229;0.677981623328287;0.731376836762986
3.89;0.416084142028525;0.671514073632818;0.680586778654446
3.9;0.422767613493487;0.664348851046634;0.629796720545905
3.91;0.429376305420819;0.656489302489343;0.579006662437364
3.92;0.435903290356264;0.647938977259799;0.528216604328824
3.93;0.442341677244097;0.638701625624334;0.477426546220283
3.94;0.448684613430234;0.628781197347182;0.426636488111742
3.95;0.454925286650385;0.618181840163625;0.375846430003201
3.96;0.461056927002687;0.606907898196422;0.325056371894661
3.97;0.467072808904245;0.594963910316079;0.27426631378612
3.98;0.472966253031026;0.582354608445579;0.223476255677579
3.99;0.478730628240553;0.569084915810135;0.172686197569039
4;0.484359353476854;0.555159945132623;0.121896139460498
4.01;0.489845899657116;0.540584996775305;0.0711060813519571
4.02;0.495183791539524;0.525365556828497;0.0203160232434163
4.03;0.500366711138439;0.509583462231303;0
4.04;0.505390834279309;0.493625018863913;0
4.05;0.510254826411395;0.477546033507824;0
4.06;0.514957504714299;0.461351533179329;0
4.07;0.519497736756018;0.445046570881769;0
4.08;0.52387444074579;0.428636224046175;0
4.09;0.528086585771346;0.412125592967274;0
4.1;0.532133192020489;0.395519799235326;0
4.11;0.536013330986977;0.378823984164276;0
4.12;0.539726125660679;0.362043307216687;0
4.13;0.54327075070196;0.345182944425953;0
4.14;0.546646432600283;0.328248086816243;0
4.15;0.549852449816997;0.311243938820677;0
4.16;0.552888132912307;0.294175716698194;0
4.17;0.555752864656399;0.2770486469496;0
4.18;0.558446080124738;0.259867964733269;0
4.19;0.560967266777506;0.242638912280966;0
4.2;0.563315964523215;0.22536673731428;0
4.21;0.56549176576648;0.208056691462127;0
4.22;0.567494315439977;0.190714028679806;0
4.23;0.569323311020601;0.173344003670069;0
4.24;0.570978502529844;0.155951870306687;0
4.25;0.572459692518419;0.138542880060971;0
4.26;0.573766736035173;0.121122280431715;0
4.27;0.574899540580305;0.103695313379034;0
4.28;0.57585806604295;0.0862672137625469;0
4.29;0.576642324623162;0.0688432077843791;0
4.3;0.577252380738354;0.0514285114374313;0
4.31;0.577688350914243;0.0340283289593777;0
4.32;0.57795040366036;0.0166478512928443;0
4.33;0.578038759330199;-0.000707745447780585;0
4.34;0.577953689966061;-0.0180333015024562;0
4.35;0.577695519128665;-0.0353236749840737;0
4.36;0.577264621711621;-0.0525737433890733;0
4.37;0.576661423740823;-0.0697784050996541;0
4.38;0.575886402158866;-0.0869325808771423;0
4.39;0.574940084594567;-0.104031215346084;0
4.4;0.573823049117691;-0.121069278468632;0
4.41;0.572535923978977;-0.13804176700881;0
4.42;0.571079387335568;-0.154943705986217;0
4.43;0.569454166961954;-0.171770150118769;0
4.44;0.567661039946539;-0.188516185254059;0
4.45;0.565700832373945;-0.205176929788922;0
4.46;0.563574418993178;-0.221747536076809;0
4.47;0.561282722871772;-0.238223191822555;0
4.48;0.55882671503605;-0.254599121464161;0
4.49;0.556207414097619;-0.270870587541184;0
4.5;0.553425885866252;-0.287032892049359;0
4.51;0.550483242949276;-0.303081377781062;0
4.52;0.547380644337633;-0.31901142965124;0
4.53;0.544119294978741;-0.334818476008439;0
4.54;0.54070044533631;-0.350497989930552;0
4.55;0.53712539093728;-0.36604549050494;0
4.56;0.533395471906022;-0.381456544092556;0
4.57;0.529512072485974;-0.39672676557573;0
4.58;0.525476620548872;-0.411851819589256;0
4.59;0.521290587091751;-0.426827421734462;0
4.6;0.516955485721877;-0.441649339775902;0
4.61;0.512472872129796;-0.456313394820366;0
4.62;0.507844343550673;-0.470815462477871;0
4.63;0.503071538214099;-0.485151474004311;0
4.64;0.498156134782563;-0.499317417425474;0
4.65;0.493099851778763;-0.513309338642103;0
4.66;0.487904447001952;-0.527123342515711;0
4.67;0.482571716933519;-0.540755593934855;0
4.68;0.477103496131992;-0.554202318861585;0
4.69;0.471501656617666;-0.567459805357785;0
4.7;0.465768107247064;-0.580524404591137;0
4.71;0.459904793077427;-0.593392531820442;0
4.72;0.453913694721442;-0.606060667360026;0
4.73;0.447796827692432;-0.618525357522998;0
4.74;0.441556241740195;-0.630783215543099;0
4.75;0.43519402017773;-0.642830922474902;0
4.76;0.428712279199064;-0.654665228072147;0
4.77;0.422113167188381;-0.666282951643956;0
4.78;0.415398864020702;-0.677680982888743;0
4.79;0.40857158035432;-0.688856282705579;0
4.8;0.401633556915228;-0.699805883982827;0
4.81;0.39458706377376;-0.710526892363837;0
4.82;0.387434399613679;-0.721016486989521;0
4.83;0.380177890993948;-0.731271921217611;0
4.84;0.372819891603411;-0.741290523318446;0
4.85;0.365362781508621;-0.7510696971471;0
4.86;0.357808966395056;-0.760606922791694;0
4.87;0.350160876801961;-0.769899757197751;0
4.88;0.34242096735105;-0.778945834768434;0
4.89;0.334591715969322;-0.787742867940532;0
4.9;0.326675623106216;-0.796288647736072;0
4.91;0.318675210945372;-0.804581044289414;0
4.92;0.310593022611224;-0.812618007349741;0
4.93;0.302431621370682;-0.820397566758803;0
4.94;0.294193589830145;-0.827917832903849;0
4.95;0.285881529128104;-0.835176997145619;0
4.96;0.277498058123568;-0.84217333222134;0
4.97;0.269045812580584;-0.848905192622632;0
4.98;0.260527444349078;-0.855371014948257;0
4.99;0.251945620542294;-0.861569318231649;0
5;0.243303022711062;-0.867498704243173;0
5.01;0.234602346015168;-0.87315785776706;0
5.02;0.225846298392055;-0.878545546852985;0
5.03;0.217037599723133;-0.883660623042249;0
5.04;0.208178980997941;-0.888502021568548;0
5.05;0.199273183476408;-0.893068761533311;0
5.06;0.190322957849483;-0.897359946055589;0
5.07;0.181331063398379;-0.901374762396508;0
5.08;0.172300267152682;-0.905112482058287;0
5.09;0.163233343047589;-0.908572460857825;0
5.1;0.154133071080529;-0.911754138974893;0
5.11;0.145002236467401;-0.91465704097496;0
5.12;0.135843628798716;-0.917280775806672;0
5.13;0.126660041195863;-0.919625036774049;0
5.14;0.117454269467779;-0.921689601483441;0
5.15;0.108229111268253;-0.923474331765307;0
5.16;0.0989873652541289;-0.924979173570878;0
5.17;0.0897318302446586;-0.926204156843781;0
5.18;0.0804653043822437;-0.927149395366711;0
5.19;0.0711905842948283;-0.927815086583232;0
5.2;0.0619104642601824;-0.928201511394802;0
5.21;0.0526277353723276;-0.928309033933137;0
5.22;0.0433451847103486;-0.92813810130801;0
5.23;0.0340655945098379;-0.927689243330619;0
5.24;0.0247917413372156;-0.926963072212629;0
5.25;0.0155263952671678;-0.925960282241037;0
5.26;0.00627231906344533;-0.924681649428992;0
5.27;-0.00296773263673925;-0.923128031142719;0
5.28;-0.0121910141344757;-0.921300365704691;0
5.29;-0.0213947894768464;-0.919199671973226;0
5.3;-0.0305763332603067;-0.916827048898651;0
5.31;-0.0397329314295223;-0.914183675056238;0
5.32;-0.0488618820714322;-0.911270808156056;0
5.33;-0.0579604962043065;-0.908089784529958;0
5.34;-0.0670260985615726;-0.904642018595874;0
5.35;-0.0760560283701825;-0.900929002299624;0
5.36;-0.0850476401232976;-0.89695230453444;0
5.37;-0.0939983043470699;-0.892713570538434;0
5.38;-0.102905408361299;-0.888214521270205;0
5.39;-0.111766357033746;-0.883456952762826;0
5.4;-0.120578573527896;-0.878442735456434;0
5.41;-0.129339500043945;-0.87317381350967;0
5.42;-0.138046598552808;-0.867652204090195;0
5.43;-0.146697351522945;-0.861879996644544;0
5.44;-0.155289262639784;-0.855859352147572;0
5.45;-0.163819857517557;-0.849592502331745;0
5.46;-0.172286684403331;-0.843081748896543;0
5.47;-0.180687314873051;-0.836329462698254;0
5.48;-0.189019344519389;-0.829338082920428;0
5.49;-0.197280393631214;-0.822110116225272;0
5.5;-0.205468107864492;-0.814648135886278;0
5.51;-0.213580158904428;-0.806954780902376;0
5.52;-0.221614245118662;-0.799032755093907;0
5.53;-0.229568092201357;-0.790884826180716;0
5.54;-0.237439453807975;-0.782513824842675;0
5.55;-0.245226112180589;-0.773922643762955;0
5.56;-0.252925878763544;-0.765114236654347;0
5.57;-0.260536594809318;-0.756091617268966;0
5.58;-0.268056131974391;-0.746857858391659;0
5.59;-0.275482392904991;-0.73741609081745;0
5.6;-0.282813311812528;-0.727769502313351;0
5.61;-0.290046855038597;-0.717921336564876;0
5.62;-0.297181021609355;-0.707874892107611;0
5.63;-0.304213843779169;-0.697633521244169;0
5.64;-0.311143387563358;-0.687200628946902;0
5.65;-0.317967753259897;-0.676579671746695;0
5.66;-0.324685075959958;-0.66577415660823;0
5.67;-0.331293526047136;-0.65478763979205;0
5.68;-0.337791309685235;-0.643623725703815;0
5.69;-0.344176669294503;-0.632286065731095;0
5.7;-0.350447884016166;-0.620778357068086;0
5.71;-0.356603270165165;-0.609104341528603;0
5.72;-0.362641181670968;-0.597267804347755;0
5.73;-0.368560010506349;-0.585272572972648;0
5.74;-0.374358187104031;-0.57312251584252;0
5.75;-0.380034180761075;-0.560821541158687;0
5.76;-0.385586500030933;-0.548373595644677;0
5.77;-0.391013693103055;-0.535782663296953;0
5.78;-0.396314348169962;-0.52305276412661;0
5.79;-0.401487093781702;-0.510187952892432;0
5.8;-0.40653059918759;-0.497192317825724;0
5.81;-0.41144357466517;-0.484069979347285;0
5.82;-0.416224771836305;-0.470825088776952;0
5.83;-0.420872983970338;-0.457461827036088;0
5.84;-0.425387046274243;-0.443984403343438;0
5.85;-0.429765836169706;-0.430397053904731;0
5.86;-0.434008273557077;-0.416704040596456;0
5.87;-0.438113321066132;-0.402909649644198;0
5.88;-0.442079984293604;-0.389018190295949;0
5.89;-0.445907312027414;-0.375033993490798;0
5.9;-0.449594396457576;-0.360961410523409;0
5.91;-0.453140373373734;-0.346804811704686;0
5.92;-0.456544422349276;-0.332568585019048;0
5.93;-0.459805766912026;-0.318257134778706;0
5.94;-0.462923674701446;-0.303874880275365;0
5.95;-0.465897457612364;-0.28942625442975;0
5.96;-0.468726471925175;-0.274915702439367;0
5.97;-0.471410118422523;-0.260347680424906;0
5.98;-0.473947842492432;-0.245726654075705;0
5.99;-0.476339134217903;-0.231057097294662;0
6;-0.478583528452942;-0.21634349084302;0
6.01;-0.480680604885052;-0.201590320985429;0
6.02;-0.482629988084173;-0.186802078135676;0
6.03;-0.484431347538077;-0.171983255503511;0
6.04;-0.486084397674249;-0.157138347742953;0
6.05;-0.487588897868252;-0.142271849602485;0
6.06;-0.488944652438604;-0.127388254577548;0
6.07;-0.490151510628197;-0.112492053565722;0
6.08;-0.491209366572277;-0.0975877335249946;0
6.09;-0.492118159253019;-0.0826797761355194;0
6.1;-0.492877872440748;-0.0677726564652584;0
6.11;-0.49348853462182;-0.0528708416398963;0
6.12;-0.493950218913236;-0.0379787895174229;0
6.13;-0.494263042964019;-0.0231009473677714;0
6.14;-0.494427168843409;-0.00824175055790059;0
6.15;-0.49444280291594;0.00659437875729639;0
6.16;-0.494310195703447;0.0214030329378716;0
6.17;-0.494029641734085;0.0361798201551125;0
6.18;-0.4936014793784;0.0509203656808643;0
6.19;-0.493026090672556;0.0656203131695104;0
6.2;-0.492303901128763;0.0802753259322392;0
6.21;-0.491435379533009;0.0948810882032283;0
6.22;-0.49042103773016;0.109433306397381;0
6.23;-0.489261430396525;0.123927710359253;0
6.24;-0.487957154799976;0.138360054602806;0
6.25;-0.486508850547706;0.152726119541641;0
6.26;-0.484917199321738;0.167021712709349;0
6.27;-0.483182924602264;0.181242669969637;0
6.28;-0.481306791378941;0.195384856715881;0
6.29;-0.479289605850239;0.209444169059766;0
6.3;-0.477132215110944;0.223416535008675;0
6.31;-0.474835506827948;0.237297915631495;0
6.32;-0.472400408904435;0.251084306212505;0
6.33;-0.469827889132574;0.264771737393025;0
6.34;-0.46711895483486;0.278356276300512;0
6.35;-0.464274652494217;0.291834027664765;0
6.36;-0.461296067373003;0.305201134920951;0
6.37;-0.458184323121041;0.318453781299131;0
6.38;-0.454940581372816;0.331588190899976;0
6.39;-0.45156604133398;0.344600629756396;0
6.4;-0.44806193935731;0.357487406880764;0
6.41;-0.444429548508247;0.370244875297463;0
6.42;-0.440670178120191;0.382869433060463;0
6.43;-0.436785173339679;0.395357524255648;0
6.44;-0.43277591466161;0.407705639987629;0
6.45;-0.42864381745468;0.419910319350761;0
6.46;-0.424390331477171;0.431968150384108;0
6.47;-0.420016940383267;0.443875771010089;0
6.48;-0.415525161220056;0.455629869956574;0
6.49;-0.41091654391539;0.467227187662142;0
6.5;-0.406192670756766;0.478664517164306;0
6.51;-0.401355155861401;0.489938704970426;0
6.52;-0.396405644637683;0.501046651911109;0
6.53;-0.391345813238158;0.51198531397585;0
6.54;-0.386177368004253;0.52275170313071;0
6.55;-0.380902044902893;0.533342888117804;0
6.56;-0.375521608955209;0.543755995236396;0
6.57;-0.370037853657526;0.553988209105398;0
6.58;-0.364452600394797;0.564036773407082;0
6.59;-0.3587676978467;0.573898991611802;0
6.6;-0.352985021386558;0.583572227683551;0
6.61;-0.347106472473306;0.593053906766173;0
6.62;-0.341133978036671;0.602341515850054;0
6.63;-0.335069489855782;0.61143260441913;0
6.64;-0.328914983931394;0.620324785078049;0
6.65;-0.322672459851934;0.629015734159333;0
6.66;-0.316343940153559;0.637503192310399;0
6.67;-0.309931469674449;0.64578496506028;0
6.68;-0.303437114903507;0.653858923365938;0
6.69;-0.296862963323699;0.661723004138013;0
6.7;-0.290211122750232;0.669375210745907;0
6.71;-0.283483720663763;0.67681361350207;0
6.72;-0.276682903538871;0.684036350125395;0
6.73;-0.26981083616798;0.691041626183606;0
6.74;-0.262869700980964;0.697827715514545;0
6.75;-0.255861697360622;0.704392960626278;0
6.76;-0.248789040954253;0.710735773075922;0
6.77;-0.241653962981546;0.716854633827124;0
6.78;-0.234458709538977;0.722748093586125;0
6.79;-0.227205540900954;0.72841477311633;0
6.8;-0.219896730817908;0.73385336353135;0
6.81;-0.212534565811552;0.739062626566443;0
6.82;-0.20512134446752;0.74404139482832;0
6.83;-0.197659376725612;0.748788572023282;0
6.84;-0.190150983167849;0.753303133163646;0
6.85;-0.182598494304564;0.757584124752448;0
6.86;-0.175004249858743;0.761630664946389;0
6.87;-0.167370598048835;0.765441943697034;0
6.88;-0.15969989487025;0.769017222870237;0
6.89;-0.151994503375757;0.772355836343809;0
6.9;-0.144256792955005;0.77545719008343;0
6.91;-0.136489138613383;0.778320762196822;0
6.92;-0.128693920250434;0.780946102966202;0
6.93;-0.120873521938046;0.783332834859049;0
6.94;-0.11303033119863;0.785480652517207;0
6.95;-0.105166738283505;0.787389322724377;0
6.96;-0.0972851354517034;0.789058684352039;0
6.97;-0.0893879162494164;0.790488648283855;0
6.98;-0.0814774747902929;0.791679197318618;0
6.99;-0.0735562050368012;0.792630386051811;0
7;-0.0656265000828751;0.793342340735846;0
7.01;-0.0576907514380508;0.793815259119063;0
7.02;-0.0497513483133102;0.794049410263578;0
7.03;-0.0418106769088402;0.794045134342058;0
7.04;-0.0338711197039189;0.793802842413542;0
7.05;-0.025935054749137;0.793323016178388;0
7.06;-0.0180048549611644;0.79260620771247;0
7.07;-0.0100828874202664;0.791653039180734;0
7.08;-0.00217151267077764;0.790464202530238;0
7.09;0.00572691597526256;0.789040459162805;0
7.1;0.0136100531311105;0.787382639587407;0
7.11;0.0214755620247512;0.785491643052448;0
7.12;0.0293211151845646;0.783368437158059;0
7.13;0.0371443951210252;0.781014057448575;0
7.14;0.0449430950042379;0.77842960698535;0
7.15;0.0527149193371141;0.775616255900061;0
7.16;0.0604575846239938;0.772575240928677;0
7.17;0.0681688200345208;0.769307864926265;0
7.18;0.0758463680625801;0.765815496362807;0
7.19;0.0834879851801098;0.762099568800216;0
7.2;0.0910914424855979;0.758161580350744;0
7.21;0.0986545263470808;0.754003093116959;0
7.22;0.10617503903946;0.749625732613518;0
7.23;0.113650799375953;0.745031187170909;0
7.24;0.121079643333505;0.740221207321406;0
7.25;0.128459424671978;0.735197605167416;0
7.26;0.135788015546945;0.729962253732469;0
7.27;0.143063307115918;0.724517086295054;0
7.28;0.15028321013784;0.718864095705539;0
7.29;0.157445655565663;0.713005333686414;0
7.3;0.164548595131865;0.706942910116076;0
7.31;0.171590001926725;0.700678992296428;0
7.32;0.178567870969202;0.69421580420451;0
7.33;0.185480219770263;0.687555625728435;0
7.34;0.192325088888496;0.680700791887877;0
7.35;0.199100542477865;0.673653692039367;0
7.36;0.205804668827445;0.666416769066677;0
7.37;0.212435580892998;0.658992518556541;0
7.38;0.218991416820242;0.651383487959998;0
7.39;0.225470340459665;0.643592275739631;0
7.4;0.231870541872753;0.635621530502974;0
7.41;0.238190237829493;0.627473950122389;0
7.42;0.244427672297008;0.619152280841674;0
7.43;0.250581116919205;0.610659316369715;0
7.44;0.2566488714873;0.601997896961467;0
7.45;0.262629264401101;0.59317090848656;0
7.46;0.268520653120911;0.584181281485832;0
7.47;0.27432142460996;0.575031990216092;0
7.48;0.28002999576722;0.565726051683428;0
7.49;0.285644813850503;0.556266524665348;0
7.5;0.291164356889743;0.546656508722095;0
7.51;0.296587134090327;0.536899143197425;0
7.52;0.301911686226402;0.526997606209182;0
7.53;0.307136586024034;0.516955113629985;0
7.54;0.312260438534136;0.506774918058348;0
7.55;0.317281881495059;0.496460307780559;0
7.56;0.32219958568477;0.486014605723648;0
7.57;0.32701225526251;0.475441168399768;0
7.58;0.331718628099872;0.464743384842321;0
7.59;0.336317476101192;0.453924675534172;0
7.6;0.340807605513192;0.442988491328265;0
7.61;0.3451878572238;0.431938312361005;0
7.62;0.349457107050067;0.420777646958716;0
7.63;0.353614266015122;0.409510030537539;0
7.64;0.357658280614095;0.39813902449709;0
7.65;0.361588133068955;0.386668215108243;0
7.66;0.365402841572192;0.375101212395355;0
7.67;0.369101460519308;0.363441649013304;0
7.68;0.372683080730047;0.351693179119668;0
7.69;0.376146829658331;0.339859477242394;0
7.7;0.379491871590855;0.327944237143312;0
7.71;0.382717407834293;0.315951170677834;0
7.72;0.385822676891093;0.303884006651188;0
7.73;0.388806954623819;0.291746489671541;0
7.74;0.391669554408002;0.279542379000353;0
7.75;0.394409827273495;0.267275447400313;0
7.76;0.397027162034296;0.25494947998121;0
7.77;0.399520985406811;0.242568273044089;0
7.78;0.401890762116569;0.230135632924031;0
7.79;0.404135994993345;0.217655374831924;0
7.8;0.406256225054704;0.205131321695554;0
7.81;0.408251031577957;0.192567303000384;0
7.82;0.410120032160518;0.179967153630352;0
7.83;0.411862882768675;0.167334712709049;0
7.84;0.413479277774773;0.15467382244161;0
7.85;0.414968949982823;0.141988326957684;0
7.86;0.416331670642547;0.129282071155799;0
7.87;0.417567249451867;0.116558899549502;0
7.88;0.418675534547879;0.103822655115578;0
7.89;0.419656412486303;0.0910771781447248;0
7.9;0.420509808209466;0.0783263050949999;0
7.91;0.421235685002823;0.0655738674483891;0
7.92;0.421834044440068;0.0528236905708321;0
7.93;0.422304926316853;0.0400795925760401;0
7.94;0.422648408573172;0.0273453831934404;0
7.95;0.422864607204436;0.0146248626405803;0
7.96;0.422953676161302;0.00192182050031909;0
7.97;0.422915807238287;-0.0107599653968609;0
7.98;0.42275122995124;-0.0234167300851006;0
7.99;0.422460211403708;-0.0360447225696421;0
8;0.422043056142268;-0.048640206927217;0
8.01;0.421500106000886;-0.0611994634000255;0
8.02;0.420831739934362;-0.0737187894829897;0
8.03;0.42003837384094;-0.0861945010039669;0
8.04;0.419120460374136;-0.0986229331966105;0
8.05;0.41807848874389;-0.111000441765569;0
8.06;0.416912984507085;-0.123323403943722;0
8.07;0.41562450934754;-0.135588219541138;0
8.08;0.414213660845551;-0.147791311985469;0
8.09;0.41268107223706;-0.159929129353477;0
8.1;0.411027412162562;-0.171998145393393;0
8.11;0.409253384405822;-0.183994860537826;0
8.12;0.407359727622507;-0.195915802906938;0
8.13;0.405347215058835;-0.20775752930159;0
8.14;0.403216654260335;-0.21951662618618;0
8.15;0.400968886770831;-0.231189710660908;0
8.16;0.398604787821744;-0.242773431423181;0
8.17;0.396125266011837;-0.2542644697179;0
8.18;0.393531262977505;-0.265659540276347;0
8.19;0.39082375305373;-0.276955392243431;0
8.2;0.388003742925814;-0.288148810093019;0
8.21;0.385072271272016;-0.299236614531106;0
8.22;0.38203040839721;-0.310215663386569;0
8.23;0.3788792558577;-0.321082852489263;0
8.24;0.375619946077298;-0.331835116535223;0
8.25;0.372253641954823;-0.342469429938714;0
8.26;0.368781536463131;-0.352982807670928;0
8.27;0.365204852239823;-0.363372306085069;0
8.28;0.36152484116976;-0.37363502372762;0
8.29;0.357742783959535;-0.383768102135571;0
8.3;0.353859989704028;-0.393768726619383;0
8.31;0.349877795445205;-0.403634127031491;0
8.32;0.345797565723293;-0.413361578520132;0
8.33;0.341620692120483;-0.422948402268297;0
8.34;0.337348592797311;-0.432391966217619;0
8.35;0.332982712021875;-0.441689685776995;0
8.36;0.328524519692028;-0.450839024515766;0
8.37;0.323975510850708;-0.459837494841264;0
8.38;0.319337205194573;-0.468682658660559;0
8.39;0.314611146576081;-0.477372128026233;0
8.4;0.309798902499187;-0.485903565766;0
8.41;0.304902063608823;-0.494274686096042;0
8.42;0.299922243174308;-0.502483255217869;0
8.43;0.294861076566874;-0.510527091898582;0
8.44;0.289720220731459;-0.51840406803438;0
8.45;0.284501353652943;-0.526112109197161;0
8.46;0.279206173816991;-0.533649195164114;0
8.47;0.273836399665684;-0.541013360430133;0
8.48;0.268393769048096;-0.54820269470296;0
8.49;0.262880038666004;-0.55521534338092;0
8.5;0.257296983514896;-0.562049508013145;0
8.51;0.251646396320454;-0.568703446742176;0
8.52;0.245930086970698;-0.575175474728832;0
8.53;0.240149881943954;-0.581463964559269;0
8.54;0.234307623732832;-0.587567346634115;0
8.55;0.228405170264402;-0.593484109539612;0
8.56;0.222444394316732;-0.599212800400674;0
8.57;0.216427182931976;-0.604752025215796;0
8.58;0.210355436826202;-0.610100449173733;0
8.59;0.20423106979613;-0.6152567969519;0
8.6;0.19805600812297;-0.620219852996415;0
8.61;0.191832189973543;-0.624988461783758;0
8.62;0.185561564798866;-0.629561528063976;0
8.63;0.179246092730392;-0.633938017085404;0
8.64;0.172887743974083;-0.63811695480087;0
8.65;0.166488498202504;-0.642097428055342;0
8.66;0.160050343945128;-0.645878584755001;0
8.67;0.15357527797703;-0.649459634017724;0
8.68;0.14706530470616;-0.652839846304958;0
8.69;0.140522435559385;-0.656018553534972;0
8.7;0.133948688367477;-0.658995149177501;0
8.71;0.127346086749243;-0.661769088329774;0
8.72;0.120716659494975;-0.664339887773935;0
8.73;0.11406243994941;-0.666707126015878;0
8.74;0.107385465394389;-0.66887044330551;0
8.75;0.10068777643139;-0.670829541638475;0
8.76;0.0939714163641334;-0.67258418473936;0
8.77;0.0872384305814365;-0.674134198026432;0
8.78;0.080490865940501;-0.67547946855794;0
8.79;0.0737307701508239;-0.676619944960029;0
8.8;0.06696019115891;-0.677555637336325;0
8.81;0.0601811765339708;-0.678286617159253;0
8.82;0.0533957728547932;-0.678813017143132;0
8.83;0.0466060250979577;-0.67913503109914;0
8.84;0.0398139760275891;-0.679252913772217;0
8.85;0.0330216655868191;-0.679166980659969;0
8.86;0.0262311302911401;-0.678877607813688;0
8.87;0.0194444026238297;-0.67838523162155;0
8.88;0.0126635104336219;-0.677690348574106;0
8.89;0.00589047633480416;-0.676793515012159;0
8.9;-0.000872682890086717;-0.67569534685713;0
8.91;-0.00762395688479314;-0.674396519324028;0
8.92;-0.0143613423109176;-0.672897766617146;0
8.93;-0.0210828434363828;-0.67119988160859;0
8.94;-0.0277864727206008;-0.669303715499776;0
8.95;-0.0344702513961804;-0.667210177466024;0
8.96;-0.0411322100470056;-0.66492023428439;0
8.97;-0.0477703891825164;-0.662434909944858;0
8.98;-0.0543828398080284;-0.659755285245068;0
8.99;-0.0609676239909252;-0.656882497368692;0
9;-0.067522815422562;-0.653817739447651;0
9.01;-0.0740464999757193;-0.650562260108298;0
9.02;-0.0805367762574463;-0.647117363001756;0
9.03;-0.0869917561571379;-0.643484406318566;0
9.04;-0.0934095653896874;-0.639664802287817;0
9.05;-0.0997883440335614;-0.635660016660945;0
9.06;-0.106126247063645;-0.631471568180367;0
9.07;-0.112421444878706;-0.627101028033153;0
9.08;-0.118672123823327;-0.622550019289907;0
9.09;-0.124876486704162;-0.617820216329065;0
9.1;-0.131032753300374;-0.612913344246803;0
9.11;-0.137139160868101;-0.607831178252753;0
9.12;-0.143193964638822;-0.602575543051736;0
9.13;-0.149195438311475;-0.597148312211723;0
9.14;-0.155141874538195;-0.591551407518235;0
9.15;-0.161031585403536;-0.585786798315393;0
9.16;-0.166862902897042;-0.579856500833855;0
9.17;-0.17263417937904;-0.573762577505844;0
9.18;-0.178343788039527;-0.567507136267504;0
9.19;-0.183990123350028;-0.561092329848825;0
9.2;-0.189571601508288;-0.554520355051348;0
9.21;-0.195086660875695;-0.54779345201391;0
9.22;-0.20053376240731;-0.540913903466653;0
9.23;-0.205911390074374;-0.533884033973553;0
9.24;-0.211218051279201;-0.52670620916371;0
9.25;-0.216452277262328;-0.519382834951647;0
9.26;-0.221612623501821;-0.511916356746877;0
9.27;-0.226697670104629;-0.504309258652981;0
9.28;-0.231706022189885;-0.496564062656479;0
9.29;-0.236636310264045;-0.488683327805719;0
9.3;-0.241487190587778;-0.480669649380089;0
9.31;-0.246257345534504;-0.472525658049778;0
9.32;-0.250945483940483;-0.464254019026383;0
9.33;-0.255550341446379;-0.455857431204618;0
9.34;-0.260070680830193;-0.447338626295402;0
9.35;-0.264505292331497;-0.438700367950601;0
9.36;-0.268852993966871;-0.429945450879696;0
9.37;-0.273112631836477;-0.421076699958664;0
9.38;-0.27728308042169;-0.412096969331342;0
9.39;-0.281363242873698;-0.403009141503573;0
9.4;-0.285352051293029;-0.39381612643039;0
9.41;-0.289248466999902;-0.38452086059656;0
9.42;-0.293051480795371;-0.375126306090737;0
9.43;-0.296760113213171;-0.365635449673548;0
9.44;-0.300373414762222;-0.356051301839873;0
9.45;-0.303890466159733;-0.346376895875627;0
9.46;-0.30731037855485;-0.336615286909331;0
9.47;-0.310632293742794;-0.326769550958763;0
9.48;-0.313855384369445;-0.316842783972992;0
9.49;-0.31697885412633;-0.306838100870075;0
9.5;-0.32000193793597;-0.296758634570728;0
9.51;-0.322923902127539;-0.286607535028262;0
9.52;-0.325744044602815;-0.276387968255072;0
9.53;-0.328461694992379;-0.266103115345997;0
9.54;-0.331076214802031;-0.255756171498831;0
9.55;-0.333586997549406;-0.245350345032287;0
9.56;-0.335993468890752;-0.234888856401722;0
9.57;-0.338295086737865;-0.224374937212914;0
9.58;-0.340491341365142;-0.213811829234189;0
9.59;-0.342581755506762;-0.203202783407197;0
9.6;-0.344565884443961;-0.192551058856652;0
9.61;-0.346443316082406;-0.1818599218993;0
9.62;-0.348213671019648;-0.171132645052453;0
9.63;-0.349876602602673;-0.16037250604236;0
9.64;-0.351431796975525;-0.149582786812719;0
9.65;-0.352878973117021;-0.138766772533633;0
9.66;-0.354217882868557;-0.1279277506113;0
9.67;-0.355448310952019;-0.117069009698738;0
9.68;-0.356570074977801;-0.106193838707831;0
9.69;-0.357583025442956;-0.0953055258229984;0
9.7;-0.35848704571949;-0.0844073575167806;0
9.71;-0.359282052032819;-0.0735026175676226;0
9.72;-0.359967993430418;-0.0625945860801596;0
9.73;-0.360544851740686;-0.0516865385082845;0
9.74;-0.361012641522052;-0.0407817446812897;0
9.75;-0.361371410002359;-0.0298834678333679;0
9.76;-0.361621237008559;-0.0189949636367588;0
9.77;-0.361762234886758;-0.00811947923882302;0
9.78;-0.361794548412647;0.00273974769667243;0
9.79;-0.361718354692372;0.0135794899437788;0
9.8;-0.361533863053874;0.0243965316638213;0
9.81;-0.361241314928768;0.0351876693498096;0
9.82;-0.360840983724793;0.0459497127655281;0
9.83;-0.360333174688895;0.0566794858790354;0
9.84;-0.359718224761013;0.0673738277903;0
9.85;-0.358996502418602;0.0780295936527068;0
9.86;-0.358168407511975;0.0886436555881673;0
9.87;-0.357234371090529;0.0992129035955706;0
9.88;-0.356194855219909;0.109734246452314;0
9.89;-0.355050352790192;0.120204612608657;0
9.9;-0.353801387315162;0.130620951074635;0
9.91;-0.352448512722751;0.140980232299296;0
9.92;-0.350992313136717;0.151279449041989;0
9.93;-0.349433402649655;0.161515617235474;0
9.94;-0.347772425087407;0.1716857768406;0
9.95;-0.346010053764967;0.18178699269231;0
9.96;-0.344146991233966;0.191816355336741;0
9.97;-0.342183969021826;0.201770981859168;0
9.98;-0.340121747362681;0.211648016702582;0
9.99;-0.337961114920144;0.221444632476649;0
10;-0.335702888502044;0.231158030756847;0
10.01;-0.333347912767204;0.240785442873535;0
10.02;-0.330897059924378;0.250324130690752;0
10.03;-0.328351229423454;0.25977138737453;0
10.04;-0.325711347639009;0.269124538150492;0
10.05;-0.322978367546347;0.278380941050547;0
10.06;-0.320153268390119;0.287537987648465;0
10.07;-0.317237055345631;0.296593103784131;0
10.08;-0.314230759172971;0.305543750276284;0
10.09;-0.311135435864051;0.314387423623548;0
10.1;-0.307952166282703;0.323121656693561;0
10.11;-0.304682055797924;0.331744019400014;0
10.12;-0.301326233910425;0.34025211936743;0
10.13;-0.297885853872564;0.348643602583487;0
10.14;-0.294362092301838;0.356916154038726;0
10.15;-0.290756148788011;0.365067498353468;0
10.16;-0.287069245494053;0.373095400391769;0
10.17;-0.283302626750979;0.380997665862261;0
10.18;-0.279457558646755;0.388772141905717;0
10.19;-0.275535328609377;0.396416717669184;0
10.2;-0.271537244984279;0.403929324866539;0
10.21;-0.267464636606188;0.411307938325318;0
10.22;-0.263318852365581;0.41855057651969;0
10.23;-0.25910126076987;0.425655302089421;0
10.24;-0.254813249499464;0.432620222344716;0
10.25;-0.250456224958842;0.439443489756796;0
10.26;-0.246031611822793;0.446123302434097;0
10.27;-0.241540852577948;0.452657904583974;0
10.28;-0.236985407059774;0.459045586959786;0
10.29;-0.23236675198515;0.465284687293266;0
10.3;-0.227686380480694;0.47137359071206;0
10.31;-0.222945801606982;0.477310730142347;0
10.32;-0.218146539878803;0.483094586696435;0
10.33;-0.21329013478161;0.488723690045247;0
10.34;-0.208378140284314;0.49419661877561;0
10.35;-0.203412124348574;0.499512000732274;0
10.36;-0.198393668434732;0.504668513344563;0
10.37;-0.193324367004557;0.509664883937617;0
10.38;-0.188205827020943;0.514499890028132;0
10.39;-0.183039667444717;0.519172359604552;0
10.4;-0.177827518728723;0.523681171391645;0
10.41;-0.172571022309318;0.528025255099417;0
10.42;-0.167271830095466;0.532203591656321;0
10.43;-0.161931603955556;0.536215213426702;0
10.44;-0.156552015202125;0.540059204412455;0
10.45;-0.151134744074632;0.543734700438862;0
10.46;-0.145681479220447;0.547240889324563;0
10.47;-0.140193917174211;0.550577011035661;0
10.48;-0.134673761835726;0.553742357823927;0
10.49;-0.129122723946533;0.556736274349088;0
10.5;-0.123542520565345;0.559558157785206;0
10.51;-0.11793487454248;0.562207457911123;0
10.52;-0.112301513993464;0.564683677184986;0
10.53;-0.106644171771965;0.566986370802852;0
10.54;-0.100964584942205;0.569115146741385;0
10.55;-0.0952644942510231;0.571069665784656;0
10.56;-0.0895456435997354;0.572849641535065;0
10.57;-0.0838097795159647;0.57445484040842;0
10.58;-0.0780586506255847;0.575885081613184;0
10.59;-0.0722940071249453;0.577140237113937;0
10.6;-0.0665176002535338;0.578220231579084;0
10.61;-0.0607311817672297;0.579125042312859;0
10.62;-0.0549365034123097;0.579854699171662;0
10.63;-0.0491353164003604;0.580409284464791;0
10.64;-0.0433293708842529;0.580788932839619;0
10.65;-0.0375204154353356;0.580993831151282;0
10.66;-0.031710196522;0.581024218316935;0
10.67;-0.0259004579897728;0.580880385154661;0
10.68;-0.0200929405430873;0.580562674207094;0
10.69;-0.0142893812288879;0.580071479549837;0
10.7;-0.00849151292221817;0.579407246584773;0
10.71;-0.00270106381394301;0.578570471818331;0
10.72;0.00308024309924368;0.577561702624824;0
10.73;0.00885069052237845;0.576381536994943;0
10.74;0.0146085673672061;0.57503062326951;0
10.75;0.0203521692544288;0.573509659858597;0
10.76;0.0260797990130818;0.571819394946114;0
10.77;0.0317897671768887;0.569960626179992;0
10.78;0.0374803924774553;0.567934200348067;0
10.79;0.043150002334158;0.565741013039789;0
10.8;0.048796933340586;0.563382008293889;0
10.81;0.0544195317473971;0.56085817823212;0
10.82;0.0600161539414493;0.558170562679227;0
10.83;0.0655851669210703;0.555320248769255;0
10.84;0.0711249487673294;0.552308370538365;0
10.85;0.0766338891111766;0.549136108504286;0
10.86;0.0821103895963181;0.545804689232551;0
10.87;0.0875528643376934;0.542315384889686;0
10.88;0.0929597403754278;0.538669512783488;0
10.89;0.098329458124129;0.534868434890567;0
10.9;0.103660471817403;0.530913557371309;0
10.91;0.108951249947465;0.526806330072422;0
10.92;0.114200275699715;0.522548246017255;0
10.93;0.119406047382171;0.518140840884037;0
10.94;0.124567078849623;0.513585692472232;0
10.95;0.129681899922402;0.508884420157187;0
10.96;0.134749056799642;0.504038684333251;0
10.97;0.139767112466924;0.499050185845553;0
10.98;0.144734647098181;0.493920665410639;0
10.99;0.149650258451771;0.488651903026148;0
11;0.154512562260587;0.483245717369724;0
11.01;0.159320192616114;0.477703965187373;0
11.02;0.164071802346326;0.472028540671456;0
11.03;0.168766063387308;0.466221374828528;0
11.04;0.173401667148519;0.460284434837227;0
11.05;0.177977324871588;0.454219723396422;0
11.06;0.182491767982546;0.448029278063838;0
11.07;0.186943748437405;0.441715170585364;0
11.08;0.191332039060989;0.435279506215268;0
11.09;0.195655433878925;0.428724423027534;0
11.1;0.199912748442709;0.422052091218549;0
11.11;0.204102820147763;0.415264712401351;0
11.12;0.20822450854439;0.408364518891684;0
11.13;0.212276695641568;0.401353772986063;0
11.14;0.216258286203471;0.394234766232105;0
11.15;0.220168208038674;0.387009818691339;0
11.16;0.22400541228195;0.379681278194736;0
11.17;0.22776887366858;0.372251519591199;0
11.18;0.231457590801134;0.364722943989238;0
11.19;0.235070586408627;0.357097977992085;0
11.2;0.238606907598;0.349379072926472;0
11.21;0.242065626097863;0.341568704065335;0
11.22;0.245445838494438;0.333669369844664;0
11.23;0.248746666459644;0.325683591074765;0
11.24;0.251967256971271;0.317613910146164;0
11.25;0.25510678252519;0.309462890230409;0
11.26;0.258164441339551;0.30123311447602;0
11.27;0.261139457550914;0.292927185199827;0
11.28;0.264031081402278;0.284547723073953;0
11.29;0.266838589422962;0.276097366308698;0
11.3;0.269561284600294;0.267578769831559;0
11.31;0.272198496543076;0.258994604462662;0
11.32;0.274749581636785;0.250347556086839;0
11.33;0.277213923190486;0.241640324822615;0
11.34;0.279590931575418;0.232875624188355;0
11.35;0.281880044355229;0.22405618026583;0
11.36;0.28408072640784;0.215184730861453;0
11.37;0.286192470038905;0.206264024665441;0
11.38;0.288214795086864;0.197296820409163;0
11.39;0.290147249019552;0.18828588602092;0
11.4;0.291989407022368;0.179233997780426;0
11.41;0.293740872077978;0.170143939472234;0
11.42;0.29540127503755;0.161018501538373;0
11.43;0.296970274683518;0.151860480230434;0
11.44;0.298447557783856;0.142672676761389;0
11.45;0.299832839137877;0.133457896457362;0
11.46;0.301125861613548;0.124218947909641;0
11.47;0.302326396176326;0.114958642127159;0
11.48;0.303434241909527;0.105679791689707;0
11.49;0.304449226026223;0.096385209902137;0
11.5;0.305371203872694;0.087077709949799;0
11.51;0.306200058923435;0.0777601040554613;0
11.52;0.306935702767746;0.0684352026379738;0
11.53;0.307578075087913;0.0591058134729151;0
11.54;0.308127143629004;0.0497747408554757;0
11.55;0.308582904160309;0.0404447847658223;0
11.56;0.308945380428444;0.0311187400371906;0
11.57;0.30921462410215;0.0217993955269509;0
11.58;0.309390714708812;0.0124895332908888;0
11.59;0.309473759562743;0.00319192776094504;0
11.6;0.309463893685259;-0.00609065507334691;0
11.61;0.309361279716585;-0.0153554584794856;0
11.62;0.309166107819634;-0.0245997357924512;0
11.63;0.308878595575701;-0.0338207512207444;0
11.64;0.30849898787212;-0.0430157806477808;0
11.65;0.30802755678192;-0.0521821124284081;0
11.66;0.307464601435555;-0.0613170481803156;0
11.67;0.306810447884725;-0.0704179035701085;0
11.68;0.306065448958374;-0.0794820090938194;0
11.69;0.305229984110902;-0.0885067108516331;0
11.7;0.304304459262664;-0.0974893713166029;0
11.71;0.303289306632799;-0.106427370097137;0
11.72;0.302184984564473;-0.115318104693039;0
11.73;0.300991977342586;-0.124158991244883;0
11.74;0.299710795004017;-0.13294746527652;0
11.75;0.298341973140476;-0.141680982430487;0
11.76;0.296886072694035;-0.150357019196133;0
11.77;0.295343679745409;-0.158973073630235;0
11.78;0.293715405295071;-0.167526666069916;0
11.79;0.292001885037264;-0.176015339837658;0
11.8;0.290203779127011;-0.184436661938213;0
11.81;0.28832177194018;-0.192788223747213;0
11.82;0.286356571826713;-0.201067641691301;0
11.83;0.284308910857084;-0.209272557919572;0
11.84;0.282179544562085;-0.217400640966158;0
11.85;0.27996925166603;-0.225449586403764;0
11.86;0.277678833813462;-0.233417117487968;0
11.87;0.275309115289454;-0.241300985792128;0
11.88;0.272860942733618;-0.2490989718327;0
11.89;0.270335184847888;-0.256808885684804;0
11.9;0.267732732098204;-0.264428567587882;0
11.91;0.265054496410179;-0.271955888541261;0
11.92;0.262301410858859;-0.279388750889482;0
11.93;0.259474429352673;-0.286725088897217;0
11.94;0.256574526311683;-0.293962869313638;0
11.95;0.253602696340243;-0.301100091926075;0
11.96;0.250559953894159;-0.308134790102819;0
11.97;0.247447332942484;-0.315065031324922;0
11.98;0.244265886624033;-0.321888917706869;0
11.99;0.241016686898751;-0.328604586505959;0
12;0.237700824194029;-0.335210210620284;0
12.01;0.234319407046105;-0.34170399907517;0
12.02;0.230873561736639;-0.348084197497949;0
12.03;0.227364431924604;-0.35434908858094;0
12.04;0.223793178273593;-0.360496992532532;0
12.05;0.220160978074675;-0.366526267516238;0
12.06;0.216469024864912;-0.372435310077626;0
12.07;0.212718528041663;-0.378222555558997;0
12.08;0.208910712472793;-0.383886478501737;0
12.09;0.20504681810292;-0.389425593036211;0
12.1;0.201128099555816;-0.394838453259135;0
12.11;0.197155825733093;-0.400123653598308;0
12.12;0.193131279409293;-0.405279829164631;0
12.13;0.189055756823527;-0.410305656091326;0
12.14;0.184930567267765;-0.415199851860278;0
12.15;0.180757032671934;-0.419961175615416;0
12.16;0.176536487185934;-0.424588428463067;0
12.17;0.172270276758708;-0.429080453759223;0
12.18;0.167959758714505;-0.433436137383641;0
12.19;0.163606301326453;-0.437654408000728;0
12.2;0.15921128338759;-0.441734237307152;0
12.21;0.154776093779478;-0.445674640266129;0
12.22;0.150302131038527;-0.449474675328338;0
12.23;0.14579080292018;-0.453133444639419;0
12.24;0.141243525961078;-0.456650094234016;0
12.25;0.136661725039343;-0.460023814216334;0
12.26;0.132046832933128;-0.463253838927169;0
12.27;0.127400289877538;-0.466339447097398;0
12.28;0.122723543120097;-0.469279961987895;0
12.29;0.118018046474866;-0.472074751515854;0
12.3;0.113285259875359;-0.474723228367518;0
12.31;0.108526648926398;-0.477224850097285;0
12.32;0.103743684455033;-0.479579119213204;0
12.33;0.0989378420606752;-0.481785583248836;0
12.34;0.0941106016645633;-0.483843834821506;0
12.35;0.0892634470587172;-0.485753511676936;0
12.36;0.0843978654545017;-0.487514296720273;0
12.37;0.0795153470309435;-0.489125918033525;0
12.38;0.074617384482933;-0.490588148879432;0
12.39;0.0697054725694504;-0.491900807691778;0
12.4;0.0647811076619478;-0.493063758052186;0
12.41;0.0598457872930252;-0.494076908653414;0
12.42;0.0549010097055337;-0.494940213249198;0
12.43;0.0499482734022409;-0.495653670590664;0
12.44;0.0449890766961919;-0.496217324349374;0
12.45;0.0400249172619009;-0.496631263027025;0
12.46;0.0350572916875045;-0.496895619851877;0
12.47;0.0300876950280111;-0.497010572661942;0
12.48;0.0251176203597772;-0.496976343775007;0
12.49;0.0201485583363431;-0.496793199845548;0
12.5;0.0151819967457575;-0.496461451708594;0
12.51;0.0102194200695225;-0.495981454210622;0
12.52;0.00526230904328762;-0.495353606027546;0
12.53;0.000312140219421315;-0.494578349469881;0
12.54;-0.00462961446841104;-0.493656170275162;0
12.55;-0.00956148813853686;-0.492587597387704;0
12.56;-0.0144820193923068;-0.491373202725784;0
12.57;-0.0193897527427408;-0.490013600936351;0
12.58;-0.0242832390406653;-0.488509449137333;0
12.59;-0.0291610358982184;-0.486861446647676;0
12.6;-0.0340217081096004;-0.485070334705176;0
12.61;-0.0388638280689479;-0.483136896172249;0
12.62;-0.0436859761852121;-0.481061955229717;0
12.63;-0.048486741293921;-0.478846377058738;0
12.64;-0.0532647210657088;-0.476491067510994;0
12.65;-0.0580185224114935;-0.473996972767252;0
12.66;-0.0627467618841896;-0.471365078984428;0
12.67;-0.067448066076839;-0.468596411931263;0
12.68;-0.0721210720170489;-0.465692036612767;0
12.69;-0.076764427557623;-0.462653056883531;0
12.7;-0.0813767917632773;-0.459480615050071;0
12.71;-0.0859568352933297;-0.45617589146232;0
12.72;-0.0905032407802567;-0.452740104094424;0
12.73;-0.0950147032040101;-0.449174508114973;0
12.74;-0.0994899302619893;-0.445480395446835;0
12.75;-0.103927642734565;-0.441659094316712;0
12.76;-0.108326574846055;-0.437711968794598;0
12.77;-0.112685474621045;-0.433640418323284;0
12.78;-0.117003104235967;-0.429445877238067;0
12.79;-0.121278240365825;-0.425129814276817;0
12.8;-0.125509674525981;-0.420693732080592;0
12.81;-0.129696213408907;-0.416139166684925;0
12.82;-0.133836679215807;-0.411467687001999;0
12.83;-0.137929909983017;-0.406680894293836;0
12.84;-0.141974759903106;-0.401780421636708;0
12.85;-0.14597009964057;-0.396767933376924;0
12.86;-0.149914816642059;-0.391645124578186;0
12.87;-0.153807815441028;-0.38641372046068;0
12.88;-0.15764801795675;-0.381075475832092;0
12.89;-0.161434363787605;-0.375632174510741;0
12.9;-0.165165810498554;-0.370085628740995;0
12.91;-0.168841333902751;-0.36443767860118;0
12.92;-0.172459928337183;-0.358690191404161;0
12.93;-0.176020606932295;-0.352845061090782;0
12.94;-0.179522401875517;-0.346904207616382;0
12.95;-0.182964364668617;-0.340869576330549;0
12.96;-0.186345566378836;-0.334743137350343;0
12.97;-0.189665097883714;-0.328526884927163;0
12.98;-0.19292207010956;-0.32222283680747;0
12.99;-0.196115614263511;-0.315833033587567;0
13;-0.199244882059098;-0.309359538062638;0
13.01;-0.20230904593529;-0.30280443457025;0
13.02;-0.205307299268942;-0.296169828328526;0
13.03;-0.208238856580603;-0.289457844769198;0
13.04;-0.211102953733635;-0.282670628865749;0
13.05;-0.213898848126586;-0.275810344456841;0
13.06;-0.216625818878785;-0.268879173565269;0
13.07;-0.219283167009099;-0.261879315712614;0
13.08;-0.221870215607825;-0.254812987229847;0
13.09;-0.224386310001665;-0.247682420564065;0
13.1;-0.226830817911755;-0.240489863581598;0
13.11;-0.229203129604707;-0.233237578867683;0
13.12;-0.231502658036639;-0.225927843022936;0
13.13;-0.233728838990147;-0.218562945956826;0
13.14;-0.235881131204207;-0.211145190178383;0
13.15;-0.237959016496968;-0.203676890084335;0
13.16;-0.239961999881416;-0.196160371244919;0
13.17;-0.241889609673891;-0.188597969687558;0
13.18;-0.243741397595423;-0.180992031178643;0
13.19;-0.245516938865889;-0.173344910503628;0
13.2;-0.247215832290953;-0.165658970745652;0
13.21;-0.248837700341797;-0.157936582562926;0
13.22;-0.250382189227614;-0.150180123465078;0
13.23;-0.25184896896086;-0.1423919770887;0
13.24;-0.253237733415267;-0.134574532472292;0
13.25;-0.254548200376592;-0.126730183330845;0
13.26;-0.255780111586123;-0.118861327330257;0
13.27;-0.256933232776916;-0.110970365361818;0
13.28;-0.25800735370279;-0.103059700816977;0
13.29;-0.259002288160068;-0.095131738862602;0
13.3;-0.259917874002065;-0.0871888857169538;0
13.31;-0.260753973146358;-0.0792335479265903;0
13.32;-0.261510471574808;-0.071268131644415;0
13.33;-0.262187279326388;-0.0632950419090837;0
13.34;-0.262784330482799;-0.0553166819259842;0
13.35;-0.26330158314691;-0.0473354523500009;0
13.36;-0.263739019414031;-0.0393537505702768;0
13.37;-0.264096645336048;-0.0313739699971838;0
13.38;-0.264374490878434;-0.0233984993517109;0
13.39;-0.264572609870164;-0.0154297219574795;0
13.4;-0.26469107994657;-0.00747001503559391;0
13.41;-0.264730002485154;0.000478250997468203;0
13.42;-0.264689502534389;0.00841271322871746;0
13.43;-0.264569728735557;0.0163310169440649;0
13.44;-0.264370853237641;0.0242308163200812;0
13.45;-0.264093071605322;0.0321097751119014;0
13.46;-0.263736602720111;0.0399655673370766;0
13.47;-0.263301688674661;0.0477958779551741;0
13.48;-0.26278859466031;0.0555984035429289;0
13.49;-0.262197608847884;0.0633708529647532;0
13.5;-0.261529042261823;0.0711109480384099;0
13.51;-0.260783228647667;0.0788164241956589;0
13.52;-0.259960524332968;0.0864850311376873;0
13.53;-0.259061308081658;0.0941145334851357;0
13.54;-0.258085980941959;0.101702711422535;0
13.55;-0.257034966087858;0.10924736133697;0
13.56;-0.255908708654232;0.116746296450789;0
13.57;-0.254707675565672;0.124197347448178;0
13.58;-0.253432355359065;0.131598363095427;0
13.59;-0.252083258000009;0.138947210854706;0
13.6;-0.250660914693114;0.146241777491182;0
13.61;-0.249165877686266;0.153479969673313;0
13.62;-0.247598720068918;0.160659714566132;0
13.63;-0.245960035564481;0.167778960417381;0
13.64;-0.244250438316888;0.174835677136305;0
13.65;-0.242470562671398;0.181827856864969;0
13.66;-0.240621062949727;0.188753514541921;0
13.67;-0.238702613219577;0.195610688458055;0
13.68;-0.236715907058638;0.202397440804519;0
13.69;-0.234661657313148;0.209111858212521;0
13.7;-0.232540595851099;0.21575205228487;0
13.71;-0.230353473310156;0.222316160119131;0
13.72;-0.228101058840384;0.228802344822228;0
13.73;-0.225784139841879;0.235208796016374;0
13.74;-0.22340352169736;0.241533730336179;0
13.75;-0.220960027499852;0.247775391916803;0
13.76;-0.218454497775506;0.253932052873037;0
13.77;-0.215887790201691;0.260002013769164;0
13.78;-0.21326077932041;0.265983604079484;0
13.79;-0.21057435624717;0.271875182639391;0
13.8;-0.207829428375371;0.277675138086864;0
13.81;-0.205026919076329;0.283381889294269;0
13.82;-0.202167767395029;0.288993885790355;0
13.83;-0.199252927741696;0.294509608172338;0
13.84;-0.196283369579292;0.299927568507959;0
13.85;-0.193260077107042;0.305246310727424;0
13.86;-0.190184048940076;0.310464411005107;0
13.87;-0.187056297785318;0.315580478130951;0
13.88;-0.183877850113688;0.320593153871432;0
13.89;-0.180649745828756;0.325501113320033;0
13.9;-0.177373037931932;0.330303065237122;0
13.91;-0.174048792184305;0.334997752379148;0
13.92;-0.170678086765246;0.339583951817088;0
13.93;-0.167262011927864;0.344060475244056;0
13.94;-0.163801669651442;0.348426169272008;0
13.95;-0.160298173290955;0.352679915717466;0
13.96;-0.156752647223778;0.356820631876202;0
13.97;-0.153166226493697;0.360847270786813;0
13.98;-0.149540056452339;0.364758821483126;0
13.99;-0.145875292398122;0.368554309235387;0
14;-0.14217309921285;0.372232795780161;0
14.01;-0.138434650996052;0.375793379538919;0
14.02;-0.134661130697197;0.379235195825242;0
14.03;-0.130853729745876;0.382557417040619;0
14.04;-0.12701364768009;0.38575925285878;0
14.05;-0.123142091772738;0.388839950398554;0
14.06;-0.119240276656428;0.39179879438519;0
14.07;-0.115309423946733;0.39463510730014;0
14.08;-0.111350761863996;0.397348249519259;0
14.09;-0.107365524853804;0.399937619439412;0
14.1;-0.103354953206257;0.402402653593466;0
14.11;-0.0993202926741274;0.404742826753651;0
14.12;-0.0952627940900471;0.406957652023283;0
14.13;-0.0911837129828256;0.409046680916836;0
14.14;-0.0870843091930213;0.411009503428366;0
14.15;-0.0829658464878804;0.41284574808828;0
14.16;-0.078829592175761;0.414555082008456;0
14.17;-0.0746768167201578;0.416137210915722;0
14.18;-0.070508793353445;0.417591879173702;0
14.19;-0.0663267976904524;0.41891886979304;0
14.2;-0.0621321073419924;0.420118004430023;0
14.21;-0.0579260015284515;0.421189143373626;0
14.22;-0.0537097606935652;0.422132185520988;0
14.23;-0.0494846661184883;0.422947068341373;0
14.24;-0.0452519995362784;0.423633767828615;0
14.25;-0.0410130427469065;0.424192298442103;0
14.26;-0.0367690772329088;0.424622713036343;0
14.27;-0.0325213837757944;0.424925102779118;0
14.28;-0.0282712420733227;0.425099597058319;0
14.29;-0.024019930357763;0.425146363377465;0
14.3;-0.0197687250152497;0.425065607239991;0
14.31;-0.0155189002063449;0.424857572022329;0
14.32;-0.0112717274879208;0.42452253883587;0
14.33;-0.0070284754364717;0.424060826377839;0
14.34;-0.00279040927296751;0.423472790771165;0
14.35;0.00144120951064275;0.42275882539341;0
14.36;0.00566512352316728;0.421919360694818;0
14.37;0.00988007984403988;0.42095486400557;0
14.38;0.0140848303912125;0.419865839332309;0
14.39;0.0182781322869652;0.418652827144029;0
14.4;0.0224587482215271;0.417316404147394;0
14.41;0.0266254468144035;0.415857183051581;0
14.42;0.0307770029733049;0.414275812322745;0
14.43;0.0349121982505736;0.412572975928172;0
14.44;0.0390298211970063;0.410749393070242;0
14.45;0.043128667712971;0.408805817910285;0
14.46;0.0472075413967164;0.406743039282426;0
14.47;0.0512652538897763;0.404561880397534;0
14.48;0.0553006252193685;0.402263198537374;0
14.49;0.0593124841376919;0.399847884739074;0
14.5;0.0632996684580251;0.397316863470008;0
14.51;0.0672610253875304;0.394671092293224;0
14.52;0.0711954118566715;0.391911561523526;0
14.53;0.0751016948451487;0.389039293874322;0
14.54;0.0789787517042628;0.386055344095379;0
14.55;0.0828254704756151;0.382960798601585;0
14.56;0.0866407502060556;0.379756775092867;0
14.57;0.090423501258791;0.376444422165378;0
14.58;0.0941726456205657;0.373024918914093;0
14.59;0.0978871172048303;0.369499474526945;0
14.6;0.101565862150814;0.365869327870641;0
14.61;0.10520783911842;0.362135747068288;0
14.62;0.108812019578856;0.358300029068979;0
14.63;0.112377388100932;0.354363499209476;0
14.64;0.115902942632931;0.350327510768138;0
14.65;0.119387694779996;0.346193444511237;0
14.66;0.122830670076934;0.341962708231821;0
14.67;0.126230908256387;0.337636736281258;0
14.68;0.129587463512275;0.333216989093633;0
14.69;0.132899404758463;0.328704952703138;0
14.7;0.136165815882562;0.324102138254619;0
14.71;0.139385795994807;0.319410081507439;0
14.72;0.14255845967195;0.314630342332815;0
14.73;0.145682937196088;0.309764504204785;0
14.74;0.148758374788381;0.304814173684986;0
14.75;0.151783934837587;0.299780979901385;0
14.76;0.154758796123357;0.294666574021152;0
14.77;0.157682154034234;0.289472628717821;0
14.78;0.160553220780298;0.284200837632931;0
14.79;0.163371225600407;0.2788529148323;0
14.8;0.166135414963967;0.273430594257115;0
14.81;0.168845052767206;0.267935629170003;0
14.82;0.171499420523871;0.262369791596268;0
14.83;0.174097817550324;0.256734871760458;0
14.84;0.176639561144986;0.251032677518451;0
14.85;0.179123986762076;0.245265033785226;0
14.86;0.181550448179612;0.23943378195851;0
14.87;0.183918317661631;0.233540779338465;0
14.88;0.186226986114587;0.227587898543622;0
14.89;0.188475863237894;0.221577026923206;0
14.9;0.190664377668576;0.215510065966072;0
14.91;0.19279197711999;0.209388930706412;0
14.92;0.194858128514596;0.203215549126424;0
14.93;0.196862318110737;0.196991861556122;0
14.94;0.198804051623407;0.190719820070482;0
14.95;0.200682854338979;0.184401387884106;0
14.96;0.202498271223868;0.178038538743574;0
14.97;0.204249867027107;0.171633256317699;0
14.98;0.205937226376821;0.165187533585842;0
14.99;0.207559953870574;0.158703372224502;0
15;0.209117674159572;0.152182781992336;0
15.01;0.21061003202671;0.145627780113828;0
15.02;0.212036692458458;0.139040390661774;0
15.03;0.21339734071056;0.13242264393877;0
15.04;0.214691682367539;0.125776575857905;0
15.05;0.215919443396024;0.119104227322831;0
15.06;0.217080370191856;0.112407643607402;0
15.07;0.218174229620997;0.105688873735072;0
15.08;0.219200809054241;0.0989499698582361;0
15.09;0.220159916395702;0.0921929866376954;0
15.1;0.221051380105112;0.085419980622442;0
15.11;0.22187504921391;0.0786330096299409;0
15.12;0.222630793335145;0.071834132127098;0
15.13;0.223318502667184;0.0650254066120961;0
15.14;0.223938087991249;0.0582088909972857;0
15.15;0.224489480662785;0.0513866419933103;0
15.16;0.224972632596676;0.0445607144946514;0
15.17;0.225387516246327;0.0377331609667739;0
15.18;0.225734124576619;0.0309060308350524;0
15.19;0.226012471030768;0.0240813698756597;0
15.2;0.226222589491098;0.0172612196085955;0
15.21;0.226364534233758;0.0104476166930341;0
15.22;0.226438379877401;0.00364259232516922;0
15.23;0.226444221325852;-0.00315182836126983;0
15.24;0.226382173704802;-0.00993362689165365;0
15.25;0.226252372292537;-0.0167007920440669;0
15.26;0.226054972444755;-0.0234513204397283;0
15.27;0.225790149513488;-0.0301832171300442;0
15.28;0.225458098760172;-0.0368944961801274;0
15.29;0.225059035262899;-0.0435831812486096;0
15.3;0.224593193817884;-0.050247306163583;0
15.31;0.224060828835198;-0.0568849154945025;0
15.32;0.223462214228789;-0.063494065119886;0
15.33;0.22279764330086;-0.0700728227906485;0
15.34;0.222067428620623;-0.0766192686889094;0
15.35;0.22127190189749;-0.0831314959821129;0
15.36;0.220411413848743;-0.0896076113723033;0
15.37;0.219486334061736;-0.0960457356404;0
15.38;0.218497050850676;-0.102444004185316;0
15.39;0.217443971108037;-0.108800567557766;0
15.4;0.216327520150655;-0.115113591988623;0
15.41;0.215148141560577;-0.121381259911654;0
15.42;0.213906297020695;-0.127601770480512;0
15.43;0.212602466145245;-0.133773340079818;0
15.44;0.211237146305218;-0.139894202830211;0
15.45;0.209810852448752;-0.145962611087199;0
15.46;0.208324116916559;-0.1519768359337;0
15.47;0.206777489252461;-0.157935167666111;0
15.48;0.205171536009088;-0.163835916273796;0
15.49;0.20350684054882;-0.169677411911829;0
15.5;0.201784002840025;-0.175458005366897;0
15.51;0.200003639248672;-0.181176068516207;0
15.52;0.198166382325389;-0.186829994779286;0
15.53;0.196272880588028;-0.192418199562544;0
15.54;0.194323798299829;-0.197939120696488;0
15.55;0.192319815243236;-0.203391218865457;0
15.56;0.190261626489452;-0.20877297802977;0
15.57;0.188149942163808;-0.214082905840169;0
15.58;0.185985487207024;-0.219319534044457;0
15.59;0.183769001132437;-0.224481418886198;0
15.6;0.181501237779278;-0.229567141495406;0
15.61;0.179182965062078;-0.234575308271089;0
15.62;0.17681496471629;-0.23950455125557;0
15.63;0.174398032040202;-0.244353528500473;0
15.64;0.171932975633222;-0.249120924424283;0
15.65;0.169420617130641;-0.253805450161394;0
15.66;0.166861790934925;-0.258405843902538;0
15.67;0.164257343943661;-0.262920871226531;0
15.68;0.161608135274207;-0.267349325423226;0
15.69;0.158915035985167;-0.271690027807619;0
15.7;0.156178928794756;-0.275941828024999;0
15.71;0.153400707796158;-0.28010360434709;0
15.72;0.150581278169963;-0.284174263959105;0
15.73;0.147721555893771;-0.288152743237633;0
15.74;0.144822467449066;-0.292038008019302;0
15.75;0.141884949525437;-0.295829053860146;0
15.76;0.138909948722253;-0.299524906285623;0
15.77;0.135898421247878;-0.303124621031216;0
15.78;0.132851332616523;-0.306627284273561;0
15.79;0.129769657342829;-0.310032012852064;0
15.8;0.126654378634277;-0.313337954480931;0
15.81;0.123506488081521;-0.316544287951592;0
15.82;0.120326985346743;-0.319650223325452;0
15.83;0.117116877850116;-0.322655002116942;0
15.84;0.113877180454492;-0.325557897466823;0
15.85;0.110608915148391;-0.328358214305721;0
15.86;0.107313110727402;-0.331055289507837;0
15.87;0.103990802474096;-0.333648492034831;0
15.88;0.100643031836534;-0.336137223069832;0
15.89;0.0972708461054914;-0.338520916141564;0
15.9;0.0938752980904759;-0.340799037238557;0
15.91;0.0904574457946539;-0.342971084913437;0
15.92;0.0870183520887763;-0.345036590377275;0
15.93;0.083559084384206;-0.346995117583977;0
15.94;0.0800807143051465;-0.348846263304725;0
15.95;0.0765843173601705;-0.350589657192443;0
15.96;0.0730709726131493;-0.352224961836302;0
15.97;0.0695417623536817;-0.353751872806253;0
15.98;0.0659977717671222;-0.355170118687605;0
15.99;0.0624400886043085;-0.356479461105637;0
16;0.0588698028510877;-0.357679694740271;0
16.01;0.0552880063977403;-0.358770647330808;0
16.02;0.0516957927084016;-0.359752179670748;0
16.03;0.0480942564905792;-0.360624185592708;0
16.04;0.0444844933648661;-0.361386591943463;0
16.05;0.040867599534948;-0.362039358549137;0
16.06;0.0372446714580021;-0.362582478170561;0
16.07;0.0336168055155871;-0.363015976448843;0
16.08;0.0299850976851213;-0.363339911841168;0
16.09;0.0263506432120465;-0.363554375546877;0
16.1;0.0227145362827747;-0.363659491423855;0
16.11;0.0190778696985143;-0.363655415895276;0
16.12;0.0154417345500722;-0.363542337846742;0
16.13;0.0118072198937276;-0.363320478513871;0
16.14;0.00817541242827257;-0.362990091360384;0
16.15;0.0045473961733144;-0.362551461946729;0
16.16;0.000924252148934036;-0.362004907789327;0
16.17;-0.00269294194320585;-0.361350778210465;0
16.18;-0.00630311203720994;-0.360589454178921;0
16.19;-0.00990518801866417;-0.359721348141375;0
16.2;-0.0134981040386224;-0.358746903844676;0
16.21;-0.0170807988257748;-0.357666596149023;0
16.22;-0.0206522159967079;-0.356480930832155;0
16.23;-0.0242113043641657;-0.355190444384596;0
16.24;-0.0277570182432234;-0.353795703796054;0
16.25;-0.0312883177552862;-0.352297306333042;0
16.26;-0.0348041691298243;-0.350695879307803;0
16.27;-0.0383035450037589;-0.348992079838631;0
16.28;-0.0417854247184127;-0.347186594601662;0
16.29;-0.0452487946139402;-0.345280139574242;0
16.3;-0.0486926483211547;-0.343273459769938;0
16.31;-0.0521159870506671;-0.341167328965316;0
16.32;-0.0555178198792571;-0.338962549418554;0
16.33;-0.0588971640333926;-0.336659951580011;0
16.34;-0.0622530451698205;-0.334260393794832;0
16.35;-0.0655844976531473;-0.331764761997715;0
16.36;-0.0688905648303322;-0.329173969399918;0
16.37;-0.0721702993020162;-0.326488956168641;0
16.38;-0.0754227631906115;-0.32371068909887;0
16.39;-0.0786470284050748;-0.320840161277806;0
16.4;-0.0818421769022927;-0.31787839174199;0
16.41;-0.0850073009450057;-0.314826425127235;0
16.42;-0.0881415033561995;-0.311685331311492;0
16.43;-0.0912438977698939;-0.30845620505076;0
16.44;-0.0943136088782594;-0.30514016560816;0
16.45;-0.0973497726749948;-0.30173835637631;0
16.46;-0.100351536694898;-0.298251944493107;0
16.47;-0.103318060249568;-0.294682120451056;0
16.48;-0.106248514659167;-0.291030097700269;0
16.49;-0.109142083480188;-0.287297112245261;0
16.5;-0.111997962729162;-0.283484422235686;0
16.51;-0.114815361102249;-0.279593307551131;0
16.52;-0.117593500190642;-0.27562506938011;0
16.53;-0.120331614691743;-0.2715810297934;0
16.54;-0.12302895261605;-0.267462531311843;0
16.55;-0.125684775489684;-0.263270936468768;0
16.56;-0.128298358552533;-0.259007627367159;0
16.57;-0.130868990951934;-0.254674005231724;0
16.58;-0.133395975931855;-0.250271489955997;0
16.59;-0.135878631017531;-0.245801519644629;0
16.6;-0.138316288195494;-0.241265550150995;0
16.61;-0.140708294088966;-0.236665054610289;0
16.62;-0.143054010128559;-0.232001522968231;0
16.63;-0.145352812718244;-0.227276461505549;0
16.64;-0.147604093396545;-0.222491392358383;0
16.65;-0.149807258992922;-0.217647853034757;0
16.66;-0.1519617317793;-0.212747395927272;0
16.67;-0.154066949616707;-0.207791587822187;0
16.68;-0.156122366096989;-0.202782009405013;0
16.69;-0.158127450679568;-0.1977202547628;0
16.7;-0.160081688823201;-0.192607930883262;0
16.71;-0.161984582112727;-0.187446657150888;0
16.72;-0.163835648380754;-0.182238064840215;0
16.73;-0.165634421824269;-0.1769837966064;0
16.74;-0.167380453116142;-0.171685505973252;0
16.75;-0.169073309511502;-0.166344856818898;0
16.76;-0.170712574948956;-0.160963522859219;0
16.77;-0.172297850146635;-0.155543187129229;0
16.78;-0.173828752693043;-0.150085541462549;0
16.79;-0.175304917132696;-0.144592285969146;0
16.8;-0.176725995046528;-0.139065128511475;0
16.81;-0.178091655127055;-0.133505784179213;0
16.82;-0.179401583248277;-0.127915974762717;0
16.83;-0.180655482530312;-0.122297428225382;0
16.84;-0.181853073398749;-0.116651878175062;0
16.85;-0.182994093638709;-0.110981063334697;0
16.86;-0.184078298443615;-0.105286727012323;0
16.87;-0.185105460458651;-0.099570616570616;0
16.88;-0.186075369818927;-0.0938344828961357;0
16.89;-0.186987834182321;-0.0880800798684196;0
16.9;-0.187842678757028;-0.0823091638290968;0
16.91;-0.188639746323784;-0.0765234930511743;0
16.92;-0.189378897252799;-0.0707248272086567;0
16.93;-0.190060009515381;-0.0649149268466579;0
16.94;-0.190682978690262;-0.0590955528521619;0
16.95;-0.191247717964641;-0.0532684659255907;0
16.96;-0.191754158129942;-0.0474354260533372;0
16.97;-0.192202247572305;-0.0415981919814172;0
16.98;-0.192591952257819;-0.0357585206903991;0
16.99;-0.192923255712508;-0.0299181668717647;0
17;-0.193196158997094;-0.0240788824058561;0
17.01;-0.193410680676534;-0.0182424158415629;0
17.02;-0.19356685678438;-0.0124105118779014;0
17.03;-0.193664740781951;-0.00658491084764026;0
17.04;-0.193704403512354;-0.000767348203120906;0
17.05;-0.193685933149376;0.00504044599557425;0
17.06;-0.193609435141267;0.0108367475899581;0
17.07;-0.19347503214944;0.0166198388298305;0
17.08;-0.193282863982122;0.0223880088771782;0
17.09;-0.193033087522972;0.0281395543071368;0
17.1;-0.192725876654706;0.0338727796058691;0
17.11;-0.192361422177762;0.0395859976652173;0
17.12;-0.191939931724025;0.0452775302739842;0
17.13;-0.191461629665663;0.0509457086057042;0
17.14;-0.190926757019097;0.0565888737027617;0
17.15;-0.190335571344146;0.0622053769567203;0
17.16;-0.18968834663839;0.0677935805847235;0
17.17;-0.188985373226786;0.0733518581018312;0
17.18;-0.188226957646577;0.0788785947891592;0
17.19;-0.187413422527541;0.0843721881576852;0
17.2;-0.186545106467623;0.0898310484075931;0
17.21;-0.185622363903988;0.0952535988830236;0
17.22;-0.184645564979562;0.100638276522103;0
17.23;-0.183615095405073;0.105983532302124;0
17.24;-0.182531356316683;0.111287831679754;0
17.25;-0.181394764129228;0.116549655026141;0
17.26;-0.180205750385136;0.121767498056811;0
17.27;-0.178964761599068;0.126939872256218;0
17.28;-0.177672259098336;0.132065305296841;0
17.29;-0.17632871885916;0.137142341452706;0
17.3;-0.174934631338812;0.142169542007227;0
17.31;-0.173490501303707;0.147145485655238;0
17.32;-0.171996847653504;0.152068768899123;0
17.33;-0.170454203241264;0.156938006438923;0
17.34;-0.168863114689749;0.161751831556317;0
17.35;-0.167224142203893;0.166508896492376;0
17.36;-0.165537859379536;0.171207872818983;0
17.37;-0.163804853008465;0.175847451803818;0
17.38;-0.16202572287984;0.180426344768818;0
17.39;-0.160201081578062;0.184943283441999;0
17.4;-0.158331554277153;0.189397020302569;0
17.41;-0.156417778531717;0.193786328919215;0
17.42;-0.154460404064547;0.198110004281497;0
17.43;-0.152460092550951;0.202366863124245;0
17.44;-0.150417517399868;0.206555744244885;0
17.45;-0.148333363531835;0.2106755088136;0
17.46;-0.146208327153897;0.214725040676255;0
17.47;-0.144043115531508;0.218703246650006;0
17.48;-0.141838446757519;0.222609056811513;0
17.49;-0.139595049518309;0.226441424777682;0
17.5;-0.137313662857154;0.230199327978877;0
17.51;-0.134995035934882;0.233881767924512;0
17.52;-0.132639927787923;0.23748777046098;0
17.53;-0.130249107083804;0.241016386021837;0
17.54;-0.127823351874178;0.244466689870186;0
17.55;-0.125363449345472;0.247837782333206;0
17.56;-0.122870195567213;0.251128789028757;0
17.57;-0.120344395238139;0.254338861084024;0
17.58;-0.117786861430143;0.25746717534613;0
17.59;-0.115198415330161;0.260512934584679;0
17.6;-0.112579885980065;0.263475367686187;0
17.61;-0.109932110014645;0.266353729840344;0
17.62;-0.107255931397774;0.269147302718067;0
17.63;-0.104552201156824;0.271855394641319;0
17.64;-0.101821777115417;0.274477340744644;0
17.65;-0.0990655236246098;0.277012503128379;0
17.66;-0.0962843112925724;0.279460271003532;0
17.67;-0.0934790167128619;0.281820060828275;0
17.68;-0.0906505221913671;0.28409131643604;0
17.69;-0.0877997154720106;0.286273509155182;0
17.7;-0.0849274894612923;0.288366137920206;0
17.71;-0.0820347419517579;0.290368729374515;0
17.72;-0.0791223753444793;0.292280837964686;0
17.73;-0.0761912963706296;0.294102046026241;0
17.74;-0.0732424158122389;0.295831963860914;0
17.75;-0.0702766482222158;0.297470229805408;0
17.76;-0.0672949116437199;0.299016510291619;0
17.77;-0.0642981273289695;0.30047049989834;0
17.78;-0.0612872194575721;0.301831921394445;0
17.79;-0.0582631148544601;0.303100525773536;0
17.8;-0.0552267427075191;0.304276092280078;0
17.81;-0.0521790342849929;0.305358428427023;0
17.82;-0.0491209226527504;0.306347370004919;0
17.83;-0.0460533423915002;0.307242781082539;0
17.84;-0.0429772293140367;0.308044553999027;0
17.85;-0.0398935201826024;0.308752609347576;0
17.86;-0.0368031524264522;0.309366895950682;0
17.87;-0.0337070638597027;0.30988739082696;0
17.88;-0.0306061923995511;0.310314099149577;0
17.89;-0.0275014757849475;0.310647054196312;0
17.9;-0.0243938512958043;0.310886317291278;0
17.91;-0.0212842554728254;0.311031977738337;0
17.92;-0.0181736238380391;0.311084152746243;0
17.93;-0.0150628906161158;0.311042987345548;0
17.94;-0.0119529884565548;0.310908654297309;0
17.95;-0.00884484815681949;0.310681353993645;0
17.96;-0.00573939838650415;0.310361314350176;0
17.97;-0.00263756541261284;0.3099487906904;0
17.98;0.00045972717396978;0.309444065622054;0
17.99;0.00355155873073508;0.308847448905501;0
18;0.00663701183445542;0.308159277314217;0
18.01;0.00971517255065853;0.307379914487408;0
18.02;0.0127851307015929;0.306509750774834;0
18.03;0.0158459801326066;0.305549203073891;0
18.04;0.0188968189768622;0.304498714659014;0
18.05;0.0219367499183115;0.303358755003467;0
18.06;0.0249648804528541;0.302129819593589;0
18.07;0.0279803231476047;0.300812429735557;0
18.08;0.030982195898195;0.299407132354743;0
18.09;0.033969622184035;0.297914499787737;0
18.1;0.0369417313214636;0.29633512956711;0
18.11;0.0398976587147124;0.294669644198992;0
18.12;0.042836546104615;0.292918690933551;0
18.13;0.0457575418149883;0.291082941528443;0
18.14;0.0486598009966176;0.28916309200533;0
18.15;0.0515424858687756;0.28715986239953;0
18.16;0.0544047659582074;0.285073996502917;0
18.17;0.0572458183355148;0.282906261600126;0
18.18;0.0600648278488723;0.280657448198175;0
18.19;0.0628609873550106;0.278328369749595;0
18.2;0.065633497947402;0.275919862369148;0
18.21;0.0683815691815849;0.273432784544249;0
18.22;0.0711044192975641;0.270868016839169;0
18.23;0.0738012754392261;0.268226461593138;0
18.24;0.0764713738707079;0.265509042612435;0
18.25;0.0791139601896603;0.262716704856568;0
18.26;0.0817282895373461;0.259850414118664;0
18.27;0.0843136268055177;0.256911156700152;0
18.28;0.0868692468400154;0.253899939079861;0
18.29;0.0893944346410321;0.250817787577643;0
18.3;0.09188848555999;0.24766574801262;0
18.31;0.0943507054929761;0.244444885356174;0
18.32;0.0967804110706844;0.241156283379801;0
18.33;0.0991769298448138;0.237801044297921;0
18.34;0.101539600470872;0.234380288405782;0
18.35;0.103867772887336;0.230895153712569;0
18.36;0.106160808491123;0.227346795569824;0
18.37;0.108418080309329;0.223736386295315;0
18.38;0.110638973167176;0.220065114792459;0
18.39;0.112822883852142;0.216334186165434;0
18.4;0.114969221274226;0.212544821330091;0
18.41;0.117077406622291;0.208698256620796;0
18.42;0.11914687351647;0.204795743393327;0
18.43;0.12117706815658;0.20083854762395;0
18.44;0.123167449466507;0.196827949504804;0
18.45;0.125117489234528;0.192765243035712;0
18.46;0.127026672249546;0.188651735612565;0
18.47;0.12889449643318;0.184488747612394;0
18.48;0.130720472967697;0.180277611975255;0
18.49;0.132504126419754;0.176019673783085;0
18.5;0.134244994859909;0.171716289835624;0
18.51;0.135942629977878;0.167368828223564;0
18.52;0.137596597193518;0.162978667899043;0
18.53;0.139206475763494;0.158547198243626;0
18.54;0.140771858883627;0.154075818633892;0
18.55;0.142292353786876;0.149565938004783;0
18.56;0.14376758183695;0.145018974410833;0
18.57;0.145197178617523;0.140436354585416;0
18.58;0.146580794017032;0.135819513498152;0
18.59;0.147918092309041;0.131169893910606;0
18.6;0.149208752228156;0.126488945930411;0
18.61;0.150452467041471;0.12177812656396;0
18.62;0.151648944615543;0.117038899267792;0
18.63;0.152797907478867;0.112272733498828;0
18.64;0.15389909287985;0.107481104263563;0
18.65;0.154952252840282;0.102665491666388;0
18.66;0.155957154204271;0.0978273804571471;0
18.67;0.156913578682665;0.0929682595780855;0
18.68;0.157821322892933;0.0880896217103177;0
18.69;0.158680198394514;0.0831929628199548;0
18.7;0.159490031719619;0.0782797817040279;0
18.71;0.160250664399502;0.0733515795363414;0
18.72;0.16096195298618;0.0684098594133965;0
18.73;0.16162376906962;0.0634561259005171;0
18.74;0.162235999290385;0.0584918845783167;0
18.75;0.162798545347747;0.0535186415896395;0
18.76;0.163311324003274;0.048537903187112;0
18.77;0.163774267079895;0.0435511752814396;0
18.78;0.164187321456448;0.0385599629905814;0
18.79;0.16455044905773;0.033565770189938;0
18.8;0.164863626840054;0.0285700990636844;0
18.81;0.165126846772316;0.0235744496573815;0
18.82;0.165340115812606;0.0185803194319971;0
18.83;0.165503455880358;0.0135892028194682;0
18.84;0.16561690382407;0.00860259077993554;0
18.85;0.165680511384592;0.00362197036077933;0
18.86;0.165694345154031;-0.00135117574241393;0
18.87;0.165658486530255;-0.00631536962282579;0
18.88;0.165573031667057;-0.0112691385971936;0
18.89;0.165438091419964;-0.0162110156382851;0
18.9;0.16525379128774;-0.0211395398049345;0
18.91;0.165020271349604;-0.026053256669515;0
18.92;0.164737686198177;-0.0309507187427239;0
18.93;0.164406204868199;-0.0358304858955582;0
18.94;0.164026010761038;-0.0406911257783584;0
18.95;0.163597301565019;-0.0455312142368002;0
18.96;0.163120289171616;-0.0503493357247146;0
18.97;0.162595199587519;-0.0551440837136181;0
18.98;0.162022272842631;-0.0599140610988362;0
18.99;0.161401762894013;-0.0646578806021035;0
19;0.160733937525822;-0.0693741651705265;0
19.01;0.160019078245276;-0.0740615483717958;0
19.02;0.159257480174682;-0.0787186747855353;0
19.03;0.158449451939576;-0.0833442003906775;0
19.04;0.157595315552993;-0.0879367929487567;0
19.05;0.156695406295937;-0.0924951323830105;0
19.06;0.155750072594076;-0.0970179111531853;0
19.07;0.154759675890698;-0.101503834625939;0
19.08;0.153724590516001;-0.105951621440736;0
19.09;0.152645203552729;-0.110360003871143;0
19.1;0.151521914698225;-0.114727728181403;0
19.11;0.150355136122936;-0.119053554978216;0
19.12;0.149145292325426;-0.123336259557606;0
19.13;0.147892819983937;-0.127574632246798;0
19.14;0.146598167804558;-0.131767478740992;0
19.15;0.14526179636605;-0.135913620434958;0
19.16;0.143884177961378;-0.140011894749351;0
19.17;0.142465796436;-0.144061155451665;0
19.18;0.141007147022979;-0.148060272971735;0
19.19;0.139508736174955;-0.152008134711694;0
19.2;0.137971081393052;-0.155903645350324;0
19.21;0.136394711052762;-0.159745727141693;0
19.22;0.134780164226868;-0.163533320208015;0
19.23;0.133127990505467;-0.167265382826648;0
19.24;0.131438749813149;-0.170940891711164;0
19.25;0.129713012223393;-0.174558842286399;0
19.26;0.127951357770235;-0.178118248957429;0
19.27;0.126154376257284;-0.18161814537239;0
19.28;0.124322667064128;-0.185057584679082;0
19.29;0.122456838950203;-0.188435639775283;0
19.3;0.120557509856197;-0.191751403552713;0
19.31;0.118625306703029;-0.195003989134586;0
19.32;0.116660865188495;-0.198192530106695;0
19.33;0.114664829581621;-0.201316180741951;0
19.34;0.112637852514811;-0.204374116218352;0
19.35;0.110580594773834;-0.207365532830299;0
19.36;0.108493725085738;-0.210289648193225;0
19.37;0.106377919904741;-0.213145701441479;0
19.38;0.104233863196179;-0.215932953419419;0
19.39;0.102062246218568;-0.218650686865667;0
19.4;0.0998637673038589;-0.221298206590492;0
19.41;0.0976391316359485;-0.223874839646262;0
19.42;0.0953890510275168;-0.226379935490943;0
19.43;0.0931142436952608;-0.228812866144596;0
19.44;0.0908154340335955;-0.231173026338844;0
19.45;0.0884933523868912;-0.233459833659276;0
19.46;0.0861487348203191;-0.235672728680752;0
19.47;0.0837823228893765;-0.237811175095584;0
19.48;0.0813948634081609;-0.23987465983457;0
19.49;0.0789871082164674;-0.241862693180856;0
19.5;0.0765598139457791;-0.243774808876591;0
19.51;0.0741137417842238;-0.245610564222383;0
19.52;0.071649657240568;-0.247369540169506;0
19.53;0.0691683299073223;-0.249051341404873;0
19.54;0.0666705332230294;-0.250655596428737;0
19.55;0.0641570442338074;-0.252181957625127;0
19.56;0.0616286433542221;-0.253630101324999;0
19.57;0.0590861141275603;-0.254999727862107;0
19.58;0.056530242985577;-0.256290561621573;0
19.59;0.0539618190077903;-0.25750235108117;0
19.6;0.0513816336803956;-0.258634868845315;0
19.61;0.048790480654873;-0.259687911671763;0
19.62;0.046189155506361;-0.260661300491023;0
19.63;0.0435784554918678;-0.261554880418486;0
19.64;0.0409591793083948;-0.262368520759295;0
19.65;0.0383321268510441;-0.26310211500594;0
19.66;0.0356980989711821;-0.26375558082862;0
19.67;0.0330578972347327;-0.264328860058366;0
19.68;0.0304123236806713;-0.264821918662957;0
19.69;0.027762180579792;-0.265234746715632;0
19.7;0.0251082701938204;-0.265567358356643;0
19.71;0.0224513945349427;-0.265819791747648;0
19.72;0.019792355125823;-0.265992109018992;0
19.73;0.0171319527601797;-0.266084396209882;0
19.74;0.0144709872639922;-0.26609676320151;0
19.75;0.0118102572574078;-0.266029343643136;0
19.76;0.00915055991741932;-0.265882294871176;0
19.77;0.00649269074138339;-0.265655797821329;0
19.78;0.00383744331144831;-0.265350056933779;0
19.79;0.00118560905996124;-0.264965300051517;0
19.8;-0.0014620229640772;-0.26450177831182;0
19.81;-0.00410466632744246;-0.263959766030935;0
19.82;-0.006741537443932;-0.263339560582013;0
19.83;-0.00937185580436039;-0.26264148226634;0
19.84;-0.0119948442052367;-0.261865874177921;0
19.85;-0.0146097289760582;-0.261013102061456;0
19.86;-0.0172157402051537;-0.260083554163778;0
19.87;-0.0198121119640132;-0.259077641078797;0
19.88;-0.0223980825300364;-0.257995795586015;0
19.89;-0.0249728946076393;-0.256838472482664;0
19.9;-0.0275357955476521;-0.255606148409534;0
19.91;-0.0300860375649488;-0.254299321670557;0
19.92;-0.0326228779542435;-0.252918512046198;0
19.93;-0.0351455793039934;-0.251464260600738;0
19.94;-0.037653409708348;-0.249937129483504;0
19.95;-0.0401456429770825;-0.248337701724119;0
19.96;-0.0426215588434582;-0.246666581021849;0
19.97;-0.045080443169949;-0.24492439152911;0
19.98;-0.0475215881517779;-0.243111777629223;0
19.99;-0.0499442925182047;-0.241229403708482;0
20;-0.0523478617315096;-0.239277953922618;0
