0;0.336532925801063;0.0938564742876337;0
0.01;0.337425307887469;0.0835920184548987;0
0.02;0.338215009489654;0.0733201462434652;0
0.03;0.338901970360078;0.0630439495010484;0
0.04;0.339486161152361;0.0527665160578237;0
0.05;0.33996758337697;0.0424909288077211;0
0.06;0.340346269347728;0.03222026479278;0
0.07;0.340622282119195;0.0219575942908302;0
0.08;0.340795715414924;0.0117059799067702;0
0.09;0.340866693546667;0.0014684756677059;0
0.1;0.340835371324533;-0.00875187387778333;0
0.11;0.340701933958165;-0.0189520345559898;0
0.12;0.340466596948982;-0.0291289834597716;0
0.13;0.34012960597351;-0.0392797098353378;0
0.14;0.339691236757881;-0.049401215963865;0
0.15;0.339151794943539;-0.059490518037693;0
0.16;0.338511615944198;-0.0695446470308434;0
0.17;0.337771064794138;-0.0795606495636113;0
0.18;0.336930535987869;-0.0895355887609813;0
0.19;0.335990453311246;-0.0994665451046207;0
0.2;0.334951269664094;-0.109350617278205;0
0.21;0.333813466874407;-0.119184923005833;0
0.22;0.332577555504199;-0.128966599883301;0
0.23;0.331244074647072;-0.138692806201976;0
0.24;0.329813591717581;-0.148360721765069;0
0.25;0.328286702232472;-0.157967548696038;0
0.26;0.326664029583871;-0.167510512238926;0
0.27;0.324946224804506;-0.176986861550385;0
0.28;0.323133966325049;-0.186393870483169;0
0.29;0.321227959723661;-0.195728838360884;0
0.3;0.319228937467831;-0.20498909074377;0
0.31;0.317137658648595;-0.214171980185294;0
0.32;0.314954908707237;-0.223274886979363;0
0.33;0.312681499154552;-0.232295219897931;0
0.34;0.310318267282789;-0.241230416918798;0
0.35;0.307866075870347;-0.250077945943415;0
0.36;0.305325812879354;-0.25883530550447;0
0.37;0.302698391146199;-0.267500025463093;0
0.38;0.299984748065158;-0.276069667695455;0
0.39;0.297185845265186;-0.284541826768603;0
0.4;0.294302668280014;-0.292914130605325;0
0.41;0.291336226211636;-0.301184241137881;0
0.42;0.288287551387313;-0.309349854950411;0
0.43;0.285157699010211;-0.317408703909854;0
0.44;0.281947746803771;-0.3253585557852;0
0.45;0.27865879464995;-0.33319721485493;0
0.46;0.275291964221431;-0.340922522502451;0
0.47;0.271848398607945;-0.348532357799394;0
0.48;0.268329261936806;-0.356024638076617;0
0.49;0.264734008509545;-0.365127594116327;-0.57685973261876
0.5;0.261024069839141;-0.378139210463073;-0.57685973261876
0.51;0.257184622706287;-0.391015112950115;-0.57685973261876
0.52;0.253217040607746;-0.403751675137906;-0.57685973261876
0.53;0.249122733089494;-0.416345318588266;-0.57685973261876
0.54;0.244903145262238;-0.428792513854556;-0.57685973261876
0.55;0.240559757307103;-0.441089781455467;-0.57685973261876
0.56;0.23609408397166;-0.45323369283216;-0.57685973261876
0.57;0.231507674056452;-0.465220871288489;-0.57685973261876
0.58;0.226802109892205;-0.477047992914071;-0.57685973261876
0.59;0.221979006807877;-0.488711787489938;-0.57685973261876
0.6;0.217040012589731;-0.500209039376542;-0.57685973261876
0.61;0.211986806931616;-0.511536588383874;-0.57685973261876
0.62;0.206821100876619;-0.522691330623467;-0.57685973261876
0.63;0.20154463625028;-0.533670219342049;-0.57685973261876
0.64;0.196159185085566;-0.544470265736649;-0.57685973261876
0.65;0.190666549039757;-0.55508853975092;-0.57685973261876
0.66;0.185068558803477;-0.565522170852492;-0.57685973261876
0.67;0.179367073502019;-0.57576834879114;-0.57685973261876
0.68;0.173563980089186;-0.585824324337581;-0.57685973261876
0.69;0.167661192733827;-0.595687410002709;-0.57685973261876
0.7;0.161660652199275;-0.605354980737088;-0.57685973261876
0.71;0.155564325215872;-0.614824474610525;-0.57685973261876
0.72;0.149374203846792;-0.624093393471555;-0.57685973261876
0.73;0.143092304847364;-0.633159303586671;-0.57685973261876
0.74;0.136720669018087;-0.642019836259151;-0.57685973261876
0.75;0.130261360551556;-0.650672688427321;-0.57685973261876
0.76;0.123716466373493;-0.659115623242117;-0.57685973261876
0.77;0.117088095478098;-0.667346470623808;-0.57685973261876
0.78;0.110378378257932;-0.675363127797743;-0.57685973261876
0.79;0.103589465828527;-0.683163559809008;-0.57685973261876
0.8;0.0967235293479537;-0.690745800015862;-0.57685973261876
0.81;0.0897827593315473;-0.698107950561854;-0.57685973261876
0.82;0.0827693649620087;-0.705248182826503;-0.57685973261876
0.83;0.0756855733950955;-0.712164737854455;-0.57685973261876
0.84;0.0685336290611191;-0.718855926763016;-0.57685973261876
0.85;0.0613157929624642;-0.725320131127979;-0.57685973261876
0.86;0.0540343419673474;-0.731555803347671;-0.57685973261876
0.87;0.0466915681000338;-0.737561466985143;-0.57685973261876
0.88;0.0392897778277311;-0.743335717088436;-0.57685973261876
0.89;0.0318312913443785;-0.748877220488873;-0.57685973261876
0.9;0.0243184418515532;-0.754184716077318;-0.57685973261876
0.91;0.0167535748367121;-0.759257015058359;-0.57685973261876
0.92;0.00913904734899293;-0.764093001182382;-0.57685973261876
0.93;0.0014772272727926;-0.768691630955493;-0.57685973261876
0.94;-0.00622950740065284;-0.773051933827273;-0.57685973261876
0.95;-0.0139787693034664;-0.777173012356347;-0.57685973261876
0.96;-0.0217681624228842;-0.781054042353751;-0.57685973261876
0.97;-0.0295952828343429;-0.784694273004094;-0.57685973261876
0.98;-0.037457719435679;-0.788093026964517;-0.57685973261876
0.99;-0.0453530546822184;-0.791249700441459;-0.57685973261876
1;-0.0532788653225328;-0.794163763245246;-0.57685973261876
1.01;-0.0612327231346428;-0.796834758822517;-0.57685973261876
1.02;-0.0692121956624461;-0.799262304266524;-0.57685973261876
1.03;-0.0772148469521483;-0.801446090305342;-0.57685973261876
1.04;-0.0852382382884771;-0.803385881268019;-0.57685973261876
1.05;-0.0932799289304589;-0.805081515028725;-0.57685973261876
1.06;-0.101337476846538;-0.806532902928955;-0.57685973261876
1.07;-0.109408439448819;-0.807740029677835;-0.57685973261876
1.08;-0.117490374326215;-0.808702953230611;-0.57685973261876
1.09;-0.125580839976282;-0.809421804645396;-0.57685973261876
1.1;-0.133677396535521;-0.809896787918237;-0.57685973261876
1.11;-0.14177760650794;-0.810128179796614;-0.57685973261876
1.12;-0.149879035491645;-0.810116329571442;-0.57685973261876
1.13;-0.157979252903265;-0.809861658847696;-0.57685973261876
1.14;-0.166075832699979;-0.809364661293737;-0.57685973261876
1.15;-0.174166354098943;-0.808625902369487;-0.57685973261876
1.16;-0.182248402293908;-0.807646019033532;-0.57685973261876
1.17;-0.190319569168811;-0.806425719429308;-0.57685973261876
1.18;-0.198377454008131;-0.804965782550487;-0.57685973261876
1.19;-0.206419664203815;-0.803267057885691;-0.57685973261876
1.2;-0.214443815958551;-0.801330465042698;-0.57685973261876
1.21;-0.222447534985192;-0.799156993352262;-0.57685973261876
1.22;-0.230428457202131;-0.796747701451725;-0.57685973261876
1.23;-0.238384229424418;-0.794103716848563;-0.57685973261876
1.24;-0.246312510050424;-0.791226235464037;-0.57685973261876
1.25;-0.254210969743854;-0.788116521157124;-0.57685973261876
1.26;-0.262077292110909;-0.784775905228899;-0.57685973261876
1.27;-0.269909174372404;-0.781205785907553;-0.57685973261876
1.28;-0.277704328030656;-0.777407627814235;-0.57685973261876
1.29;-0.285460479530934;-0.773382961409907;-0.57685973261876
1.3;-0.293175370917303;-0.769133382423415;-0.57685973261876
1.31;-0.300846760482658;-0.764660551260982;-0.57685973261876
1.32;-0.308472423412775;-0.759966192397321;-0.57685973261876
1.33;-0.31605015242419;-0.755052093748596;-0.57685973261876
1.34;-0.323577758395721;-0.749920106027439;-0.57685973261876
1.35;-0.331053070993472;-0.744572142080252;-0.57685973261876
1.36;-0.338473939289117;-0.739010176207027;-0.57685973261876
1.37;-0.345838232371318;-0.733236243463907;-0.57685973261876
1.38;-0.35314383995008;-0.727252438948741;-0.57685973261876
1.39;-0.360388672953896;-0.721060917069858;-0.57685973261876
1.4;-0.367570664119495;-0.714663890798333;-0.57685973261876
1.41;-0.374687768574052;-0.708063630903972;-0.57685973261876
1.42;-0.381737964409672;-0.701262465175286;-0.57685973261876
1.43;-0.388719253250011;-0.694262777623721;-0.57685973261876
1.44;-0.395629660808869;-0.68706700767239;-0.57685973261876
1.45;-0.402467237440597;-0.679677649329605;-0.57685973261876
1.46;-0.409230058682178;-0.672097250347447;-0.57685973261876
1.47;-0.415916225786822;-0.664328411365693;-0.57685973261876
1.48;-0.422523866248937;-0.656373785041346;-0.57685973261876
1.49;-0.429051134320335;-0.648236075164069;-0.57685973261876
1.5;-0.435496211517526;-0.639918035757825;-0.57685973261876
1.51;-0.441857307119967;-0.631422470168984;-0.57685973261876
1.52;-0.448132658659136;-0.622752230141227;-0.57685973261876
1.53;-0.454320532398293;-0.613910214877525;-0.57685973261876
1.54;-0.460419223802808;-0.604899370089506;-0.57685973261876
1.55;-0.46642705800092;-0.595722687034513;-0.57685973261876
1.56;-0.47234239023482;-0.58638320154067;-0.57685973261876
1.57;-0.478163606301929;-0.576883993020251;-0.57685973261876
1.58;-0.483889122986253;-0.567228183471692;-0.57685973261876
1.59;-0.489517388479721;-0.557418936470547;-0.57685973261876
1.6;-0.495046882793367;-0.547459456149714;-0.57685973261876
1.61;-0.500476118158283;-0.537352986169259;-0.57685973261876
1.62;-0.505803639416214;-0.527102808676163;-0.57685973261876
1.63;-0.511028024399711;-0.516712243254314;-0.57685973261876
1.64;-0.516147884301741;-0.506184645865086;-0.57685973261876
1.65;-0.521161864034659;-0.495523407778835;-0.57685973261876
1.66;-0.526068642578461;-0.484731954497647;-0.57685973261876
1.67;-0.530866933318218;-0.473813744669669;-0.57685973261876
1.68;-0.535555484370624;-0.462772268995384;-0.57685973261876
1.69;-0.54013307889957;-0.451611049126141;-0.57685973261876
1.7;-0.544598535420665;-0.440333636555316;-0.57685973261876
1.71;-0.548950708094644;-0.428943611502421;-0.57685973261876
1.72;-0.553188487009583;-0.417444581790529;-0.57685973261876
1.73;-0.557310798451857;-0.405840181717347;-0.57685973261876
1.74;-0.561316605165785;-0.394134070920295;-0.57685973261876
1.75;-0.565204906601901;-0.382329933235945;-0.57685973261876
1.76;-0.568974739153792;-0.370431475554159;-0.57685973261876
1.77;-0.572625176383455;-0.358442426667288;-0.57685973261876
1.78;-0.576155329235128;-0.346366536114786;-0.57685973261876
1.79;-0.579564346237546;-0.33420757302359;-0.57685973261876
1.8;-0.582851413694583;-0.321969324944618;-0.57685973261876
1.81;-0.58601575586424;-0.309655596685746;-0.57685973261876
1.82;-0.589056635125957;-0.297270209141621;-0.57685973261876
1.83;-0.5919733521362;-0.284816998120654;-0.57685973261876
1.84;-0.594765245972312;-0.272299813169572;-0.57685973261876
1.85;-0.5974316942646;-0.259722516395859;-0.57685973261876
1.86;-0.599972113316633;-0.247088981288463;-0.57685973261876
1.87;-0.602385958213751;-0.234403091537114;-0.57685973261876
1.88;-0.604672722919752;-0.221668739850619;-0.57685973261876
1.89;-0.60683194036176;-0.208889826774478;-0.57685973261876
1.9;-0.608863182503275;-0.196070259508188;-0.57685973261876
1.91;-0.610766060405389;-0.18321395072258;-0.57685973261876
1.92;-0.612540224276177;-0.170324817377555;-0.57685973261876
1.93;-0.614185363508272;-0.15740677954056;-0.57685973261876
1.94;-0.615701206704626;-0.144463759206169;-0.57685973261876
1.95;-0.617087521692476;-0.131499679117107;-0.57685973261876
1.96;-0.618344115525526;-0.118518461587085;-0.57685973261876
1.97;-0.619470834474368;-0.105524027325781;-0.57685973261876
1.98;-0.620467564005161;-0.0925202942663245;-0.57685973261876
1.99;-0.621334228746603;-0.0795111763956241;-0.57685973261876
2;-0.622070792445213;-0.0665005825878936;-0.57685973261876
2.01;-0.62267725790897;-0.0534924154417123;-0.57685973261876
2.02;-0.623153666939338;-0.0404905701209654;-0.57685973261876
2.03;-0.623500100251718;-0.0274989332000061;-0.57685973261876
2.04;-0.623716677384372;-0.0145213815133766;-0.57685973261876
2.05;-0.623803556595865;-0.00156178101042581;-0.57685973261876
2.06;-0.623760934751084;0.0113760143848417;-0.57685973261876
2.07;-0.623589047195866;0.0242881639083519;-0.57685973261876
2.08;-0.623288167620321;0.0371708410846531;-0.57685973261876
2.09;-0.622858607910886;0.0500202348493849;-0.57685973261876
2.1;-0.622300717991187;0.062832550665198;-0.57685973261876
2.11;-0.621614885651777;0.0756040116308019;-0.57685973261876
2.12;-0.620801536368802;0.0883308595828204;-0.57685973261876
2.13;-0.6198611331117;0.101009356190136;-0.57685973261876
2.14;-0.618794176139978;0.113635784040409;-0.57685973261876
2.15;-0.617601202789164;0.126206447718459;-0.57685973261876
2.16;-0.616282787246017;0.138717674876196;-0.57685973261876
2.17;-0.614839540313071;0.151165817293803;-0.57685973261876
2.18;-0.613272109162608;0.163547251931859;-0.57685973261876
2.19;-0.61158117708016;0.175858381974107;-0.57685973261876
2.2;-0.609767463197615;0.188095637860567;-0.57685973261876
2.21;-0.607831722216043;0.200255478310705;-0.57685973261876
2.22;-0.605774744118335;0.212334391336366;-0.57685973261876
2.23;-0.60359735387176;0.224328895244186;-0.57685973261876
2.24;-0.601300411120546;0.236235539627198;-0.57685973261876
2.25;-0.598884809868591;0.248050906345358;-0.57685973261876
2.26;-0.59635147815243;0.259771610494713;-0.57685973261876
2.27;-0.593701377704548;0.271394301364935;-0.57685973261876
2.28;-0.590935503607183;0.282915663384971;-0.57685973261876
2.29;-0.588054883936721;0.294332417056522;-0.57685973261876
2.3;-0.585060579398814;0.305641319875112;-0.57685973261876
2.31;-0.581953682954342;0.31683916723848;-0.57685973261876
2.32;-0.578735319436352;0.327922793342058;-0.57685973261876
2.33;-0.575406645158099;0.338889072061267;-0.57685973261876
2.34;-0.571968847512325;0.34973491782041;-0.57685973261876
2.35;-0.568423144561911;0.360457286447922;-0.57685973261876
2.36;-0.564770784622035;0.371053176017722;-0.57685973261876
2.37;-0.561013045833988;0.381519627676475;-0.57685973261876
2.38;-0.557151235730771;0.391853726456505;-0.57685973261876
2.39;-0.553186690794639;0.402052602074167;-0.57685973261876
2.4;-0.549120776006718;0.412113429713444;-0.57685973261876
2.41;-0.544954884388857;0.422033430794573;-0.57685973261876
2.42;-0.540690436537867;0.43180987372749;-0.57685973261876
2.43;-0.536328880152286;0.441440074649889;-0.57685973261876
2.44;-0.53187168955184;0.450921398149714;-0.57685973261876
2.45;-0.527320365189743;0.460251257971878;-0.57685973261876
2.46;-0.52267643315801;0.469427117709039;-0.57685973261876
2.47;-0.51794144468593;0.478446491476239;-0.57685973261876
2.48;-0.513116975631861;0.487306944569246;-0.57685973261876
2.49;-0.508204625968527;0.496006094106417;-0.57685973261876
2.5;-0.503206019261962;0.504541609653927;-0.57685973261876
2.51;-0.498122802144279;0.512911213834203;-0.57685973261876
2.52;-0.492956643780435;0.5211126829174;-0.57685973261876
2.53;-0.487709235329149;0.529143847395789;-0.57685973261876
2.54;-0.482382289398167;0.5370025925409;-0.57685973261876
2.55;-0.47697753949402;0.544686858943283;-0.57685973261876
2.56;-0.471496739466473;0.552194643034765;-0.57685973261876
2.57;-0.465941662947822;0.559523997593069;-0.57685973261876
2.58;-0.460314102787237;0.566673032228672;-0.57685973261876
2.59;-0.454615870480301;0.573639913853793;-0.57685973261876
2.6;-0.448848795593955;0.580422867133399;-0.57685973261876
2.61;-0.443014725187004;0.58702017491812;-0.57685973261876
2.62;-0.437115523226376;0.593430178658982;-0.57685973261876
2.63;-0.431153069999328;0.599651278803861;-0.57685973261876
2.64;-0.425129261521752;0.605681935175565;-0.57685973261876
2.65;-0.419046008942796;0.611520667331479;-0.57685973261876
2.66;-0.412905237945967;0.617166054904673;-0.57685973261876
2.67;-0.406708888146908;0.622616737926426;-0.57685973261876
2.68;-0.400458912488034;0.627871417130083;-0.57685973261876
2.69;-0.394157276630209;0.6329288542362;-0.57685973261876
2.7;-0.387805958341666;0.637787872218914;-0.57685973261876
2.71;-0.381406946884334;0.642447355553489;-0.57685973261876
2.72;-0.37496224239779;0.646906250445015;-0.57685973261876
2.73;-0.368473855280993;0.651163565038195;-0.57685973261876
2.74;-0.361943805572022;0.655218369608209;-0.57685973261876
2.75;-0.355374122325972;0.659069796732634;-0.57685973261876
2.76;-0.348766842991237;0.662717041444378;-0.57685973261876
2.77;-0.34212401278433;0.666159361365642;-0.57685973261876
2.78;-0.335447684063459;0.669396076822883;-0.57685973261876
2.79;-0.32873991570104;0.672426570942788;-0.57685973261876
2.8;-0.322002772455329;0.675250289729252;-0.57685973261876
2.81;-0.315238324341375;0.677866742121382;-0.57685973261876
2.82;-0.308448646001477;0.68027550003253;-0.57685973261876
2.83;-0.301635816075332;0.682476198370387;-0.57685973261876
2.84;-0.294801916570077;0.684468535038156;-0.57685973261876
2.85;-0.287949032230393;0.686252270916839;-0.57685973261876
2.86;-0.281079249908875;0.687827229828681;-0.57685973261876
2.87;-0.27419465793686;0.689193298481801;-0.57685973261876
2.88;-0.26729734549588;0.690350426396077;-0.57685973261876
2.89;-0.260389401989948;0.69129862581032;-0.57685973261876
2.9;-0.253472916418857;0.692037971570819;-0.57685973261876
2.91;-0.246549976752672;0.692568601001297;-0.57685973261876
2.92;-0.239622669307613;0.692890713754374;-0.57685973261876
2.93;-0.232693078123498;0.693004571644593;-0.57685973261876
2.94;-0.225763284342944;0.692910498463102;-0.57685973261876
2.95;-0.218835365592504;0.692608879774081;-0.57685973261876
2.96;-0.211911395365918;0.692100162692991;-0.57685973261876
2.97;-0.204993442409664;0.691384855646769;-0.57685973261876
2.98;-0.198083570110987;0.690463528116039;-0.57685973261876
2.99;-0.191183835888593;0.689336810359478;-0.57685973261876
3;-0.184296290586169;0.688005393120432;-0.57685973261876
3.01;-0.177422977868923;0.686470027315902;-0.57685973261876
3.02;-0.170565933623314;0.684731523708034;-0.57685973261876
3.03;-0.163727185360138;0.682790752558227;-0.57685973261876
3.04;-0.156908751621159;0.680648643264008;-0.57685973261876
3.05;-0.150112641389442;0.678306183978793;-0.57685973261876
3.06;-0.143340853503571;0.675764421214704;-0.57685973261876
3.07;-0.136595376075907;0.67302445942856;-0.57685973261876
3.08;-0.129878185915071;0.67008746059122;-0.57685973261876
3.09;-0.123191247952795;0.666954643740422;-0.57685973261876
3.1;-0.116536514675331;0.663627284517283;-0.57685973261876
3.11;-0.109915925559562;0.660106714686632;-0.57685973261876
3.12;-0.103331406513978;0.65639432164134;-0.57685973261876
3.13;-0.0967848693246895;0.65249154789083;-0.57685973261876
3.14;-0.0902782111066192;0.648399890533939;-0.57685973261876
3.15;-0.0838133137600361;0.644120900716329;-0.57685973261876
3.16;-0.0773920434325858;0.639656183072624;-0.57685973261876
3.17;-0.0710162499869668;0.635007395153478;-0.57685973261876
3.18;-0.0646877664744031;0.630176246837755;-0.57685973261876
3.19;-0.0584084086140612;0.625164499730048;-0.57685973261876
3.2;-0.0521799742785574;0.619973966543712;-0.57685973261876
3.21;-0.0460042429856987;0.614606510469651;-0.57685973261876
3.22;-0.0398829753965999;0.609064044531052;-0.57685973261876
3.23;-0.0338179128203152;0.603348530924288;-0.57685973261876
3.24;-0.0278107767251222;0.59746198034622;-0.57685973261876
3.25;-0.0218632682565938;0.591406451308109;-0.57685973261876
3.26;-0.0159770677625895;0.585184049436385;-0.57685973261876
3.27;-0.0101538343252984;0.578796926760482;-0.57685973261876
3.28;-0.0043952053004605;0.572247280987995;-0.57685973261876
3.29;0.00129720413610775;0.56553735476739;-0.57685973261876
3.3;0.00692180143455882;0.558669434938508;-0.57685973261876
3.31;0.0124770171095113;0.551645851771107;-0.57685973261876
3.32;0.0179613051708796;0.544468978191701;-0.57685973261876
3.33;0.0233731435469195;0.537141228998936;-0.57685973261876
3.34;0.0287110344993779;0.529665060067767;-0.57685973261876
3.35;0.0339735050306343;0.522042967542683;-0.57685973261876
3.36;0.039159107282726;0.514277487020253;-0.57685973261876
3.37;0.0442664189281523;0.506371192721252;-0.57685973261876
3.38;0.0492940435523535;0.498326696652625;-0.57685973261876
3.39;0.0542406110277648;0.490146647759572;-0.57685973261876
3.4;0.0591047778793483;0.481833731068011;-0.57685973261876
3.41;0.0638852276415063;0.473390666817706;-0.57685973261876
3.42;0.0685806712062858;0.464820209586323;-0.57685973261876
3.43;0.0731898471627832;0.456125147404702;-0.57685973261876
3.44;0.0777115221276632;0.44730830086362;-0.57685973261876
3.45;0.0821444910667086;0.438372522212331;-0.57685973261876
3.46;0.0864875776073189;0.429320694449161;-0.57685973261876
3.47;0.0907396343418806;0.420155730404457;-0.57685973261876
3.48;0.0948995431219336;0.410880571816156;-0.57685973261876
3.49;0.098966215343061;0.401498188398294;-0.57685973261876
3.5;0.102938592220433;0.392011576902716;-0.57685973261876
3.51;0.106815645054939;0.382423760174301;-0.57685973261876
3.52;0.110596375489843;0.372737786199988;-0.57685973261876
3.53;0.114279815757904;0.362956727151896;-0.57685973261876
3.54;0.117865028918902;0.353083678424846;-0.57685973261876
3.55;0.12135110908751;0.343121757668568;-0.57685973261876
3.56;0.124737181651474;0.333074103814908;-0.57685973261876
3.57;0.128022403480037;0.32294387610032;-0.57685973261876
3.58;0.131205963122573;0.312734253083956;-0.57685973261876
3.59;0.134287080997373;0.302448431661649;-0.57685973261876
3.6;0.137265009570568;0.292089626076097;-0.57685973261876
3.61;0.140139033525129;0.281661066923549;-0.57685973261876
3.62;0.142908469919917;0.271166000157285;-0.57685973261876
3.63;0.145572668338763;0.260607686088224;-0.57685973261876
3.64;0.148131011029532;0.249989398382928;-0.57685973261876
3.65;0.150582913033169;0.239314423059337;-0.57685973261876
3.66;0.152927822302681;0.22858605748052;-0.57685973261876
3.67;0.155165219812054;0.217807609346757;-0.57685973261876
3.68;0.157294619655086;0.206982395686257;-0.57685973261876
3.69;0.159315569134122;0.196113741844813;-0.57685973261876
3.7;0.161227648838676;0.185204980474696;-0.57685973261876
3.71;0.163030472713949;0.174259450523101;-0.57685973261876
3.72;0.164723688119221;0.163280496220448;-0.57685973261876
3.73;0.166306975876133;0.152271466068828;-0.57685973261876
3.74;0.167780050306856;0.141235711830916;-0.57685973261876
3.75;0.169142659262144;0.13017658751964;-0.57685973261876
3.76;0.170394584139299;0.119097448388914;-0.57685973261876
3.77;0.171535639890041;0.108001649925732;-0.57685973261876
3.78;0.172565675018309;0.0968925468439247;-0.57685973261876
3.79;0.173484571568011;0.0857734920798783;-0.57685973261876
3.8;0.174292245100738;0.0746478357905108;-0.57685973261876
3.81;0.174988644663465;0.0635189243538051;-0.57685973261876
3.82;0.175573752746281;0.052390099372191;-0.57685973261876
3.83;0.176047585230155;0.0412646966790732;-0.57685973261876
3.84;0.176410191324789;0.0301460453487948;-0.57685973261876
3.85;0.17666165349659;0.0190374667103292;-0.57685973261876
3.86;0.176802087386785;0.00794227336498865;-0.57685973261876
3.87;0.176831641719745;-0.0031362317915631;-0.57685973261876
3.88;0.176750498201544;-0.0141947565427072;-0.57685973261876
3.89;0.176558871408803;-0.0252300203193926;-0.57685973261876
3.9;0.176257008667879;-0.0362387551635027;-0.57685973261876
3.91;0.175845189924438;-0.0472177066857861;-0.57685973261876
3.92;0.175323727603475;-0.0581636350180733;-0.57685973261876
3.93;0.174692966459843;-0.0690733157595045;-0.57685973261876
3.94;0.173953283419344;-0.0799435409164942;-0.57685973261876
3.95;0.173105087410451;-0.0907711198361621;-0.57685973261876
3.96;0.172148819186721;-0.101552880132962;-0.57685973261876
3.97;0.171084951139985;-0.112285668608243;-0.57685973261876
3.98;0.169913987104361;-0.122966352162476;-0.57685973261876
3.99;0.168636462151191;-0.133591818699891;-0.57685973261876
4;0.167252942374956;-0.14415897802526;-0.57685973261876
4.01;0.16576402467027;-0.15466476273258;-0.57685973261876
4.02;0.164170336500015;-0.165106129085387;-0.57685973261876
4.03;0.162472535654719;-0.175480057888472;-0.57685973261876
4.04;0.160671310003251;-0.185783555350738;-0.57685973261876
4.05;0.158767377234932;-0.196013653938956;-0.57685973261876
4.06;0.156761484593145;-0.206167413222189;-0.57685973261876
4.07;0.154654408600554;-0.216241920706635;-0.57685973261876
4.08;0.152446954776004;-0.226234292660663;-0.57685973261876
4.09;0.15013995734323;-0.236141674929811;-0.57685973261876
4.1;0.147734278931452;-0.245961243741514;-0.57685973261876
4.11;0.145230810267972;-0.255690206499341;-0.57685973261876
4.12;0.142630469862883;-0.265325802566528;-0.57685973261876
4.13;0.13993420368598;-0.274865304038576;-0.57685973261876
4.14;0.137142984836008;-0.284306016504716;-0.57685973261876
4.15;0.134257813202333;-0.293645279798018;-0.57685973261876
4.16;0.131279715119177;-0.302880468733954;-0.57685973261876
4.17;0.12820974301251;-0.312008993837202;-0.57685973261876
4.18;0.12504897503973;-0.321028302056492;-0.57685973261876
4.19;0.121798514722253;-0.329935877467311;-0.57685973261876
4.2;0.118459490571129;-0.338729241962271;-0.57685973261876
4.21;0.115033055705805;-0.34740595592895;-0.57685973261876
4.22;0.111520387466179;-0.355963618915031;-0.57685973261876
4.23;0.107922687018048;-0.364399870280563;-0.57685973261876
4.24;0.104241178952097;-0.37271238983716;-0.57685973261876
4.25;0.100477110876557;-0.380898898473978;-0.57685973261876
4.26;0.0966317530036647;-0.388957158770309;-0.57685973261876
4.27;0.0927063977300474;-0.396884975594614;-0.57685973261876
4.28;0.0887023592111918;-0.404680196689858;-0.57685973261876
4.29;0.0846209729301133;-0.412340713244985;-0.57685973261876
4.3;0.0804635952603763;-0.419864460452386;-0.57685973261876
4.31;0.0762316030236035;-0.427249418051221;-0.57685973261876
4.32;0.0719263930416151;-0.434493610856449;-0.57685973261876
4.33;0.0675493816833437;-0.441595109273442;-0.57685973261876
4.34;0.0631020044066673;-0.44855202979805;-0.57685973261876
4.35;0.0585857152953086;-0.455362535501978;-0.57685973261876
4.36;0.0540019865909462;-0.462024836503384;-0.57685973261876
4.37;0.0493523082206874;-0.468537190422556;-0.57685973261876
4.38;0.0446381873200513;-0.474897902822564;-0.57685973261876
4.39;0.0398611477516138;-0.481105327634792;-0.57685973261876
4.4;0.0350227296194652;-0.487157867569234;-0.57685973261876
4.41;0.0301244887796345;-0.493053974509462;-0.57685973261876
4.42;0.0251679963466324;-0.49879214989218;-0.57685973261876
4.43;0.0201548381962695;-0.504370945071267;-0.57685973261876
4.44;0.015086614464903;-0.509788961666234;-0.57685973261876
4.45;0.00996493904527036;-0.51504485189501;-0.57685973261876
4.46;0.00479143907906502;-0.520137318890996;-0.57685973261876
4.47;-0.000432245553586676;-0.525065117004305;-0.57685973261876
4.48;-0.00570446274759007;-0.529827052087136;-0.57685973261876
4.49;-0.0110235486891287;-0.534421981763212;-0.57685973261876
4.5;-0.0163878283745331;-0.538848815681251;-0.57685973261876
4.51;-0.021795616131613;-0.543106515752385;-0.57685973261876
4.52;-0.02724521614329;-0.547194096371525;-0.57685973261876
4.53;-0.0327349229733731;-0.5511106246226;-0.57685973261876
4.54;-0.0382630220943125;-0.554855220467654;-0.57685973261876
4.55;-0.0438277904167728;-0.558427056919768;-0.57685973261876
4.56;-0.0494274968208614;-0.561825360199778;-0.57685973261876
4.57;-0.0550604026888523;-0.565049409876781;-0.57685973261876
4.58;-0.0607247624392408;-0.568098538992399;-0.57685973261876
4.59;-0.0664188240619685;-0.570972134168809;-0.57685973261876
4.6;-0.0721408296546554;-0.573669635700521;-0.57685973261876
4.61;-0.0778890159596764;-0.576190537629908;-0.57685973261876
4.62;-0.0836616149019198;-0.578534387806502;-0.57685973261876
4.63;-0.0894568541270668;-0.580700787930051;-0.57685973261876
4.64;-0.095272957540227;-0.582689393577364;-0.57685973261876
4.65;-0.101108145844771;-0.584499914212956;-0.57685973261876
4.66;-0.106960637081195;-0.58613211318353;-0.57685973261876
4.67;-0.11282864716586;-0.587585807696304;-0.57685973261876
4.68;-0.118710390429439;-0.58886086878124;-0.57685973261876
4.69;-0.124604080154915;-0.589957221237202;-0.57685973261876
4.7;-0.130507929114971;-0.590874843562082;-0.57685973261876
4.71;-0.136420150108603;-0.591613767866962;-0.57685973261876
4.72;-0.142338956496813;-0.592174079774337;-0.57685973261876
4.73;-0.148262562737202;-0.592555918300488;-0.57685973261876
4.74;-0.154189184917321;-0.59275947572204;-0.57685973261876
4.75;-0.160117041286619;-0.592784997426786;-0.57685973261876
4.76;-0.166044352786821;-0.592632781748854;-0.57685973261876
4.77;-0.1719693435806;-0.592303179788279;-0.57685973261876
4.78;-0.177890241578356;-0.591796595215069;-0.57685973261876
4.79;-0.183805278962989;-0.591113484057849;-0.57685973261876
4.8;-0.18971269271247;-0.590254354477179;-0.57685973261876
4.81;-0.195610725120085;-0.589219766523626;-0.57685973261876
4.82;-0.201497624312195;-0.588010331880702;-0.57685973261876
4.83;-0.20737164476335;-0.586626713592768;-0.57685973261876
4.84;-0.213231047808616;-0.585069625778003;-0.57685973261876
4.85;-0.219074102152973;-0.583339833326563;-0.57685973261876
4.86;-0.224899084377619;-0.581438151584039;-0.57685973261876
4.87;-0.230704279443044;-0.579365446020327;-0.57685973261876
4.88;-0.236487981188735;-0.577122631884052;-0.57685973261876
4.89;-0.24224849282935;-0.574710673842659;-0.57685973261876
4.9;-0.24798412744724;-0.572130585608304;-0.57685973261876
4.91;-0.253693208481157;-0.569383429549699;-0.57685973261876
4.92;-0.259374070211021;-0.566470316290026;-0.57685973261876
4.93;-0.265025058238608;-0.563392404291087;-0.57685973261876
4.94;-0.270644529964013;-0.560150899423817;-0.57685973261876
4.95;-0.276230855057759;-0.55674705452534;-0.57685973261876
4.96;-0.281782415928417;-0.55318216894269;-0.57685973261876
4.97;-0.287297608185601;-0.549457588063391;-0.57685973261876
4.98;-0.292774841098218;-0.545574702833028;-0.57685973261876
4.99;-0.298212538047826;-0.541534949259999;-0.57685973261876
5;-0.303609136976988;-0.537339807907611;-0.57685973261876
5.01;-0.30896309083249;-0.532990803373689;-0.57685973261876
5.02;-0.314272868003299;-0.528489503757879;-0.57685973261876
5.03;-0.319536952753139;-0.523837520116831;-0.57685973261876
5.04;-0.324753845647567;-0.519036505907437;-0.57685973261876
5.05;-0.329922063975424;-0.514088156418322;-0.57685973261876
5.06;-0.335040142164554;-0.508994208189761;-0.57685973261876
5.07;-0.340106632191666;-0.503756438422244;-0.57685973261876
5.08;-0.345120103986237;-0.498376664373852;-0.57685973261876
5.09;-0.350079145828333;-0.492856742746675;-0.57685973261876
5.1;-0.354982364740246;-0.487198569062452;-0.57685973261876
5.11;-0.359828386871848;-0.481404077027649;-0.57685973261876
5.12;-0.364615857879538;-0.475475237888188;-0.57685973261876
5.13;-0.369343443298699;-0.469414059774023;-0.57685973261876
5.14;-0.374009828909548;-0.463222587033791;-0.57685973261876
5.15;-0.378613721096298;-0.456902899559752;-0.57685973261876
5.16;-0.383153847199518;-0.45045711210323;-0.57685973261876
5.17;-0.38762895586161;-0.443887373580782;-0.57685973261876
5.18;-0.392037817365304;-0.43719586637132;-0.57685973261876
5.19;-0.396379223965092;-0.430384805604409;-0.57685973261876
5.2;-0.400651990211492;-0.423456438439971;-0.57685973261876
5.21;-0.404854953268085;-0.416413043339629;-0.57685973261876
5.22;-0.408986973221221;-0.409256929329909;-0.57685973261876
5.23;-0.413046933382325;-0.401990435257562;-0.57685973261876
5.24;-0.417033740582717;-0.394615929037217;-0.57685973261876
5.25;-0.42094632546088;-0.387135806891613;-0.57685973261876
5.26;-0.424783642742097;-0.379552492584655;-0.57685973261876
5.27;-0.428544671510383;-0.371868436647534;-0.57685973261876
5.28;-0.43222841547265;-0.364086115598147;-0.57685973261876
5.29;-0.435833903215042;-0.356208031154073;-0.57685973261876
5.3;-0.439360188451364;-0.348236709439349;-0.57685973261876
5.31;-0.442806350263555;-0.340174700185289;-0.57685973261876
5.32;-0.446171493334144;-0.332024575925603;-0.57685973261876
5.33;-0.449454748170635;-0.323788931186062;-0.57685973261876
5.34;-0.452655271321756;-0.315470381668968;-0.57685973261876
5.35;-0.455772245585539;-0.307071563432671;-0.57685973261876
5.36;-0.458804880209173;-0.298595132066398;-0.57685973261876
5.37;-0.46175241108058;-0.290043761860646;-0.57685973261876
5.38;-0.464614100911681;-0.281420144973396;-0.57685973261876
5.39;-0.467389239413302;-0.272726990592397;-0.57685973261876
5.4;-0.470077143461691;-0.263967024093796;-0.57685973261876
5.41;-0.472677157256602;-0.25514298619735;-0.57685973261876
5.42;-0.475188652470917;-0.246257632118499;-0.57685973261876
5.43;-0.477611028391779;-0.23731373071755;-0.57685973261876
5.44;-0.479943712053199;-0.228314063646224;-0.57685973261876
5.45;-0.482186158360123;-0.219261424491851;-0.57685973261876
5.46;-0.484337850203928;-0.210158617919443;-0.57685973261876
5.47;-0.486398298569332;-0.201008458811931;-0.57685973261876
5.48;-0.488367042632699;-0.191813771408811;-0.57685973261876
5.49;-0.490240189098841;-0.180270562066765;0
5.5;-0.491975260270177;-0.165235923401029;0
5.51;-0.493559874684466;-0.150177593106851;0
5.52;-0.494993815922336;-0.135100125794724;0
5.53;-0.49627691310223;-0.120008073983793;0
5.54;-0.497409040853369;-0.104905986740784;0
5.55;-0.498390119275115;-0.0897984083223063;0
5.56;-0.499220113882772;-0.0746898768209349;0
5.57;-0.49989903553987;-0.0595849228154593;0
5.58;-0.50042694037697;-0.0444880680257104;0
5.59;-0.500803929697038;-0.0294038239723532;0
5.6;-0.501030149867443;-0.0143366906420399;0
5.61;-0.501105792198629;0.000708844841684878;0
5.62;-0.501031092809529;0.0157283095413392;0
5.63;-0.500806332479771;0.0307172460219324;0
5.64;-0.500431836488758;0.0456712136604846;0
5.65;-0.499907974441679;0.0605857899482556;0
5.66;-0.499235160082536;0.0754565717853056;0
5.67;-0.498413851094259;0.0902791767670135;0
5.68;-0.497444548885995;0.10504924446218;0
5.69;-0.496327798367653;0.119762437682349;0
5.7;-0.495064187711801;0.134414443741976;0
5.71;-0.493654348102999;0.14900097570909;0
5.72;-0.49209895347467;0.163517773646086;0
5.73;-0.490398720233612;0.177960605840287;0
5.74;-0.488554406972252;0.192325270023941;0
5.75;-0.486566814168741;0.206607594583283;0
5.76;-0.484436783875022;0.22080343975634;0
5.77;-0.482165199392956;0.234908698819124;0
5.78;-0.479752984938656;0.248919299259883;0
5.79;-0.477201105295122;0.262831203941082;0
5.8;-0.474510565453313;0.276640412248777;0
5.81;-0.471682410241792;0.290342961229074;0
5.82;-0.468717723945058;0.303934926711337;0
5.83;-0.465617629910706;0.317412424417845;0
5.84;-0.462383290145559;0.330771611059582;0
5.85;-0.459015904900898;0.344008685417858;0
5.86;-0.455516712246948;0.357119889411458;0
5.87;-0.451886987636755;0.370101509149027;0
5.88;-0.448128043459603;0.382949875966402;0
5.89;-0.444241228584135;0.395661367448601;0
5.9;-0.440227927891316;0.408232408436191;0
5.91;-0.436089561797412;0.420659472015765;0
5.92;-0.431827585767125;0.432939080494254;0
5.93;-0.42744348981707;0.445067806356802;0
5.94;-0.422938798009745;0.457042273207969;0
5.95;-0.418315067938157;0.468859156695974;0
5.96;-0.413573890201299;0.480515185419767;0
5.97;-0.408716887870615;0.492007141818655;0
5.98;-0.403745715947666;0.503331863044267;0
5.99;-0.398662060813142;0.514486241814622;0
6;-0.393467639667427;0.525467227250063;0
6.01;-0.388164199962878;0.536271825690861;0
6.02;-0.382753518828014;0.546897101496246;0
6.03;-0.377237402483803;0.557340177824686;0
6.04;-0.371617685652226;0.567598237395192;0
6.05;-0.365896230957314;0.577668523229462;0
6.06;-0.360074928318858;0.587548339374676;0
6.07;-0.354155694338967;0.59723505160675;0
6.08;-0.348140471681692;0.606726088113885;0
6.09;-0.342031228445901;0.616018940160226;0
6.1;-0.335829957531604;0.625111162729476;0
6.11;-0.329538675999936;0.634000375148302;0
6.12;-0.323159424426999;0.642684261689383;0
6.13;-0.31669426625176;0.651160572153951;0
6.14;-0.310145287118222;0.659427122433694;0
6.15;-0.30351459421207;0.667481795051872;0
6.16;-0.296804315591988;0.675322539683542;0
6.17;-0.290016599515888;0.682947373654745;0
6.18;-0.283153613762225;0.690354382420571;0
6.19;-0.276217544946635;0.697541720021966;0
6.2;-0.269210597834098;0.704507609521208;0
6.21;-0.262134994646845;0.71125034341593;0
6.22;-0.254992974368222;0.717768284031634;0
6.23;-0.24778679204272;0.724059863892581;0
6.24;-0.240518718072404;0.730123586071019;0
6.25;-0.233191037509933;0.735958024514647;0
6.26;-0.225806049348423;0.74156182435228;0
6.27;-0.218366065808331;0.746933702177651;0
6.28;-0.210873411621614;0.752072446311298;0
6.29;-0.203330423313362;0.756976917040504;0
6.3;-0.195739448481133;0.761646046837253;0
6.31;-0.188102845072203;0.766078840554167;0
6.32;-0.180422980658961;0.770274375598416;0
6.33;-0.172702231712664;0.774231802083577;0
6.34;-0.164942982875765;0.777950342959441;0
6.35;-0.157147626233054;0.781429294119753;0
6.36;-0.149318560581809;0.784668024487918;0
6.37;-0.141458190701199;0.787665976080651;0
6.38;-0.133568926621143;0.790422664049622;0
6.39;-0.125653182890857;0.792937676701094;0
6.4;-0.117713377847295;0.795210675493606;0
6.41;-0.109751932883723;0.797241395013732;0
6.42;-0.101771271718624;0.799029642929955;0
6.43;-0.093773819665168;0.800575299924718;0
6.44;-0.0857620029014607;0.801878319604704;0
6.45;-0.0777382477417805;0.802938728389413;0
6.46;-0.0697049799090339;0.803756625378095;0
6.47;-0.0616646238086352;0.804332182195137;0
6.48;-0.0536196018040302;0.804665642813968;0
6.49;-0.0455723334940765;0.804757323359581;0
6.5;-0.0375252349924949;0.804607611889769;0
6.51;-0.0294807182096041;0.804216968155167;0
6.52;-0.0214411901365489;0.803585923338226;0
6.53;-0.0134090521322343;0.802715079771215;0
6.54;-0.00538669921317284;0.801605110633382;0
6.55;0.00262348065354629;0.800256759627401;0
6.56;0.0106191072539598;0.798670840635231;0
6.57;0.0185978088273995;0.796848237353533;0
6.58;0.0265572227629235;0.794789902908783;0
6.59;0.0344949962918089;0.792496859452236;0
6.6;0.042408787175903;0.789970197734895;0
6.61;0.0502962643916351;0.787211076662645;0
6.62;0.0581551088094914;0.784220722831725;0
6.63;0.0659830138687564;0.781000430044707;0
6.64;0.0737776862473267;0.777551558807153;0
6.65;0.0815368465264058;0.773875535805159;0
6.66;0.089258229849889;0.769973853363937;0
6.67;0.0969395865782484;0.765848068887674;0
6.68;0.104578682936735;0.761499804280826;0
6.69;0.112173301657707;0.756930745351085;0
6.7;0.119721242616914;0.752142641194209;0
6.71;0.127220323463537;0.747137303560946;0
6.72;0.134668380243829;0.741916606206253;0
6.73;0.142063268018165;0.736482484221058;0
6.74;0.149402861471324;0.730836933346779;0
6.75;0.156685055515856;0.724982009272841;0
6.76;0.163907765888334;0.71891982691743;0
6.77;0.171068929738344;0.712652559691731;0
6.78;0.178166506210046;0.706182438747894;0
6.79;0.18519847701614;0.699511752210985;0
6.8;0.19216284700408;0.692642844395182;0
6.81;0.199057644714383;0.685578115004466;0
6.82;0.20588092293087;0.678320018318093;0
6.83;0.212630759222705;0.670871062361098;0
6.84;0.219305256478058;0.663233808060118;0
6.85;0.225902543429276;0.655410868384809;0
6.86;0.232420775169394;0.647404907475131;0
6.87;0.23885813365986;0.639218639754807;0
6.88;0.245212828229333;0.630854829031216;0
6.89;0.251483096063423;0.622316287582047;0
6.9;0.257667202685233;0.613605875228979;0
6.91;0.263763442426586;0.604726498398709;0
6.92;0.269770138889802;0.595681109171621;0
6.93;0.275685645399914;0.586472704318407;0
6.94;0.281508345447186;0.577104324324944;0
6.95;0.287236653119839;0.567579052405745;0
6.96;0.292869013526858;0.557900013506298;0
6.97;0.298403903210768;0.548070373294605;0
6.98;0.303839830550287;0.538093337142257;0
6.99;0.309175336152736;0.527972149095349;0
7;0.314408993236119;0.517710090835575;0
7.01;0.319539408000768;0.507310480631828;0
7.02;0.324565219990464;0.49677667228263;0
7.03;0.329485102442938;0.486112054049736;0
7.04;0.334297762629681;0.475320047583232;0
7.05;0.339001942184951;0.464404106838479;0
7.06;0.343596417423931;0.453367716985229;0
7.07;0.348079999649931;0.442214393309265;0
7.08;0.352451535450581;0.430947680106893;0
7.09;0.356709906982937;0.419571149572649;0
7.1;0.360854032247433;0.408088400680541;0
7.11;0.36488286535062;0.396503058059199;0
7.12;0.368795396756629;0.384818770861262;0
7.13;0.3725906535273;0.373039211627356;0
7.14;0.376267699550936;0.361168075145014;0
7.15;0.379825635759618;0.349209077302895;0
7.16;0.383263600335041;0.337165953940635;0
7.17;0.386580768902839;0.325042459694706;0
7.18;0.38977635471534;0.312842366840616;0
7.19;0.392849608822739;0.300569464131814;0
7.2;0.395799820232639;0.288227555635654;0
7.21;0.398626316057942;0.275820459566762;0
7.22;0.401328461653065;0.263352007118176;0
7.23;0.403905660738457;0.250826041290598;0
7.24;0.406357355513399;0.238246415720121;0
7.25;0.408683026757082;0.225616993504781;0
7.26;0.410882193917941;0.212941646030295;0
7.27;0.412954415191244;0.200224251795325;0
7.28;0.414899287584937;0.187468695236631;0
7.29;0.41671644697374;0.174678865554473;0
7.3;0.418405568141493;0.161858655538585;0
7.31;0.419966364811777;0.149011960395108;0
7.32;0.421398589666801;0.136142676574807;0
7.33;0.422702034354582;0.12325470060293;0
7.34;0.423876529484428;0.110351927911052;0
7.35;0.424921944610758;0.0974382516712636;0
7.36;0.42583818820527;0.0845175616330329;0
7.37;0.426625207617487;0.0715937429630934;0
7.38;0.427282989023725;0.0586706750887024;0
7.39;0.427811557364509;0.0457522305446056;0
7.4;0.428210976270467;0.0328422738240503;0
7.41;0.428481347976766;0.0199446602341837;0
7.42;0.428622813226117;0.00706323475617194;0
7.43;0.428635551160401;-0.00579816908962639;0
7.44;0.428519779200977;-0.0186357303731007;0
7.45;0.428275752917718;-0.0314456418781139;0
7.46;0.427903765886834;-0.0442241112201856;0
7.47;0.42740414953755;-0.0569673619578082;0
7.48;0.426777272987702;-0.0696716346970747;0
7.49;0.426023542868313;-0.0823331881892963;0
7.5;0.425143403137229;-0.0949483004212963;0
7.51;0.424137334881889;-0.107513269698063;0
7.52;0.423005856111293;-0.120024415717449;0
7.53;0.421749521537275;-0.132478080636619;0
7.54;0.420368922345139;-0.144870630129918;0
7.55;0.418864685953758;-0.157198454437889;0
7.56;0.417237475765227;-0.169457969407109;0
7.57;0.415487990904159;-0.181645617520568;0
7.58;0.413616965946715;-0.1937578689183;0
7.59;0.411625170639484;-0.205791222407953;0
7.6;0.409513409608292;-0.217742206465044;0
7.61;0.407282522057065;-0.229607380222594;0
7.62;0.404933381456837;-0.241383334449874;0
7.63;0.402466895225026;-0.253066692519982;0
7.64;0.399884004395082;-0.264654111365995;0
7.65;0.397185683276632;-0.276142282425402;0
7.66;0.394372939106223;-0.287527932572583;0
7.67;0.391446811688807;-0.298807825039055;0
7.68;0.388408373030071;-0.309978760321247;0
7.69;0.385258726959752;-0.321037577075533;0
7.7;0.381999008746058;-0.331981153000296;0
7.71;0.378630384701322;-0.342806405704771;0
7.72;0.37515405177904;-0.353510293564427;0
7.73;0.371571237162405;-0.36408981656267;0
7.74;0.367883197844491;-0.374542017118608;0
7.75;0.364091220200227;-0.384863980900693;0
7.76;0.360196619550291;-0.395052837625988;0
7.77;0.35620073971708;-0.405105761844859;0
7.78;0.352104952572905;-0.415019973710879;0
7.79;0.347910657580544;-0.424792739735741;0
7.8;0.343619281326323;-0.434421373528975;0
7.81;0.339232277045863;-0.443903236522275;0
7.82;0.334751124142658;-0.453235738678249;0
7.83;0.330177327699634;-0.462416339183399;0
7.84;0.325512417983849;-0.471442547125158;0
7.85;0.320757949944497;-0.480311922152804;0
7.86;0.315915502704375;-0.489022075122083;0
7.87;0.310986679044978;-0.49757066872337;0
7.88;0.305973104885388;-0.505955418093218;0
7.89;0.300876428755121;-0.51417409140913;0
7.9;0.295698321261101;-0.522224510467415;0
7.91;0.290440474548939;-0.53010455124397;0
7.92;0.285104601758671;-0.537812144437865;0
7.93;0.279692436475151;-0.545345275997584;0
7.94;0.274205732173245;-0.552701987629805;0
7.95;0.26864626165803;-0.559880377290587;0
7.96;0.263015816500152;-0.566878599658856;0
7.97;0.257316206466533;-0.573694866592069;0
7.98;0.251549258946601;-0.580327447563959;0
7.99;0.245716818374225;-0.586774670084254;0
8;0.239820745645528;-0.593034920100279;0
8.01;0.233862917532777;-0.599106642380353;0
8.02;0.227845226094511;-0.604988340878886;0
8.03;0.221769578082105;-0.610678579083121;0
8.04;0.215637894342951;-0.616175980341421;0
8.05;0.209452109220436;-0.621479228173052;0
8.06;0.203214169950905;-0.626587066559405;0
8.07;0.196926036057804;-0.631498300216579;0
8.08;0.190589678743169;-0.636211794849301;0
8.09;0.184207080276666;-0.640726477386124;0
8.1;0.177780233382369;-0.645041336195864;0
8.11;0.171311140623445;-0.649155421285256;0
8.12;0.16480181378496;-0.653067844477788;0
8.13;0.158254273254973;-0.656777779573697;0
8.14;0.15167054740412;-0.660284462491113;0
8.15;0.145052671963867;-0.663587191388346;0
8.16;0.138402689403627;-0.666685326767292;0
8.17;0.131722648306934;-0.669578291557988;0
8.18;0.125014602746839;-0.672265571184297;0
8.19;0.118280611660759;-0.674746713610755;0
8.2;0.111522738224917;-0.677021329370584;0
8.21;0.104743049228606;-0.679089091574905;0
8.22;0.0979436144484327;-0.680949735903176;0
8.23;0.0911265060227492;-0.682603060574887;0
8.24;0.0842937978264473;-0.684048926302566;0
8.25;0.0774475648463082;-0.685287256226123;0
8.26;0.070589882557093;-0.686318035828599;0
8.27;0.0637228262985584;-0.687141312833371;0
8.28;0.0568484706535838;-0.687757197082874;0
8.29;0.0499688888275944;-0.688165860398912;0
8.3;0.0430861520294632;-0.688367536424635;0
8.31;0.0362023288540763;-0.688362520448246;0
8.32;0.029319484666742;-0.688151169208542;0
8.33;0.0224396809896265;-0.687733900682363;0
8.34;0.0155649748903966;-0.687111193854049;0
8.35;0.00869741837324741;-0.686283588467011;0
8.36;0.00183905777249505;-0.685251684757512;0
8.37;-0.00500806685108862;-0.684016143170772;0
8.38;-0.0118419223110237;-0.682577684059511;0
8.39;-0.0186604828927763;-0.680937087365059;0
8.4;-0.0254617309481464;-0.679095192281144;0
8.41;-0.0322436574862151;-0.6770528969005;0
8.42;-0.0390042627606823;-0.67481115784443;0
8.43;-0.0457415568534226;-0.672370989875451;0
8.44;-0.0524535602540932;-0.669733465493189;0
8.45;-0.0591383044356251;-0.66689971451365;0
8.46;-0.0657938324254333;-0.663870923632041;0
8.47;-0.0724181993721813;-0.660648335969289;0
8.48;-0.0790094731079384;-0.657233250602425;0
8.49;-0.0855657347055688;-0.653627022078999;0
8.5;-0.0920850790311932;-0.64983105991571;0
8.51;-0.0985656152915673;-0.645846828081411;0
8.52;-0.105005467576219;-0.641675844464686;0
8.53;-0.111402775394196;-0.637319680326173;0
8.54;-0.117755694205262;-0.632779959735838;0
8.55;-0.124062395945409;-0.628058358995379;0
8.56;-0.130321069546515;-0.623156606045968;0
8.57;-0.136529921450026;-0.618076479861529;0
8.58;-0.142687176114498;-0.61281980982777;0
8.59;-0.148791076516867;-0.607388475107156;0
8.6;-0.154839884647313;-0.601784403990067;0
8.61;-0.160831881997566;-0.596009573232335;0
8.62;-0.166765370042528;-0.590066007379396;0
8.63;-0.172638670715085;-0.583955778077275;0
8.64;-0.17845012687396;-0.57768100337064;0
8.65;-0.184198102764495;-0.571243846988151;0
8.66;-0.189880984472231;-0.564646517615344;0
8.67;-0.195497180369157;-0.557891268155288;0
8.68;-0.201045121552515;-0.550980394977259;0
8.69;-0.206523262276039;-0.543916237153676;0
8.7;-0.211930080373511;-0.536701175685545;0
8.71;-0.217264077674514;-0.529337632716668;0
8.72;-0.222523780412293;-0.521828070736871;0
8.73;-0.227707739623582;-0.514174991774502;0
8.74;-0.232814531540322;-0.506380936578473;0
8.75;-0.237842757973144;-0.498448483790091;0
8.76;-0.242791046686533;-0.490380249104962;0
8.77;-0.247658051765565;-0.482178884425222;0
8.78;-0.252442453974116;-0.473847077002378;0
8.79;-0.257142961104473;-0.46538754857102;0
8.8;-0.261758308318229;-0.456803054473687;0
8.81;-0.266287258478394;-0.448096382777165;0
8.82;-0.270728602472629;-0.439270353380491;0
8.83;-0.275081159527529;-0.430327817114952;0
8.84;-0.279343777513862;-0.421271654836351;0
8.85;-0.283515333242706;-0.412104776509846;0
8.86;-0.287594732752392;-0.402830120287619;0
8.87;-0.291580911586208;-0.393450651579698;0
8.88;-0.295472835060761;-0.383969362118192;0
8.89;-0.299269498524974;-0.374389269015249;0
8.9;-0.302969927609616;-0.364713413815029;0
8.91;-0.306573178467341;-0.354944861539975;0
8.92;-0.310078338003156;-0.345086699731691;0
8.93;-0.313484524095279;-0.335142037486713;0
8.94;-0.316790885806333;-0.325114004487484;0
8.95;-0.319996603584824;-0.315005750028814;0
8.96;-0.323100889456871;-0.304820442040141;0
8.97;-0.326102987208136;-0.294561266103883;0
8.98;-0.329002172555926;-0.284231424470187;0
8.99;-0.331797753311423;-0.273834135068375;0
9;-0.334489069532012;-0.263372630515388;0
9.01;-0.337075493663694;-0.252850157121534;0
9.02;-0.339556430673527;-0.242269973893834;0
9.03;-0.341931318172107;-0.231635351537283;0
9.04;-0.344199626526045;-0.220949571454316;0
9.05;-0.346360858960431;-0.210215924742785;0
9.06;-0.348414551651279;-0.199437711192759;0
9.07;-0.350360273807926;-0.188618238282435;0
9.08;-0.352197627745399;-0.177760820173475;0
9.09;-0.35392624894672;-0.166868776706064;0
9.1;-0.355545806115177;-0.155945432393995;0
9.11;-0.357056001216534;-0.144994115420075;0
9.12;-0.358456569511201;-0.134018156632167;0
9.13;-0.359747279576376;-0.123020888540148;0
9.14;-0.360927933318151;-0.112005644314101;0
9.15;-0.361998365973614;-0.100975756784025;0
9.16;-0.362958446102952;-0.0899345574413723;0
9.17;-0.36380807557158;-0.0788853754426957;0
9.18;-0.364547189522318;-0.0678315366157144;0
9.19;-0.36517575633764;-0.0567763624680825;0
9.2;-0.365693777592022;-0.0457231691991572;0
9.21;-0.366101287994427;-0.0346752667150562;0
9.22;-0.36639835532095;-0.0236359576472952;0
9.23;-0.366585080337671;-0.0126085363752912;0
9.24;-0.366661596713753;-0.00159628805302142;0
9.25;-0.36662807092482;0.00939751235988142;0
9.26;-0.366484702146672;0.0203696010623114;0
9.27;-0.366231722139383;0.0313167263708706;0
9.28;-0.365869395121818;0.0422356496737684;0
9.29;-0.365398017636655;0.053123146379164;0
9.3;-0.364817918405931;0.0639760068576761;0
9.31;-0.364129458177205;0.0747910373787868;0
9.32;-0.363333029560373;0.0855650610408716;0
9.33;-0.362429056855222;0.0962949186945854;0
9.34;-0.361417995869777;0.10697746985934;0
9.35;-0.360300333729513;0.117609593632612;0
9.36;-0.359076588677513;0.128188189591816;0
9.37;-0.357747309865637;0.138710178688491;0
9.38;-0.356313077136783;0.149172504134543;0
9.39;-0.354774500798332;0.159572132280293;0
9.4;-0.353132221386837;0.169906053484072;0
9.41;-0.351386909424064;0.180171282973139;0
9.42;-0.349539265164463;0.19036486169565;0
9.43;-0.347590018334155;0.200483857163459;0
9.44;-0.345539927861543;0.210525364285516;0
9.45;-0.343389781599619;0.2204865061916;0
9.46;-0.341140396040088;0.230364435046199;0
9.47;-0.338792616019399;0.240156332852271;0
9.48;-0.336347314416775;0.24985941224469;0
9.49;-0.333805391844366;0.259470917273138;0
9.5;-0.331167776329619;0.268988124174242;0
9.51;-0.328435422989967;0.278408342132729;0
9.52;-0.325609313699972;0.2877289140314;0
9.53;-0.322690456751006;0.296947217189713;0
9.54;-0.319679886503606;0.306060664090776;0
9.55;-0.316578663032607;0.315066703096545;0
9.56;-0.313387871765182;0.323962819151038;0
9.57;-0.310108623111898;0.332746534471384;0
9.58;-0.306742052090923;0.341415409226498;0
9.59;-0.3032893179455;0.349967042203222;0
9.6;-0.299751603754817;0.358399071459743;0
9.61;-0.296130116038398;0.366709174966112;0
9.62;-0.292426084354153;0.374895071231705;0
9.63;-0.288640760890208;0.382954519919451;0
9.64;-0.284775420050656;0.390885322446661;0
9.65;-0.280831358035356;0.398685322572322;0
9.66;-0.276809892413928;0.406352406970676;0
9.67;-0.272712361694068;0.413884505790957;0
9.68;-0.268540124884331;0.421279593203129;0
9.69;-0.264294561051518;0.428535687929497;0
9.7;-0.259977068872816;0.43565085376204;0
9.71;-0.255589066182822;0.442623200065353;0
9.72;-0.251131989515613;0.44945088226506;0
9.73;-0.246607293641985;0.456132102321581;0
9.74;-0.242016451102032;0.462665109189133;0
9.75;-0.237360951733194;0.46904819925986;0
9.76;-0.232642302193936;0.475279716792978;0
9.77;-0.227862025483201;0.48135805432883;0
9.78;-0.223021660455793;0.487281653087761;0
9.79;-0.218122761333834;0.493049003353715;0
9.8;-0.213166897214462;0.498658644842463;0
9.81;-0.208155651573912;0.50410916705438;0
9.82;-0.203090621768137;0.509399209611696;0
9.83;-0.197973418530132;0.514527462580141;0
9.84;-0.192805665464108;0.519492666774914;0
9.85;-0.187588998536678;0.524293614050915;0
9.86;-0.182325065565212;0.528929147577182;0
9.87;-0.177015525703519;0.533398162095467;0
9.88;-0.171662048925016;0.537699604162914;0
9.89;-0.166266315503539;0.54183247237879;0
9.9;-0.16083001549196;0.545795817595215;0
9.91;-0.15535484819877;0.549588743111876;0
9.92;-0.149842521662787;0.553210404854689;0
9.93;-0.144294752126146;0.55666001153836;0
9.94;-0.138713263505742;0.559936824812866;0
9.95;-0.133099786863275;0.563040159393798;0
9.96;-0.127456059874068;0.565969383176581;0
9.97;-0.121783826294812;0.568723917334557;0
9.98;-0.116084835430408;0.571303236400928;0
9.99;-0.110360841600056;0.573706868334559;0
10;-0.104613603602763;0.575934394569659;0
10.01;-0.0988448841824247;0.577985450049342;0
10.02;-0.0930564494926445;0.579859723243094;0
10.03;-0.0872500685614512;0.581556956148165;0
10.04;-0.081427512756073;0.583076944274907;0
10.05;-0.075590555247932;0.584419536616103;0
10.06;-0.0697409704780161;0.585584635600317;0
10.07;-0.0638805336227902;0.586572197029299;0
10.08;-0.0580110200608042;0.587382229999504;0
10.09;-0.0521342048401574;0.588014796807774;0
10.1;-0.046251862146977;0.588470012841224;0
10.11;-0.0403657647750689;0.588748046451411;0
10.12;-0.0344776835968969;0.588849118812842;0
10.13;-0.0285893870360474;0.588773503765888;0
10.14;-0.0227026405413346;0.588521527644182;0
10.15;-0.0168192060627014;0.588093569086578;0
10.16;-0.0109408415290699;0.587490058833758;0
10.17;-0.00506930032829426;0.586711479509563;0
10.18;0.000793669210630589;0.585758365387155;0
10.19;0.00664632433295482;0.584631302140089;0
10.2;0.0124869283710023;0.583330926578421;0
10.21;0.0183137512542931;0.581857926369921;0
10.22;0.0241250700168122;0.580213039746534;0
10.23;0.0299191693012762;0.578397055196185;0
10.24;0.0356943418602527;0.576410811140046;0
10.25;0.0414488890539874;0.574255195595392;0
10.26;0.047181121344796;0.571931145824171;0
10.27;0.0528893587878765;0.569439647967412;0
10.28;0.058571931518404;0.566781736665616;0
10.29;0.0642271802347658;0.56395849466525;0
10.3;0.0698534566777995;0.560971052411513;0
10.31;0.0754491241058984;0.557820587627487;0
10.32;0.0810125577658461;0.554508324879853;0
10.33;0.0865421453592501;0.551035535131301;0
10.34;0.0920362875044388;0.547403535279809;0
10.35;0.0974933981936941;0.543613687684942;0
10.36;0.102911905245687;0.539667399681334;0
10.37;0.108290250752995;0.535566123079531;0
10.38;0.113626891524567;0.531311353654352;0
10.39;0.118920299523016;0.526904630620958;0
10.4;0.124168962296628;0.522347536098799;0
10.41;0.129371383405941;0.517641694563609;0
10.42;0.134526082844801;0.512788772287669;0
10.43;0.139631597455767;0.507790476768478;0
10.44;0.144686481339751;0.502648556146069;0
10.45;0.149689306259777;0.49736479860913;0
10.46;0.154638662038756;0.491941031790147;0
10.47;0.159533156951166;0.486379122149759;0
10.48;0.164371418108517;0.480680974350537;0
10.49;0.169152091838522;0.474848530620385;0
10.5;0.17387384405784;0.46888377010577;0
10.51;0.178535360638324;0.462788708215007;0
10.52;0.183135347766638;0.456565395951792;0
10.53;0.187672532297186;0.450215919239221;0
10.54;0.192145662098222;0.443742398234492;0
10.55;0.196553506391081;0.437146986634532;0
10.56;0.200894856082412;0.430431870972761;0
10.57;0.205168524089351;0.423599269907216;0
10.58;0.209373345657532;0.416651433500278;0
10.59;0.213508178671859;0.409590642490218;0
10.6;0.217571903959956;0.402419207554795;0
10.61;0.221563425588221;0.395139468567158;0
10.62;0.225481671150403;0.387753793844261;0
10.63;0.229325592048635;0.380264579388052;0
10.64;0.233094163766837;0.372674248119665;0
10.65;0.236786386136442;0.36498524910686;0
10.66;0.240401283594359;0.357200056784949;0
10.67;0.243937905433121;0.349321170171459;0
10.68;0.247395326043151;0.341351112074784;0
10.69;0.250772645147087;0.333292428297047;0
10.7;0.254068988026113;0.32514768683146;0
10.71;0.257283505738237;0.316919477054397;0
10.72;0.260415375328471;0.308610408912453;0
10.73;0.263463800030854;0.300223112104728;0
10.74;0.266428009462283;0.291760235260604;0
10.75;0.2693072598081;0.283224445113253;0
10.76;0.272100833999396;0.274618425669142;0
10.77;0.274808041881989;0.265944877373785;0
10.78;0.277428220377055;0.257206516274006;0
10.79;0.27996073363335;0.248406073176961;0
10.8;0.282404973171027;0.239546292806178;0
10.81;0.284760358016984;0.230629932954887;0
10.82;0.287026334831748;0.221659763636873;0
10.83;0.289202378027847;0.212638566235137;0
10.84;0.291287989879666;0.203569132648604;0
10.85;0.293282700624759;0.194454264437151;0
10.86;0.295186068556606;0.185296771965206;0
10.87;0.296997680108802;0.176099473544177;0
10.88;0.298717149930662;0.166865194573979;0
10.89;0.300344120954241;0.157596766683906;0
10.9;0.301878264452761;0.148297026873113;0
10.91;0.303319280090441;0.13896881665097;0
10.92;0.30466689596373;0.129614981177536;0
10.93;0.305920868633949;0.120238368404417;0
10.94;0.307080983151341;0.110841828216268;0
10.95;0.308147053070542;0.101428211573185;0
10.96;0.309118920457481;0.0920003696542541;0
10.97;0.309996455887721;0.082561153002502;0
10.98;0.310779558436254;0.0731134106715103;0
10.99;0.311468155658777;0.0636599893739413;0
11;0.312062203564458;0.0542037326322294;0
11.01;0.312561686580217;0.0447474799316881;0
11.02;0.312966617506558;0.0352940658762834;0
11.03;0.313277037464968;0.0258463193473207;0
11.04;0.313493015836909;0.0164070626652935;0
11.05;0.313614650194458;0.00697911075513864;0
11.06;0.313642066222606;-0.00243472968485578;0
11.07;0.313575417633262;-0.0118316610102492;0
11.08;0.313414886071014;-0.0212088954535113;0
11.09;0.313160681010667;-0.030563655942709;0
11.1;0.312813039646622;-0.0398931769155813;0
11.11;0.312372226774133;-0.0491947051287638;0
11.12;0.311838534662496;-0.0584655004619302;0
11.13;0.311212282920216;-0.0677028367166183;0
11.14;0.31049381835222;-0.0769040024095089;0
11.15;0.309683514809152;-0.0860663015599315;0
11.16;0.308781773028825;-0.0951870544713684;0
11.17;0.307789020469889;-0.104263598506735;0
11.18;0.306705711137768;-0.113293288857214;0
11.19;0.305532325402942;-0.122273499304422;0
11.2;0.304269369811642;-0.131201622975698;0
11.21;0.302917376889016;-0.14007507309229;0
11.22;0.301476904934851;-0.148891283710234;0
11.23;0.299948537811918;-0.157647710453715;0
11.24;0.298332884727021;-0.166341831240704;0
11.25;0.296630580004821;-0.174971147000659;0
11.26;0.294842282854521;-0.1835331823841;0
11.27;0.292968677129494;-0.192025486463854;0
11.28;0.291010471079935;-0.20044563342777;0
11.29;0.288968397098625;-0.208791223262718;0
11.3;0.286843211459897;-0.21705988242968;0
11.31;0.284635694051889;-0.225249264529739;0
11.32;0.28234664810218;-0.233357050960795;0
11.33;0.279976899896903;-0.241380951564815;0
11.34;0.277527298493423;-0.249318705265449;0
11.35;0.274998715426692;-0.257168080695823;0
11.36;0.272392044409364;-0.264926876816363;0
11.37;0.269708201025777;-0.272592923522448;0
11.38;0.266948122419908;-0.280164082241762;0
11.39;0.264112766977402;-0.287638246521156;0
11.4;0.261203114001777;-0.295013342602875;0
11.41;0.258220163384917;-0.302287329990004;0
11.42;0.255164935271957;-0.309458202000956;0
11.43;0.252038469720679;-0.316523986312881;0
11.44;0.24884182635552;-0.32348274549384;0
11.45;0.245576084016306;-0.330332577523606;0
11.46;0.242242340401838;-0.337071616302949;0
11.47;0.238841711708429;-0.343698032151287;0
11.48;0.235375332263527;-0.350210032292559;0
11.49;0.23184435415452;-0.356605861329199;0
11.5;0.228249946852867;-0.362883801704097;0
11.51;0.224593296833659;-0.36904217415042;0
11.52;0.220875607190734;-0.375079338129176;0
11.53;0.217098097247478;-0.38099369225443;0
11.54;0.213262002163426;-0.386783674706039;0
11.55;0.209368572536791;-0.392447763629828;0
11.56;0.205419074003053;-0.397984477525089;0
11.57;0.201414786829726;-0.403392375619326;0
11.58;0.197357005507436;-0.40867005823014;0
11.59;0.193247038337439;-0.413816167114181;0
11.6;0.189086207015712;-0.418829385803076;0
11.61;0.184875846213732;-0.423708439926252;0
11.62;0.180617303156103;-0.428452097520596;0
11.63;0.176311937195128;-0.433059169326861;0
11.64;0.171961119382491;-0.437528509072764;0
11.65;0.16756623203816;-0.441859013742716;0
11.66;0.163128668316656;-0.446049623834117;0
11.67;0.158649831770822;-0.450099323600169;0
11.68;0.154131135913217;-0.454007141279153;0
11.69;0.149574003775287;-0.457772149310132;0
11.7;0.144979867464436;-0.461393464535028;0
11.71;0.140350167719136;-0.464870248387046;0
11.72;0.135686353462222;-0.468201707065403;0
11.73;0.130989881352488;-0.471387091696346;0
11.74;0.12626221533475;-0.474425698480411;0
11.75;0.121504826188487;-0.477316868825934;0
11.76;0.116719191075215;-0.480059989468771;0
11.77;0.11190679308472;-0.482654492578226;0
11.78;0.107069120780304;-0.485099855849181;0
11.79;0.102207667743157;-0.487395602580417;0
11.8;0.0973239321160249;-0.489541301739137;0
11.81;0.0924194161462793;-0.491536568011677;0
11.82;0.0874956257285519;-0.493381061840435;0
11.83;0.0825540699470569;-0.49507448944702;0
11.84;0.0775962606177461;-0.49661660284163;0
11.85;0.0726237118304308;-0.498007199818699;0
11.86;0.0676379394910099;-0.499246123938821;0
11.87;0.0626404608639395;-0.500333264496986;0
11.88;0.0576327941150825;-0.501268556477164;0
11.89;0.0526164578550729;-0.502051980493269;0
11.9;0.0475929706833323;-0.50268356271655;0
11.91;0.0425638507328724;-0.503163374789444;0
11.92;0.0375306152160211;-0.503491533725954;0
11.93;0.0324947799712041;-0.503668201798591;0
11.94;0.0274578590109178;-0.50369358641195;0
11.95;0.0224213640710264;-0.503567939962968;0
11.96;0.0173868041615157;-0.50329155968794;0
11.97;0.012355685118837;-0.502864787496357;0
11.98;0.00732950915997056;-0.502288009791632;0
11.99;0.00230977443834132;-0.501561657278807;0
12;-0.00270202539828464;-0.500686204759298;0
12.01;-0.00770440164779282;-0.499662170912788;0
12.02;-0.0126958709914744;-0.498490118066331;0
12.03;-0.0176749559294144;-0.497170651950774;0
12.04;-0.0226401852133871;-0.495704421444586;0
12.05;-0.0275900942771335;-0.494092118305195;0
12.06;-0.0325232256638964;-0.492334476887929;0
12.07;-0.0374381294510896;-0.490432273852675;0
12.08;-0.0423333636719782;-0.488386327858359;0
12.09;-0.0472074947342504;-0.486197499245365;0
12.1;-0.0520590978353583;-0.483866689705997;0
12.11;-0.0568867573745114;-0.48139484194312;0
12.12;-0.0616890673612023;-0.478782939317091;0
12.13;-0.0664646318201508;-0.476032005481112;0
12.14;-0.071212065192549;-0.473143104005123;0
12.15;-0.0759299927334944;-0.470117337988389;0
12.16;-0.080617050905499;-0.466955849660892;0
12.17;-0.0852718877679619;-0.463659819973685;0
12.18;-0.0898931633624964;-0.460230468178338;0
12.19;-0.0944795500940032;-0.456669051395634;0
12.2;-0.0990297331073826;-0.452976864173644;0
12.21;-0.10354241065978;-0.449155238035349;0
12.22;-0.108016294488262;-0.445205541015956;0
12.23;-0.112450110172819;-0.441129177190062;0
12.24;-0.116842597494592;-0.436927586188826;0
12.25;-0.121192510789235;-0.432602242707317;0
12.26;-0.125498619295296;-0.428154656002194;0
12.27;-0.129759707497541;-0.423586369379892;0
12.28;-0.133974575465112;-0.418898959675477;0
12.29;-0.138142039184435;-0.414094036722351;0
12.3;-0.142260930886785;-0.409173242812974;0
12.31;-0.146330099370418;-0.404138252150782;0
12.32;-0.150348410317178;-0.398990770293482;0
12.33;-0.154314746603511;-0.393732533587908;0
12.34;-0.158228008605776;-0.388365308596614;0
12.35;-0.162087114499794;-0.3828908915164;0
12.36;-0.165891000554548;-0.377311107588949;0
12.37;-0.169638621419946;-0.371627810503777;0
12.38;-0.17332895040859;-0.365842881793672;0
12.39;-0.176960979771457;-0.359958230222837;0
12.4;-0.180533720967436;-0.353975791167912;0
12.41;-0.184046204926643;-0.34789752599209;0
12.42;-0.187497482307441;-0.341725421412512;0
12.43;-0.190886623747112;-0.335461488861157;0
12.44;-0.194212720106106;-0.329107763839413;0
12.45;-0.197474882705804;-0.32266630526655;0
12.46;-0.200672243559751;-0.316139194822288;0
12.47;-0.203803955598274;-0.309528536283674;0
12.48;-0.206869192886453;-0.302836454856476;0
12.49;-0.209867150835383;-0.296065096501302;0
12.5;-0.212797046406666;-0.289216627254651;0
12.51;-0.215658118310101;-0.282293232545122;0
12.52;-0.218449627194509;-0.275297116504978;0
12.53;-0.221170855831656;-0.268230501277288;0
12.54;-0.223821109293227;-0.261095626318863;0
12.55;-0.226399715120812;-0.253894747699198;0
12.56;-0.228906023488864;-0.246630137395641;0
12.57;-0.231339407360594;-0.239304082585003;0
12.58;-0.233699262636762;-0.231918884931828;0
12.59;-0.235985008297346;-0.224476859873549;0
12.6;-0.238196086536037;-0.216980335902736;0
12.61;-0.240331962887555;-0.209431653846674;0
12.62;-0.242392126347741;-0.201833166144471;0
12.63;-0.244376089486419;-0.194187236121933;0
12.64;-0.246283388552988;-0.186496237264427;0
12.65;-0.248113583574741;-0.178762552487938;0
12.66;-0.249866258447885;-0.170988573408557;0
12.67;-0.25154102102125;-0.163176699610618;0
12.68;-0.25313750317267;-0.155329337913705;0
12.69;-0.254655360878041;-0.147448901638741;0
12.7;-0.25609427427302;-0.139537809873402;0
12.71;-0.257453947707395;-0.131598486737057;0
12.72;-0.258734109792085;-0.123633360645464;0
12.73;-0.259934513438797;-0.115644863575445;0
12.74;-0.261054935892334;-0.107635430329753;0
12.75;-0.262095178755537;-0.0996074978023582;0
12.76;-0.263055068006902;-0.0915635042443697;0
12.77;-0.26393445401085;-0.0835058885308121;0
12.78;-0.264733211520666;-0.0754370894284737;0
12.79;-0.26545123967413;-0.0673595448650476;0
12.8;-0.266088461981842;-0.0592756911997786;0
12.81;-0.266644826308262;-0.0511879624958354;0
12.82;-0.267120304845482;-0.0430987897946202;0
12.83;-0.267514894079748;-0.0350106003922324;0
12.84;-0.267828614750764;-0.0269258171182977;0
12.85;-0.268061511803788;-0.0188468576173764;0
12.86;-0.268213654334561;-0.0107761336331598;0
12.87;-0.268285135527082;-0.00271605029566731;0
12.88;-0.268276072584285;0.00533099458835076;0
12.89;-0.268186606651615;0.0133626112415939;0
12.9;-0.268016902733578;0.0213764186187728;0
12.91;-0.267767149603266;0.0293700451053445;0
12.92;-0.267437559704927;0.0373411292122212;0
12.93;-0.267028369049592;0.0452873202662485;0
12.94;-0.266539837103831;0.0532062790962555;0
12.95;-0.265972246671661;0.0610956787144777;0
12.96;-0.265325903769662;0.0689532049931572;0
12.97;-0.264601137495352;0.0767765573361237;0
12.98;-0.263798299888865;0.0845634493451669;0
12.99;-0.262917765787998;0.0923116094810065;0
13;-0.261959932676664;0.100018781718672;0
13.01;-0.260925220526821;0.107682726197106;0
13.02;-0.259814071633931;0.115301219862807;0
13.03;-0.258626950446014;0.122872057107323;0
13.04;-0.257364343386348;0.130393050398428;0
13.05;-0.256026758669893;0.137862030904785;0
13.06;-0.254614726113493;0.145276849113943;0
13.07;-0.253128796939934;0.152635375443465;0
13.08;-0.251569543575917;0.159935500845044;0
13.09;-0.249937559444027;0.167175137401421;0
13.1;-0.248233458748761;0.174352218915943;0
13.11;-0.2464578762567;0.181464701494594;0
13.12;-0.244611467070886;0.188510564120343;0
13.13;-0.242694906399503;0.195487809219653;0
13.14;-0.240708889318916;0.202394463220973;0
13.15;-0.238654130531172;0.209228577105096;0
13.16;-0.23653136411603;0.215988226947192;0
13.17;-0.234341343277606;0.2226715144504;0
13.18;-0.232084840085727;0.229276567470815;0
13.19;-0.229762645212071;0.235801540533737;0
13.2;-0.227375567661181;0.24224461534103;0
13.21;-0.224924434496453;0.248604001269476;0
13.22;-0.222410090561176;0.254877935859963;0
13.23;-0.219833398194725;0.261064685297399;0
13.24;-0.217195236943994;0.26716254488121;0
13.25;-0.214496503270169;0.273169839486306;0
13.26;-0.211738110250935;0.279084924014383;0
13.27;-0.208920987278215;0.284906183835456;0
13.28;-0.20604607975153;0.290632035219494;0
13.29;-0.203114348767101;0.296260925758055;0
13.3;-0.200126770802768;0.301791334775804;0
13.31;-0.197084337398847;0.30722177373181;0
13.32;-0.193988054835018;0.312550786610528;0
13.33;-0.190838943803349;0.317776950302354;0
13.34;-0.187638039077562;0.322898874973659;0
13.35;-0.18438638917865;0.327915204426219;0
13.36;-0.18108505603694;0.332824616445939;0
13.37;-0.177735114650729;0.337625823140795;0
13.38;-0.174337652741574;0.342317571267907;0
13.39;-0.170893770406377;0.346898642549655;0
13.4;-0.167404579766345;0.351367853978782;0
13.41;-0.163871204612956;0.355724058112394;0
13.42;-0.160294780051034;0.359966143354791;0
13.43;-0.156676452139044;0.364093034229077;0
13.44;-0.153017377526724;0.368103691637462;0
13.45;-0.149318723090165;0.371997113110221;0
13.46;-0.145581665564451;0.375772333043247;0
13.47;-0.141807391173975;0.379428422924137;0
13.48;-0.137997095260551;0.382964491546776;0
13.49;-0.134151981909421;0.386379685214367;0
13.5;-0.130273263573298;0.389673187930873;0
13.51;-0.126362160694535;0.392844221580823;0
13.52;-0.122419901325554;0.395892046097455;0
13.53;-0.118447720747646;0.398815959619168;0
13.54;-0.114446861088259;0.401615298634247;0
13.55;-0.110418570936888;0.404289438113852;0
13.56;-0.106364104959696;0.406837791633232;0
13.57;-0.102284723512965;0.409259811481169;0
13.58;-0.0981816922555174;0.41155498875762;0
13.59;-0.094056281760203;0.413722853459565;0
13.6;-0.0899097671245895;0.415762974555045;0
13.61;-0.0857434275809608;0.417674960045384;0
13.62;-0.0815585461057473;0.419458457015617;0
13.63;-0.0773564090285058;0.421113151673103;0
13.64;-0.0731383056405654;0.42263876937435;0
13.65;-0.0689055278034591;0.42403507464006;0
13.66;-0.0646593695572568;0.425301871158404;0
13.67;-0.0604011267289196;0.426439001776553;0
13.68;-0.0561320965407906;0.427446348480486;0
13.69;-0.051853577219341;0.428323832363097;0
13.7;-0.047566867604287;0.429071413580639;0
13.71;-0.0432732667581956;0.429689091297528;0
13.72;-0.0389740735766931;0.430176903619555;0
13.73;-0.0346705863993953;0.430534927515531;0
13.74;-0.0303641026216715;0.430763278727427;0
13.75;-0.02605591830736;0.430862111669036;0
13.76;-0.0217473278025475;0.430831619313228;0
13.77;-0.0174396233505275;0.430672033067828;0
13.78;-0.0131340947080513;0.430383622640195;0
13.79;-0.00883202876298288;0.429966695890551;0
13.8;-0.00453470915347162;0.429421598674121;0
13.81;-0.000243415888753633;0.428748714672164;0
13.82;0.00404057502830768;0.427948465211944;0
13.83;0.00831599197683117;0.427021309075736;0
13.84;0.0125815680915685;0.425967742298926;0
13.85;0.0168360416344869;0.424788297957295;0
13.86;0.0210781563641764;0.423483545943563;0
13.87;0.0253066619029744;0.422054092733281;0
13.88;0.0295203141017018;0.420500581140161;0
13.89;0.0337178754019051;0.418823690060932;0
13.9;0.0378981151954999;0.417024134209819;0
13.91;0.0420598101817135;0.415102663842742;0
13.92;0.0462017447212233;0.41306006447133;0
13.93;0.0503227111873898;0.410897156566873;0
13.94;0.0544215103144842;0.40861479525428;0
13.95;0.0584969515428113;0.406213869996199;0
13.96;0.0625478533606293;0.403695304267371;0
13.97;0.0665730436427703;0.401060055219352;0
13.98;0.0705713599858643;0.398309113335723;0
13.99;0.0745416500400733;0.395443502077889;0
14;0.0784827718372415;0.392464277521612;0
14.01;0.0823935941153701;0.389372527984387;0
14.02;0.0862729966393238;0.386169373643793;0
14.03;0.0901198705176819;0.382855966146952;0
14.04;0.0939331185156443;0.379433488211227;0
14.05;0.0977116553639046;0.375903153216287;0
14.06;0.101454408063407;0.372266204787689;0
14.07;0.105160316185899;0.368523916372101;0
14.08;0.108828332170204;0.364677590804326;0
14.09;0.112457421614121;0.36072855986625;0
14.1;0.116046563561883;0.356678183837879;0
14.11;0.11959475078709;0.3525278510406;0
14.12;0.123100990071037;0.348278977372826;0
14.13;0.126564302476372;0.343933005838167;0
14.14;0.129983723615991;0.339491406066291;0
14.15;0.133358303917122;0.334955673826626;0
14.16;0.136687108880506;0.330327330535061;0
14.17;0.139969219334616;0.325607922753807;0
14.18;0.143203731684845;0.320799021684583;0
14.19;0.1463897581576;0.315902222655283;0
14.2;0.149526427039224;0.310919144600297;0
14.21;0.152612882909706;0.30585142953464;0
14.22;0.155648286871094;0.300700742022083;0
14.23;0.158631816770569;0.295468768637421;0
14.24;0.161562667418117;0.290157217423076;0
14.25;0.164440050798735;0.284767817340202;0
14.26;0.167263196279134;0.279302317714451;0
14.27;0.170031350808864;0.273762487676603;0
14.28;0.172743779115839;0.268150115598204;0
14.29;0.175399763896179;0.262467008522422;0
14.3;0.17799860599835;0.256714991590268;0
14.31;0.18053962460155;0.250895907462394;0
14.32;0.183022157388278;0.245011615736624;0
14.33;0.185445560711078;0.239063992361406;0
14.34;0.187809209753386;0.233054929045382;0
14.35;0.190112498684464;0.226986332663237;0
14.36;0.192354840808374;0.220860124658031;0
14.37;0.194535668706958;0.214678240440188;0
14.38;0.196654434376795;0.208442628783326;0
14.39;0.198710609360107;0.202155251217133;0
14.4;0.200703684869573;0.195818081417449;0
14.41;0.202633171907039;0.189433104593761;0
14.42;0.204498601376088;0.183002316874295;0
14.43;0.206299524188454;0.17652772468889;0
14.44;0.20803551136425;0.17001134414984;0
14.45;0.209706154126001;0.163455200430911;0
14.46;0.211311063986462;0.15686132714469;0
14.47;0.212849872830193;0.150231765718495;0
14.48;0.214322232988897;0.143568564768994;0
14.49;0.215727817310492;0.136873779475766;0
14.5;0.217066319221922;0.13014947095395;0
14.51;0.218337452785683;0.123397705626209;0
14.52;0.219540952750072;0.116620554594173;0
14.53;0.220676574593148;0.109820093009565;0
14.54;0.221744094560399;0.102998399445191;0
14.55;0.222743309696126;0.096157555265986;0
14.56;0.223674037868533;0.0892996440003047;0
14.57;0.224536117788533;0.0824267507116435;0
14.58;0.225329409022276;0.0755409613709826;0
14.59;0.2260537919974;0.0686443622299349;0
14.6;0.226709168003024;0.0617390391948875;0
14.61;0.227295459183479;0.0548270772023229;0
14.62;0.227812608525806;0.0479105595955044;0
14.63;0.228260579841022;0.0409915675027101;0
14.64;0.228639357739182;0.0340721792172002;0
14.65;0.228948947598243;0.0271544695790985;0
14.66;0.229189375526758;0.020240509359373;0
14.67;0.229360688320424;0.0133323646460934;0
14.68;0.229462953412497;0.00643209623314815;0
14.69;0.22949625881811;-0.000458240988401035;0
14.7;0.229460713072516;-0.00733659863614953;0
14.71;0.229356445163288;-0.0142009354391876;0
14.72;0.2291836044565;-0.0210492178377704;0
14.73;0.22894236061693;-0.0278794205796461;0
14.74;0.228632903522315;-0.0346895273128682;0
14.75;0.228255443171694;-0.0414775311749222;0
14.76;0.227810209587876;-0.0482414353779936;0
14.77;0.227297452714074;-0.0549792537902117;0
14.78;0.226717442304745;-0.061689011512699;0
14.79;0.226070467810681;-0.0683687454522622;0
14.8;0.22535683825839;-0.0750165048895597;0
14.81;0.224576882123818;-0.0816303520425839;0
14.82;0.223730947200459;-0.0882083626252965;0
14.83;0.222819400461896;-0.0947486264012584;0
14.84;0.22184262791884;-0.101249247732096;0
14.85;0.220801034470691;-0.107708346120651;0
14.86;0.219695043751712;-0.114124056748654;0
14.87;0.218525097971831;-0.120494531008779;0
14.88;0.217291657752168;-0.126817937030919;0
14.89;0.215995201955309;-0.133092460202544;0
14.9;0.214636227510414;-0.139316303682992;0
14.91;0.213215249233208;-0.145487688911543;0
14.92;0.211732799640916;-0.151604856109146;0
14.93;0.210189428762211;-0.157666064773651;0
14.94;0.208585703942248;-0.163669594168415;0
14.95;0.206922209642825;-0.169613743804137;0
14.96;0.205199547237775;-0.175496833913799;0
14.97;0.203418334803628;-0.181317205920582;0
14.98;0.201579206905628;-0.187073222898621;0
14.99;0.199682814379181;-0.19276327002648;0
15;0.197729824106794;-0.19838575503322;0
15.01;0.195720918790591;-0.203939108636946;0
15.02;0.19365679672048;-0.2094217849757;0
15.03;0.191538171538037;-0.214832262030603;0
15.04;0.189365771996206;-0.220169042041115;0
15.05;0.187140341714873;-0.225430651912312;0
15.06;0.184862638932407;-0.230615643614072;0
15.07;0.182533436253248;-0.235722594572058;0
15.08;0.180153520391617;-0.240750108050397;0
15.09;0.177723691911443;-0.245696813525963;0
15.1;0.175244764962579;-0.250561367054151;0
15.11;0.172717567013407;-0.255342451626061;0
15.12;0.170142938579902;-0.260038777516989;0
15.13;0.167521732951254;-0.264649082626147;0
15.14;0.164854815912135;-0.26917213280751;0
15.15;0.162143065461694;-0.273606722191725;0
15.16;0.159387371529374;-0.277951673498977;0
15.17;0.156588635687645;-0.282205838342763;0
15.18;0.153747770861734;-0.286368097524469;0
15.19;0.150865701036456;-0.290437361318699;0
15.2;0.147943360960234;-0.294412569749279;0
15.21;0.144981695846397;-0.298292692855864;0
15.22;0.141981661071855;-0.302076730951093;0
15.23;0.138944221873253;-0.305763714868228;0
15.24;0.135870353040678;-0.309352706199215;0
15.25;0.132761038609044;-0.312842797523117;0
15.26;0.12961727154722;-0.316233112624871;0
15.27;0.126440053445031;-0.319522806704304;0
15.28;0.123230394198197;-0.322711066575384;0
15.29;0.119989311691337;-0.325797110855642;0
15.3;0.116717831479114;-0.328780190145745;0
15.31;0.113416986465633;-0.331659587199164;0
15.32;0.110087816582183;-0.334434617081916;0
15.33;0.106731368463435;-0.337104627322349;0
15.34;0.103348695122177;-0.339668998050933;0
15.35;0.0999408556227009;-0.342127142130038;0
15.36;0.0965089147529382;-0.344478505273685;0
15.37;0.0930539426954399;-0.346722566157231;0
15.38;0.0895770146973075;-0.348858836516998;0
15.39;0.0860792107391713;-0.35088686123981;0
15.4;0.0825616152033204;-0.352806218442446;0
15.41;0.0790253165410821;-0.354616519540991;0
15.42;0.0754714069395539;-0.356317409310088;0
15.43;0.0719009819877888;-0.357908565932088;0
15.44;0.0683151403425337;-0.359389701036103;0
15.45;0.0647149833936235;-0.360760559726961;0
15.46;0.0611016149291307;-0.362020920604084;0
15.47;0.0574761408003712;-0.363170595770285;0
15.48;0.0538396685868682;-0.364209430830513;0
15.49;0.0501933072613728;-0.365137304880557;0
15.5;0.0465381668550441;-0.365954130485724;0
15.51;0.042875358122886;-0.366659853649529;0
15.52;0.0392059922095429;-0.367254453772413;0
15.53;0.035531180315553;-0.367737943600516;0
15.54;0.0318520333641578;-0.368110369164546;0
15.55;0.0281696616687681;-0.368371809708781;0
15.56;0.024485174601184;-0.368522377610225;0
15.57;0.0207996802606673;-0.368562218287981;0
15.58;0.0171142851439639;-0.368491510102872;0
15.59;0.0134300938163748;-0.368310464247358;0
15.6;0.00974820858396971;-0.368019324625803;0
15.61;0.00606972916704264;-0.367618367725141;0
15.62;0.00239575237490313;-0.367107902475997;0
15.63;-0.00127262821790081;-0.366488270104322;0
15.64;-0.00493432259383364;-0.365759843973603;0
15.65;-0.00858824461300313;-0.364923029417709;0
15.66;-0.0122333123320778;-0.363978263564439;0
15.67;-0.0158684483213985;-0.362926015149851;0
15.68;-0.0194925799801911;-0.361766784323422;0
15.69;-0.0231046398497915;-0.36050110244414;0
15.7;-0.0267035659247891;-0.35912953186758;0
15.71;-0.0302883019620022;-0.357652665724062;0
15.72;-0.0338577977871947;-0.356071127687961;0
15.73;-0.0374110095994457;-0.354385571738261;0
15.74;-0.040946900273087;-0.352596681910431;0
15.75;-0.0444644396571192;-0.350705172039724;0
15.76;-0.0479626048720233;-0.348711785495979;0
15.77;-0.0514403806038824;-0.34661729491003;0
15.78;-0.0548967593957298;-0.344422501891811;0
15.79;-0.0583307419360415;-0.34212823674026;0
15.8;-0.0617413373442906;-0.339735358145119;0
15.81;-0.0651275634534845;-0.337244752880742;0
15.82;-0.0684884470896035;-0.334657335492004;0
15.83;-0.0718230243478647;-0.331974047972429;0
15.84;-0.075130340865731;-0.329195859434645;0
15.85;-0.0784094520925922;-0.326323765773267;0
15.86;-0.0816594235560395;-0.323358789320347;0
15.87;-0.0848793311246633;-0.320301978493473;0
15.88;-0.0880682612672978;-0.317154407436669;0
15.89;-0.0912253113086435;-0.313917175654189;0
15.9;-0.094349589681196;-0.310591407637348;0
15.91;-0.097440216173412;-0.307178252484496;0
15.92;-0.100496322174045;-0.303678883514273;0
15.93;-0.103517050912583;-0.300094497872267;0
15.94;-0.106501557695724;-0.29642631613121;0
15.95;-0.109449010139827;-0.292675581884832;0
15.96;-0.112358588399269;-0.288843561335513;0
15.97;-0.115229485390654;-0.284931542875875;0
15.98;-0.118060907012812;-0.280940836664429;0
15.99;-0.120852072362526;-0.276872774195438;0
16;-0.123602213945934;-0.272728707863114;0
16.01;-0.126310577885545;-0.268510010520307;0
16.02;-0.128976424122822;-0.264218075031814;0
16.03;-0.131599026616269;-0.259854313822461;0
16.04;-0.134177673534985;-0.255420158420094;0
16.05;-0.136711667447611;-0.250917058993636;0
16.06;-0.139200325506651;-0.246346483886342;0
16.07;-0.141642979628096;-0.241709919144413;0
16.08;-0.144038976666314;-0.237008868041115;0
16.09;-0.146387678584164;-0.232244850596544;0
16.1;-0.148688462618291;-0.227419403093209;0
16.11;-0.150940721439548;-0.222534077587559;0
16.12;-0.153143863308532;-0.217590441417631;0
16.13;-0.155297312226162;-0.21259007670696;0
16.14;-0.157400508079295;-0.207534579864908;0
16.15;-0.159452906781319;-0.202425561083572;0
16.16;-0.161453980407705;-0.197264643831423;0
16.17;-0.163403217326484;-0.192053464343839;0
16.18;-0.165300122323606;-0.186793671110682;0
16.19;-0.167144216723177;-0.181486924361084;0
16.2;-0.168935038502516;-0.176134895545602;0
16.21;-0.170672142402032;-0.170739266815897;0
16.22;-0.172355100029889;-0.165301730502097;0
16.23;-0.173983499961426;-0.159823988588013;0
16.24;-0.175556947833325;-0.15430775218436;0
16.25;-0.177075066432507;-0.148754741000145;0
16.26;-0.178537495779725;-0.14316668281239;0
16.27;-0.179943893207857;-0.137545312934348;0
16.28;-0.181293933434865;-0.131892373682368;0
16.29;-0.182587308631427;-0.126209613841588;0
16.3;-0.183823728483215;-0.120498788130594;0
16.31;-0.185002920247816;-0.114761656665229;0
16.32;-0.186124628806293;-0.108999984421709;0
16.33;-0.187188616709364;-0.10321554069919;0
16.34;-0.188194664218218;-0.0974100985819815;0
16.35;-0.189142569339943;-0.0915854344015339;0
16.36;-0.190032147857576;-0.0857433271983872;0
16.37;-0.190863233354773;-0.0798855581842278;0
16.38;-0.191635677235102;-0.0740139102042202;0
16.39;-0.192349348735957;-0.0681301671997735;0
16.4;-0.193004134937107;-0.0622361136719014;0
16.41;-0.193599940763882;-0.0563335341453383;0
16.42;-0.194136688984998;-0.0504242126335678;0
16.43;-0.194614320205041;-0.0445099321049253;0
16.44;-0.195032792851621;-0.0385924739499306;0
16.45;-0.195392083157201;-0.0326736174500087;0
16.46;-0.195692185135617;-0.0267551392477572;0
16.47;-0.195933110553318;-0.0208388128189134;0
16.48;-0.196114888895322;-0.0149264079461799;0
16.49;-0.19623756732593;-0.00901969019506035;0
16.5;-0.196301210644203;-0.00312042039186091;0
16.51;-0.196305901234223;0.00276964589599105;0
16.52;-0.196251739010185;0.00864875887715825;0
16.53;-0.196138841356309;0.0145151750509847;0
16.54;-0.195967343061632;0.0203671577193165;0
16.55;-0.195737396249692;0.0262029774954045;0
16.56;-0.195449170303129;0.0320209128097398;0
16.57;-0.195102851783256;0.0378192504126771;0
16.58;-0.194698644344605;0.0435962858737004;0
16.59;-0.194236768644503;0.0493503240771865;0
16.6;-0.193717462247708;0.0550796797145245;0
16.61;-0.193140979526134;0.0607826777724499;0
16.62;-0.192507591553719;0.0664576540174528;0
16.63;-0.191817585996459;0.0721029554761226;0
16.64;-0.191071266997662;0.0777169409112922;0
16.65;-0.190268955058459;0.0832979812938444;0
16.66;-0.189410986913617;0.0888444602700498;0
16.67;-0.188497715402699;0.0943547746243005;0
16.68;-0.187529509336615;0.0998273347371104;0
16.69;-0.186506753359624;0.105260565038254;0
16.7;-0.185429847806812;0.110652904454913;0
16.71;-0.184299208557128;0.116002806854709;0
16.72;-0.183115266882;0.121308741483494;0
16.73;-0.181878469289604;0.126569193397782;0
16.74;-0.180589277364834;0.131782663891693;0
16.75;-0.17924816760502;0.136947670918301;0
16.76;-0.177855631251466;0.142062749505261;0
16.77;-0.176412174116858;0.147126452164605;0
16.78;-0.174918316408593;0.15213734929659;0
16.79;-0.173374592548105;0.157094029587494;0
16.8;-0.171781550986236;0.161995100401242;0
16.81;-0.17013975401472;0.166839188164766;0
16.82;-0.168449777573845;0.17162493874698;0
16.83;-0.166712211056346;0.176351017831286;0
16.84;-0.164927657107615;0.18101611128149;0
16.85;-0.163096731422267;0.185618925501049;0
16.86;-0.161220062537158;0.190158187785537;0
16.87;-0.159298291620903;0.194632646668242;0
16.88;-0.157332072259963;0.199041072258812;0
16.89;-0.155322070241389;0.203382256574841;0
16.9;-0.153268963332276;0.207655013866322;0
16.91;-0.151173441056004;0.211858180932878;0
16.92;-0.149036204465339;0.215990617433689;0
16.93;-0.146857965912476;0.220051206190033;0
16.94;-0.144639448816079;0.224038853480363;0
16.95;-0.142381387425408;0.227952489327847;0
16.96;-0.140084526581611;0.231791067780296;0
16.97;-0.137749621476243;0.235553567182408;0
16.98;-0.135377437407099;0.239238990440262;0
16.99;-0.132968749531443;0.242846365277993;0
17;-0.130524342616697;0.24637474448659;0
17.01;-0.128045010788685;0.249823206164751;0
17.02;-0.125531557277498;0.253190853951732;0
17.03;-0.122984794161075;0.25647681725215;0
17.04;-0.120405542106564;0.25968025145267;0
17.05;-0.117794630109557;0.262800338130528;0
17.06;-0.115152895231278;0.265836285253856;0
17.07;-0.1124811823338;0.268787327373738;0
17.08;-0.109780343813384;0.271652725807978;0
17.09;-0.107051239332013;0.274431768816521;0
17.1;-0.104294735547215;0.277123771768505;0
17.11;-0.101511705840249;0.279728077300892;0
17.12;-0.098703030042743;0.282244055468652;0
17.13;-0.0958695941618699;0.284671103886478;0
17.14;-0.0930122901041442;0.287008647861989;0
17.15;-0.0901320153979244;0.289256140520405;0
17.16;-0.0872296729147072;0.291413062920671;0
17.17;-0.0843061705892992;0.293478924163003;0
17.18;-0.081362421138952;0.295453261487849;0
17.19;-0.0783993417815462;0.297335640366241;0
17.2;-0.0754178539529102;0.299125654581532;0
17.21;-0.0724188830233614;0.300822926302504;0
17.22;-0.0694033580135545;0.302427106147841;0
17.23;-0.066372211309724;0.303937873241963;0
17.24;-0.0633263783784072;0.30535493526222;0
17.25;-0.0602667974807347;0.30667802847745;0
17.26;-0.0571944093863735;0.307906917777888;0
17.27;-0.05411015708721;0.30904139669646;0
17.28;-0.0510149855108594;0.310081287421441;0
17.29;-0.0479098412340863;0.311026440800507;0
17.3;-0.0447956721962248;0.311876736336193;0
17.31;-0.0416734274126811;0.312632082172762;0
17.32;-0.0385440566886074;0.313292415074514;0
17.33;-0.0354085103328304;0.313857700395554;0
17.34;-0.0322677388721204;0.314327932041041;0
17.35;-0.0291226927658864;0.314703132419945;0
17.36;-0.025974322121382;0.314983352389341;0
17.37;-0.0228235764095057;0.315168671190272;0
17.38;-0.0196714041812808;0.315259196375211;0
17.39;-0.0165187527850984;0.315255063727165;0
17.4;-0.0133665680848064;0.315156437170453;0
17.41;-0.0102157941787287;0.314963508673203;0
17.42;-0.00706737311969606;0.314676498141608;0
17.43;-0.00392224463617115;0.314295653305992;0
17.44;-0.000781345854550234;0.313821249598728;0
17.45;0.00235438897727832;0.313253590024065;0
17.46;0.00548402876503746;0.312593005019913;0
17.47;0.00860664584174669;0.311839852311641;0
17.48;0.0117213162399096;0.310994516757945;0
17.49;0.0148271199621245;0.31005741018885;0
17.5;0.0179231412500403;0.309028971235908;0
17.51;0.0210084688515788;0.307909665154646;0
17.52;0.0240821962863475;0.306699983639347;0
17.53;0.0271434221091657;0.305400444630218;0
17.54;0.0301912501716279;0.304011592113022;0
17.55;0.0332247898816307;0.302533995911253;0
17.56;0.0362431564607877;0.300968251470918;0
17.57;0.0392454711996587;0.299314979638004;0
17.58;0.0422308617107221;0.297574826428727;0
17.59;0.0451984621790169;0.295748462792617;0
17.6;0.0481474136103833;0.293836584368543;0
17.61;0.051076864077233;0.291839911233754;0
17.62;0.053985968961778;0.289759187646029;0
17.63;0.0568738911966509;0.287595181779021;0
17.64;0.0597398015028473;0.285348685450879;0
17.65;0.0625828786249259;0.283020513846262;0
17.66;0.0654023095633983;0.280611505231816;0
17.67;0.0681972898042448;0.278122520665226;0
17.68;0.0709670235454925;0.275554443697931;0
17.69;0.0737107239207917;0.272908180071617;0
17.7;0.0764276132199302;0.27018465740857;0
17.71;0.0791169231062239;0.267384824896004;0
17.72;0.0817778948307237;0.264509652964475;0
17.73;0.0844097794431799;0.261560132960469;0
17.74;0.0870118379997077;0.258537276813289;0
17.75;0.0895833417670954;0.255442116696345;0
17.76;0.0921235724237014;0.252275704682956;0
17.77;0.0946318222568841;0.249039112396776;0
17.78;0.0971073943569134;0.245733430656968;0
17.79;0.0995496028073095;0.242359769118222;0
17.8;0.10195777287156;0.238919255905759;0
17.81;0.104331241176166;0.235413037245416;0
17.82;0.106669355889962;0.231842277088942;0
17.83;0.108971476899676;0.228208156734629;0
17.84;0.11123697598167;0.224511874443392;0
17.85;0.113465236969819;0.220754645050425;0
17.86;0.115655655919497;0.216937699572553;0
17.87;0.117807641267603;0.213062284811413;0
17.88;0.119920613988614;0.209129662952584;0
17.89;0.121994007746606;0.205141111160793;0
17.9;0.124027269043205;0.201097921171327;0
17.91;0.126019857361447;0.197001398877778;0
17.92;0.127971245305489;0.192852863916258;0
17.93;0.129880918736149;0.188653649246204;0
17.94;0.131748376902246;0.18440510072791;0
17.95;0.133573132567692;0.180108576696918;0
17.96;0.135354712134319;0.175765447535405;0
17.97;0.137092655760405;0.171377095240691;0
17.98;0.138786517474877;0.166944912991008;0
17.99;0.140435865287151;0.162470304708662;0
18;0.142040281292604;0.157954684620732;0
18.01;0.143599361773632;0.153399476817424;0
18.02;0.145112717296285;0.148806114808239;0
18.03;0.14657997280246;0.144176041076072;0
18.04;0.148000767697616;0.13951070662939;0
18.05;0.149374755934012;0.134811570552626;0
18.06;0.150701606089434;0.130080099554922;0
18.07;0.151981001441407;0.125317767517363;0
18.08;0.153212640036875;0.120526055038843;0
18.09;0.154396234757324;0.115706448980687;0
18.1;0.155531513379359;0.110860442010193;0
18.11;0.156618218630706;0.105989532143207;0
18.12;0.157656108241632;0.101095222285886;0
18.13;0.158644954991785;0.0961790197757809;0
18.14;0.159584546752444;0.0912424359223783;0
18.15;0.160474686524164;0.0862869855472466;0
18.16;0.161315192469832;0.081314186523914;0
18.17;0.162105897943111;0.0763255593176255;0
18.18;0.162846651512287;0.0713226265251125;0
18.19;0.163537316979516;0.0663069124145161;0
18.2;0.164177773395466;0.0612799424655983;0
18.21;0.164767915069367;0.0562432429103814;0
18.22;0.165307651574467;0.0511983402743511;0
18.23;0.165796907748906;0.0461467609183602;0
18.24;0.166235623692012;0.0410900305813685;0
18.25;0.166623754756026;0.0360296739241558;0
18.26;0.166961271533271;0.0309672140741417;0
18.27;0.167248159838776;0.0259041721714473;0
18.28;0.167484420688366;0.0208420669163334;0
18.29;0.167670070272227;0.0157824141181472;0
18.3;0.167805139923981;0.0107267262459114;0
18.31;0.167889676085262;0.00567651198068626;0
18.32;0.167923740265829;0.000633275769837035;0
18.33;0.167907408999231;-0.00440148261666344;0
18.34;0.167840773794047;-0.00942626852776777;0
18.35;0.167723941080714;-0.0144395928705935;0
18.36;0.167557032153982;-0.0194399725472419;0
18.37;0.167340183111003;-0.0244259308890683;0
18.38;0.167073544785098;-0.0293959980882797;0
18.39;0.166757282675216;-0.0343487116267332;0
18.4;0.166391576871116;-0.0392826167018128;0
18.41;0.165976621974308;-0.0441962666492612;0
18.42;0.16551262701478;-0.0490882233628456;0
18.43;0.164999815363537;-0.0539570577107367;0
18.44;0.164438424641002;-0.0588013499484817;0
18.45;0.163828706621289;-0.0636196901284539;0
18.46;0.163170927132414;-0.0684106785056618;0
18.47;0.162465365952448;-0.0731729259398027;0
18.48;0.161712316701682;-0.0779050542934453;0
18.49;0.160912086730816;-0.0826056968262316;0
18.5;0.160064997005232;-0.0872734985849829;0
18.51;0.159171381985382;-0.0919071167896036;0
18.52;0.158231589503335;-0.0965052212146718;0
18.53;0.157245980635532;-0.101066494566611;0
18.54;0.156214929571782;-0.105589632856338;0
18.55;0.155138823480564;-0.110073345767278;0
18.56;0.154018062370657;-0.114516357018658;0
18.57;0.152853058949167;-0.118917404723957;0
18.58;0.151644238475991;-0.123275241744431;0
18.59;0.150392038614766;-0.127588636037615;0
18.6;0.149096909280354;-0.131856371000687;0
18.61;0.147759312482925;-0.136077245808629;0
18.62;0.146379722168672;-0.140250075747066;0
18.63;0.144958624057227;-0.144373692539708;0
18.64;0.143496515475831;-0.148446944670303;0
18.65;0.1419939051903;-0.152468697699011;0
18.66;0.140451313232861;-0.156437834573112;0
18.67;0.138869270726904;-0.160353255931978;0
18.68;0.137248319708708;-0.164213880406205;0
18.69;0.135589012946206;-0.168018644910847;0
18.7;0.133891913754841;-0.171766504932661;0
18.71;0.132157595810581;-0.175456434811292;0
18.72;0.130386642960147;-0.179087428014325;0
18.73;0.128579649028517;-0.182658497406126;0
18.74;0.126737217623771;-0.186168675510414;0
18.75;0.124859961939343;-0.189617014766481;0
18.76;0.122948504553731;-0.193002587779003;0
18.77;0.121003477227747;-0.196324487561387;0
18.78;0.119025520699354;-0.199581827772563;0
18.79;0.117015284476176;-0.2027737429472;0
18.8;0.114973426625721;-0.205899388719256;0
18.81;0.112900613563415;-0.208957942038823;0
18.82;0.110797519838481;-0.211948601382209;0
18.83;0.108664827917765;-0.214870586955209;0
18.84;0.106503227967547;-0.217723140889509;0
18.85;0.104313417633422;-0.220505527432181;0
18.86;0.102096101818325;-0.223217033128225;0
18.87;0.0998519924587485;-0.225856966996112;0
18.88;0.0975818082992506;-0.228424660696285;0
18.89;0.0952862746652982;-0.230919468692594;0
18.9;0.0929661232345348;-0.233340768406602;0
18.91;0.0906220918065349;-0.235687960364759;0
18.92;0.0882549240711189;-0.23796046833839;0
18.93;0.085865369375301;-0.24015773947647;0
18.94;0.0834541824889421;-0.242279244431177;0
18.95;0.081022123369179;-0.244324477476169;0
18.96;0.0785699569237044;-0.246292956617585;0
18.97;0.0760984527729694;-0.248184223697738;0
18.98;0.0736083850113819;-0.249997844491492;0
18.99;0.0711005319675745;-0.251733408795284;0
19;0.0685756759638152;-0.253390530508811;0
19.01;0.0660346030746342;-0.254968847709334;0
19.02;0.063478102884741;-0.256468022718622;0
19.03;0.0609069682463051;-0.2578877421625;0
19.04;0.0583219950356749;-0.259227717023021;0
19.05;0.0557239819096076;-0.260487682683238;0
19.06;0.053113730061085;-0.261667398964591;0
19.07;0.0504920429747883;-0.262766650156899;0
19.08;0.0478597261823068;-0.26378524504097;0
19.09;0.0452175870171533;-0.26472301690383;0
19.1;0.0425664343696604;-0.265579823546576;0
19.11;0.0399070784418314;-0.266355547284873;0
19.12;0.0372403305022199;-0.267050094942096;0
19.13;0.0345670026409099;-0.267663397835143;0
19.14;0.0318879075246718;-0.268195411752925;0
19.15;0.0292038581523654;-0.268646116927559;0
19.16;0.0265156676106648;-0.269015517998285;0
19.17;0.0238241488301758;-0.26930364396813;0
19.18;0.0211301143420197;-0.269510548153336;0
19.19;0.0184343760349556;-0.269636308125592;0
19.2;0.0157377449131113;-0.2696810256471;0
19.21;0.0130410308543977;-0.269644826598486;0
19.22;0.0103450423696745;-0.269527860899625;0
19.23;0.00765058636274002;-0.269330302423374;0
19.24;0.00495846789121562;-0.269052348902294;0
19.25;0.00226948992839402;-0.268694221828364;0
19.26;-0.000415546873878065;-0.268256166345759;0
19.27;-0.00309584442121387;-0.267738451136706;0
19.28;-0.00577060741152834;-0.267141368300498;0
19.29;-0.00843904356863927;-0.266465233225682;0
19.3;-0.0111003638745598;-0.265710384455497;0
19.31;-0.013753782800415;-0.264877183546589;0
19.32;-0.0163985185359161;-0.263966014921089;0
19.33;-0.0190337932173249;-0.262977285712068;0
19.34;-0.0216588331538439;-0.261911425602473;0
19.35;-0.0242728690523664;-0.260768886657561;0
19.36;-0.026875136240522;-0.259550143150925;0
19.37;-0.0294648748879535;-0.258255691384156;0
19.38;-0.0320413302257625;-0.256886049500208;0
19.39;-0.0346037527640598;-0.255441757290549;0
19.4;-0.0371513985075605;-0.25392337599614;0
19.41;-0.0396835291691607;-0.252331488102332;0
19.42;-0.0421994123814366;-0.250666697127756;0
19.43;-0.0446983219060048;-0.248929627407251;0
19.44;-0.0471795378406868;-0.247120923868947;0
19.45;-0.0496423468244167;-0.245241251805542;0
19.46;-0.0520860422398371;-0.243291296639877;0
19.47;-0.0545099244135247;-0.241271763684872;0
19.48;-0.0569133008137905;-0.239183377897923;0
19.49;-0.059295486245999;-0.237026883629818;0
19.5;-0.0616558030453526;-0.234803044368288;0
19.51;-0.0639935812670875;-0.232512642476246;0
19.52;-0.0663081588740283;-0.23015647892483;0
19.53;-0.0685988819214504;-0.22773537302132;0
19.54;-0.0708651047391981;-0.225250162132027;0
19.55;-0.07310619011101;-0.222701701400252;0
19.56;-0.0753215094510019;-0.220090863459387;0
19.57;-0.0775104429772588;-0.21741853814128;0
19.58;-0.0796723798824907;-0.214685632179939;0
19.59;-0.0818067185017032;-0.211893068910678;0
19.6;-0.083912866476841;-0.209041787964807;0
19.61;-0.0859902409183575;-0.20613274495996;0
19.62;-0.0880382685636688;-0.203166911186163;0
19.63;-0.0900563859324499;-0.200145273287744;0
19.64;-0.0920440394787312;-0.197068832941188;0
19.65;-0.0940006857397558;-0.193938606529036;0
19.66;-0.0959257914815584;-0.190755624809944;0
19.67;-0.0978188338412282;-0.187520932584988;0
19.68;-0.0996793004658176;-0.184235588360343;0
19.69;-0.101506689647863;-0.180900664006433;0
19.7;-0.103300510457479;-0.177517244413651;0
19.71;-0.105060282871;-0.174086427144782;0
19.72;-0.106785537896124;-0.170609322084211;0
19.73;-0.108475817693542;-0.167087051084052;0
19.74;-0.110130675695012;-0.163520747607289;0
19.75;-0.111749676717847;-0.159911556368054;0
19.76;-0.113332397075803;-0.156260632969153;0
19.77;-0.11487842468632;-0.152569143536942;0
19.78;-0.116387359174109;-0.148838264353688;0
19.79;-0.117858811971048;-0.145069181487507;0
19.8;-0.11929240641236;-0.141263090420011;0
19.81;-0.120687777829075;-0.137421195671772;0
19.82;-0.122044573636716;-0.133544710425718;0
19.83;-0.123362453420229;-0.129634856148579;0
19.84;-0.124641089015106;-0.125692862210508;0
19.85;-0.125880164584701;-0.121719965502974;0
19.86;-0.127079376693722;-0.11771741005507;0
19.87;-0.128238434377869;-0.113686446648332;0
19.88;-0.129357059209627;-0.109628332430202;0
19.89;-0.130434985360174;-0.105544330526238;0
19.9;-0.131471959657418;-0.10143570965121;0
19.91;-0.132467741640133;-0.0973037437191815;0
19.92;-0.133422103608195;-0.0931497114527051;0
19.93;-0.134334830668906;-0.0889748959912465;0
19.94;-0.135205720779395;-0.0847805844989599;0
19.95;-0.136034584785103;-0.0805680677719297;0
19.96;-0.136821246454329;-0.0763386398449985;0
19.97;-0.13756554250885;-0.0720935975983006;0
19.98;-0.1382673226506;-0.0678342403636182;0
19.99;-0.138926449584419;-0.0635618695306795;0
20;-0.139542799036856;-0.0592777881535169;0
