0;0.00119839684004341;0.158209756866272;0
0.01;0.00277903046200059;0.157875847316968;0
0.02;0.00435611445390536;0.157495186706944;0
0.03;0.00592918216893313;0.157067969492824;0
0.04;0.00749776896619201;0.156594403752855;0
0.05;0.00906141234655624;0.156074711101124;0
0.06;0.0106196520876242;0.155509126597861;0
0.07;0.0121720303777619;0.154897898655871;0
0.08;0.0137180919491936;0.154241288943117;0
0.09;0.0152573842101009;0.153539572281504;0
0.1;0.016789457375693;0.152793036541888;0
0.11;0.01831386459821;0.152001982535362;0
0.12;0.0198301620958222;0.15116672390084;0
0.13;0.0213379092803892;0.150287586988994;0
0.14;0.0228366688840422;0.149364910742583;0
0.15;0.0243260070845526;0.148399046573206;0
0.16;0.0258054936294532;0.147390358234535;0
0.17;0.0272747019588758;0.146339221692065;0
0.18;0.0287332093270702;0.145246024989422;0
0.19;0.0301805969225719;0.144111168111289;0
0.2;0.0316164499869831;0.142935062842983;0
0.21;0.0330403579323352;0.141718132626734;0
0.22;0.0344519144569996;0.140460812414722;0
0.23;0.0358507176601132;0.139163548518912;0
0.24;0.0372363701544898;0.137826798457746;0
0.25;0.0386084791779832;0.136451030799733;0
0.26;0.0399666567032728;0.135036725004004;0
0.27;0.0413105195460413;0.133584371257867;0
0.28;0.0426396894715149;0.132094470311434;0
0.29;0.0439537932993361;0.130567533309359;0
0.3;0.0452524630067419;0.129004081619753;0
0.31;0.0465353358300184;0.12740464666033;0
0.32;0.0478020543642039;0.125769769721834;0
0.33;0.0490522666610155;0.124100001788814;0
0.34;0.0502856263249705;0.1223959033578;0
0.35;0.051501792607679;0.12065804425294;0
0.36;0.0527004305002815;0.118887003439162;0
0.37;0.0538812108240063;0.117083368832906;0
0.38;0.0550438103188249;0.115247737110512;0
0.39;0.0561879117301801;0.113380713514299;0
0.4;0.0573132038937647;0.111482911656421;0
0.41;0.0584193818183295;0.10955495332054;0
0.42;0.0595061467664977;0.1075974682614;0
0.43;0.0605732063335668;0.105611094002347;0
0.44;0.0616202745242759;0.103596475630878;0
0.45;0.06264707182752;0.101554265592267;0
0.46;0.0636533252889923;0.0994851234813401;0
0.47;0.0646387685817364;0.0973897158324707;0
0.48;0.0656031420745899;0.0952687159078496;0
0.49;0.0665461928985043;0.093122803484106;0
0.5;0.0674676750107227;0.0909526646373404;0
0.51;0.068367349256802;0.0887589915266399;0
0.52;0.0692449834304633;0.0865424821761414;0
0.53;0.0701003523312558;0.0843038402557112;0
0.54;0.0709332378200233;0.0820437748603102;0
0.55;0.0717434288721571;0.0797630002881105;0
0.56;0.0725307216286252;0.0774622358174347;0
0.57;0.0732949194447664;0.0751422054825857;0
0.58;0.074035832936837;0.0728036378486357;0
0.59;0.0747532800263017;0.070447265785244;0
0.6;0.0754470859818584;0.0680738262395739;0
0.61;0.0761170834591878;0.065684060008377;0
0.62;0.0767631125384215;0.0632787115093154;0
0.63;0.0773850207593191;0.0608585285515916;0
0.64;0.0779826631541489;0.058424262105956;0
0.65;0.078555902278267;0.0559766660741617;0
0.66;0.0791046082383875;0.0535164970579371;0
0.67;0.0796286587185412;0.0510445141275466;0
0.68;0.0801279390037185;0.0485614785900084;0
0.69;0.0806023420011925;0.0460681537570404;0
0.7;0.0810517682595212;0.0435653047128044;0
0.71;0.0814761259852262;0.0410536980815177;0
0.72;0.0818753310571474;0.0385341017950028;0
0.73;0.0822493070384728;0.0360072848602439;0
0.74;0.0825979851864444;0.0334740171270218;0
0.75;0.0829213044597413;0.0309350690556945;0
0.76;0.0832192115235409;0.0283912114851943;0
0.77;0.0834916607522618;0.0258432154013102;0
0.78;0.0837386142299911;0.0232918517053242;0
0.79;0.0839600417485994;0.0207378909830712;0
0.8;0.0841559208035489;0.0181821032744895;0
0.81;0.0843262365873998;0.0156252578437318;0
0.82;0.08447098198102;0.0130681229499034;0
0.83;0.084590157542505;0.0105114656184957;0
0.84;0.084683771493817;0.00795605141358272;0
0.85;0.0847518397051479;0.00540264421084674;0
0.86;0.0847943856770172;0.00285200597150038;0
0.87;0.0848114405201139;0.000304896517171064;0
0.88;0.0848030429328912;-0.00223792669418621;0
0.89;0.0847692391769254;-0.0047757087912825;0
0.9;0.0847100830500497;-0.00730769771132982;0
0.91;0.0846256358572758;-0.00983314442065304;0
0.92;0.0845159663795148;-0.0123513031340145;0
0.93;0.0843811508401102;-0.014861431532588;0
0.94;0.0842212728691987;-0.0173627909805188;0
0.95;0.0840364234659109;-0.0198546467400083;0
0.96;0.0838267009584291;-0.0223362681848591;0
0.97;0.0835922109619154;-0.0248069290124218;0
0.98;0.083333066334329;-0.0272659074538813;0
0.99;0.083049387130148;-0.0297124864828221;0
1;0.0827413005520129;-0.0321459540220136;0
1.01;0.0824089409003114;-0.0345656031483576;0
1.02;0.0820524495207215;-0.0369707322959367;0
1.03;0.0816719747497332;-0.0393606454571093;0
1.04;0.0812676718581684;-0.0417346523815925;0
1.05;0.0808397029927185;-0.0440920687734763;0
1.06;0.0803882371155225;-0.0464322164861155;0
1.07;0.0799134499418048;-0.0487544237148422;0
1.08;0.0794155238755968;-0.051058025187447;0
1.09;0.0788946479435632;-0.0533423623523738;0
1.1;0.0783510177269575;-0.0556067835645773;0
1.11;0.077784835291729;-0.0578506442689898;0
1.12;0.0771963091168064;-0.060073307181549;0
1.13;0.0765856540205824;-0.0622741424677331;0
1.14;0.0759530910856244;-0.0644525279185579;0
1.15;0.075298847581636;-0.0666078491239838;0
1.16;0.0746231568866974;-0.0687394996436888;0
1.17;0.0739262584068095;-0.0708468811751573;0
1.18;0.0732083974937693;-0.0729294037190415;0
1.19;0.0724698253614043;-0.0749864857417498;0
1.2;0.071710799000194;-0.0770175543352176;0
1.21;0.0709315810903054;-0.0790220453738178;0
1.22;0.0701324399130739;-0.0809994036683696;0
1.23;0.0693136492609563;-0.0829490831172034;0
1.24;0.0684754883459867;-0.0848705468542422;0
1.25;0.0676182417067655;-0.0867632673940594;0
1.26;0.0667421991140115;-0.0886267267738766;0
1.27;0.0658476554747074;-0.0904604166924615;0
1.28;0.0649349107348711;-0.0922638386458916;0
1.29;0.0640042697809834;-0.094036504060148;0
1.3;0.0630560423401037;-0.095777934420504;0
1.31;0.0620905428787069;-0.0974876613976766;0
1.32;0.0611080905002734;-0.0991652269707073;0
1.33;0.0601090088416648;-0.100810183546543;0
1.34;0.0590936259683191;-0.102422094076282;0
1.35;0.0580622742682984;-0.104000532168067;0
1.36;0.0570152903452229;-0.105545082196579;0
1.37;0.0559530149101252;-0.107055339409125;0
1.38;0.0548757926722593;-0.10853091002828;0
1.39;0.0537839722288991;-0.10997141135106;0
1.4;0.05267790595416;-0.111376471844612;0
1.41;0.0515579498868803;-0.112745731238385;0
1.42;0.0504244636175962;-0.114078840612769;0
1.43;0.0492778101746466;-0.115375462484179;0
1.44;0.0481183559094431;-0.116635270886564;0
1.45;0.0469464703809411;-0.117857951449324;0
1.46;0.045762526239348;-0.119043201471618;0
1.47;0.0445668991091042;-0.120190729993045;0
1.48;0.0433599674711744;-0.121300257860682;0
1.49;0.0421421125446844;-0.122371517792476;0
1.5;0.0409137181679408;-0.123404254436955;0
1.51;0.0396751706788695;-0.124398224429271;0
1.52;0.0384268587949114;-0.125353196443554;0
1.53;0.0371691734924104;-0.126268951241555;0
1.54;0.0359025078855317;-0.127145281717599;0
1.55;0.0346272571047479;-0.127981992939806;0
1.56;0.0333438181749285;-0.128778902187613;0
1.57;0.0320525898930725;-0.129535838985546;0
1.58;0.0307539727057184;-0.130252645133286;0
1.59;0.0294483685860716;-0.130929174731992;0
1.6;0.0281361809108845;-0.131565294206892;0
1.61;0.0268178143371283;-0.132160882326142;0
1.62;0.0254936746784921;-0.132715830215957;0
1.63;0.0241641687817483;-0.133230041372001;0
1.64;0.0228297044030205;-0.133703431667065;0
1.65;0.021490690083991;-0.134135929355004;0
1.66;0.0201475350280867;-0.134527475070971;0
1.67;0.0188006489766781;-0.134878021827929;0
1.68;0.0174504420853312;-0.135187535009466;0
1.69;0.0160973248001465;-0.135455992358908;0
1.7;0.0147417077342244;-0.135683383964747;0
1.71;0.0133840015442929;-0.1358697122424;0
1.72;0.0120246168075336;-0.136014991912295;0
1.73;0.0106639638986436;-0.136119249974309;0
1.74;0.00930245286716958;-0.136182525678576;0
1.75;0.00794049331514994;-0.136204870492659;0
1.76;0.00657849427510128;-0.136186348065134;0
1.77;0.0052168640883855;-0.136127034185565;0
1.78;0.00385601028399311;-0.136027016740929;0
1.79;0.00249633945777828;-0.135886395668472;0
1.8;0.00113825715218124;-0.135705282905045;0
1.81;-0.000217832263526836;-0.135483802332925;0
1.82;-0.00157152571244149;-0.135222089722152;0
1.83;-0.00292242152863036;-0.134920292669395;0
1.84;-0.00427011957511171;-0.134578570533388;0
1.85;-0.00561422136117203;-0.13419709436694;0
1.86;-0.00695433015898828;-0.133776046845566;0
1.87;-0.00829005111952152;-0.133315622192748;0
1.88;-0.00962099138764796;-0.132816026101874;0
1.89;-0.0109467602164945;-0.132277475654861;0
1.9;-0.012266969080946;-0.131700199237508;0
1.91;-0.013581231790291;-0.131084436451614;0
1.92;-0.0148891645999745;-0.130430438023873;0
1.93;-0.0161903863224256;-0.129738465711595;0
1.94;-0.0174845184369271;-0.129008792205289;0
1.95;-0.0187711851984984;-0.128241701028127;0
1.96;-0.0200500137457581;-0.127437486432336;0
1.97;-0.021320634207737;-0.126596453292555;0
1.98;-0.0225826798096115;-0.125718916996191;0
1.99;-0.023835786977327;-0.124805203330805;0
2;-0.0250795954410815;-0.123855648368587;0
2.01;-0.0263137483376422;-0.122870598347931;0
2.02;-0.0275378923114632;-0.121850409552178;0
2.03;-0.0287516776145798;-0.120795448185555;0
2.04;-0.0299547582052486;-0.119706090246344;0
2.05;-0.0311467918453071;-0.118582721397346;0
2.06;-0.0323274401962265;-0.117425736833662;0
2.07;-0.0334963689138298;-0.116235541147844;0
2.08;-0.0346532477416502;-0.115012548192469;0
2.09;-0.0357977506029032;-0.113757180940161;0
2.1;-0.0369295556910483;-0.112469871341129;0
2.11;-0.0380483455589148;-0.111151060178258;0
2.12;-0.0391538072063673;-0.109801196919794;0
2.13;-0.040245632166488;-0.108420739569689;0
2.14;-0.0413235165902519;-0.107010154515638;0
2.15;-0.0423871613296718;-0.105569916374864;0
2.16;-0.0434362720193918;-0.104100507837703;0
2.17;-0.0444705591567065;-0.102602419509038;0
2.18;-0.045489738179985;-0.101076149747635;0
2.19;-0.0464935295454797;-0.0995222045034242;0
2.2;-0.0474816588024978;-0.0979410971527914;0
2.21;-0.0484538566669179;-0.0963333483319248;0
2.22;-0.0494098590930308;-0.0946994857682713;0
2.23;-0.0503494073436872;-0.0930400441101569;0
2.24;-0.051272248058733;-0.0913555647546257;0
2.25;-0.0521781333217153;-0.0896465956735517;0
2.26;-0.0530668207248423;-0.0879136912380785;0
2.27;-0.0539380734321799;-0.0861574120414426;0
2.28;-0.0547916602410694;-0.0843783247202358;0
2.29;-0.0556273556417515;-0.0825770017741634;0
2.3;-0.0564449398751808;-0.0807540213843548;0
2.31;-0.0572441989890172;-0.0789099672302832;0
2.32;-0.0580249248917809;-0.0770454283053515;0
2.33;-0.0587869154051567;-0.0751609987312026;0
2.34;-0.0595299743144367;-0.0732572775708116;0
2.35;-0.060253911417088;-0.0713348686404174;0
2.36;-0.060958542569435;-0.0693943803203539;0
2.37;-0.0616436897314451;-0.0674364253648366;0
2.38;-0.0623091810096085;-0.0654616207107666;0
2.39;-0.0629548506979003;-0.063470587285608;0
2.4;-0.0635805393168191;-0.0614639498144006;0
2.41;-0.0641860936504913;-0.0594423366259645;0
2.42;-0.0647713667818336;-0.0574063794583589;0
2.43;-0.0653362181257676;-0.0553567132636522;0
2.44;-0.0658805134604796;-0.0532939760120648;0
2.45;-0.0664041249567174;-0.0512188084955436;0
2.46;-0.0669069312051232;-0.0491318541308285;0
2.47;-0.0673888172415925;-0.0470337587620698;0
2.48;-0.0678496745706592;-0.0449251704630582;0
2.49;-0.0682894011869006;-0.042806739339126;0
2.5;-0.0687079015943601;-0.0406791173287789;0
2.51;-0.069105086823986;-0.0385429580051209;0
2.52;-0.069480874449083;-0.0363989163771289;0
2.53;-0.0698351885987765;-0.0342476486908395;0
2.54;-0.070167959969488;-0.0320898122305059;0
2.55;-0.070479125834423;-0.029926065119786;0
2.56;-0.0707686300510707;-0.0277570661230204;0
2.57;-0.0710364230667167;-0.0255834744466594;0
2.58;-0.0712824619219715;-0.023405949540899;0
2.59;-0.0715067102523165;-0.0212251509015856;0
2.6;-0.0717091382876699;-0.019041737872446;0
2.61;-0.071889722849977;-0.016856369447704;0
2.62;-0.0720484473488289;-0.0146697040751405;0
2.63;-0.0721853017751131;-0.0124823994596562;0
2.64;-0.0723002826927031;-0.0102951123673943;0
2.65;-0.0723933932281918;-0.00810849843048135;0
2.66;-0.0724646430586745;-0.00592321195244375;0
2.67;-0.0725140483975908;-0.00373990571435677;0
2.68;-0.0725416319786298;-0.00155923078178317;0
2.69;-0.0725474230377099;0.000618163687442115;0
2.7;-0.0725314572930395;0.00279163063452512;0
2.71;-0.0724937769232694;0.00496052529006793;0
2.72;-0.0724344305437456;0.00712420536341034;0
2.73;-0.0723534731808743;0.00928203123090311;0
2.74;-0.0722509662446083;0.0114333661230582;0
2.75;-0.0721269774990676;0.0135775763105215;0
2.76;-0.0719815810313055;0.0157140312888153;0
2.77;-0.0718148572182337;0.0178421039617957;0
2.78;-0.0716268926917177;0.0199611708237738;0
2.79;-0.0714177803018584;0.0220706121402468;0
2.8;-0.0711876190784714;0.0241698121271891;0
2.81;-0.0709365141907819;0.0262581591288499;0
2.82;-0.0706645769053466;0.0283350457940088;0
2.83;-0.0703719245422217;0.030399869250637;0
2.84;-0.0700586804293906;0.032452031278917;0
2.85;-0.0697249738554697;0.034490938482569;0
2.86;-0.0693709400207084;0.036516002458438;0
2.87;-0.0689967199863009;0.0385266399642922;0
2.88;-0.0686024606220292;0.0405222730847858;0
2.89;-0.0681883145522537;0.0425023293955404;0
2.9;-0.0677544401002728;0.0444662421252979;0
2.91;-0.0673010012310688;0.0464134503161003;0
2.92;-0.0668281674924615;0.0483433989814514;0
2.93;-0.0663361139546899;0.0502555392624172;0
2.94;-0.0658250211484411;0.0521493285816205;0
2.95;-0.0652950750013504;0.0540242307950886;0
2.96;-0.0647464667729913;0.0558797163419109;0
2.97;-0.0641793929883801;0.0577152623916664;0
2.98;-0.0635940553700156;0.0595303529895801;0
2.99;-0.0629906607684781;0.0613244791993687;0
3;-0.0623694210916102;0.0630971392437374;0
3.01;-0.0617305532323034;0.0648478386424887;0
3.02;-0.0610742789949145;0.066576090348207;0
3.03;-0.0604008250203367;0.0682814148794816;0
3.04;-0.0597104227097483;0.0699633404516325;0
3.05;-0.0590033081470674;0.0716214031049052;0
3.06;-0.0582797220201344;0.0732551468300986;0
3.07;-0.0575399095406512;0.0748641236915945;0
3.08;-0.0567841203629013;0.0764478939477548;0
3.09;-0.0560126085012775;0.0780060261686565;0
3.1;-0.0552256322466455;0.0795380973511315;0
3.11;-0.0544234540815685;0.0810436930310842;0
3.12;-0.0536063405944208;0.0825224073930549;0
3.13;-0.0527745623924189;0.0839738433770037;0
3.14;-0.0519283940135971;0.0853976127822854;0
3.15;-0.051068113837756;0.0867933363687904;0
3.16;-0.0501940039964125;0.0881606439552259;0
3.17;-0.0493063502817799;0.089499174514512;0
3.18;-0.0484054420548074;0.090808576266271;0
3.19;-0.0474915721523074;0.0920885067663846;0
3.2;-0.0465650367932007;0.0933386329935996;0
3.21;-0.0456261354839094;0.0945586314331594;0
3.22;-0.0446751709229262;0.0957481881574429;0
3.23;-0.0437124489045912;0.0969069989035897;0
3.24;-0.0427382782221067;0.0980347691480964;0
3.25;-0.0417529705698184;0.0991312141783639;0
3.26;-0.0407568404447962;0.100196059161181;0
3.27;-0.0397502050477429;0.10122903920813;0
3.28;-0.038733384183264;0.102229899437898;0
3.29;-0.0377067001595272;0.103198395035479;0
3.3;-0.0366704776873442;0.104134291308263;0
3.31;-0.0356250437787066;0.105037363738987;0
3.32;-0.0345707276448047;0.105907398035551;0
3.33;-0.0335078605935641;0.106744190177678;0
3.34;-0.0324367759267288;0.10754754646042;0
3.35;-0.0313578088365236;0.108317283534492;0
3.36;-0.0302712963019278;0.109053228443438;0
3.37;-0.0291775769845914;0.109755218657611;0
3.38;-0.0280769911244257;0.110423102104976;0
3.39;-0.0269698804349002;0.11105673719872;0
3.4;-0.0258565879980783;0.111655992861673;0
3.41;-0.024737458159422;0.11222074854754;0
3.42;-0.0236128364223998;0.112750894258933;0
3.43;-0.0224830693429282;0.113246330562219;0
3.44;-0.0213485044236791;0.113706968599164;0
3.45;-0.0202094900082848;0.114132730095401;0
3.46;-0.0190663751754734;0.114523547365695;0
3.47;-0.0179195096331651;0.114879363316043;0
3.48;-0.0167692436125624;0.115200131442576;0
3.49;-0.015615927762265;0.115485815827305;0
3.5;-0.0144599130424424;0.11573639113069;0
3.51;-0.0133015506190938;0.115951842581057;0
3.52;-0.012141191758429;0.116132165960866;0
3.53;-0.0109791877214003;0.116277367589827;0
3.54;-0.00981588965841746;0.116387464304908;0
3.55;-0.00865164850427676;0.116462483437201;0
3.56;-0.00748681487333496;0.116502462785701;0
3.57;-0.00632173895495984;0.11650745058798;0
3.58;-0.00515677040928764;0.11647750548779;0
3.59;-0.00399225826331839;0.116412696499597;0
3.6;-0.0028285508073795;0.116313102970069;0
3.61;-0.00166599549198818;0.116178814536537;0
3.62;-0.000504938825142932;0.116009931082433;0
3.63;0.000654273729926074;0.115806562689744;0
3.64;0.00181129785651755;0.115568829588486;0
3.65;0.00296579048570115;0.115296862103219;0
3.66;0.00411740989701148;0.114990800596635;0
3.67;0.0052658158185648;0.114650795410228;0
3.68;0.00641066952656949;0.114277006802081;0
3.69;0.00755163394420138;0.113869604881779;0
3.7;0.00868837373981547;0.113428769542488;0
3.71;0.00982055542446573;0.112954690390217;0
3.72;0.0109478474487049;0.112447566670285;0
3.73;0.0120699202986366;0.11190760719103;0
3.74;0.0131864465911921;0.11133503024478;0
3.75;0.0142971011686047;0.110730063526119;0
3.76;0.0154015611920543;0.110092944047475;0
3.77;0.016499506234457;0.109423918052054;0
3.78;0.0175906183723704;0.108723240924167;0
3.79;0.0186745822769926;0.107991177096961;0
3.8;0.0197510853042254;0.107227999957602;0
3.81;0.0208198175837785;0.106433991749936;0
3.82;0.0218804721072894;0.105609443474662;0
3.83;0.0229327448154337;0.10475465478705;0
3.84;0.0239763346840011;0.103869933892242;0
3.85;0.025010943808915;0.102955597438169;0
3.86;0.0260362774901692;0.102011970406127;0
3.87;0.027052044314661;0.101039385999032;0
3.88;0.0280579562378962;0.10003818552741;0
3.89;0.0290537286645435;0.0990087182931556;0
3.9;0.0300390805278176;0.0979513414710853;0
3.91;0.0310137343676671;0.0968664199883426;0
3.92;0.0319774164077475;0.0957543264016826;0
3.93;0.0329298566311572;0.0946154407726818;0
3.94;0.0338707888549168;0.093450150540912;0
3.95;0.0347999508031712;0.0922588503951211;0
3.96;0.035717084179094;0.091041942142462;0
3.97;0.0366219347354765;0.0897998345758128;0
3.98;0.0375142523439808;0.08853294333923;0
3.99;0.0383937910630394;0.0872416907915808;0
4;0.0392603092043834;0.0859265058683954;0
4.01;0.0401135693981806;0.0845878239419862;0
4.02;0.0409533386567678;0.0832260866798778;0
4.03;0.04177938843696;0.0818417419015929;0
4.04;0.0425914947009199;0.0804352434338406;0
4.05;0.0433894379755722;0.0790070509641528;0
4.06;0.044173003410548;0.0775576298930149;0
4.07;0.0449419808346432;0.0760874511845388;0
4.08;0.045696164810778;0.0745969912157244;0
4.09;0.0464353546894419;0.0730867316243572;0
4.1;0.0471593546606125;0.0715571591555916;0
4.11;0.0478679738041344;0.070008765507265;0
4.12;0.0485610261385449;0.0684420471739951;0
4.13;0.0492383306683365;0.066857505290106;0
4.14;0.0498997114296425;0.0652556454714336;0
4.15;0.0505449975343366;0.0636369776560602;0
4.16;0.0511740232125346;0.0620020159440262;0
4.17;0.0517866278534896;0.0603512784360706;0
4.18;0.0523826560448692;0.0586852870714487;0
4.19;0.0529619576104083;0.0570045674648783;0
4.2;0.0535243876459265;0.0553096487426643;0
4.21;0.0540698065537039;0.0536010633780523;0
4.22;0.0545980800752067;0.0518793470258618;0
4.23;0.0551090793221566;0.0501450383564501;0
4.24;0.0556026808059366;0.0483986788890573;0
4.25;0.0560787664653276;0.046640812824584;0
4.26;0.0565372236925709;0.0448719868778529;0
4.27;0.0569779453577506;0.0430927501094038;0
4.28;0.0574008298314925;0.0413036537568765;0
4.29;0.0578057810059747;0.0395052510660289;0
4.3;0.0581927083142476;0.0376980971214452;0
4.31;0.058561526747859;0.0358827486769825;0
4.32;0.0589121568727832;0.0340597639860097;0
4.33;0.0592445248436518;0.0322297026314876;0
4.34;0.059558562416284;0.0303931253559429;0
4.35;0.0598542069585176;0.0285505938913873;0
4.36;0.0601314014593379;0.0267026707892311;0
4.37;0.0603900945363068;0.024849919250245;0
4.38;0.0606302404412914;0.0229929029546183;0
4.39;0.060851799064494;0.0211321858921658;0
4.4;0.0610549093128403;0.0193333372851641;0.0144525207898893
4.41;0.0612406685258421;0.0176761947556759;0.0289050415797786
4.42;0.0614104949391413;0.0161610115036629;0.0433575623696679
4.43;0.0615658091269255;0.0147879977401376;0.0578100831595571
4.44;0.0617080335720769;0.0135573206980345;0.0722626039494464
4.45;0.0618385922364876;0.012469104655945;0.0867151247393357
4.46;0.0619589101316702;0.0115234309746877;0.101167645529225
4.47;0.0620704128897915;0.0107203381466819;0.115620166319114
4.48;0.062174526335258;0.0100598218580848;0.130072687109004
4.49;0.0622726760569794;0.00954183506365499;0.144525207898893
4.5;0.0623662869814383;0.00916628807429585;0.158977728688782
4.51;0.0624567829466917;0.00893304865723119;0.173430249478671
4.52;0.0625455862774316;0.0088419421487622;0.187882770268561
4.53;0.0626341173612293;0.00889275157954934;0.20233529105845
4.54;0.0627237942260881;0.00908521781236062;0.216787811848339
4.55;0.0628160321194305;0.00941903969222334;0.231240332638229
4.56;0.0629122430886413;0.00989387420891307;0.245692853428118
4.57;0.0630138355632915;0.0105093366717099;0.260145374218007
4.58;0.0631222139391651;0.0112650008963485;0.274597895007896
4.59;0.0632387781642087;0.0121603994040849;0.289050415797786
4.6;0.0633649233265274;0.0131950236328;0.303502936587675
4.61;0.0635020392445446;0.0143683241600549;0.317955457377564
4.62;0.0636515100594465;0.0156797109380113;0.332407978167454
4.63;0.0638147138300281;0.0171285535401265;0.346860498957343
4.64;0.0639930221300599;0.0187141814195277;0.361313019747232
4.65;0.0641877996482892;0.0204358841789693;0.375765540537121
4.66;0.064400403791194;0.0222929118522711;0.390218061327011
4.67;0.0646321842886016;0.0242844751971351;0.4046705821169
4.68;0.0648844828022867;0.0264097459992312;0.419123102906789
4.69;0.0651586325376606;0.0286678573874435;0.433575623696679
4.7;0.0654559578586622;0.0310579041601623;0.448028144486568
4.71;0.0657777739059623;0.0335789431225049;0.462480665276457
4.72;0.0661253862185875;0.0362299934343461;0.476933186066346
4.73;0.0665000903590734;0.0390100369690355;0.491385706856236
4.74;0.0669031715422527;0.0419180186826743;0.505838227646125
4.75;0.0673359042677826;0.0449528469938243;0.520290748436014
4.76;0.0677995519565159;0.0481133941735174;0.534743269225904
4.77;0.0682953665908186;0.0513984967454293;0.549195790015793
4.78;0.0688245883589334;0.0548069558960818;0.563648310805682
4.79;0.0693884453034912;0.0583375378949326;0.578100831595571
4.8;0.0699881529742659;0.0619889745242098;0.592553352385461
4.81;0.0706249140852727;0.0657599635183457;0.60700587317535
4.82;0.0712999181763013;0.0696491690128615;0.621458393965239
4.83;0.0720143412789819;0.0736552220025518;0.635910914755129
4.84;0.0727693455874728;0.0777767208088166;0.650363435545018
4.85;0.0735660791338632;0.0820122315559838;0.664815956334907
4.86;0.0744056754683778;0.0863602886564645;0.679268477124796
4.87;0.0752892533444732;0.0908193953045805;0.693720997914686
4.88;0.0762179164089103;0.0953880239789014;0.708173518704575
4.89;0.0771927528968884;0.100064616952925;0.722626039494464
4.9;0.0782148353323223;0.104847586813935;0.737078560284354
4.91;0.0792852202333446;0.109735316989864;0.751531081074243
4.92;0.0804046528444392;0.114609049695744;0.738498750188562
4.93;0.0815719933350261;0.119296808530471;0.724018382537806
4.94;0.0827853640098605;0.123796062120018;0.70953801488705
4.95;0.084042875157008;0.128105785744124;0.695057647236294
4.96;0.0853426270807545;0.132225013257276;0.680577279585538
4.97;0.0866827106882191;0.136152837277654;0.666096911934782
4.98;0.0880612080777749;0.139888409358131;0.651616544284026
4.99;0.0894761931290998;0.143430940139314;0.637136176633269
5;0.0909257320946764;0.146779699484615;0.622655808982513
5.01;0.0924078841925617;0.149934016597324;0.608175441331757
5.02;0.0939207022002467;0.152893280119713;0.593695073681001
5.03;0.0954622330494259;0.155656938214129;0.579214706030245
5.04;0.097030518421497;0.158224498626129;0.564734338379489
5.05;0.0986235953436113;0.160595528729625;0.550253970728733
5.06;0.100239496785094;0.162769655554094;0.535773603077977
5.07;0.101876252254056;0.164746565793848;0.521293235427221
5.08;0.10353188839402;0.166526005799407;0.506812867776464
5.09;0.105204429580377;0.168107781551004;0.492332500125708
5.1;0.106891898516496;0.169491758614261;0.477852132474952
5.11;0.108592316829318;0.170677862078078;0.463371764824196
5.12;0.11030370566424;0.171666076474792;0.44889139717344
5.13;0.112024086279129;0.172456445682645;0.434411029522684
5.14;0.113751480637273;0.173049072810635;0.419930661871928
5.15;0.115483911999108;0.173444120065816;0.405450294221172
5.16;0.117219405512538;0.173641808603096;0.390969926570415
5.17;0.118955988801672;0.17364241835764;0.376489558919659
5.18;0.12069169255381;0.173446287859927;0.362009191268903
5.19;0.122424551104499;0.173053814033567;0.347528823618147
5.2;0.124152603020491;0.172465451975964;0.333048455967391
5.21;0.125873891680436;0.171681714721909;0.318568088316635
5.22;0.127586465853122;0.170703172990221;0.304087720665879
5.23;0.129288380273121;0.169530454913526;0.289607353015122
5.24;0.130977696213641;0.168164245751296;0.275126985364366
5.25;0.132652482056451;0.166605287586247;0.26064661771361
5.26;0.134310813858679;0.164854379004237;0.246166250062854
5.27;0.135950775916349;0.162912374757771;0.231685882412098
5.28;0.137570461324468;0.160780185413243;0.217205514761342
5.29;0.13916797253352;0.158458776982064;0.202725147110586
5.3;0.1407414219022;0.155949170535796;0.18824477945983
5.31;0.142288932246221;0.153252441805445;0.173764411809074
5.32;0.143808637383051;0.150369720765059;0.159284044158317
5.33;0.145298682672411;0.147302191199778;0.144803676507561
5.34;0.146757225552385;0.144051090258502;0.130323308856805
5.35;0.148182436070991;0.140617707991324;0.115842941206049
5.36;0.149572497413052;0.137003386871909;0.101362573555293
5.37;0.15092560642223;0.13320952130497;0.0868822059045368
5.38;0.152239974118068;0.129237557119031;0.0724018382537807
5.39;0.153513826207888;0.125088991044643;0.0579214706030244
5.4;0.154745403593412;0.120765370178241;0.0434411029522684
5.41;0.155932962871957;0.116268291431823;0.0289607353015122
5.42;0.157074776832062;0.111599400968641;0.0144803676507561
5.43;0.158169134943408;0.106760393625099;0
5.44;0.159214517551018;0.10181814266215;0
5.45;0.160210377270338;0.0968538647383594;0
5.46;0.161156500695445;0.0918690858051567;0
5.47;0.162052689696164;0.0868653353367565;0
5.48;0.162898761451206;0.0818441458656302;0
5.49;0.163694548476665;0.0768070525178561;0
5.5;0.164439898649857;0.0717555925484927;0
5.51;0.165134675228522;0.0666913048771104;0
5.52;0.165778756865381;0.0616157296236243;0
5.53;0.16637203761805;0.0565304076445634;0
5.54;0.166914426954325;0.0514368800699173;0
5.55;0.167405849752829;0.0463366878406961;0
5.56;0.167846246299052;0.0412313712473417;0
5.57;0.168235572276765;0.0361224694691282;0
5.58;0.168573798754843;0.0310115201146861;0
5.59;0.168860912169496;0.0259000587637876;0
5.6;0.169096914301921;0.0207896185105273;0
5.61;0.169281822251397;0.0156817295080333;0
5.62;0.169415668403832;0.0105779185148424;0
5.63;0.169498500395784;0.00547970844307199;0
5.64;0.169530381073967;0.000388617908522467;0
5.65;0.169511388450274;-0.00469383921716027;0
5.66;0.169441615652326;-0.00976615425212988;0
5.67;0.16932117086958;-0.0148268241476633;0
5.68;0.169150177295009;-0.0198743519290339;0
5.69;0.168928773062387;-0.0249072471338061;0
5.7;0.168657111179207;-0.0299240262474247;0
5.71;0.16833535945525;-0.0349232131359728;0
5.72;0.167963700426843;-0.0399033394759735;0
5.73;0.16754233127683;-0.0448629451811117;0
5.74;0.167071463750295;-0.0498005788257535;0
5.75;0.166551324066057;-0.0547147980651413;0
5.76;0.165982152823988;-0.0596041700521444;0
5.77;0.165364204908172;-0.0644672718504473;0
5.78;0.164697749385948;-0.069302690844056;0
5.79;0.163983069402885;-0.0741090251430071;0
5.8;0.163220462073703;-0.0788848839851649;0
5.81;0.162410238369208;-0.0836288881339917;0
5.82;0.161552722999253;-0.0883396702721795;0
5.83;0.1606482542918;-0.093015875391033;0
5.84;0.159697184068089;-0.0976561611754927;0
5.85;0.15869987751399;-0.102259198384692;0
5.86;0.157656713047564;-0.106823671227941;0
5.87;0.156568082182887;-0.111348277736032;0
5.88;0.15543438939018;-0.115831730127764;0
5.89;0.1542560519523;-0.120272755171583;0
5.9;0.153033499817634;-0.124670094542243;0
5.91;0.151767175449449;-0.12902250517238;0
5.92;0.150457533671747;-0.133328759598915;0
5.93;0.149105041511689;-0.137587646304177;0
5.94;0.147710178038621;-0.141797970051664;0
5.95;0.146273434199773;-0.145958552216346;0
5.96;0.144795312652676;-0.150068231109422;0
5.97;0.143276327594364;-0.154125862297439;0
5.98;0.141717004587401;-0.158130318915692;0
5.99;0.140117880382804;-0.162080491975818;0
6;0.138479502739922;-0.165975290667504;0
6.01;0.136802430243314;-0.169813642654229;0
6.02;0.135087232116706;-0.173594494362953;0
6.03;0.133334488034075;-0.177316811267694;0
6.04;0.131544787927923;-0.180979578166895;0
6.05;0.129718731794809;-0.184581799454537;0
6.06;0.127856929498196;-0.1881224993849;0
6.07;0.125960000568682;-0.19160072233092;0
6.08;0.124028574001672;-0.195015533036069;0
6.09;0.122063288052566;-0.198366016859704;0
6.1;0.120064790029518;-0.2016512800158;0
6.11;0.11803373608384;-0.204870449805037;0
6.12;0.115970790998118;-0.208022674840155;0
6.13;0.113876627972099;-0.211107125264538;0
6.14;0.111751928406426;-0.214122992963971;0
6.15;0.109597381684291;-0.217069491771511;0
6.16;0.107413684951058;-0.219945857665428;0
6.17;0.105201542891955;-0.222751348960171;0
6.18;0.102961667507869;-0.225485246490302;0
6.19;0.100694777889352;-0.228146853787377;0
6.2;0.0984015999888749;-0.230735497249701;0
6.21;0.0960828663914248;-0.233250526304957;0
6.22;0.0937393160835059;-0.235691313565634;0
6.23;0.0913716942206183;-0.238057254977251;0
6.24;0.0889807518932871;-0.240347769959324;0
6.25;0.0865672458917149;-0.242562301539059;0
6.26;0.0841319384691301;-0.244700316477735;0
6.27;0.0816755971039045;-0.246761305389757;0
6.28;0.0791989942605132;-0.248744782854356;0
6.29;0.0767029071494109;-0.25065028751991;0
6.3;0.0741881174858982;-0.25247738220087;0
6.31;0.0716554112480515;-0.254225653967283;0
6.32;0.0691055784337921;-0.255894714226877;0
6.33;0.0665394128171669;-0.257484198799725;0
6.34;0.0639577117039164;-0.25899376798545;0
6.35;0.0613612756864044;-0.260423106622984;0
6.36;0.0587509083979829;-0.261771924142863;0
6.37;0.0561274162668689;-0.263039954612066;0
6.38;0.0534916082696047;-0.264226956771389;0
6.39;0.0508442956841798;-0.265332714065358;0
6.4;0.0481862918428861;-0.266357034664687;0
6.41;0.0455184118849819;-0.267299751481285;0
6.42;0.0428414725092405;-0.268160722175818;0
6.43;0.0401562917264556;-0.268939829157844;0
6.44;0.0374636886119788;-0.269636979578528;0
6.45;0.0347644830583639;-0.270252105315948;0
6.46;0.0320594955281908;-0.270785162953021;0
6.47;0.0293495468071439;-0.271236133748059;0
6.48;0.026635457757417;-0.271605023597973;0
6.49;0.0239180490715205;-0.271891862994167;0
6.5;0.0211981410265613;-0.27209670697112;0
6.51;0.0184765532390705;-0.272219635047716;0
6.52;0.0157541044204495;-0.272260751161319;0
6.53;0.013031612133109;-0.272220183594656;0
6.54;0.0103098925473703;-0.272098084895516;0
6.55;0.0075897601992023;-0.27189463178932;0
6.56;0.00487202774886496;-0.271610025084597;0
6.57;0.00215750574052936;-0.27124448957139;0
6.58;-0.000552997637054458;-0.270798273912664;0
6.59;-0.0032586767887724;-0.270271650528735;0
6.6;-0.00595872895017427;-0.269664915474774;0
6.61;-0.00865235442324586;-0.268978388311448;0
6.62;-0.0113387568108567;-0.268212411968723;0
6.63;-0.0140171432498151;-0.26736735260291;0
6.64;-0.0166867246424638;-0.266443599446981;0
6.65;-0.0193467158867486;-0.265441564654236;0
6.66;-0.0219963361046933;-0.264361683135359;0
6.67;-0.0246348088692169;-0.263204412388942;0
6.68;-0.0272613624292258;-0.261970232325518;0
6.69;-0.029875229932918;-0.260659645085188;0
6.7;-0.0324756496492343;-0.259273174848893;0
6.71;-0.0350618651873949;-0.257811367643402;0
6.72;-0.0376331257144568;-0.256274791140095;0
6.73;-0.040188686170832;-0.25466403444759;0
6.74;-0.0427278074837045;-0.252979707898313;0
6.75;-0.0452497567782856;-0.251222442829067;0
6.76;-0.0477538075868486;-0.249392891355682;0
6.77;-0.0502392400554835;-0.247491726141823;0
6.78;-0.0527053411485139;-0.24551964016204;0
6.79;-0.0551514048505184;-0.24347734645913;0
6.8;-0.0575767323659006;-0.241365577895909;0
6.81;-0.0599806323159522;-0.239185086901461;0
6.82;-0.0623624209333538;-0.236936645211961;0
6.83;-0.0647214222540596;-0.234621043606161;0
6.84;-0.0670569683065136;-0.232239091635612;0
6.85;-0.0693683992981447;-0.229791617349735;0
6.86;-0.0716550637990895;-0.227279467015806;0
6.87;-0.0739163189230923;-0.224703504833971;0
6.88;-0.0761515305055335;-0.222064612647374;0
6.89;-0.0783600732785377;-0.219363689647489;0
6.9;-0.0805413310431132;-0.216601652074767;0
6.91;-0.0826946968382782;-0.213779432914676;0
6.92;-0.0848195731071264;-0.210897981589253;0
6.93;-0.0869153718597885;-0.207958263644256;0
6.94;-0.0889815148332457;-0.204961260432018;0
6.95;-0.091017433647953;-0.201907968790114;0
6.96;-0.0930225699612305;-0.198799400715929;0
6.97;-0.0949963756173823;-0.19563658303725;0
6.98;-0.0969383127945036;-0.192420557078976;0
6.99;-0.0988478541479389;-0.189152378326051;0
7;-0.100724482950351;-0.185833116082738;0
7.01;-0.10256769322837;-0.18246385312833;0
7.02;-0.104376989895778;-0.179045685369418;0
7.03;-0.106151888883207;-0.175579721488821;0
7.04;-0.107891917264313;-0.172067082591287;0
7.05;-0.109596613378381;-0.168508901846081;0
7.06;-0.111265526949358;-0.164906324126572;0
7.07;-0.112898219201261;-0.161260505646929;0
7.08;-0.114494262969935;-0.157572613596041;0
7.09;-0.116053242811147;-0.153843825768781;0
7.1;-0.117574755104977;-0.150075330194719;0
7.11;-0.119058408156484;-0.146268324764409;0
7.12;-0.120503822292626;-0.14242401685336;0
7.13;-0.121910629955409;-0.138543622943813;0
7.14;-0.123278475791245;-0.134628368244432;0
7.15;-0.124607016736498;-0.130679486308042;0
7.16;-0.125895922099198;-0.126698218647515;0
7.17;-0.127144873636905;-0.122685814349933;0
7.18;-0.128353565630713;-0.118643529689145;0
7.19;-0.129521704955365;-0.11457262773683;0
7.2;-0.130649011145477;-0.110474377972201;0
7.21;-0.131735216457853;-0.106350055890449;0
7.22;-0.132780065929877;-0.102200942610057;0
7.23;-0.13378331743398;-0.0980283244791172;0
7.24;-0.134744741728151;-0.093833492680735;0
7.25;-0.135664122502522;-0.0896177428376812;0
7.26;-0.13654125642197;-0.085382374616382;0
7.27;-0.13737595316478;-0.0811286913303817;0
7.28;-0.138168035457323;-0.0768579995433921;0
7.29;-0.138917339104774;-0.0725716086720506;0
7.3;-0.139623713017854;-0.0682708305885055;0
7.31;-0.140287019235592;-0.0639569792229485;0
7.32;-0.14090713294412;-0.0596313701662131;0
7.33;-0.141483942491493;-0.0552953202725584;0
7.34;-0.142017349398533;-0.0509501472627569;0
7.35;-0.142507268365713;-0.0465971693276045;0
7.36;-0.142953627276073;-0.0422377047319712;0
7.37;-0.143356367194183;-0.0378730714195101;0
7.38;-0.143715442361154;-0.0335045866181422;0
7.39;-0.144030820185707;-0.0291335664464332;0
7.4;-0.144302481231314;-0.0247613255209803;0
7.41;-0.144530419199415;-0.0203891765649229;0
7.42;-0.144714640908727;-0.016018430017695;0
7.43;-0.144855166270653;-0.0116503936461314;0
7.44;-0.144952028260814;-0.00728637215704484;0
7.45;-0.145005272886712;-0.00292766681138519;0
7.46;-0.145014959151537;0.00142442495990461;0
7.47;-0.144981159014149;0.0057686099382247;0
7.48;-0.144903957345239;0.0101035994977345;0
7.49;-0.1447834518797;0.0144281099837382;0
7.5;-0.144619753165214;0.0187408630889305;0
7.51;-0.1444129845071;0.0230405862273913;0
7.52;-0.144163281909423;0.0273260129062246;0
7.53;-0.143870794012401;0.0315958830947302;0
7.54;-0.14353568202613;0.0358489435910054;0
7.55;-0.143158119660655;0.0400839483858685;0
7.56;-0.142738293052422;0.0442996590240015;0
7.57;-0.142276400687115;0.0484948449622074;0
7.58;-0.141772653318943;0.0526682839246801;0
7.59;-0.141227273886369;0.0568187622551853;0
7.6;-0.140640497424352;0.060945075266053;0
7.61;-0.140012570973094;0.0650460275838805;0
7.62;-0.139343753483357;0.0691204334918508;0
7.63;-0.138634315718373;0.0731671172685665;0
7.64;-0.13788454015237;0.0771849135233061;0
7.65;-0.137094720865781;0.0811726675276071;0
7.66;-0.136265163437132;0.085129235543083;0
7.67;-0.135396184831689;0.0890534851453827;0
7.68;-0.134488113286868;0.0929442955442009;0
7.69;-0.133541288194474;0.0968005578992528;0
7.7;-0.132556059979791;0.100621175632121;0
7.71;-0.131532789977576;0.104405064733894;0
7.72;-0.130471850304996;0.108151154068505;0
7.73;-0.129373623731552;0.111858385671692;0
7.74;-0.128238503546029;0.115525715045498;0
7.75;-0.127066893420525;0.119152111448222;0
7.76;-0.125859207271602;0.122736558179755;0
7.77;-0.124615869118603;0.126278052862215;0
7.78;-0.123337312939184;0.129775607715802;0
7.79;-0.122023982522109;0.133228249829806;0
7.8;-0.120676331317359;0.136635021428695;0
7.81;-0.1192948222836;0.139994980133205;0
7.82;-0.117879927733065;0.143307199216366;0
7.83;-0.116432129173897;0.146570767854395;0
7.84;-0.114951917150006;0.149784791372397;0
7.85;-0.113439791078497;0.152948391484798;0
7.86;-0.111896259084712;0.156060706530448;0
7.87;-0.110321837834948;0.159120891702347;0
7.88;-0.108717052366902;0.162128119271912;0
7.89;-0.107082435917897;0.165081578807752;0
7.9;-0.105418529750947;0.167980477388869;0
7.91;-0.103725882978716;0.170824039812252;0
7.92;-0.10200505238542;0.173611508794805;0
7.93;-0.100256602246744;0.176342145169543;0
7.94;-0.0984811041478174;0.179015228076039;0
7.95;-0.096679136799315;0.181630055145041;0
7.96;-0.0948512858517331;0.184185942677234;0
7.97;-0.0929981437079094;0.186682225816103;0
7.98;-0.0911203093338379;0.189118258714842;0
7.99;-0.0892183880678433;0.191493414697284;0
8;-0.0872929914281723;0.193807086412804;0
8.01;-0.0853447369190633;0.196058685985167;0
8.02;-0.0833742478353553;0.198247645155278;0
8.03;-0.0813821530656964;0.200373415417809;0
8.04;-0.0793690868944139;0.202435468151669;0
8.05;-0.0773356888021078;0.20443329474429;0
8.06;-0.075282603265029;0.206366406709699;0
8.07;-0.0732104795533046;0.208234335800358;0
8.08;-0.0711199715280738;0.210036634112741;0
8.09;-0.0690117374375953;0.211772874186634;0
8.1;-0.0668864397123908;0.213442649098138;0
8.11;-0.0647447447594862;0.215045572546346;0
8.12;-0.0625873227558153;0.216581278933708;0
8.13;-0.0604148474408477;0.218049423440029;0
8.14;-0.0582279959085053;0.21944968209013;0
8.15;-0.0560274483984318;0.220781751815137;0
8.16;-0.0538138880866763;0.222045350507395;0
8.17;-0.0515880008758585;0.223240217069007;0
8.18;-0.0493504751848751;0.224366111453999;0
8.19;-0.0471020017382151;0.225422814704085;0
8.2;-0.0448432733549451;0.226410128978066;0
8.21;-0.0425749847374293;0.227327877574841;0
8.22;-0.0402978322598491;0.228175904950038;0
8.23;-0.0380125137565838;0.228954076726286;0
8.24;-0.0357197283105179;0.229662279697108;0
8.25;-0.0334201760413382;0.230300421824478;0
8.26;-0.0311145578938831;0.230868432230023;0
8.27;-0.0288035754266097;0.231366261179909;0
8.28;-0.0264879306002388;0.231793880063401;0
8.29;-0.0241683255666442;0.232151281365143;0
8.3;-0.0218454624580462;0.232438478631151;0
8.31;-0.0195200431765742;0.232655506428556;0
8.32;-0.0171927691842597;0.232802420299113;0
8.33;-0.0148643412935218;0.232879296706506;0
8.34;-0.012535459458208;0.232886232977463;0
8.35;-0.0102068225652511;0.232823347236733;0
8.36;-0.00787912822700466;0.232690778335927;0
8.37;-0.00555307257431624;0.232488685776272;0
8.38;-0.0032293500504017;0.232217249625313;0
8.39;-0.000908653205578779;0.231876670427585;0
8.4;0.00140832750707882;0.23146716910931;0
8.41;0.0037209039351075;0.230988986877136;0
8.42;0.00602839042898068;0.230442385110982;0
8.43;0.00833010404333778;0.229827645251014;0
8.44;0.0106253647370566;0.229145068678805;0
8.45;0.0129134955721113;0.228394976592715;0
8.46;0.0151938229111589;0.227577709877557;0
8.47;0.0174656766137955;0.226693628968574;0
8.48;0.0197283902314289;0.225743113709796;0
8.49;0.0219813012007075;0.224726563206818;0
8.5;0.0242237510354539;0.223644395674062;0
8.51;0.0264550855170455;0.222497048276572;0
8.52;0.0286746548831888;0.221284976966396;0
8.53;0.0308818140150334;0.220008656313624;0
8.54;0.033075922622573;0.21866857933213;0
8.55;0.0352563454282796;0.21726525730009;0
8.56;0.0374224523489196;0.215799219575326;0
8.57;0.0395736186755009;0.21427101340556;0
8.58;0.0417092252512996;0.212681203733614;0
8.59;0.0438286586479154;0.211030372997661;0
8.6;0.0459313113393092;0.209319120926557;0
8.61;0.0480165818737704;0.20754806433035;0
8.62;0.0500838750437686;0.20571783688603;0
8.63;0.0521326020536422;0.20382908891859;0
8.64;0.0541621806850756;0.201882487177467;0
8.65;0.0561720354603215;0.199878714608453;0
8.66;0.0581615978031209;0.197818470121137;0
8.67;0.060130306197279;0.195702468351963;0
8.68;0.0620776063428516;0.193531439422982;0
8.69;0.0640029513098995;0.191306128696373;0
8.7;0.0659058016897705;0.189027296524823;0
8.71;0.0677856257438658;0.186695717997841;0
8.72;0.0696418995498519;0.184312182684081;0
8.73;0.0714741071452787;0.181877494369787;0
8.74;0.0732817406685636;0.179392470793405;0
8.75;0.0750643004973062;0.176857943376484;0
8.76;0.0768212953838944;0.174274756950926;0
8.77;0.0785522425883681;0.171643769482699;0
8.78;0.0802566680085034;0.168965851792072;0
8.79;0.081934106307084;0.16624188727049;0
8.8;0.0835841010363275;0.163472771594158;0
8.81;0.0852062047594318;0.160659412434445;0
8.82;0.0867999791692122;0.157802729165179;0
8.83;0.0883649952037982;0.154903652566946;0
8.84;0.0899008331593589;0.151963124528472;0
8.85;0.0914070827998309;0.148982097745191;0
8.86;0.0928833434636188;0.145961535415094;0
8.87;0.0943292241672419;0.142902410931947;0
8.88;0.0957443437059027;0.139805707575983;0
8.89;0.0971283307509504;0.136672418202162;0
8.9;0.0984808239442169;0.133503544926101;0
8.91;0.0998014719892015;0.130300098807754;0
8.92;0.101089933739083;0.127063099532974;0
8.93;0.102345878281539;0.123793575093019;0
8.94;0.103568985020349;0.120492561462131;0
8.95;0.104758943753768;0.117161102273267;0
8.96;0.105915454749646;0.113800248492104;0
8.97;0.107038228817287;0.110411058089389;0
8.98;0.108126987376012;0.106994595711771;0
8.99;0.109181462520439;0.10355193235118;0
9;0.110201397082437;0.100084145012887;0
9.01;0.111186544689765;0.0965923163823222;0
9.02;0.11213666982137;0.0930775344907664;0
9.03;0.113051547859334;0.0895408923800159;0
9.04;0.113930965137471;0.0859834877661191;0
9.05;0.11477471898655;0.0824064227022917;0
9.06;0.115582617776147;0.0788108032411102;0
9.07;0.11635448095312;0.0751977390960879;0
9.08;0.117090139076689;0.0715683433027342;0
9.09;0.117789433850132;0.0679237318792015;0
9.1;0.118452218149082;0.0642650234866208;0
9.11;0.119078356046427;0.0605933390892285;0
9.12;0.119667722833815;0.056909801614388;0
9.13;0.120220205039748;0.0532155356126061;0
9.14;0.12073570044429;0.0495116669176474;0
9.15;0.121214118090369;0.0457993223068486;0
9.16;0.121655378291686;0.0420796291617336;0
9.17;0.122059412637227;0.0383537151290302;0
9.18;0.122426163992399;0.0346227077821907;0
9.19;0.122755586496767;0.0308877342835161;0
9.2;0.123047645558434;0.0271499210469833;0
9.21;0.123302317845035;0.0234103934018775;0
9.22;0.123519591271386;0.0196702752573268;0
9.23;0.123699464983772;0.0159306887678397;0
9.24;0.123841949340904;0.012192753999943;0
9.25;0.123947065891539;0.00845758860001831;0
9.26;0.124014847348793;0.00472630746343598;0
9.27;0.124045337561142;0.00100002240508102;0
9.28;0.124038591480144;-0.00272015816863051;0
9.29;0.123994675124883;-0.00643312958614995;0
9.3;0.123913665543159;-0.0101377912355139;0
9.31;0.123795650769432;-0.0138330468872872;0
9.32;0.123640729779557;-0.017517805015637;0
9.33;0.123449012442309;-0.021190979117445;0
9.34;0.123220619467722;-0.024851488029366;0
9.35;0.122955682352279;-0.0284982562427408;0
9.36;0.122654343320953;-0.0321302142162722;0
9.37;0.122316755266135;-0.0357462986863754;0
9.38;0.121943081683469;-0.0393454529751135;0
9.39;0.12153349660462;-0.0429266272956289;0
9.4;0.121088184526998;-0.0464887790549844;0
9.41;0.120607340340466;-0.0500308731543276;0
9.42;0.120091169251055;-0.0535518822862925;0
9.43;0.119539886701729;-0.0570507872295551;0
9.44;0.118953718290201;-0.060526577140458;0
9.45;0.118332899683861;-0.0639782498416233;0
9.46;0.117677676531823;-0.0674048121074709;0
9.47;0.116988304374137;-0.0708052799465637;0
9.48;0.116265048548184;-0.0741786788806983;0
9.49;0.115508184092305;-0.0775240442206653;0
9.5;0.114717995646677;-0.0808404213386009;0
9.51;0.113894777351494;-0.0841268659368545;0
9.52;0.113038832742462;-0.0873824443132974;0
9.53;0.112150474643665;-0.0906062336230001;0
9.54;0.111230025057829;-0.0937973221362043;0
9.55;0.110277815054026;-0.0969548094925203;0
9.56;0.109294184652845;-0.100077806951279;0
9.57;0.108279482709088;-0.103165437637973;0
9.58;0.107234066792011;-0.10621683678671;0
9.59;0.10615830306316;-0.109231151978629;0
9.6;0.10505256615185;-0.112207543376202;0
9.61;0.103917239028303;-0.115145183953356;0
9.62;0.102752712874521;-0.11804325972137;0
9.63;0.101559386952908;-0.120900969950464;0
9.64;0.100337668472701;-0.123717527387043;0
9.65;0.0990879724542462;-0.126492158466523;0
9.66;0.0978107215911667;-0.129224103521683;0
9.67;0.0965063461104693;-0.131912616986507;0
9.68;0.0951752836306312;-0.134556967595431;0
9.69;0.0938179790177162;-0.137156438577977;0
9.7;0.0924348842395647;-0.139710327848694;0
9.71;0.0910264582181065;-0.142217948192383;0
9.72;0.0895931666798423;-0.144678627444535;0
9.73;0.0881354820045422;-0.147091708666954;0
9.74;0.0866538830722103;-0.149456550318511;0
9.75;0.0851488551083638;-0.151772526420995;0
9.76;0.0836208895276753;-0.154039026720002;0
9.77;0.0820704837760295;-0.156255456840845;0
9.78;0.0804981411710426;-0.158421238439432;0
9.79;0.0789043707410962;-0.160535809348079;0
9.8;0.0772896870629355;-0.162598623716224;0
9.81;0.0756546100978839;-0.164609152146006;0
9.82;0.0739996650267249;-0.166566881822685;0
9.83;0.072325382083303;-0.168471316639856;0
9.84;0.0706322963868962;-0.170321977319452;0
9.85;0.0689209477734116;-0.17211840152649;0
9.86;0.0671918806254578;-0.173860143978536;0
9.87;0.0654456437013463;-0.17554677654988;0
9.88;0.0636827899630751;-0.177177888370384;0
9.89;0.0619038764033474;-0.178753085918986;0
9.9;0.0601094638716803;-0.180271993111848;0
9.91;0.0583001168996551;-0.181734251385117;0
9.92;0.0564764035253654;-0.183139519772302;0
9.93;0.0546388951171147;-0.184487474976238;0
9.94;0.0527881661964194;-0.185777811435627;0
9.95;0.0509247942603707;-0.187010241386153;0
9.96;0.0490493596034098;-0.188184494916155;0
9.97;0.0471624451385705;-0.189300320016854;0
9.98;0.0452646362182448;-0.190357482627122;0
9.99;0.0433565204545248;-0.191355766672806;0
10;0.041438687539176;-0.192294974100576;0
10.01;0.0395117290632969;-0.193174924906329;0
10.02;0.0375762383367189;-0.193995457158122;0
10.03;0.0356328102072018;-0.194756427013653;0
10.04;0.0336820408794785;-0.195457708732293;0
10.05;0.0317245277342042;-0.196099194681663;0
10.06;0.0297608691468642;-0.196680795338777;0
10.07;0.0277916643066952;-0.197202439285753;0
10.08;0.025817513035673;-0.197664073200108;0
10.09;0.0238390156076223;-0.198065661839637;0
10.1;0.0218567725675018;-0.198407188021906;0
10.11;0.0198713845509185;-0.198688652598365;0
10.12;0.0178834521039248;-0.198910074423094;0
10.13;0.0158935755031532;-0.199071490316215;0
10.14;0.0139023545763392;-0.199172955021977;0
10.15;0.0119103885232889;-0.199214541161536;0
10.16;0.00991827573734137;-0.199196339180467;0
10.17;0.00792661362738003;-0.199118457291013;0
10.18;0.00593599844044525;-0.198981021409115;0
10.19;0.00394702508499969;-0.198784175086241;0
10.2;0.00196028695489889;-0.198528079436044;0
10.21;-2.3624245881684e-05;-0.198212913055881;0
10.22;-0.00200411867771174;-0.197838871943232;0
10.23;-0.00398060853891258;-0.19740616940704;0
10.24;-0.0059525082384543;-0.196915035974017;0
10.25;-0.00791923456769339;-0.196365719289951;0
10.26;-0.00988020687110118;-0.195758484016047;0
10.27;-0.0118348472159334;-0.195093611720351;0
10.28;-0.0137825805607921;-0.194371400764286;0
10.29;-0.015722834923031;-0.193592166184359;0
10.3;-0.0176550415449562;-0.192756239569058;0
10.31;-0.019578635058775;-0.191863968931016;0
10.32;-0.0214930536502442;-0.190915718574457;0
10.33;-0.0233977392209729;-0.189911868957995;0
10.34;-0.0252921375493317;-0.188852816552821;0
10.35;-0.0271756984499238;-0.187738973696341;0
10.36;-0.0290478759315717;-0.1865707684413;0
10.37;-0.0309081283537755;-0.185348644400459;0
10.38;-0.0327559185815976;-0.184073060586881;0
10.39;-0.0345907141389315;-0.182744491249861;0
10.4;-0.0364119873601096;-0.181363425706585;0
10.41;-0.0382192155398092;-0.179930368169551;0
10.42;-0.0400118810812138;-0.178445837569829;0
10.43;-0.041789471642388;-0.176910367376209;0
10.44;-0.0435514802808264;-0.175324505410301;0
10.45;-0.0452974055961347;-0.173688813657653;0
10.46;-0.0470267518708049;-0.172003868074946;0
10.47;-0.048739029209045;-0.170270258393337;0
10.48;-0.0504337536736241;-0.168488587918001;0
10.49;-0.0521104474206978;-0.166659473323958;0
10.5;-0.0537686388325735;-0.164783544448243;0
10.51;-0.0554078626483828;-0.162861444078476;0
10.52;-0.0570276600926226;-0.160893827737932;0
10.53;-0.0586275790015316;-0.158881363467145;0
10.54;-0.0602071739472683;-0.156824731602146;0
10.55;-0.061766006359855;-0.154724624549395;0
10.56;-0.0633036446468582;-0.152581746557474;0
10.57;-0.0648196643107704;-0.150396813485635;0
10.58;-0.0663136480640636;-0.148170552569255;0
10.59;-0.0677851859418848;-0.145903702182288;0
10.6;-0.0692338754123614;-0.143597011596788;0
10.61;-0.0706593214844896;-0.141251240739575;0
10.62;-0.072061136813577;-0.138867159946127;0
10.63;-0.0734389418042118;-0.136445549711774;0
10.64;-0.0747923647107316;-0.133987200440279;0
10.65;-0.0761210417351677;-0.131492912189872;0
10.66;-0.0774246171226371;-0.128963494416833;0
10.67;-0.078702743254161;-0.126399765716699;0
10.68;-0.0799550807368838;-0.123802553563169;0
10.69;-0.081181298491672;-0.121172694044808;0
10.7;-0.08238107383807;-0.118511031599609;0
10.71;-0.0835540925765925;-0.115818418747517;0
10.72;-0.0847000490683328;-0.113095715820986;0
10.73;-0.085818646311869;-0.110343790693659;0
10.74;-0.0869095960174476;-0.107563518507251;0
10.75;-0.0879726186784296;-0.104755781396726;0
10.76;-0.0890074436399799;-0.10192146821385;0
10.77;-0.0900138091649856;-0.0990614742492034;0
10.78;-0.0909914624971879;-0.0961767009527396;0
10.79;-0.0919401599215134;-0.0932680556529839;0
10.8;-0.0928596668215913;-0.0903364512749467;0
10.81;-0.0937497577344444;-0.0873828060568467;0
10.82;-0.0946102164023427;-0.0844080432657278;0
10.83;-0.0954408358218077;-0.081413090912057;0
10.84;-0.0962414182897592;-0.0783988814633911;0
10.85;-0.0970117754467943;-0.0753663515572001;0
10.86;-0.0977517283175916;-0.0723164417129327;0
10.87;-0.0984611073484327;-0.0692500960434147;0
10.88;-0.0991397524418352;-0.0661682619656651;0
10.89;-0.0997875129882913;-0.0630718899112188;0
10.9;-0.100404247895108;-0.0599619330360445;0
10.91;-0.100989825612345;-0.0568393469301433;0
10.92;-0.101544124155846;-0.0537050893269174;0
10.93;-0.102067031127368;-0.0505601198123957;0
10.94;-0.102558443731793;-0.0474053995344038;0
10.95;-0.103018268791444;-0.0442418909117655;0
10.96;-0.103446422757481;-0.0410705573436236;0
10.97;-0.1038428317184;-0.0378923629189656;0
10.98;-0.104207431405624;-0.0347082721264426;0
10.99;-0.104540167196198;-0.0315192495645666;0
11;-0.10484099411258;-0.0283262596523736;0
11.01;-0.105109876819552;-0.0251302663406366;0
11.02;-0.105346789618235;-0.021932232823717;0
11.03;-0.105551716437233;-0.018733121252136;0
11.04;-0.105724650820908;-0.0155338924459548;0
11.05;-0.10586559591478;-0.0123355056090446;0
11.06;-0.105974564448091;-0.00913891804433349;0
11.07;-0.106051578713515;-0.00594508487011145;0
11.08;-0.106096670544037;-0.00275495873747863;0
11.09;-0.10610988128702;0.000430510450981667;0
11.1;-0.106091261775451;0.00361037582122244;0
11.11;-0.106040872296407;0.00678369380636333;0
11.12;-0.10595878255673;0.00994952442385079;0
11.13;-0.105845071645948;0.0131069315510674;0
11.14;-0.105699827996435;0.0162549831993106;0
11.15;-0.105523149340849;0.0193927517860611;0
11.16;-0.10531514266685;0.0225193144054627;0
11.17;-0.105075924169125;0.0256337530969355;0
11.18;-0.104805619198732;0.0287351551118448;0
11.19;-0.104504362209786;0.0318226131781495;0
11.2;-0.104172296703516;0.0348952257629539;0
11.21;-0.103809575169691;0.0379520973328882;0
11.22;-0.103416359025471;0.0409923386122424;0
11.23;-0.102992818551669;0.0440150668387813;0
11.24;-0.102539132826479;0.0470194060171676;0
11.25;-0.102055489656674;0.0500044871699203;0
11.26;-0.101542085506308;0.0529694485858382;0
11.27;-0.100999125422942;0.055913436065819;0
11.28;-0.100426822961431;0.0588356031660036;0
11.29;-0.0998254001052851;0.0617351114381774;0
11.3;-0.0991950871856413;0.0646111306673626;0
11.31;-0.0985361227978732;0.067462839106533;0
11.32;-0.0978487537158659;0.0702894237083885;0
11.33;-0.0971332348039868;0.0730900803541219;0
11.34;-0.0963898289267822;0.0758640140791171;0
11.35;-0.0956188068564319;0.0786104392955151;0
11.36;-0.0948204471779909;0.0813285800115865;0
11.37;-0.0939950361924537;0.0840176700478506;0
11.38;-0.0931428678176708;0.0866769532498821;0
11.39;-0.0922642434871531;0.089305683697746;0
11.4;-0.0913594720467974;0.0919031259120055;0
11.41;-0.0904288696495665;0.0944685550562459;0
11.42;-0.0894727596481614;0.0970012571360601;0
11.43;-0.0884914724857184;0.0995005291944421;0
11.44;-0.0874853455845692;0.101965679503536;0
11.45;-0.0864547232331006;0.104396027752689;0
11.46;-0.0853999564707493;0.106790905232761;0
11.47;-0.0843214029711718;0.109149655016635;0
11.48;-0.0832194269236258;0.111471632135893;0
11.49;-0.0820943989126024;0.113756203753593;0
11.5;-0.0809466957957483;0.116002749333124;0
11.51;-0.0797767005801172;0.118210660803076;0
11.52;-0.0785848022967909;0.120379342718091;0
11.53;-0.0773713958739096;0.122508212415655;0
11.54;-0.0761368820081527;0.12459670016879;0
11.55;-0.0748816670347123;0.126644249334598;0
11.56;-0.0736061627957985;0.128650316498642;0
11.57;-0.072310786507721;0.130614371615094;0
11.58;-0.0709959606265877;0.132535898142657;0
11.59;-0.0696621127126637;0.134414393176183;0
11.6;-0.0683096752934331;0.136249367573996;0
11.61;-0.0669390857254075;0.13804034608086;0
11.62;-0.0655507860547243;0.139786867446575;0
11.63;-0.0641452228765786;0.141488484540171;0
11.64;-0.0627228471935335;0.143144764459675;0
11.65;-0.0612841142727526;0.144755288637424;0
11.66;-0.059829483502199;0.146319652940895;0
11.67;-0.0583594182458474;0.147837467769044;0
11.68;-0.0568743856979518;0.149308358144116;0
11.69;-0.0553748567364162;0.150731963798914;0
11.7;-0.0538613057753136;0.152107939259513;0
11.71;-0.0523342106165971;0.153435953923392;0
11.72;-0.0507940523010518;0.154715692132981;0
11.73;-0.0492413149585308;0.155946853244592;0
11.74;-0.0476764856575235;0.15712915169274;0
11.75;-0.0461000542541008;0.158262317049828;0
11.76;-0.044512513240285;0.159346094081193;0
11.77;-0.0429143575918895;0.160380242795507;0
11.78;-0.0413060846158763;0.161364538490512;0
11.79;-0.039688193797276;0.162298771794109;0
11.8;-0.0380611866457187;0.163182748700764;0
11.81;-0.0364255665416218;0.164016290603258;0
11.82;-0.0347818385820812;0.164799234319759;0
11.83;-0.0331305094265122;0.165531432116228;0
11.84;-0.0314720871420889;0.166212751724154;0
11.85;-0.0298070810490251;0.166843076353621;0
11.86;-0.0281360015657476;0.167422304701718;0
11.87;-0.0264593600540051;0.167950350956284;0
11.88;-0.0247776686639607;0.168427144795013;0
11.89;-0.0230914401793149;0.168852631379905;0
11.9;-0.0214011878625043;0.169226771347099;0
11.91;-0.0197074253000227;0.169549540792073;0
11.92;-0.0180106662479117;0.169820931250243;0
11.93;-0.0163114244774655;0.17004094967296;0
11.94;-0.0146102136211958;0.170209618398939;0
11.95;-0.0129075470191042;0.170326975121108;0
11.96;-0.0112039375653057;0.170393072848926;0
11.97;-0.00949989755504954;0.170407979866168;0
11.98;-0.00779593853218262;0.170371779684203;0
11.99;-0.00609257113710033;0.170284570990791;0
12;-0.00439030495522942;0.170146467594417;0
12.01;-0.00268964836608761;0.169957598364187;0
12.02;-0.000991108392964019;0.169718107165316;0
12.03;0.00070480944673545;0.169428152790226;0
12.04;0.00239760129043415;0.169087908885296;0
12.05;0.00408676507857868;0.168697563873276;0
12.06;0.00577180070203767;0.168257320871413;0
12.07;0.00745221014866267;0.167767397605309;0
12.08;0.00912749764896842;0.167228026318547;0
12.09;0.0107971698208906;0.166639453678123;0
12.1;0.0124607358135791;0.166001940675715;0
12.11;0.0141177074501853;0.165315762524831;0
12.12;0.0157675993696027;0.164581208553865;0
12.13;0.0174099291671194;0.163798582095111;0
12.14;0.019044217533943;0.162968200369768;0
12.15;0.0206699883955576;0.162090394368978;0
12.16;0.0222867690488736;0.161165508730942;0
12.17;0.0238940902981308;0.160193901614159;0
12.18;0.025491486589517;0.159175944566822;0
12.19;0.0270784961444632;0.158112022392436;0
12.2;0.0286546610915782;0.157002533011684;0
12.21;0.0302195275971854;0.155847887320603;0
12.22;0.0317726459944243;0.154648509045112;0
12.23;0.033313570910882;0.153404834591948;0
12.24;0.0348418613947171;0.152117312896053;0
12.25;0.0363570810392422;0.150786405264467;0
12.26;0.0378587981059299;0.149412585216787;0
12.27;0.0393465856458081;0.147996338322232;0
12.28;0.0408200216192101;0.146538162033382;0
12.29;0.0422786890138487;0.145038565516634;0
12.3;0.0437221759611792;0.143498069479446;0
12.31;0.045150075851021;0.14191720599441;0
12.32;0.0465619874444059;0.140296518320229;0
12.33;0.0479575149846223;0.138636560719641;0
12.34;0.0493362683064254;0.136937898274362;0
12.35;0.0506978629433831;0.135201106697104;0
12.36;0.0520419202333299;0.133426772140724;0
12.37;0.0533680674218989;0.131615491004579;0
12.38;0.0546759377641054;0.129767869738137;0
12.39;0.0559651706239544;0.127884524641916;0
12.4;0.0572354115720458;0.12596608166581;0
12.41;0.0584863124811512;0.124013176204867;0
12.42;0.0597175316197371;0.122026452892596;0
12.43;0.0609287337434107;0.120006565391846;0
12.44;0.0621195901842636;0.117954176183352;0
12.45;0.0632897789380906;0.115869956351989;0
12.46;0.0644389847494613;0.113754585370825;0
12.47;0.065566899194622;0.111608750883019;0
12.48;0.0666732207622079;0.109433148481657;0
12.49;0.0677576549317439;0.107228481487573;0
12.5;0.0688199142499154;0.104995460725242;0
12.51;0.0698597184045891;0.102734804296807;0
12.52;0.0708767942965665;0.10044723735431;0
12.53;0.0718708761090512;0.0981334918702071;0
12.54;0.0728417053748146;0.0957943064062264;0
12.55;0.0737890310410424;0.0934304258806544;0
12.56;0.0747126095318475;0.0910426013341127;0
12.57;0.0756122048084343;0.0886315896939041;0
12.58;0.0764875884268995;0.0861981535369977;0
12.59;0.0773385395936579;0.0837430608517293;0
12.6;0.078164845218479;0.0812670847982881;0
12.61;0.0789662999651237;0.0787710034680653;0
12.62;0.0797427062995692;0.0762555996419376;0
12.63;0.0804938745358128;0.0737216605475613;0
12.64;0.0812196228792437;0.0711699776157493;0
12.65;0.0819197774675755;0.0686013462360084;0
12.66;0.08259417240933;0.0660165655113087;0
12.67;0.0832426498198658;0.0634164380121618;0
12.68;0.0838650598549448;0.0608017695300829;0
12.69;0.0844612607418306;0.05817336883051;0
12.7;0.0850311188079144;0.055532047405257;0
12.71;0.0855745085068633;0.0528786192245745;0
12.72;0.0860913124422874;0.0502139004888947;0
12.73;0.086581421388924;0.0475387093803331;0
12.74;0.0870447343113352;0.0448538658140243;0
12.75;0.0874811583801189;0.0421601911893654;0
12.76;0.087890608985632;0.039458508141242;0
12.77;0.0882730097492257;0.0367496402913112;0
12.78;0.0886282925319948;0.0340344119994163;0
12.79;0.0889563974410413;0.0313136481152081;0
12.8;0.0892572728332561;0.0285881737300453;0
12.81;0.0895308753166207;0.0258588139292495;0
12.82;0.0897771697490334;0.0231263935447874;0
12.83;0.089996129234665;0.0203917369084545;0
12.84;0.0901877351178482;0.0176556676056324;0
12.85;0.0903519769745078;0.0149190082296935;0
12.86;0.0904888526011381;0.0121825801371246;0
12.87;0.0905983680013349;0.00944720320344282;0
12.88;0.0906805373698905;0.00671369557997438;0
12.89;0.090735383074461;0.00398287345156862;0
12.9;0.0907629356348146;0.00125555079531772;0
12.91;0.0907632336996722;-0.00146746085964712;0
12.92;0.0907363240211512;-0.00418535267121274;0
12.93;0.0906822614268242;-0.00689731872212488;0
12.94;0.0906011087894043;-0.00960255625654343;0
12.95;0.0904929369940719;-0.0123002659152435;0
12.96;0.090357824903455;-0.0149896519693942;0
12.97;0.0901958593202789;-0.0176699225528468;0
12.98;0.0900071349476996;-0.0203402898928669;0
12.99;0.0897917543473377;-0.0229999705392419;0
13;0.0895498278950278;-0.0256481855916995;0
13.01;0.0892814737343027;-0.0282841609255715;0
13.02;0.0889868177276281;-0.0309071274156379;0
13.03;0.0886659934054078;-0.033516321158088;0
13.04;0.0883191419127783;-0.0361109836905349;0
13.05;0.0879464119542112;-0.0386903622100199;0
13.06;0.0875479597359461;-0.0412537097889474;0
13.07;0.0871239489062727;-0.0438002855888853;0
13.08;0.0866745504936852;-0.0463293550721748;0
13.09;0.0861999428429305;-0.0488401902112863;0
13.1;0.0857003115489735;-0.0513320696958647;0
13.11;0.0851758493889022;-0.0538042791374051;0
13.12;0.0846267562517968;-0.056256111271502;0
13.13;0.0840532390665883;-0.058686866157615;0
13.14;0.0834555117279295;-0.0610958513762962;0
13.15;0.0828337950201065;-0.0634823822238238;0
13.16;0.0821883165390154;-0.0658457819041887;0
13.17;0.0815193106122306;-0.06818538171838;0
13.18;0.0808270182171938;-0.070500521250919;0
13.19;0.0801116868975489;-0.0727905485535887;0
13.2;0.0793735706776535;-0.0750548203263096;0
13.21;0.0786129299752943;-0.0772927020951126;0
13.22;0.0778300315126354;-0.0795035683871601;0
13.23;0.0770251482254311;-0.0816868029027678;0
13.24;0.0761985591705308;-0.0838417986843815;0
13.25;0.0753505494317093;-0.0859679582824631;0
13.26;0.0744814100238509;-0.0880646939182409;0
13.27;0.0735914377955216;-0.0901314276432821;0
13.28;0.0726809353299595;-0.0921675914958432;0
13.29;0.0717502108445156;-0.0941726276539592;0
13.3;0.0707995780885801;-0.0961459885852294;0
13.31;0.0698293562400244;-0.0980871371932615;0
13.32;0.0688398698001946;-0.0999955469607363;0
13.33;0.0678314484874898;-0.101870702089054;0
13.34;0.0668044271295586;-0.10371209763453;0
13.35;0.0657591455541504;-0.105519239641098;0
13.36;0.0646959484786546;-0.107291645269498;0
13.37;0.0636151853983645;-0.109028842922905;0
13.38;0.0625172104735008;-0.11073037236897;0
13.39;0.0614023824150306;-0.112395784858253;0
13.4;0.0602710643693191;-0.114024643239003;0
13.41;0.0591236238016496;-0.115616522068262;0
13.42;0.0579604323786491;-0.11717100771928;0
13.43;0.0567818658496565;-0.118687698485191;0
13.44;0.0555883039270713;-0.120166204678941;0
13.45;0.0543801301657193;-0.121606148729447;0
13.46;0.0531577318412743;-0.123007165273954;0
13.47;0.0519214998277732;-0.124368901246571;0
13.48;0.0506718284742632;-0.125691015962974;0
13.49;0.0494091154806187;-0.12697318120125;0
13.5;0.0481337617725683;-0.128215081278867;0
13.51;0.0468461713759682;-0.129416413125749;0
13.52;0.0455467512903636;-0.130576886353451;0
13.53;0.0442359113618754;-0.13169622332041;0
13.54;0.0429140641554523;-0.13277415919326;0
13.55;0.041581624826527;-0.133810442004212;0
13.56;0.0402390109921175;-0.134804832704466;0
13.57;0.0388866426014105;-0.135757105213666;0
13.58;0.0375249418058697;-0.136667046465386;0
13.59;0.0361543328289063;-0.137534456448626;0
13.6;0.0347752418351524;-0.138359148245336;0
13.61;0.0333880967993775;-0.139140948063937;0
13.62;0.0319933273750876;-0.139879695268864;0
13.63;0.0305913647628469;-0.1405752424061;0
13.64;0.0291826415783616;-0.141227455224729;0
13.65;0.0277675917203674;-0.141836212694484;0
13.66;0.026346650238358;-0.142401407019304;0
13.67;0.024920253200197;-0.142922943646905;0
13.68;0.0234888375596519;-0.143400741274358;0
13.69;0.0220528410238896;-0.143834731849693;0
13.7;0.0206127019209746;-0.14422486056952;0
13.71;0.0191688590674084;-0.144571085872691;0
13.72;0.0177217516357501;-0.144873379429995;0
13.73;0.0162718190223578;-0.145131726129913;0
13.74;0.0148195007152905;-0.145346124060428;0
13.75;0.0133652361624093;-0.145516584486915;0
13.76;0.0119094646397172;-0.145643131826114;0
13.77;0.0104526251199772;-0.145725803616209;0
13.78;0.00899515614164644;-0.145764650483025;0
13.79;0.00753749567816627;-0.145759736102357;0
13.8;0.00608008100764627;-0.145711137158457;0
13.81;0.0046233485829805;-0.145618943298686;0
13.82;0.00316773390243447;-0.145483257084366;0
13.83;0.00171367138074065;-0.145304193937839;0
13.84;0.000261594220740353;-0.145081882085763;0
13.85;-0.00118806571439055;-0.144816462498671;0
13.86;-0.00263487802829468;-0.14450808882681;0
13.87;-0.00407841391792799;-0.144156927332289;0
13.88;-0.00551824629935962;-0.143763156817569;0
13.89;-0.00695394993284018;-0.143326968550305;0
13.9;-0.0083851015471023;-0.142848566184597;0
13.91;-0.00981127996285744;-0.142328165678645;0
13.92;-0.0112320662154534;-0.141765995208875;0
13.93;-0.0126470436766571;-0.141162295080536;0
13.94;-0.0140557981755278;-0.140517317634823;0
13.95;-0.0154579181183459;-0.139831327152547;0
13.96;-0.016852994607563;-0.139104599754399;0
13.97;-0.0182406215597393;-0.138337423297824;0
13.98;-0.0196203958224354;-0.137530097270566;0
13.99;-0.0209919172900233;-0.136682932680905;0
14;-0.0223547890183863;-0.135796251944625;0
14.01;-0.0237086173384734;-0.134870388768764;0
14.02;-0.025053011968677;-0.133905688032176;0
14.03;-0.0263875861260019;-0.132902505662948;0
14.04;-0.0277119566359948;-0.131861208512716;0
14.05;-0.0290257440414029;-0.130782174227926;0
14.06;-0.0303285727095314;-0.129665791118076;0
14.07;-0.0316200709382705;-0.128512458020992;0
14.08;-0.0328998710607612;-0.127322584165172;0
14.09;-0.0341676095486725;-0.126096589029265;0
14.1;-0.0354229271140597;-0.124834902198705;0
14.11;-0.0366654688097771;-0.123537963219571;0
14.12;-0.0378948841284167;-0.12220622144971;0
14.13;-0.039110827099746;-0.120840135907172;0
14.14;-0.0403129563866182;-0.119440175116012;0
14.15;-0.0415009353793292;-0.11800681694951;0
14.16;-0.0426744322883947;-0.116540548470852;0
14.17;-0.0438331202357229;-0.115041865771334;0
14.18;-0.0449766773441593;-0.113511273806139;0
14.19;-0.0461047868253774;-0.111949286227737;0
14.2;-0.0472171370660932;-0.11035642521696;0
14.21;-0.0483134217125805;-0.108733221311822;0
14.22;-0.0493933397534642;-0.107080213234118;0
14.23;-0.0504565956007701;-0.10539794771387;0
14.24;-0.0515028991692088;-0.103686979311679;0
14.25;-0.0525319659536754;-0.101947870239029;0
14.26;-0.0535435171049418;-0.100181190176609;0
14.27;-0.054537279503524;-0.0983875160907083;0
14.28;-0.0555129858317057;-0.0965674320477444;0
14.29;-0.0564703746436974;-0.094721529026979;0
14.3;-0.0574091904339162;-0.0928504047314851;0
14.31;-0.0583291837033669;-0.0909546633974236;0
14.32;-0.0592301110241085;-0.0890349156016884;0
14.33;-0.0601117351017901;-0.0870917780679825;0
14.34;-0.0609738248362411;-0.0851258734713838;0
14.35;-0.0618161553800998;-0.0831378302414637;0
14.36;-0.0626385081954671;-0.0811282823640185;0
14.37;-0.0634406711085723;-0.0790978691814758;0
14.38;-0.064222438362436;-0.0770472351920394;0
14.39;-0.0649836106675196;-0.0749770298476325;0
14.4;-0.0657239952503495;-0.0728879073507043;0
14.41;-0.0664434059001034;-0.0707805264499607;0
14.42;-0.0671416630131505;-0.068655550235085;0
14.43;-0.0678185936355334;-0.0665136459305081;0
14.44;-0.0684740315033848;-0.0643554846882952;0
14.45;-0.0691078170812685;-0.0621817413802109;0
14.46;-0.069719797598438;-0.0599930943890257;0
14.47;-0.0703098270830047;-0.0577902253991297;0
14.48;-0.0708777663940097;-0.0555738191865165;0
14.49;-0.0714234832513925;-0.0533445634082004;0
14.5;-0.0719468522638518;-0.051103148391133;0
14.51;-0.0724477549545936;-0.0488502669206812;0
14.52;-0.0729260797849614;-0.0465866140287327;0
14.53;-0.0733817221759477;-0.0443128867814917;0
14.54;-0.0738145845275804;-0.04202978406703;0
14.55;-0.0742245762361853;-0.0397380063826562;0
14.56;-0.0746116137095211;-0.037438255622169;0
14.57;-0.0749756203797865;-0.0351312348630569;0
14.58;-0.0753165267145;-0.0328176481537091;0
14.59;-0.0756342702252508;-0.0304982003007007;0
14.6;-0.0759287954743247;-0.0281735966562167;0
14.61;-0.0762000540792041;-0.0258445429056777;0
14.62;-0.0764480047149452;-0.02351174485563;0
14.63;-0.0766726131144366;-0.0211759082219652;0
14.64;-0.0768738520665406;-0.0188377384185297;0
14.65;-0.0770517014121236;-0.016497940346189;0
14.66;-0.0772061480379785;-0.0141572181824078;0
14.67;-0.0773371858686463;-0.0118162751714086;0
14.68;-0.0774448158561414;-0.00947581341497093;0
14.69;-0.0775290459675886;-0.00713653366393243;0
14.7;-0.0775898911707779;-0.00479913511045326;0
14.71;-0.0776273734176463;-0.00246431518110475;0
14.72;-0.0776415216256936;-0.00013276933084294;0
14.73;-0.0776323716573431;0.00219480916207276;0
14.74;-0.0775999662972549;0.00451772940015599;0
14.75;-0.077544355227604;0.00683530306970546;0
14.76;-0.0774655950013332;0.0091468446426935;0
14.77;-0.0773637490133916;0.0114516715774726;0
14.78;-0.0772388874699728;0.013749104518242;0
14.79;-0.077091087355763;0.016038467493216;0
14.8;-0.0769204323992145;0.0183190881114379;0
14.81;-0.0767270130358568;0.0205902977581816;0
14.82;-0.0765109263696601;0.0228514317888863;0
14.83;-0.0762722761324669;0.0251018297215667;0
14.84;-0.0760111726415057;0.0273408354276459;0
14.85;-0.0757277327550049;0.0295677973211542;0
14.86;-0.0754220798259206;0.0317820685462421;0
14.87;-0.0750943436537986;0.033983007162952;0
14.88;-0.074744660434786;0.0361699763311983;0
14.89;-0.0743731727098109;0.0383423444929014;0
14.9;-0.0739800293109504;0.0404994855522262;0
14.91;-0.0735653853060034;0.0426407790538728;0
14.92;-0.073129401941291;0.0447656103593704;0
14.93;-0.0726722465827019;0.0468733708213245;0
14.94;-0.0721940926550054;0.0489634579555684;0
14.95;-0.0716951195794522;0.0510352756111721;0
14.96;-0.0711755127096853;0.0530882341382595;0
14.97;-0.0706354632659821;0.0551217505535891;0
14.98;-0.0700751682678515;0.0571352487038519;0
14.99;-0.0694948304650082;0.0591281594266408;0
15;-0.0688946582667482;0.0610999207090478;0
15.01;-0.0682748656697488;0.0630499778438458;0
15.02;-0.0676356721843182;0.0649777835832121;0
15.03;-0.0669773027591184;0.0668827982899509;0
15.04;-0.0662999877043883;0.0687644900861754;0
15.05;-0.0656039626136908;0.0706223349994081;0
15.06;-0.0648894682842108;0.0724558171060601;0
15.07;-0.0641567506356304;0.0742644286722512;0
15.08;-0.0634060606276082;0.0760476702919335;0
15.09;-0.0626376541758892;0.0778050510222801;0
15.1;-0.0618517920670739;0.0795360885163054;0
15.11;-0.0610487398720728;0.0812403091526802;0
15.12;-0.0602287678582768;0.0829172481627079;0
15.13;-0.0593921509004692;0.0845664497544293;0
15.14;-0.0585391683905113;0.0861874672338228;0
15.15;-0.057670104145828;0.0877798631230694;0
15.16;-0.0567852463167244;0.0893432092758516;0
15.17;-0.0558848872925631;0.0908770869896569;0
15.18;-0.0549693236068319;0.0923810871150576;0
15.19;-0.0540388558411323;0.0938548101619392;0
15.2;-0.0530937885281198;0.0952978664026502;0
15.21;-0.0521344300534261;0.0967098759720487;0
15.22;-0.0511610925565959;0.098090468964421;0
15.23;-0.0501740918310674;0.0994392855272472;0
15.24;-0.0491737472232305;0.100755975951793;0
15.25;-0.0481603815305931;0.102040200760504;0
15.26;-0.0471343208990873;0.103291630791186;0
15.27;-0.0460958947195496;0.104509947277942;0
15.28;-0.0450454355234048;0.105694841928862;0
15.29;-0.0439832788775897;0.106846017000432;0
15.3;-0.042909763278745;0.107963185368661;0
15.31;-0.0418252300467134;0.109046070596893;0
15.32;-0.0407300232173726;0.110094407000304;0
15.33;-0.0396244894348391;0.111107939707072;0
15.34;-0.0385089778430751;0.112086424716184;0
15.35;-0.0373838399769331;0.113029628951902;0
15.36;-0.0362494296526698;0.113937330314846;0
15.37;-0.0351061028579656;0.114809317729714;0
15.38;-0.0339542176414811;0.115645391189602;0
15.39;-0.0327941340019864;0.116445361796934;0
15.4;-0.031626213777096;0.117209051800999;0
15.41;-0.0304508205316438;0.117936294632067;0
15.42;-0.0292683194457323;0.118626934932114;0
15.43;-0.02807907720249;0.119280828582114;0
15.44;-0.0268834618755708;0.119897842725929;0
15.45;-0.0256818428164303;0.120477855790775;0
15.46;-0.024474590541413;0.121020757504273;0
15.47;-0.0232620766186836;0.121526448908082;0
15.48;-0.0220446735550382;0.12199484236812;0
15.49;-0.0208227546826283;0.122425861581366;0
15.5;-0.0195966940456316;0.122819441579264;0
15.51;-0.0183668662869052;0.123175528727713;0
15.52;-0.017133646534653;0.123494080723666;0
15.53;-0.0158974102891434;0.123775066588338;0
15.54;-0.0146585333095095;0.124018466657027;0
15.55;-0.0134173915006662;0.124224272565564;0
15.56;-0.0121743608003787;0.1243924872334;0
15.57;-0.0109298170665143;0.124523124843337;0
15.58;-0.00968413596451298;0.124616210817918;0
15.59;-0.00843769285510764;0.124671781792491;0
15.6;-0.00719086268233011;0.124689885584953;0
15.61;-0.00594401986183372;0.124670581162199;0
15.62;-0.00469753816956636;0.124613938603285;0
15.63;-0.00345179063082668;0.12452003905932;0
15.64;-0.00220714940973598;0.124388974710116;0
15.65;-0.000963985699158199;0.124220848717596;0
15.66;0.000277330388899813;0.124015775176;0
15.67;0.00151642993237557;0.123773879058891;0
15.68;0.00275294530769411;0.123495296163;0
15.69;0.00398651029773534;0.12318017304891;0
15.7;0.00521676019919421;0.122828666978634;0
15.71;0.00644333192930264;0.122440945850072;0
15.72;0.0076658641318822;0.122017188128409;0
15.73;0.00888399728269697;0.121557582774453;0
15.74;0.0100973737940762;0.121062329169955;0
15.75;0.0113056381187767;0.12053163703993;0
15.76;0.0125084368530549;0.119965726372018;0
15.77;0.0137054188389196;0.119364827332896;0
15.78;0.0148962352655352;0.118729180181794;0
15.79;0.0160805397697478;0.118059035181124;0
15.8;0.0172579885357042;0.117354652504275;0
15.81;0.0184282403935363;0.116616302140585;0
15.82;0.0195909569170831;0.115844263797538;0
15.83;0.0207458025206214;0.115038826800223;0
15.84;0.0218924445545802;0.114200289988067;0
15.85;0.0230305534002085;0.113328961608911;0
15.86;0.0241598025631742;0.112425159210434;0
15.87;0.0252798687660634;0.111489209528983;0
15.88;0.026390432039758;0.11052144837584;0
15.89;0.0274911758136634;0.109522220520959;0
15.9;0.0285817870047636;0.108491879574225;0
15.91;0.0296619561054763;0.107430787864258;0
15.92;0.0307313772702869;0.106339316314818;0
15.93;0.0317897484011343;0.105217844318847;0
15.94;0.0328367712315277;0.104066759610183;0
15.95;0.03387215140937;0.102886458133;0
15.96;0.0348955985784649;0.101677343909007;0
15.97;0.0359068264586873;0.100439828902456;0
15.98;0.0369055529247927;0.0991743328830028;0
15.99;0.0378915000838464;0.0978812832864577;0
16;0.0388643943512516;0.0965611150734852;0
16.01;0.0398239665253535;0.0952142705862857;0
16.02;0.0407699518606036;0.0938411994033124;0
16.03;0.0417020901392607;0.092442358192069;0
16.04;0.0426201257416121;0.091018210560035;0
16.05;0.0435238077146961;0.0895692269037668;0
16.06;0.0444128898395073;0.0880958842562235;0
16.07;0.0452871306966665;0.0865986661323654;0
16.08;0.0461462937305406;0.0850780623730749;0
16.09;0.0469901473117929;0.0835345689874491;0
16.1;0.0478184647983499;0.0819686879935154;0
16.11;0.0486310245947681;0.0803809272574181;0
16.12;0.0494276102099863;0.0787718003311302;0
16.13;0.0502080103134483;0.0771418262887378;0
16.14;0.0509720187895817;0.0754915295613523;0
16.15;0.0517194347906212;0.073821439770699;0
16.16;0.0524500627877607;0.0721320915614373;0
16.17;0.0531637126206235;0.0704240244322619;0
16.18;0.0538601995450388;0.0686977825658402;0
16.19;0.0545393442791114;0.0669539146576376;0
16.2;0.0552009730475761;0.0651929737436844;0
16.21;0.055844917624424;0.0634155170273373;0
16.22;0.0564710153737934;0.0616221057050895;0
16.23;0.0570791092891131;0.0598133047914837;0
16.24;0.0576690480304925;0.0579896829431807;0
16.25;0.0582406859603482;0.056151812282239;0
16.26;0.0587938831772595;0.0543002682186596;0
16.27;0.0593285055480473;0.0524356292722499;0
16.28;0.0598444247380678;0.0505584768938614;0
16.29;0.0603415182397169;0.0486693952860563;0
16.3;0.0608196693991376;0.0467689712232574;0
16.31;0.0612787674411285;0.0448577938714361;0
16.32;0.0617187074922456;0.0429364546073935;0
16.33;0.0621393906020965;0.0410055468376894;0
16.34;0.0625407237628217;0.0390656658172735;0
16.35;0.0629226199267618;0.0371174084678755;0
16.36;0.0632849980223071;0.0351613731962063;0
16.37;0.0636277829679289;0.0331981597120272;0
16.38;0.0639509056843909;0.0312283688461414;0
16.39;0.0642543031051407;0.0292526023683615;0
16.4;0.0645379181848804;0.0272714628055095;0
16.41;0.0648016999063186;0.0252855532595013;0
16.42;0.0650456032851026;0.0232954772255725;0
16.43;0.0652695893729349;0.0213018384106986;0
16.44;0.0654736252588738;0.0193052405522634;0
16.45;0.0656576840688231;0.0173062872370298;0
16.46;0.065821744963212;0.0153055817204678;0
16.47;0.0659657931328713;0.0133037267464914;0
16.48;0.0660898197931075;0.011301324367659;0
16.49;0.0661938221759831;0.00929897576589005;0
16.5;0.0662778035208043;0.00729728107375087;0
16.51;0.0663417730628264;0.00529683919636208;0
16.52;0.0663857460201802;0.00329824763398007;0
16.53;0.0664097435790274;0.00130210230530453;0
16.54;0.0664137928769526;-0.000691002628436233;0
16.55;0.0663979269846008;-0.00268047493857087;0
16.56;0.0663621848855663;-0.00466572450319031;0
16.57;0.0663066114545448;-0.00664616348042215;0
16.58;0.0662312574337572;-0.0086212064807238;0
16.59;0.0661361794076544;-0.0105902707381444;0
16.6;0.0660214397759147;-0.0125527762805059;0
16.61;0.0658871067247447;-0.0145081460984543;0
16.62;0.0657332541964942;-0.0164558063133322;0
16.63;0.0655599618575984;-0.0183951863438239;0
16.64;0.0653673150648597;-0.0203257190713268;0
16.65;0.0651554048300805;-0.0222468410039993;0
16.66;0.064924327783063;-0.0241579924394403;0
16.67;0.0646741861329876;-0.0260586176259533;0
16.68;0.0644050876281856;-0.0279481649223487;0
16.69;0.0641171455143207;-0.0298260869562393;0
16.7;0.063810478490994;-0.0316918407807845;0
16.71;0.0634852106667892;-0.0335448880298381;0
16.72;0.0631414715127736;-0.0353846950714566;0
16.73;0.0627793958144713;-0.0372107331597242;0
16.74;0.0623991236223262;-0.0390224785848527;0
16.75;0.0620008002006715;-0.0408194128215138;0
16.76;0.0615845759752245;-0.0426010226753615;0
16.77;0.0611506064791239;-0.0443668004277057;0
16.78;0.0606990522975297;-0.0461162439782953;0
16.79;0.0602300790108025;-0.0478488569861719;0
16.8;0.059743857136285;-0.0495641490085546;0
16.81;0.0592405620687015;-0.0512616356377186;0
16.82;0.0587203740191999;-0.0529408386358292;0
16.83;0.0581834779530528;-0.0546012860676943;0
16.84;0.0576300635260421;-0.0562425124314001;0
16.85;0.057060325019546;-0.0578640587867937;0
16.86;0.0564744612743513;-0.0594654728817769;0
16.87;0.0558726756232124;-0.06104630927638;0
16.88;0.0552551758221805;-0.0626061294645785;0
16.89;0.0546221739807239;-0.0641445019938231;0
16.9;0.0539738864906641;-0.0656610025822495;0
16.91;0.05331053395395;-0.0671552142335371;0
16.92;0.0526323411092945;-0.0686267273493868;0
16.93;0.0519395367576968;-0.0700751398395877;0
16.94;0.0512323536868755;-0.0715000572296436;0
16.95;0.0505110285946357;-0.0729010927659323;0
16.96;0.0497758020111966;-0.0742778675183692;0
16.97;0.0490269182205032;-0.0756300104805497;0
16.98;0.0482646251805482;-0.0769571586673439;0
16.99;0.0474891744427299;-0.0782589572099194;0
17;0.0467008210702703;-0.0795350594481675;0
17.01;0.0458998235557227;-0.0807851270205105;0
17.02;0.045086443737591;-0.0820088299510663;0
17.03;0.0442609467160907;-0.0832058467341502;0
17.04;0.0434236007680764;-0.084375864416092;0
17.05;0.0425746772611637;-0.0855185786743491;0
17.06;0.0417144505670716;-0.0866336938938962;0
17.07;0.0408431979742135;-0.0877209232408738;0
17.08;0.0399611995995648;-0.0887799887334777;0
17.09;0.0390687382998332;-0.0898106213100732;0
17.1;0.0381660995819604;-0.0908125608945183;0
17.11;0.0372535715129844;-0.0917855564586812;0
17.12;0.0363314446292876;-0.0927293660821379;0
17.13;0.0354000118452619;-0.0936437570090377;0
17.14;0.0344595683614173;-0.0945285057021228;0
17.15;0.0335104115719637;-0.0953833978938926;0
17.16;0.0325528409718933;-0.0962082286349008;0
17.17;0.0315871580635935;-0.0970028023391764;0
17.18;0.0306136662630181;-0.0977669328267603;0
17.19;0.0296326708054467;-0.0985004433633485;0
17.2;0.0286444786508602;-0.0992031666970362;0
17.21;0.0276493983889622;-0.0998749450921564;0
17.22;0.026647740143875;-0.100515630360207;0
17.23;0.0256398154785396;-0.101125083887865;0
17.24;0.0246259372988485;-0.101703176662078;0
17.25;0.0236064197575408;-0.10224978929224;0
17.26;0.0225815781578886;-0.10276481202944;0
17.27;0.0215517288572044;-0.103248144782794;0
17.28;0.0205171891701979;-0.103699697132843;0
17.29;0.0194782772722122;-0.104119388342038;0
17.3;0.0184353121023685;-0.104507147362305;0
17.31;0.0173886132666475;-0.104862912839685;0
17.32;0.0163385009409388;-0.105186633116066;0
17.33;0.0152852957740846;-0.105478266228004;0
17.34;0.0142293187909495;-0.105737779902642;0
17.35;0.0131708912955435;-0.105965151550726;0
17.36;0.012110334774228;-0.106160368256735;0
17.37;0.0110479707990336;-0.106323426766127;0
17.38;0.00998412093111779;-0.106454333469711;0
17.39;0.00891910662439313;-0.106553104385151;0
17.4;0.00785324912935171;-0.106619765135624;0
17.41;0.00678686939711684;-0.106654350925626;0
17.42;0.00572028798374906;-0.106656906513955;0
17.43;0.00465382495483507;-0.106627486183872;0
17.44;0.00358779979038767;-0.106566153710459;0
17.45;0.00252253129008471;-0.106472982325191;0
17.46;0.00145833747887479;-0.106348054677728;0
17.47;0.000395535512977472;-0.106191462794957;0
17.48;-0.000665558413694597;-0.106003308037287;0
17.49;-0.00172462916266421;-0.105783701052225;0
17.5;-0.00278136274354172;-0.105532761725247;0
17.51;-0.00383544640617379;-0.105250619127981;0
17.52;-0.00488656873226197;-0.104937411463734;0
17.53;-0.00593441972642454;-0.104593286010366;0
17.54;-0.00697869090667542;-0.104218399060545;0
17.55;-0.0080190753942938;-0.103812915859408;0
17.56;-0.00905526800305879;-0.103377010539634;0
17.57;-0.0100869653278233;-0.102910866053977;0
17.58;-0.0111138658324021;-0.10241467410526;0
17.59;-0.0121356699367477;-0.101888635073879;0
17.6;-0.0131520801033915;-0.101332957942813;0
17.61;-0.0141628009231225;-0.100747860220204;0
17.62;-0.0151675391998819;-0.100133567859498;0
17.63;-0.0161660040348482;-0.0994903151772007;0
17.64;-0.0171579069096885;-0.0988183447682658;0
17.65;-0.0181429617689539;-0.0981179074191462;0
17.66;-0.0191208851015948;-0.0973892620185395;0
17.67;-0.0200913960215732;-0.0966326754658587;0
17.68;-0.0210542163475497;-0.0958484225774579;0
17.69;-0.0220090706816228;-0.0950367859906476;0
17.7;-0.0229556864870988;-0.0941980560655284;0
17.71;-0.0238937941652695;-0.0933325307846805;0
17.72;-0.0248231271311783;-0.0924405156507393;0
17.73;-0.0257434218883518;-0.0915223235818937;0
17.74;-0.0266544181024779;-0.0905782748053402;0
17.75;-0.027555858674009;-0.08960869674873;0
17.76;-0.0284474898096705;-0.0886139239296438;0
17.77;-0.0293290610928557;-0.0875942978431316;0
17.78;-0.0302003255528879;-0.0865501668473537;0
17.79;-0.0310610397331292;-0.0854818860473615;0
17.8;-0.0319109637579205;-0.0843898171770555;0
17.81;-0.0327498613983317;-0.0832743284793584;0
17.82;-0.0335775001367065;-0.0821357945846442;0
17.83;-0.0343936512299836;-0.0809745963874606;0
17.84;-0.0351980897717773;-0.0797911209215858;0
17.85;-0.035990594753202;-0.0785857612334599;0
17.86;-0.036770949122423;-0.0773589162540312;0
17.87;-0.0375389398429192;-0.0761109906690589;0
17.88;-0.0382943579504425;-0.0748423947879139;0
17.89;-0.0390369986086577;-0.073553544410919;0
17.9;-0.0397666611634498;-0.0722448606952712;0
17.91;-0.0404831491958847;-0.0709167700195889;0
17.92;-0.0411862705738087;-0.0695697038471264;0
17.93;-0.0418758375020744;-0.0682040985876993;0
17.94;-0.0425516665713808;-0.066820395458365;0
17.95;-0.043213578805714;-0.065419040342901;0
17.96;-0.0438613997083781;-0.0640004836501257;0
17.97;-0.0444949593066035;-0.0625651801711071;0
17.98;-0.0451140921947232;-0.0611135889353023;0
17.99;-0.0457186375759057;-0.0596461730656749;0
18;-0.0463084393024341;-0.0581633996328326;0
18.01;-0.0468833459145229;-0.0566657395082344;0
18.02;-0.0474432106776626;-0.0551536672165084;0
18.03;-0.0479878916184837;-0.0536276607869303;0
18.04;-0.0485172515591323;-0.0520882016041056;0
18.05;-0.0490311581501479;-0.0505357742579022;0
18.06;-0.0495294839018388;-0.0489708663926819;0
18.07;-0.0500121062141459;-0.047393968555873;0
18.08;-0.0504789074049895;-0.045805574045935;0
18.09;-0.0509297747370939;-0.0442061787597586;0
18.1;-0.0513646004432824;-0.0425962810395499;0
18.11;-0.0517832817502403;-0.0409763815192443;0
18.12;-0.0521857209007389;-0.0393469829704972;0
18.13;-0.052571825174319;-0.0377085901482996;0
18.14;-0.0529415069064274;-0.0360617096362631;0
18.15;-0.0532946835060067;-0.0344068496916235;0
18.16;-0.0536312774715326;-0.0327445200900093;0
18.17;-0.0539512164054987;-0.0310752319700213;0
18.18;-0.0542544330273464;-0.0293994976776707;0
18.19;-0.0545408651848385;-0.0277178306107232;0
18.2;-0.0548104558638763;-0.026030745062995;0
18.21;-0.0550631531967591;-0.0243387560686476;0
18.22;-0.0552989104688874;-0.0226423792465287;0
18.23;-0.0555176861239093;-0.0209421306446049;0
18.24;-0.0557194437673127;-0.019238526584534;0
18.25;-0.0559041521684627;-0.0175320835064209;0
18.26;-0.0560717852610889;-0.0158233178138064;0
18.27;-0.0562223221422229;-0.0141127457189325;0
18.28;-0.0563557470695904;-0.0124008830883308;0
18.29;-0.0564720494574603;-0.0106882452887809;0
18.3;-0.0565712238709558;-0.00897534703368198;0
18.31;-0.0566532700188305;-0.00726270222988562;0
18.32;-0.0567181927447162;-0.00555082382503265;0
18.33;-0.0567660020168451;-0.00384022365544044;0
18.34;-0.0567967129162546;-0.00213141229458454;0
18.35;-0.0568103456234795;-0.000424898902219366;0
18.36;-0.0568069254037377;0.00127880892581809;0
18.37;-0.0567864825906188;0.00297920530707755;0
18.38;-0.0567490525682794;0.00467578622119429;0
18.39;-0.0566946757521567;0.00636804965777422;0
18.4;-0.0566233975682064;0.00805549576342228;0
18.41;-0.056535268430674;0.00973762698787157;0
18.42;-0.0564303437184098;0.011413948229171;0
18.43;-0.0563086837497359;0.0130839669778892;0
18.44;-0.0561703537558755;0.0147471934602942;0
18.45;-0.056015423852956;0.016403140780466;0
18.46;-0.0558439690125951;0.0180513250613029;0
18.47;-0.0556560690310822;0.0196912655843804;0
18.48;-0.0554518084971671;0.0213224849286229;0
18.49;-0.0552312767584664;0.0229445091077485;0
18.5;-0.0549945678865021;0.0245568677064481;0
18.51;-0.0547417806403836;0.0261590940152603;0
18.52;-0.0544730184291474;0.0277507251641028;0
18.53;-0.0541883892727674;0.0293313022544244;0
18.54;-0.0538880057618498;0.0309003704899387;0
18.55;-0.0535719850160282;0.0324574793059036;0
18.56;-0.053240448641071;0.0340021824969103;0
18.57;-0.0528935226847195;0.0355340383431455;0
18.58;-0.0525313375912685;0.0370526097350929;0
18.59;-0.0521540281549089;0.0385574642966371;0
18.6;-0.0517617334718454;0.0400481745065382;0
18.61;-0.0513545968912068;0.0415243178182415;0
18.62;-0.0509327659647669;0.0429854767779906;0
18.63;-0.050496392395491;0.0444312391412111;0
18.64;-0.0500456319849268;0.0458611979871314;0
18.65;-0.0495806445794572;0.0472749518316126;0
18.66;-0.0491015940154329;0.0486721047381531;0
18.67;-0.0486086480632034;0.0500522664270408;0
18.68;-0.0481019783700649;0.0514150523826208;0
18.69;-0.0475817604021437;0.0527600839586516;0
18.7;-0.0470481733852354;0.0540869884817213;0
18.71;-0.0465014002446183;0.0553953993526942;0
18.72;-0.0459416275438615;0.0566849561461634;0
18.73;-0.0453690454226476;0.0579553047078819;0
18.74;-0.0447838475336298;0.0592060972501453;0
18.75;-0.0441862309783456;0.0604369924451034;0
18.76;-0.043576396242205;0.061647655515974;0
18.77;-0.0429545471285781;0.0628377583261371;0
18.78;-0.042320890692;0.0640069794660845;0
18.79;-0.0416756371705162;0.0651550043382046;0
18.8;-0.0410189999171906;0.0662815252393784;0
18.81;-0.0403511953307964;0.0673862414413678;0
18.82;-0.0396724427857145;0.0684688592689741;0
18.83;-0.0389829645610587;0.0695290921759488;0
18.84;-0.0382829857690538;0.0705666608186363;0
18.85;-0.0375727342826863;0.0715812931273313;0
18.86;-0.036852440662652;0.072572724375333;0
18.87;-0.0361223380836241;0.0735406972456793;0
18.88;-0.035382662259864;0.0744849618955459;0
18.89;-0.0346336513701988;0.0754052760182931;0
18.9;-0.0338755459823886;0.0763014049031482;0
18.91;-0.0331085889769086;0.077173121492507;0
18.92;-0.0323330254701677;0.0780202064368441;0
18.93;-0.0315491027371899;0.0788424481472172;0
18.94;-0.0307570701337809;0.0796396428453554;0
18.95;-0.0299571790182049;0.0804115946113196;0
18.96;-0.0291496826723958;0.0811581154287263;0
18.97;-0.0283348362227272;0.0818790252275233;0
18.98;-0.0275128965603654;0.0825741519243106;0
18.99;-0.0266841222612307;0.0832433314601979;0
19;-0.0258487735055911;0.0838864078361916;0
19.01;-0.0250071119973126;0.0845032331461047;0
19.02;-0.024159400882793;0.0850936676069841;0
19.03;-0.0233059046696013;0.0856575795870515;0
19.04;-0.0224468891448493;0.0861948456311515;0
19.05;-0.0215826212933203;0.0867053504837064;0
19.06;-0.0207133692153789;0.0871889871091721;0
19.07;-0.0198394020446882;0.0876456567099963;0
19.08;-0.0189609898657578;0.0880752687420755;0
19.09;-0.0180784036313493;0.0884777409277113;0
19.1;-0.017191915079763;0.0888529992660674;0
19.11;-0.0163017966520314;0.0892009780411262;0
19.12;-0.0154083214090443;0.0895216198271495;0
19.13;-0.0145117629486308;0.0898148754916443;0
19.14;-0.0136123953226226;0.0900807041958369;0
19.15;-0.0127104929539236;0.090319073392661;0
19.16;-0.0118063305536114;0.0905299588222635;0
19.17;-0.010900183038094;0.0907133445050332;0
19.18;-0.00999232544634831;0.0908692227321598;0
19.19;-0.00908303285726342;0.0909975940537307;0
19.2;-0.00817258030711424;0.091098467264371;0
19.21;-0.00726124270718979;0.0911718593864378;0
19.22;-0.00634929476160041;0.091217795650777;0
19.23;-0.00543701088528846;0.0912363094750522;0
19.24;-0.00452466512226648;0.0912274424396573;0
19.25;-0.00361253106410719;0.0911912442612228;0
19.26;-0.00270088176870909;0.0911277727637296;0
19.27;-0.00178998967936173;0.0910370938472417;0
19.28;-0.000880126544134278;0.0909192814542718;0
19.29;2.84366643889484e-05;0.090774417533794;0
19.3;0.000935429829002573;0.0906025920029183;0
19.31;0.0018405837673805;0.0904039027062423;0
19.32;0.00274363031115939;0.0901784553728967;0
19.33;0.00364430238458228;0.0899263635713007;0
19.34;0.00454233408267951;0.089647748661646;0
19.35;0.00543746074896432;0.0893427397461258;0
19.36;0.0063294190526207;0.0890114736169294;0
19.37;0.00721794706516116;0.0886540947020208;0
19.38;0.00810278433653237;0.0882707550087214;0
19.39;0.00898367197064694;0.0878616140651178;0
19.4;0.00986035270031939;0.0874268388593159;0
19.41;0.0107325709615852;0.0869666037765633;0
19.42;0.0116000729673815;0.086481090534262;0
19.43;0.0124626067805685;0.0859704881148953;0
19.44;0.0133199223862709;0.0854349926968921;0
19.45;0.0141717717635186;0.0848748075834529;0
19.46;0.015017908956167;0.0842901431293621;0
19.47;0.0158580901430759;0.083681216665813;0
19.48;0.0166920737075283;0.0830482524232703;0
19.49;0.0175196203058686;0.0823914814523968;0
19.5;0.0183404929353421;0.0817111415430722;0
19.51;0.0191544570011155;0.0810074771415305;0
19.52;0.0199612803824608;0.0802807392656446;0
19.53;0.020760733498084;0.0795311854183866;0
19.54;0.0215525893705796;0.0787590794994925;0
19.55;0.0223366236899948;0.0779646917153624;0
19.56;0.0231126148764839;0.0771482984872234;0
19.57;0.023880344142037;0.0763101823575886;0
19.58;0.0246395955512659;0.0754506318950413;0
19.59;0.0253901560812304;0.0745699415973773;0
19.6;0.0261318156802885;0.0736684117931349;0
19.61;0.0268643673259548;0.0727463485415478;0
19.62;0.0275876070817515;0.0718040635309512;0
19.63;0.0283013341530372;0.0708418739756755;0
19.64;0.0290053509417966;0.0698601025114606;0
19.65;0.0296994631003793;0.0688590770894245;0
19.66;0.0303834795841711;0.0678391308686218;0
19.67;0.0310572127031845;0.0668006021072245;0
19.68;0.0317204781725554;0.0657438340523621;0
19.69;0.0323730951619325;0.0646691748286554;0
19.7;0.0330148863437454;0.0635769773254793;0
19.71;0.0336456779403406;0.062467599082992;0
19.72;0.0342652997699717;0.0613414021769651;0
19.73;0.0348735852916337;0.0601987531024523;0
19.74;0.0354703716487272;0.0590400226563338;0
19.75;0.0360554997115449;0.057865585818772;0
19.76;0.0366288141185669;0.0566758216336183;0
19.77;0.0371901633165553;0.0554711130878059;0
19.78;0.0377393995994391;0.0542518469897693;0
19.79;0.0382763791459787;0.0530184138469257;0
19.8;0.0388009620562006;0.0517712077422598;0
19.81;0.039313012386595;0.0505106262100476;0
19.82;0.0398123981840664;0.0492370701107596;0
19.83;0.0402989915186293;0.0479509435051826;0
19.84;0.0407726685148427;0.0466526535277973;0
19.85;0.0412333093819741;0.0453426102594531;0
19.86;0.0416807984428885;0.0440212265993786;0
19.87;0.042115024161653;0.042688918136566;0
19.88;0.0425358791698543;0.0413461030205721;0
19.89;0.0429432602916205;0.039993201831772;0
19.9;0.0433370685673437;0.0386306374511085;0
19.91;0.0437172092760976;0.0372588349293749;0
19.92;0.0440835919567466;0.0358782213560725;0
19.93;0.0444361304277411;0.0344892257278819;0
19.94;0.0447747428055959;0.0330922788167892;0
19.95;0.045099351522049;0.0316878130379065;0
19.96;0.045409883339897;0.0302762623170265;0
19.97;0.0457062693675049;0.0288580619579528;0
19.98;0.0459884450719888;0.0274336485096444;0
19.99;0.0462563502910686;0.0260034596332157;0
20;0.046509929243591;0.0245679339688315;0
