0;0.287427267482543;0.250829553373345;0
0.01;0.289894714376551;0.24174139674845;0
0.02;0.292271021564599;0.232596395140884;0
0.03;0.294555633362707;0.223397387558508;0
0.04;0.296748022528583;0.214147224318723;0
0.05;0.298847690370795;0.204848766174624;0
0.06;0.300854166849182;0.195504883439519;0
0.07;0.30276701066652;0.186118455110097;0
0.08;0.304585809351396;0.176692367988489;0
0.09;0.306310179332317;0.167229515803507;0
0.1;0.307939766003015;0.157732798331315;0
0.11;0.309474243778966;0.148205120515794;0
0.12;0.310913316145105;0.138649391588875;0
0.13;0.312256715694751;0.129068524191097;0
0.14;0.313504204159737;0.119465433492652;0
0.15;0.314655572431753;0.109843036315186;0
0.16;0.315710640574913;0.100204250254613;0
0.17;0.316669257829555;0.0905519928052046;0
0.18;0.317531302607288;0.0808891804852137;0
0.19;0.318296682477305;0.0712187279642962;0
0.2;0.318965334143975;0.0615435471929846;0
0.21;0.319537223415746;0.0518665465344744;0
0.22;0.320012345165372;0.0421906298989767;0
0.23;0.320390723281498;0.0325186958808937;0
0.24;0.320672410611632;0.022853636899071;0
0.25;0.320857488896532;0.0131983383403787;0
0.26;0.320946068696044;0.0035556777068715;0
0.27;0.320938289306431;-0.00607147623322093;0
0.28;0.320834318669229;-0.0156802642904269;0
0.29;0.320634353271675;-0.0252678376946418;0
0.3;0.320338618038745;-0.0348313589311698;0
0.31;0.319947366216853;-0.0443680025719538;0
0.32;0.31946087924927;-0.0538749561017546;0
0.33;0.318879466643288;-0.0633494207390386;0
0.34;0.318203465829218;-0.0727886122513388;0
0.35;0.317433242011244;-0.0821897617648518;0
0.36;0.31656918801022;-0.0915501165680409;0
0.37;0.315611724098451;-0.100866940909013;0
0.38;0.314561297826535;-0.110137516786439;0
0.39;0.313418383842319;-0.1193591447338;0
0.4;0.312183483702051;-0.128529144596719;0
0.41;0.310857125673781;-0.137644856303181;0
0.42;0.309439864533106;-0.146703640626398;0
0.43;0.307932281351306;-0.155702879940121;0
0.44;0.306334983275971;-0.164639978966174;0
0.45;0.304648603304185;-0.173512365514012;0
0.46;0.302873800048353;-0.182317491212076;0
0.47;0.301011257494749;-0.191052832230762;0
0.48;0.299061684754875;-0.199715889996784;0
0.49;0.297025815809717;-0.208304191898739;0
0.5;0.294904409246982;-0.216815291983679;0
0.51;0.292698247991412;-0.225246771644498;0
0.52;0.290408139028272;-0.23359624029793;0
0.53;0.288034913120088;-0.241861336052991;0
0.54;0.285579424516758;-0.250039726369667;0
0.55;0.283042550659112;-0.258129108707676;0
0.56;0.280425191876033;-0.266127211165115;0
0.57;0.277728271075236;-0.274031793106829;0
0.58;0.274952733427812;-0.281840645782331;0
0.59;0.272099546046641;-0.289551592933097;0
0.6;0.269169697658776;-0.297162491389079;0
0.61;0.266164198271917;-0.304671231654276;0
0.62;0.263084078835075;-0.3120757384812;0
0.63;0.259930390893542;-0.319373971434095;0
0.64;0.256704206238283;-0.326563925440748;0
0.65;0.253406616549858;-0.333643631332751;0
0.66;0.250038733036998;-0.340611156374074;0
0.67;0.246601686069945;-0.347464604777806;0
0.68;0.243096624808676;-0.354202118210938;0
0.69;0.239524716826143;-0.360821876287043;0
0.7;0.235887147726631;-0.367322097046738;0
0.71;0.232185120759371;-0.373701037425805;0
0.72;0.228419856427529;-0.379956993710842;0
0.73;0.224592592092692;-0.38608830198234;0
0.74;0.220704581574983;-0.392093338545065;0
0.75;0.216757094748929;-0.397970520345647;0
0.76;0.212751417135209;-0.403718305377269;0
0.77;0.208688849488416;-0.40933519307135;0
0.78;0.204570707380959;-0.414819724676142;0
0.79;0.200398320783243;-0.420170483622133;0
0.8;0.196173033640245;-0.425386095874183;0
0.81;0.191896203444641;-0.430465230270303;0
0.82;0.187569200806595;-0.435406598847001;0
0.83;0.183193409020361;-0.440208957151115;0
0.84;0.178770223627829;-0.444871104538076;0
0.85;0.17430105197914;-0.449391884456517;0
0.86;0.169787312790532;-0.453770184719182;0
0.87;0.165230435699524;-0.458004937760069;0
0.88;0.160631860817601;-0.462095120877752;0
0.89;0.155993038280521;-0.466039756464842;0
0.9;0.151315427796396;-0.469837912223534;0
0.91;0.146600498191676;-0.473488701367198;0
0.92;0.141849726955182;-0.476991282807984;0
0.93;0.137064599780325;-0.48034486133041;0
0.94;0.132246610105654;-0.48354868775089;0
0.95;0.127397258653868;-0.486602059063203;0
0.96;0.122518052969443;-0.489504318569858;0
0.97;0.117610506955003;-0.49225485599936;0
0.98;0.112676140406586;-0.494853107609349;0
0.99;0.107716478547939;-0.497298556275628;0
1;0.102733051563988;-0.499590731567046;0
1.01;0.0977273941336236;-0.501729209806272;0
1.02;0.0927010449619388;-0.503713614116437;0
1.03;0.0876555463120688;-0.505543614453675;0
1.04;0.0825924435367652;-0.507218927625569;0
1.05;0.0775132846098502;-0.508739317295514;0
1.06;0.072419619657691;-0.510104593973033;0
1.07;0.0673130004908331;-0.511314614990068;0
1.08;0.0621949801359346;-0.512369284463272;0
1.09;0.0570671123681399;-0.513268553242345;0
1.1;0.0519309512440331;-0.514012418844446;0
1.11;0.0467880506353095;-0.514600925374734;0
1.12;0.0416399637633038;-0.515034163433079;0
1.13;0.0364882427345138;-0.515312270006988;0
1.14;0.0313344380772557;-0.515435428350826;0
1.15;0.0261800982795903;-0.515403867851357;0
1.16;0.0210267693286529;-0.515217863879703;0
1.17;0.0158759942515266;-0.514877737629764;0
1.18;0.0107293126577904;-0.514383855943183;0
1.19;0.00558826028387909;-0.513736631120928;0
1.2;0.000454368539386771;-0.512936520721571;0
1.21;-0.00467083594455302;-0.511984027346348;0
1.22;-0.00978583176467829;-0.510879698411082;0
1.23;-0.0148891031926702;-0.509624125905074;0
1.24;-0.0199791406197552;-0.508217946137035;0
1.25;-0.0250544409987085;-0.506661839468179;0
1.26;-0.0301135082831313;-0.504956530032565;0
1.27;-0.0351548538638741;-0.503102785444798;0
1.28;-0.040176997002481;-0.501101416495201;0
1.29;-0.045178465261529;-0.498953276832569;0
1.3;-0.0501577949317402;-0.496659262634614;0
1.31;-0.0551135314557432;-0.494220312266239;0
1.32;-0.0600442298483626;-0.491637405925744;0
1.33;-0.0649484551133172;-0.488911565279105;0
1.34;-0.0698247826562077;-0.486043853082449;0
1.35;-0.074671798693676;-0.483035372792862;0
1.36;-0.0794881006586212;-0.479887268167663;0
1.37;-0.084272297601357;-0.47660072285229;0
1.38;-0.0890230105865966;-0.473176959956935;0
1.39;-0.0937388730861546;-0.469617241622075;0
1.4;-0.0984185313672538;-0.465922868573056;0
1.41;-0.103060644876331;-0.462095179663867;0
1.42;-0.107663886618229;-0.458135551410279;0
1.43;-0.112226943530677;-0.454045397512488;0
1.44;-0.116748516853949;-0.44982616836744;0
1.45;-0.121227322495598;-0.445479350570984;0
1.46;-0.125662091390167;-0.441006466410042;0
1.47;-0.130051569853781;-0.436409073344939;0
1.48;-0.134394519933515;-0.431688763482094;0
1.49;-0.138689719751445;-0.426847163037218;0
1.5;-0.142935963843293;-0.421885931789221;0
1.51;-0.147132063491571;-0.416806762524987;0
1.52;-0.151276847053121;-0.411611380475219;0
1.53;-0.155369160280992;-0.406301542741519;0
1.54;-0.159407866640532;-0.400879037714904;0
1.55;-0.163391847619637;-0.395345684485939;0
1.56;-0.167320003033064;-0.389703332246687;0
1.57;-0.171191251320721;-0.383953859684658;0
1.58;-0.17500452983987;-0.378099174368958;0
1.59;-0.17875879515115;-0.372141212128839;0
1.6;-0.182453023298353;-0.366081936424845;0
1.61;-0.186086210081886;-0.359923337712752;0
1.62;-0.189657371325829;-0.353667432800515;0
1.63;-0.193165543138544;-0.347316264198417;0
1.64;-0.196609782166743;-0.34087189946263;0
1.65;-0.199989165842976;-0.334336430532402;0
1.66;-0.203302792626451;-0.327711973061063;0
1.67;-0.206549782237147;-0.321000665741086;0
1.68;-0.209729275883142;-0.31420466962339;0
1.69;-0.212840436481118;-0.307326167431118;0
1.7;-0.215882448869974;-0.300367362868094;0
1.71;-0.218854520017503;-0.293330479922182;0
1.72;-0.221755879220077;-0.286217762163761;0
1.73;-0.2245857782953;-0.279031472039534;0
1.74;-0.227343491767579;-0.271773890161895;0
1.75;-0.230028317046563;-0.264447314594068;0
1.76;-0.232639574598421;-0.257054060131252;0
1.77;-0.235176608109916;-0.249596457577972;0
1.78;-0.237638784645229;-0.242076853021891;0
1.79;-0.240025494795513;-0.234497607104269;0
1.8;-0.242336152821133;-0.22686109428733;0
1.81;-0.24457019678657;-0.219169702118735;0
1.82;-0.246727088687951;-0.211425830493404;0
1.83;-0.248806314573199;-0.203631890912895;0
1.84;-0.250807384654749;-0.195790305742589;0
1.85;-0.252729833414842;-0.187903507466887;0
1.86;-0.254573219703357;-0.179973937942656;0
1.87;-0.256337126828169;-0.172004047651147;0
1.88;-0.258021162638019;-0.16399629494862;0
1.89;-0.259624959597893;-0.155953145315887;0
1.9;-0.261148174856885;-0.147877070607013;0
1.91;-0.262590490308546;-0.139770548297402;0
1.92;-0.263951612643711;-0.131636060731485;0
1.93;-0.265231273395805;-0.12347609437024;0
1.94;-0.266429228978625;-0.11529313903878;0
1.95;-0.267545260716589;-0.107089687174215;0
1.96;-0.268579174867481;-0.0988682330740312;0
1.97;-0.269530802637669;-0.0906312721452004;0
1.98;-0.270400000189829;-0.0823813001542501;0
1.99;-0.271186648643168;-0.0741208124785127;0
2;-0.271890654066166;-0.0658523033587786;0
2.01;-0.272511947461858;-0.0575782651535753;0
2.02;-0.273050484745656;-0.0493011875952913;0
2.03;-0.273506246715755;-0.0410235570483663;0
2.04;-0.273879239016117;-0.0327478557697662;0
2.05;-0.274169492092081;-0.0244765611719591;0
2.06;-0.274377061138613;-0.0162121450886119;0
2.07;-0.274502026041218;-0.0079570730432197;0
2.08;-0.274544491309565;0.000286196479115368;0
2.09;-0.274504586003837;0.00851521275654407;0
2.1;-0.274382463653846;0.0167275335517573;0
2.11;-0.27417830217096;0.0249207258294903;0
2.12;-0.273892303752865;0.033092366470035;0
2.13;-0.273524694781219;0.041240042978554;0
2.14;-0.27307572571222;0.049361354189991;0
2.15;-0.272545670960158;0.0574539109693724;0
2.16;-0.271934828773982;0.0655153369073002;0
2.17;-0.271243521106927;0.0735432690104348;0
2.18;-0.27047209347927;0.0815353583867687;0
2.19;-0.269620914834251;0.0894892709254964;0
2.2;-0.268690377387223;0.0974026879712844;0
2.21;-0.267680896468082;0.10527330699275;0
2.22;-0.266592910357045;0.113098842244956;0
2.23;-0.265426880113824;0.12087702542574;0
2.24;-0.264183289400268;0.128605606325678;0
2.25;-0.262862644296535;0.136282353471518;0
2.26;-0.261465473110863;0.143905054762883;0
2.27;-0.259992326182996;0.151471518102076;0
2.28;-0.258443775681352;0.158979572016809;0
2.29;-0.256820415393991;0.166427066275672;0
2.3;-0.25512286051347;0.173811872496186;0
2.31;-0.253351747415635;0.181131884745253;0
2.32;-0.251507733432464;0.188385020131851;0
2.33;-0.249591496619002;0.195569219391797;0
2.34;-0.24760373551449;0.202682447464435;0
2.35;-0.245545168897772;0.209722694061056;0
2.36;-0.243416535537039;0.21668797422494;0
2.37;-0.241218593934029;0.223576328882824;0
2.38;-0.238952122062735;0.230385825387671;0
2.39;-0.23661791710274;0.237114558052585;0
2.4;-0.23421679516724;0.243760648675722;0
2.41;-0.231749591025869;0.250322247056065;0
2.42;-0.229217157822401;0.256797531499917;0
2.43;-0.226620366787434;0.263184709317976;0
2.44;-0.223960106946144;0.269482017312869;0
2.45;-0.221237284821206;0.275687722256993;0
2.46;-0.218452824130984;0.28180012136057;0
2.47;-0.21560766548308;0.287817542729755;0
2.48;-0.212702766063355;0.293738345814711;0
2.49;-0.209739099320504;0.299560921847504;0
2.5;-0.206717654646308;0.305283694269732;0
2.51;-0.203639437051652;0.310905119149752;0
2.52;-0.200505466838416;0.316423685589421;0
2.53;-0.197316779267354;0.321837916120222;0
2.54;-0.194074424222047;0.327146367088704;0
2.55;-0.190779465869064;0.332347629031111;0
2.56;-0.187432982314416;0.337440327037123;0
2.57;-0.184036065256426;0.342423121102615;0
2.58;-0.180589819635119;0.347294706471346;0
2.59;-0.177095363278249;0.352053813965491;0
2.6;-0.173553826544067;0.356699210304946;0
2.61;-0.169966351960948;0.361229698415315;0
2.62;-0.166334093863991;0.365644117724529;0
2.63;-0.162658218028703;0.369941344447995;0
2.64;-0.158939901301881;0.374120291862243;0
2.65;-0.155180331229817;0.378179910566983;0
2.66;-0.151380705683924;0.38211918873553;0
2.67;-0.147542232483918;0.385937152353531;0
2.68;-0.143666129018666;0.389632865445953;0
2.69;-0.139753621864813;0.393205430292268;0
2.7;-0.135805946403308;0.396653987629813;0
2.71;-0.131824346433963;0.399977716845266;0
2.72;-0.127810073788131;0.403175836154203;0
2.73;-0.123764387939663;0.406247602768719;0
2.74;-0.119688555614224;0.409192313053059;0
2.75;-0.115583850397122;0.412009302667252;0
2.76;-0.111451552339743;0.41469794669872;0
2.77;-0.107292947564733;0.417257659781837;0
2.78;-0.103109327870031;0.419687896205429;0
2.79;-0.0989019903318883;0.421988150008207;0
2.8;-0.0946722369069828;0.424157955062116;0
2.81;-0.0904213740337566;0.4261968851436;0
2.82;-0.0861507122330947;0.428104553992789;0
2.83;-0.0818615657084661;0.429880615360592;0
2.84;-0.0775552519456486;0.431524763043732;0
2.85;-0.0732330913121571;0.433036730907704;0
2.86;-0.0688964066564971;0.434416292897686;0
2.87;-0.0645465229073629;0.43566326303742;0
2.88;-0.0601847666729011;0.436777495416076;0
2.89;-0.0558124658401596;0.437758884163132;0
2.9;-0.0514309491748415;0.438607363411297;0
2.91;-0.0470415459214834;0.439322907247497;0
2.92;-0.0426455854041776;0.439905529651978;0
2.93;-0.0382443966279566;0.440355284425554;0
2.94;-0.0338393078809579;0.440672265105037;0
2.95;-0.0294316463374883;0.440856604866908;0
2.96;-0.0250227376621034;0.440908476419266;0
2.97;-0.0206139056148206;0.44082809188212;0
2.98;-0.0162064716575817;0.440615702656062;0
2.99;-0.0118017545620801;0.440271599279399;0
3;-0.00740107001906898;0.439796111273799;0
3.01;-0.00300573024926414;0.43918960697851;0
3.02;0.00138295638404376;0.438452493373234;0
3.03;0.00576368576055543;0.437585215889718;0
3.04;0.0101351583865943;0.436588258212149;0
3.05;0.0144960797766918;0.435462142066417;0
3.06;0.0188451608330153;0.434207426998345;0
3.07;0.0231811182225295;0.432824710140956;0
3.08;0.0275026747517809;0.431314625970877;0
3.09;0.031808559739198;0.429677846053968;0
3.1;0.0360975093847999;0.427915078780268;0
3.11;0.0403682671372061;0.426027069088358;0
3.12;0.0446195840578434;0.424014598179247;0
3.13;0.0488502191822441;0.421878483219869;0
3.14;0.0530589398783333;0.419619577036321;0
3.15;0.0572445222016027;0.417238767796933;0
3.16;0.0614057512470701;0.414736978685282;0
3.17;0.0655414214979234;0.412115167563287;0
3.18;0.0696503371707519;0.409374326624473;0
3.19;0.0737313125572666;0.406515482037551;0
3.2;0.077783172362413;0.403539693580415;0
3.21;0.0818047520387807;0.400448054264705;0
3.22;0.0857948981172174;0.397241689951043;0
3.23;0.0897524685335536;0.393921758955093;0
3.24;0.0936763329513468;0.390489451644559;0
3.25;0.0975653730805554;0.386945990027277;0
3.26;0.101418482992055;0.383292627330522;0
3.27;0.105234569427905;0.37953064757169;0
3.28;0.109012552107292;0.375661365120478;0
3.29;0.112751364028047;0.371686124252721;0
3.3;0.11644995176367;0.367606298696039;0
3.31;0.120107275755775;0.363423291167423;0
3.32;0.123722310601873;0.359138532902935;0
3.33;0.127294045338417;0.354753483179668;0
3.34;0.130821483719035;0.350269628830114;0
3.35;0.13430364448787;0.345688483749117;0
3.36;0.137739561647957;0.341011588393552;0
3.37;0.141128284724569;0.336240509274906;0
3.38;0.144468879023451;0.331376838444923;0
3.39;0.147760425883885;0.326422192974474;0
3.4;0.15100202292651;0.321378214425818;0
3.41;0.154192784295838;0.316246568318443;0
3.42;0.157331840897402;0.311028943588628;0
3.43;0.160418340629466;0.305727052042921;0
3.44;0.163451448609248;0.300342627805706;0
3.45;0.166430347393591;0.294877426761017;0
3.46;0.169354237194026;0.2893332259888;0
3.47;0.172222336086179;0.283711823195787;0
3.48;0.175033880213453;0.278015036141159;0
3.49;0.177788123984951;0.272244702057195;0
3.5;0.180484340267584;0.266402677065071;0
3.51;0.183121820572314;0.260490835586007;0
3.52;0.185699875234483;0.254511069747937;0
3.53;0.188217833588201;0.248465288787891;0
3.54;0.19067504413473;0.242355418450277;0
3.55;0.193070874704832;0.236183400381249;0
3.56;0.195404712615053;0.229951191519347;0
3.57;0.197675964817889;0.223660763482601;0
3.58;0.19988405804581;0.217314101952292;0
3.59;0.202028438949109;0.210913206053548;0
3.6;0.20410857422754;0.204460087732986;0
3.61;0.206123950755725;0.197956771133569;0
3.62;0.208074075702293;0.191405291966886;0
3.63;0.209958476642734;0.184807696883049;0
3.64;0.211776701665939;0.178166042838383;0
3.65;0.213528319474407;0.171482396461122;0
3.66;0.215212919478111;0.16475883341529;0
3.67;0.216830111881979;0.157997437762972;0
3.68;0.218379527767003;0.15120030132516;0
3.69;0.219860819164948;0.144369523041371;0
3.7;0.221273659126651;0.137507208328238;0
3.71;0.2226177417839;0.130615468437252;0
3.72;0.223892782404895;0.123696419811867;0
3.73;0.225098517443268;0.116752183444151;0
3.74;0.226234704580678;0.109784884231177;0
3.75;0.22730112276296;0.102796650331353;0
3.76;0.228297572229843;0.0957896125208764;0
3.77;0.229223874538236;0.0887659035505172;0
3.78;0.230079872579078;0.0817276575029052;0
3.79;0.230865430587768;0.0746770091505295;0
3.8;0.231580434148178;0.0676160933146323;0
3.81;0.232224790190259;0.0605470442251898;0
3.82;0.232798426981254;0.0534719948821706;0
3.83;0.233301294110526;0.0463930764182605;0
3.84;0.233733362468027;0.0393124174632428;0
3.85;0.234094624216415;0.0322321435102202;0
3.86;0.234385092756838;0.0251543762838673;0
3.87;0.234604802688422;0.0180812331108981;0
3.88;0.234753809761461;0.0110148262929336;0
3.89;0.234832190824357;0.00395726248195345;0
3.9;0.234840043764321;-0.00308935794148457;0
3.91;0.234777487441876;-0.0101229414870777;0
3.92;0.234644661619174;-0.0171414021704815;0
3.93;0.234441726882183;-0.0241426621257054;0
3.94;0.234168864556759;-0.0311246522140222;0
3.95;0.233826276618649;-0.0380853126292143;0
3.96;0.23341418559745;-0.0450225934989835;0
3.97;0.232932834474586;-0.0519344554823478;0
3.98;0.232382486575315;-0.0588188703628559;0
3.99;0.231763425454836;-0.0656738216374468;0
4;0.231075954778516;-0.0724973051007865;0
4.01;0.230320398196306;-0.0792873294249134;0
4.02;0.229497099211373;-0.086041916734028;0
4.03;0.228606421043012;-0.0927591031742624;0
4.04;0.227648746483879;-0.0994369394782667;0
4.05;0.226624477751608;-0.106073491524453;0
4.06;0.225534036334856;-0.112666840890737;0
4.07;0.224377862833837;-0.119215085402627;0
4.08;0.223156416795398;-0.12571633967549;0
4.09;0.221870176542707;-0.132168735650864;0
4.1;0.220519638999597;-0.138570423126648;0
4.11;0.21910531950964;-0.144919570281034;0
4.12;0.21762775165001;-0.151214364190019;0
4.13;0.216087487040201;-0.157453011338373;0
4.14;0.214485095145664;-0.163633738123907;0
4.15;0.212821163076432;-0.169754791354903;0
4.16;0.211096295380803;-0.175814438740573;0
4.17;0.209311113834148;-0.181810969374412;0
4.18;0.207466257222923;-0.187742694210304;0
4.19;0.205562381123946;-0.193607946531263;0
4.2;0.203600157679027;-0.199405082410671;0
4.21;0.201580275365015;-0.205132481165895;0
4.22;0.199503438759345;-0.210788545804154;0
4.23;0.197370368301164;-0.216371703460519;0
4.24;0.195181800048106;-0.221880405827926;0
4.25;0.192938485428815;-0.227313129579095;0
4.26;0.190641190991274;-0.232668376780228;0
4.27;0.188290698147038;-0.237944675296388;0
4.28;0.185887802911458;-0.243140579188449;0
4.29;0.18343331563996;-0.248254669101504;0
4.3;0.180928060760495;-0.253285552644651;0
4.31;0.178372876502213;-0.258231864762025;0
4.32;0.175768614620485;-0.263092268095015;0
4.33;0.173116140118325;-0.267865453335546;0
4.34;0.170416330964333;-0.272550139570348;0
4.35;0.16767007780723;-0.277145074616121;0
4.36;0.164878283687081;-0.281649035345517;0
4.37;0.162041863743308;-0.286060828003842;0
4.38;0.159161744919568;-0.29037928851642;0
4.39;0.156238865665605;-0.294603282786523;0
4.4;0.153274175636167;-0.298731706983805;0
4.41;0.150268635387077;-0.302763487823173;0
4.42;0.147223216068564;-0.306697582834017;0
4.43;0.144138899115936;-0.310532980619738;0
4.44;0.141016675937717;-0.314268701107524;0
4.45;0.137857547601312;-0.317903795788299;0
4.46;0.134662524516333;-0.321437347946799;0
4.47;0.131432626115658;-0.32486847288173;0
4.48;0.128168880534338;-0.328196318115939;0
4.49;0.12487232428645;-0.331420063596573;0
4.5;0.121544001939983;-0.334538921885171;0
4.51;0.118184965789885;-0.337552138337656;0
4.52;0.114796275529338;-0.340458991274181;0
4.53;0.111378997919394;-0.343258792138807;0
4.54;0.107934206457053;-0.345950885648979;0
4.55;0.104462981041895;-0.348534649934761;0
4.56;0.100966407641362;-0.35100949666783;0
4.57;0.0974455779548055;-0.353374871180182;0
4.58;0.0939015890763792;-0.355630252572551;0
4.59;0.090335543156907;-0.357775153812514;0
4.6;0.0867485470648093;-0.359809121822282;0
4.61;0.0831417120461992;-0.361731737556154;0
4.62;0.0795161533842517;-0.363542616067645;0
4.63;0.0758729900579474;-0.365241406566267;0
4.64;0.0722133444002946;-0.366827792463984;0
4.65;0.0685383417561339;-0.368301491411327;0
4.66;0.064849110139628;-0.369662255323188;0
4.67;0.0611467798915402;-0.370909870394297;0
4.68;0.0574324833364036;-0.372044157104395;0
4.69;0.0537073544396861;-0.373064970213125;0
4.7;0.0499725284650518;-0.373972198744649;0
4.71;0.046229141631823;-0.374765765962033;0
4.72;0.0424783307727434;-0.375445629331394;0
4.73;0.0387212329921472;-0.376011780475875;0
4.74;0.0349589853246326;-0.376464245119447;0
4.75;0.0311927243943439;-0.37680308302059;0
4.76;0.0274235860749623;-0.377028387895888;0
4.77;0.0236527051505048;-0.377140287333571;0
4.78;0.0198812149770344;-0.377138942697057;0
4.79;0.0161102471453786;-0.377024549018531;0
4.8;0.0123409311449567;-0.37679733488262;0
4.81;0.00857439402881569;-0.376457562300203;0
4.82;0.00481176007997137;-0.376005526572426;0
4.83;0.00105415047915335;-0.375441556144963;0
4.84;-0.00269731702594864;-0.374766012452599;0
4.85;-0.00644152844984117;-0.373979289754188;0
4.86;-0.0101773738966899;-0.373081814958057;0
4.87;-0.0139037478859939;-0.372074047437922;0
4.88;-0.0176195496763762;-0.370956478839387;0
4.89;-0.0213236835873979;-0.369729632877105;0
4.9;-0.0250150593193016;-0.368394065122672;0
4.91;-0.0286925922705927;-0.366950362783337;0
4.92;-0.0323552038533666;-0.365399144471612;0
4.93;-0.0360018218062912;-0.363741059965857;0
4.94;-0.0396313805051554;-0.361976789961939;0
4.95;-0.0432428212708941;-0.360107045816053;0
4.96;-0.0468350926750019;-0.358132569278788;0
4.97;-0.0504071508422484;-0.356054132220539;0
4.98;-0.0539579597506093;-0.35387253634837;0
4.99;-0.0574864915283278;-0.35158861291441;0
5;-0.0609917267480223;-0.349203222415903;0
5.01;-0.0644726547177572;-0.346717254286995;0
5.02;-0.0679282737689955;-0.344131626582393;0
5.03;-0.0713575915413505;-0.341447285652972;0
5.04;-0.0747596252640595;-0.338665205813466;0
5.05;-0.0781334020340974;-0.33578638900235;0
5.06;-0.0814779590908556;-0.332811864434018;0
5.07;-0.0847923440873083;-0.329742688243389;0
5.08;-0.0880756153575908;-0.326579943123052;0
5.09;-0.0913268421809161;-0.323324737953073;0
5.1;-0.0945451050417577;-0.31997820742359;0
5.11;-0.0977294958862256;-0.316541511650317;0
5.12;-0.100879118374566;-0.313015835783091;0
5.13;-0.103993088129717;-0.309402389607584;0
5.14;-0.107070532981848;-0.305702407140317;0
5.15;-0.110110593208824;-0.301917146217107;0
5.16;-0.113112421772519;-0.298047888075075;0
5.17;-0.11607518455093;-0.294095936928369;0
5.18;-0.118998060566012;-0.29006261953772;0
5.19;-0.121880242207184;-0.285949284773979;0
5.2;-0.124720935450448;-0.281757303175781;0
5.21;-0.127519360073052;-0.277488066501473;0
5.22;-0.130274749863651;-0.273142987275449;0
5.23;-0.132986352827907;-0.268723498329038;0
5.24;-0.13565343138947;-0.264231052336103;0
5.25;-0.138275262586299;-0.259667121343478;0
5.26;-0.140851138262256;-0.255033196296417;0
5.27;-0.143380365253939;-0.25033078655918;0
5.28;-0.145862265572698;-0.245561419430935;0
5.29;-0.148296176581786;-0.240726639657109;0
5.3;-0.15068145116861;-0.235828008936346;0
5.31;-0.153017457912025;-0.230867105423241;0
5.32;-0.155303581244645;-0.225845523226982;0
5.33;-0.157539221610116;-0.220764871906084;0
5.34;-0.159723795615321;-0.215626775959353;0
5.35;-0.16185673617748;-0.210432874313246;0
5.36;-0.163937492666108;-0.205184819805792;0
5.37;-0.165965531039793;-0.199884278667227;0
5.38;-0.167940333977773;-0.194532929997505;0
5.39;-0.169861401006268;-0.189132465240853;0
5.4;-0.171728248619552;-0.183684587657527;0
5.41;-0.173540410395721;-0.178191011792933;0
5.42;-0.17529743710715;-0.172653462944281;0
5.43;-0.176998896825602;-0.167073676624927;0
5.44;-0.17864437502197;-0.161453398026579;0
5.45;-0.180233474660634;-0.155794381479524;0
5.46;-0.181765816288412;-0.150098389911038;0
5.47;-0.183241038118084;-0.144367194302163;0
5.48;-0.184658796106482;-0.138602573142988;0
5.49;-0.186018764027122;-0.132806311886624;0
5.5;-0.187320633537377;-0.126980202402032;0
5.51;-0.188564114240163;-0.12112604242586;0
5.52;-0.189748933740154;-0.115245635013471;0
5.53;-0.190874837694488;-0.109340787989317;0
5.54;-0.191941589857992;-0.103413313396826;0
5.55;-0.192948972122885;-0.0974650269479736;0
5.56;-0.193896784552993;-0.0914977474727007;0
5.57;-0.19478484541245;-0.0855132963683385;0
5.58;-0.195612991188891;-0.0795134970492145;0
5.59;-0.196381076611152;-0.0735001743965984;0
5.6;-0.197088974661461;-0.0674751542091536;0
5.61;-0.197736576582144;-0.0614402626540577;0
5.62;-0.198323791876844;-0.0553973257189571;0
5.63;-0.198850548306259;-0.049348168664916;0
5.64;-0.199316791878424;-0.0432946154805245;0
5.65;-0.199722486833531;-0.0372384883373254;0
5.66;-0.200067615623312;-0.0311816070467225;0
5.67;-0.200352178885006;-0.025125788518529;0
5.68;-0.200576195409906;-0.0190728462213169;0
5.69;-0.200739702106529;-0.0130245896447247;0
5.7;-0.200842753958414;-0.00698282376388303;0
5.71;-0.200885423976575;-0.000949348506112745;0
5.72;-0.200867803146633;0.00507404177994629;0
5.73;-0.200790000370648;0.0110855588526222;0
5.74;-0.200652142403683;0.0170834211027596;0
5.75;-0.200454373785124;0.0230658540763761;0
5.76;-0.200196856764787;0.0290310909942766;0
5.77;-0.199879551090097;0.035059909548659;0.018350213202008
5.78;-0.199501224306573;0.0412512126099295;0.0367004264040159
5.79;-0.199060261140464;0.0476028650129308;0.0550506396060239
5.8;-0.198555067870053;0.0541126871957517;0.0734008528080319
5.81;-0.197984072766352;0.0607784559293772;0.0917510660100399
5.82;-0.197345726526443;0.0675979050591737;0.110101279212048
5.83;-0.196638502699358;0.0745687262579678;0.128451492414056
5.84;-0.195860898104373;0.0816885697904723;0.146801705616064
5.85;-0.195011433241606;0.0889550452888103;0.165151918818072
5.86;-0.194088652694818;0.0963657225388878;0.18350213202008
5.87;-0.19309112552629;0.103918132277358;0.201852345222088
5.88;-0.192017445663701;0.111609766998921;0.220202558424096
5.89;-0.190866232278866;0.119438081773701;0.238552771626104
5.9;-0.189636130158278;0.127400495074436;0.256902984828112
5.91;-0.188325810065319;0.135494389613217;0.27525319803012
5.92;-0.186933969094064;0.143717113187506;0.293603411232128
5.93;-0.185459331014596;0.152065979535172;0.311953624434135
5.94;-0.183900646609713;0.160538269198257;0.330303837636144
5.95;-0.182256694002972;0.169131230395224;0.348654050838151
5.96;-0.180526278977971;0.177842079901378;0.367004264040159
5.97;-0.178708235288787;0.186668003937211;0.385354477242167
5.98;-0.176801424961497;0.195606159064373;0.403704690444175
5.99;-0.174804738586713;0.204653673088999;0.422054903646183
6;-0.172717095603041;0.213807645972099;0.440405116848191
6.01;-0.17053744457141;0.223065150746732;0.458755330050199
6.02;-0.168264763440206;0.232423234441675;0.477105543252207
6.03;-0.16589805980113;0.241878919011299;0.495455756454215
6.04;-0.163436371135737;0.251429202271368;0.513805969656223
6.05;-0.160878765052591;0.261071058840454;0.532156182858231
6.06;-0.15822433951498;0.270801441086703;0.550506396060239
6.07;-0.155472223059143;0.280617280079631;0.568856609262247
6.08;-0.152621575002952;0.290515486546675;0.587206822464255
6.09;-0.149671585645017;0.300492951834197;0.605557035666263
6.1;-0.146621476454151;0.310546548872642;0.623907248868271
6.11;-0.143470500249177;0.320673133145563;0.642257462070279
6.12;-0.140217941369018;0.330869543662211;0.660607675272287
6.13;-0.136863115833055;0.341132603933382;0.678957888474295
6.14;-0.13340537149171;0.351459122950246;0.697308101676303
6.15;-0.129844088167223;0.361845896165838;0.715658314878311
6.16;-0.126178677784612;0.372289706478921;0.734008528080319
6.17;-0.122408584492778;0.382787325219921;0.752358741282327
6.18;-0.118533284775746;0.393335513138643;0.770708954484335
6.19;-0.114552287554022;0.403931021393446;0.789059167686343
6.2;-0.11046513427605;0.414570592541612;0.807409380888351
6.21;-0.106271398999765;0.42525096153057;0.825759594090359
6.22;-0.101970688464226;0.435968856689717;0.844109807292367
6.23;-0.0975626421513318;0.446721000722508;0.862460020494375
6.24;-0.0930469323376205;0.457504111698524;0.880810233696383
6.25;-0.08842326413614;0.468314904045238;0.899160446898391
6.26;-0.0836913755284107;0.479150089539151;0.917510660100399
6.27;-0.0788510373864777;0.490006378296032;0.935860873302407
6.28;-0.0739020534850665;0.500880479759951;0.954211086504415
6.29;-0.0688442605038547;0.511769103690806;0.972561299706422
6.3;-0.0636775280198761;0.522668961150071;0.99091151290843
6.31;-0.0584017584900769;0.53357676548445;1.00926172611044
6.32;-0.0530168872240456;0.544489233307154;1.02761193931245
6.33;-0.0475228823469414;0.555403085476527;1.04596215251445
6.34;-0.0419197447526505;0.566315048071695;1.06431236571646
6.35;-0.0362075080471989;0.577221853364994;1.08266257891847
6.36;-0.0303862384824579;0.588120240790858;1.10101279212048
6.37;-0.0244560348801765;0.5990069579109;1.11936300532249
6.38;-0.0184170285463819;0.609878761374893;1.13771321852449
6.39;-0.0122693831761896;0.620732417877385;1.1560634317265
6.4;-0.00601329474906745;0.631564705109647;1.17441364492851
6.41;0.000351008585396811;0.642372412706694;1.19276385813052
6.42;0.00682326663117599;0.653152343189105;1.21111407133253
6.43;0.013403187278877;0.663901312899346;1.22946428453453
6.44;0.0200904466481523;0.674616152932355;1.24781449773654
6.45;0.0268846892393901;0.6852937100601;1.26616471093855
6.46;0.0337855280946222;0.695930847649845;1.28451492414056
6.47;0.0407925449675853;0.706524446575871;1.30286513734257
6.48;0.0479052905028688;0.717071406124374;1.32121535054457
6.49;0.0551232844240802;0.727568644891294;1.33956556374658
6.5;0.0624460157309559;0.738013101672814;1.35791577694859
6.51;0.0698729429053432;0.748401736348264;1.3762659901506
6.52;0.0774034941259759;0.7587315307552;1.39461620335261
6.53;0.085037067491965;0.76899948955639;1.41296641655461
6.54;0.0927730312549219;0.779202641098465;1.43131662975662
6.55;0.100610724059629;0.789338038262001;1.44966684295863
6.56;0.108549455193173;0.799402759302787;1.46801705616064
6.57;0.116588504842448;0.809393908684027;1.48636726936265
6.58;0.124727124359944;0.819308617899279;1.50471748256465
6.59;0.132964536537713;0.829144046285849;1.52306769576666
6.6;0.141299935889438;0.838897381828468;1.54141790896867
6.61;0.149732488940482;0.84856584195298;1.55976812217068
6.62;0.158261334525834;0.858144839288531;1.57261113019701
6.63;0.166884877531226;0.86741513039207;1.55423950484424
6.64;0.175599057198145;0.876225902570451;1.53586787949147
6.65;0.184399269889618;0.884575304463401;1.5174962541387
6.66;0.193280894091501;0.892461626193105;1.49912462878593
6.67;0.202239291828547;0.899883299633598;1.48075300343316
6.68;0.211269810082988;0.906838898637201;1.46238137808039
6.69;0.220367782215168;0.913327139218014;1.44400975272763
6.7;0.229528529385839;0.919346879692468;1.42563812737486
6.71;0.23874736197965;0.924897120776994;1.40726650202209
6.72;0.248019581029438;0.929977005642827;1.38889487666932
6.73;0.257340479640857;0.934585819928013;1.37052325131655
6.74;0.266705344416948;0.938722991706699;1.35215162596378
6.75;0.276109456882205;0.942388091415771;1.33378000061101
6.76;0.285548094905713;0.945580831738943;1.31540837525824
6.77;0.295016534122943;0.948301067448413;1.29703674990548
6.78;0.304510049355762;0.950548795204188;1.27866512455271
6.79;0.31402391603026;0.952324153311231;1.26029349919994
6.8;0.32355341159195;0.953627421434559;1.24192187384717
6.81;0.33309381691793;0.954459020272462;1.2235502484944
6.82;0.342640417725593;0.954819511188002;1.20517862314163
6.83;0.352188505977466;0.954709595798984;1.18680699778886
6.84;0.361733381281758;0.954130115526589;1.16843537243609
6.85;0.371270352288211;0.953082051102867;1.15006374708333
6.86;0.380794738078845;0.95156652203733;1.13169212173056
6.87;0.390301869553178;0.949584786042852;1.11332049637779
6.88;0.399787090807533;0.947138238421128;1.09494887102502
6.89;0.409245760508007;0.944228411407953;1.07657724567225
6.9;0.418673253256725;0.940856973478569;1.05820562031948
6.91;0.428064960950957;0.937025728613376;1.03983399496671
6.92;0.437416294134725;0.932736615524277;1.02146236961394
6.93;0.44672268334249;0.927991706841972;1.00309074426118
6.94;0.455979580434542;0.922793208264505;0.984719118908406
6.95;0.4651824599237;0.917143457667381;0.966347493555638
6.96;0.474326820292941;0.911044924175593;0.947975868202869
6.97;0.483408185303583;0.904500207197907;0.9296042428501
6.98;0.492422105293635;0.897512035423742;0.911232617497331
6.99;0.501364158465958;0.890083265783028;0.892860992144562
7;0.510229952165852;0.882216882369408;0.874489366791794
7.01;0.519015124147713;0.873915995327171;0.856117741439025
7.02;0.527715343830402;0.865183839702318;0.837746116086256
7.03;0.536326313540958;0.856023774258155;0.819374490733487
7.04;0.544843769746315;0.846439280255839;0.801002865380719
7.05;0.553263484272663;0.836433960200304;0.78263124002795
7.06;0.561581265512119;0.826011536551988;0.764259614675181
7.07;0.56979295961636;0.815175850404829;0.745887989322412
7.08;0.577894451676885;0.803930860130962;0.727516363969643
7.09;0.585881666891579;0.792280639992594;0.709144738616875
7.1;0.593750571717246;0.780229378721521;0.690773113264106
7.11;0.601497175007799;0.767781378066784;0.672401487911337
7.12;0.609117529137776;0.754941051310926;0.654029862558568
7.13;0.616607731110891;0.741712921755383;0.6356582372058
7.14;0.62396392365329;0.728101621175484;0.617286611853031
7.15;0.631182296291229;0.714111888245605;0.598914986500262
7.16;0.638259086412872;0.69974856693497;0.580543361147493
7.17;0.64519058031391;0.685016604874656;0.562171735794724
7.18;0.651973114226732;0.669921051696331;0.543800110441956
7.19;0.658603075332849;0.654467057343265;0.525428485089187
7.2;0.665076902758311;0.63865987035418;0.507056859736418
7.21;0.671391088551841;0.622504836120491;0.488685234383649
7.22;0.677542178645425;0.606007395117514;0.470313609030881
7.23;0.683526773797095;0.589173081110203;0.451941983678112
7.24;0.689341530515661;0.572007519334021;0.433570358325343
7.25;0.694983161967139;0.554516424651498;0.415198732972574
7.26;0.700448438862642;0.536705599685112;0.396827107619806
7.27;0.705734190327489;0.518580932927055;0.378455482267037
7.28;0.710837304751315;0.500148396826516;0.360083856914268
7.29;0.715754730618952;0.481414045855085;0.341712231561499
7.3;0.720483477321871;0.462384014550886;0.323340606208731
7.31;0.725020615949967;0.443064515542085;0.304968980855962
7.32;0.729363280063492;0.423461837550373;0.286597355503193
7.33;0.733508666444937;0.403582343375075;0.268225730150424
7.34;0.737454035830666;0.383432467858527;0.249854104797655
7.35;0.741196713622122;0.363018715833336;0.231482479444886
7.36;0.74473409057643;0.342347660052208;0.213110854092118
7.37;0.74806362347622;0.321425939100956;0.194739228739349
7.38;0.751182835778505;0.300260255295374;0.17636760338658
7.39;0.754089318242464;0.278857372562617;0.157995978033811
7.4;0.756780729535962;0.257224114307747;0.139624352681043
7.41;0.759254796820678;0.235367361266134;0.121252727328274
7.42;0.761509316315696;0.213294049342339;0.102881101975505
7.43;0.763542153839423;0.191011167436196;0.0845094766227366
7.44;0.765351245329713;0.168525755256731;0.0661378512699677
7.45;0.766934597342081;0.145844901124611;0.0477662259171987
7.46;0.768290287525888;0.122975739763797;0.0293946005644299
7.47;0.769416465078402;0.0999254500830865;0.0110229752116613
7.48;0.770311358524956;0.0767122746319631;0
7.49;0.770973907781238;0.0534774682519089;0
7.5;0.771404210820643;0.0302665643890706;0
7.51;0.771602537809773;0.00708647967476251;0
7.52;0.771569227988157;-0.0160558903854663;0
7.53;0.771304689447846;-0.0391536734425235;0
7.54;0.770809398892747;-0.0622000223240345;0
7.55;0.77008390137781;-0.0851881170435831;0
7.56;0.769128810028165;-0.108111166798351;0
7.57;0.767944805738341;-0.130962411954573;0
7.58;0.766532636851689;-0.153735126020243;0
7.59;0.764893118820139;-0.176422617604487;0
7.6;0.763027133844414;-0.199018232363052;0
7.61;0.760935630494872;-0.221515354929345;0
7.62;0.758619623313085;-0.243907410830466;0
7.63;0.756080192394346;-0.266187868387696;0
7.64;0.753318482951226;-0.288350240600888;0
7.65;0.750335704858376;-0.31038808701622;0
7.66;0.747133132178715;-0.332295015576795;0
7.67;0.743712102671205;-0.354064684455549;0
7.68;0.740074017280364;-0.37569080386995;0
7.69;0.736220339607731;-0.39716713787798;0
7.7;0.732152595365442;-0.418487506154889;0
7.71;0.727872371812139;-0.439645785750227;0
7.72;0.723381317171392;-0.460635912824649;0
7.73;0.71868114003285;-0.481451884366032;0
7.74;0.713773608736322;-0.502087759884387;0
7.75;0.708660550739011;-0.52253766308514;0
7.76;0.703343851966106;-0.542795783520273;0
7.77;0.697825456144975;-0.562856378216903;0
7.78;0.692107364123166;-0.582713773282831;0
7.79;0.686191633170461;-0.602362365488621;0
7.8;0.680080376265218;-0.621796623825783;0
7.81;0.673775761365239;-0.641011091040627;0
7.82;0.667280010663411;-0.660000385143372;0
7.83;0.660595399828365;-0.678759200892097;0
7.84;0.653724257230417;-0.697282311251143;0
7.85;0.646668963153036;-0.715564568823559;0
7.86;0.639431948990108;-0.733600907257216;0
7.87;0.632015696429258;-0.751386342624208;0
7.88;0.624422736621501;-0.768915974773182;0
7.89;0.616655649337488;-0.786184988654217;0
7.9;0.608717062110637;-0.803188655615934;0
7.91;0.600609649367411;-0.819922334674462;0
7.92;0.592336131545036;-0.83638147375395;0
7.93;0.583899274196945;-0.852561610898301;0
7.94;0.575301887086237;-0.8684583754538;0
7.95;0.566546823267436;-0.884067489222344;0
7.96;0.557636978156854;-0.899384767584981;0
7.97;0.548575288591857;-0.914406120595454;0
7.98;0.539364731879327;-0.929127554043503;0
7.99;0.530008324833625;-0.943545170487626;0
8;0.520509122804376;-0.95765517025707;0
8.01;0.510870218694361;-0.971453852422779;0
8.02;0.50109474196785;-0.984937615737092;0
8.03;0.49118585764967;-0.998102959541927;0
8.04;0.481146765315342;-1.01094648464526;0
8.05;0.470980698072595;-1.02346489416569;0
8.06;0.460690921534572;-1.03565499434488;0
8.07;0.450280732785069;-1.04751369532764;0
8.08;0.439753459336106;-1.05903801190965;0
8.09;0.429112458078177;-1.07022506425236;0
8.1;0.418361114223495;-1.08107207856523;0
8.11;0.407502840242562;-1.0915763877549;0
8.12;0.3965410747944;-1.10173543204132;0
8.13;0.385479281650765;-1.11154675954064;0
8.14;0.374320948614685;-1.12100802681471;0
8.15;0.363069586433653;-1.13011699938725;0
8.16;0.351728727707811;-1.13887155222628;0
8.17;0.340301925793456;-1.14726967019313;0
8.18;0.328792753702213;-1.15530944845754;0
8.19;0.317204802996206;-1.16298909287912;0
8.2;0.305541682679566;-1.17030692035492;0
8.21;0.293807018086621;-1.17726135913309;0
8.22;0.282004449767092;-1.18385094909271;0
8.23;0.270137632368655;-1.19007434198954;0
8.24;0.258210233517189;-1.19593030166796;0
8.25;0.246225932695065;-1.20141770423886;0
8.26;0.2341884201178;-1.20653553822357;0
8.27;0.222101395609435;-1.21128290466387;0
8.28;0.209968567476955;-1.2156590171981;0
8.29;0.197793651384111;-1.21966320210334;0
8.3;0.18558036922496;-1.22329489830378;0
8.31;0.17333244799749;-1.22655365734532;0
8.32;0.161053618677631;-1.2294391433364;0
8.33;0.148747615094026;-1.2319511328553;0
8.34;0.136418172803872;-1.23408951482375;0
8.35;0.124069027970176;-1.23585429034715;0
8.36;0.111703916240761;-1.23724557252149;0
8.37;0.0993265716293494;-1.23826358620691;0
8.38;0.0869407253990651;-1.23890866776822;0
8.39;0.0745501049486729;-1.23918126478248;0
8.4;0.0621584327018948;-1.23908193571363;0
8.41;0.0497694250001239;-1.23861134955456;0
8.42;0.0373867909988663;-1.23777028543658;0
8.43;0.0250142315682325;-1.23655963220659;0
8.44;0.0126554381978031;-1.23498038797205;0
8.45;0.00031409190618761;-1.23303365961404;0
8.46;-0.0120061378444029;-1.23072066226849;0
8.47;-0.0243015942282542;-1.2280427187759;0
8.48;-0.0365686341306027;-1.22500125909964;0
8.49;-0.0488036292161329;-1.22159781971329;0
8.5;-0.0610029669912076;-1.21783404295689;0
8.51;-0.0731630518595245;-1.21371167636281;0
8.52;-0.0852803061708926;-1.20923257195099;0
8.53;-0.0973511712628275;-1.20439868549433;0
8.54;-0.109372108494664;-1.19921207575397;0
8.55;-0.121339600273888;-1.19367490368529;0
8.56;-0.133250151074402;-1.18778943161439;0
8.57;-0.145100288446414;-1.18155802238577;0
8.58;-0.156886564017687;-1.17498313848129;0
8.59;-0.168605554485836;-1.16806734111074;0
8.6;-0.18025386260142;-1.16081328927441;0
8.61;-0.191828118141521;-1.15322373879799;0
8.62;-0.203324978873555;-1.14530154134005;0
8.63;-0.214741131509038;-1.13704964337252;0
8.64;-0.226073292647031;-1.1284710851345;0
8.65;-0.237318209707006;-1.11956899955978;0
8.66;-0.248472661850875;-1.11034661117837;0
8.67;-0.259533460893911;-1.10080723499251;0
8.68;-0.270497452204323;-1.09095427532746;0
8.69;-0.28136151559122;-1.08079122465752;0
8.7;-0.292122566180733;-1.07032166240761;0
8.71;-0.302777555280036;-1.05954925373084;0
8.72;-0.31332347122904;-1.04847774826255;0
8.73;-0.323757340239528;-1.0371109788511;0
8.74;-0.334076227221483;-1.02545286026588;0
8.75;-0.344277236596409;-1.01350738788311;0
8.76;-0.354357513097399;-1.00127863634954;0
8.77;-0.364314242555751;-0.98877075822488;0
8.78;-0.37414465267391;-0.975987982603072;0
8.79;-0.383846013784531;-0.962934613713056;0
8.8;-0.393415639595458;-0.949615029499393;0
8.81;-0.40285088792042;-0.936033680183241;0
8.82;-0.412149161395251;-0.922195086804133;0
8.83;-0.421307908179444;-0.908103839743038;0
8.84;-0.430324622642848;-0.893764597227165;0
8.85;-0.439196846037343;-0.879182083817013;0
8.86;-0.447922167153295;-0.864361088876122;0
8.87;-0.45649822296064;-0.849306465024041;0
8.88;-0.464922699234425;-0.834023126572987;0
8.89;-0.473193331164636;-0.818516047948697;0
8.9;-0.481307903950177;-0.802790262095982;0
8.91;-0.489264253376826;-0.786850858869466;0
8.92;-0.497060266379042;-0.770702983410047;0
8.93;-0.504693881585468;-0.754351834507563;0
8.94;-0.512163089848006;-0.737802662950199;0
8.95;-0.519465934754325;-0.721060769861139;0
8.96;-0.526600513123679;-0.704131505022988;0
8.97;-0.533564975485921;-0.687020265190491;0
8.98;-0.540357526543588;-0.669732492392069;0
8.99;-0.546976425616956;-0.652273672220704;0
9;-0.553419987071957;-0.6346493321147;0
9.01;-0.559686580730862;-0.616865039628859;0
9.02;-0.565774632265629;-0.598926400696602;0
9.03;-0.571682623573839;-0.580839057883569;0
9.04;-0.577409093137133;-0.562608688633242;0
9.05;-0.582952636362063;-0.54424100350513;0
9.06;-0.588311905903302;-0.525741744406055;0
9.07;-0.593485611969132;-0.507116682815074;0
9.08;-0.598472522609159;-0.488371618002599;0
9.09;-0.603271463984193;-0.469512375244237;0
9.1;-0.607881320618243;-0.450544804029908;0
9.11;-0.612301035632585;-0.431474776268785;0
9.12;-0.616529610961866;-0.412308184490595;0
9.13;-0.620566107552202;-0.393050940043831;0
9.14;-0.624409645541249;-0.373708971291421;0
9.15;-0.628059404420219;-0.354288221804397;0
9.16;-0.631514623177827;-0.334794648554109;0
9.17;-0.634774600426158;-0.315234220103528;0
9.18;-0.637838694508438;-0.295612914798189;0
9.19;-0.640706323588724;-0.275936718957303;0
9.2;-0.643376965723501;-0.256211625065588;0
9.21;-0.645850158915206;-0.236443629966371;0
9.22;-0.648125501147685;-0.216638733056471;0
9.23;-0.65020265040362;-0.196802934483435;0
9.24;-0.65208132466393;-0.176942233345636;0
9.25;-0.65376130188919;-0.157062625895787;0
9.26;-0.655242419983112;-0.137170103748391;0
9.27;-0.656524576738105;-0.117270652091661;0
9.28;-0.657607729762987;-0.0973702479044451;0
9.29;-0.658491896392887;-0.0774748581786723;0
9.3;-0.6591771535814;-0.0575904381478474;0
9.31;-0.659663637775056;-0.0377229295221174;0
9.32;-0.659951544770164;-0.0178782587304231;0
9.33;-0.660041129552126;0.00193766482974638;0
9.34;-0.659932706117268;0.0217189505344866;0
9.35;-0.659626647277301;0.0414597282669879;0
9.36;-0.659123384446482;0.0611541501419198;0
9.37;-0.658423407411573;0.0807963922201877;0
9.38;-0.657527264084699;0.100380656213563;0
9.39;-0.656435560239211;0.119901171178698;0
9.4;-0.655148959228649;0.139352195200026;0
9.41;-0.653668181688939;0.158728017061074;0
9.42;-0.651994005223922;0.178022957903699;0
9.43;-0.650127264074352;0.197231372874769;0
9.44;-0.648068848770482;0.216347652759827;0
9.45;-0.645819705768374;0.235366225603258;0
9.46;-0.643380837070076;0.254281558314508;0
9.47;-0.640753299827791;0.273088158259885;0
9.48;-0.6379382059322;0.291780574839509;0
9.49;-0.634936721585089;0.310353401048938;0
9.5;-0.631750066856417;0.32880127502505;0
9.51;-0.628379515226013;0.347118881575735;0
9.52;-0.62482639311004;0.365300953692969;0
9.53;-0.621092079372405;0.383342274048839;0
9.54;-0.617178004821295;0.401237676474112;0
9.55;-0.613085651690999;0.418982047418919;0
9.56;-0.60881655310921;0.436570327395164;0
9.57;-0.604372292549983;0.453997512400244;0
9.58;-0.599754503272543;0.471258655321684;0
9.59;-0.594964867746139;0.488348867322322;0
9.6;-0.590005117061124;0.50526331920562;0
9.61;-0.584877030326482;0.521997242760776;0
9.62;-0.579582434053995;0.53854593208722;0
9.63;-0.574123201529254;0.554904744898175;0
9.64;-0.568501252169735;0.571069103802896;0
9.65;-0.562718550870146;0.587034497567256;0
9.66;-0.556777107335274;0.602796482352334;0
9.67;-0.550678975400534;0.618350682930676;0
9.68;-0.54442625234047;0.63369279387989;0
9.69;-0.538021078165415;0.648818580753273;0
9.7;-0.531465634906554;0.663723881227145;0
9.71;-0.524762145889612;0.678404606224595;0
9.72;-0.517912874997424;0.692856741015337;0
9.73;-0.510920125921604;0.707076346291391;0
9.74;-0.503786241403572;0.721059559218304;0
9.75;-0.496513602465177;0.734802594461645;0
9.76;-0.489104627629175;0.748301745188501;0
9.77;-0.481561772129793;0.761553384043718;0
9.78;-0.473887527113658;0.774553964100647;0
9.79;-0.466084418831322;0.787300019786141;0
9.8;-0.458155007819664;0.799788167779575;0
9.81;-0.450101888075417;0.812015107885669;0
9.82;-0.441927686220077;0.823977623880893;0
9.83;-0.433635060656482;0.835672584333239;0
9.84;-0.425226700717302;0.847096943395177;0
9.85;-0.416705325805726;0.858247741569585;0
9.86;-0.408073684528611;0.869122106448483;0
9.87;-0.399334553822368;0.879717253424391;0
9.88;-0.390490738071855;0.89003048637414;0
9.89;-0.381545068222561;0.900059198314994;0
9.9;-0.372500400886348;0.909800872032912;0
9.91;-0.363359617441043;0.919253080682831;0
9.92;-0.35412562312415;0.92841348836082;0
9.93;-0.344801346120964;0.937279850647997;0
9.94;-0.335389736647381;0.945850015126083;0
9.95;-0.325893766027677;0.954121921864493;0
9.96;-0.316316425767539;0.962093603878867;0
9.97;-0.306660726622651;0.969763187560952;0
9.98;-0.296929697663099;0.977128893079749;0
9.99;-0.287126385333901;0.984189034753866;0
10;-0.277253852511943;0.990942021395008;0
10.01;-0.267315177559605;0.997386356622547;0
10.02;-0.25731345337538;1.00352063914914;0
10.03;-0.247251786441756;1.00934356303733;0
10.04;-0.237133295870676;1.01485391792718;0
10.05;-0.22696111244684;1.02005058923476;0
10.06;-0.21673837766916;1.02493255832171;0
10.07;-0.206468242790651;1.02949890263565;0
10.08;-0.196153867857041;1.03374879582161;0
10.09;-0.185798420744404;1.03768150780439;0
10.1;-0.175405076196103;1.04129640484193;0
10.11;-0.164977014859316;1.04459294954974;0
10.12;-0.154517422321464;1.04757070089636;0
10.13;-0.144029488146805;1.05022931416997;0
10.14;-0.133516404913494;1.05256854091617;0
10.15;-0.122981367251391;1.05458822884706;0
10.16;-0.112427570880917;1.05628832172154;0
10.17;-0.101858211653225;1.05766885919719;0
10.18;-0.091276484591985;1.05872997665347;0
10.19;-0.0806855829370676;1.05947190498669;0
10.2;-0.0700886971903995;1.05989497037661;0
10.21;-0.0594890141642838;1.0599995940249;0
10.22;-0.0488897160324614;1.05978629186559;0
10.23;-0.0382939793841922;1.05925567424756;0
10.24;-0.0277049742816378;1.05840844558937;0
10.25;-0.0171258633208197;1.05724540400636;0
10.26;-0.00655980069642987;1.05576744091044;0
10.27;0.00399006872923311;1.05397554058248;0
10.28;0.0145206103529301;1.05187077971771;0
10.29;0.0250287007524799;1.04945432694406;0
10.3;0.0355112286038208;1.04672744231392;0
10.31;0.0459650955928704;1.04369147676927;0
10.32;0.0563872173219179;1.0403478715805;0
10.33;0.0667745242102865;1.03669815775915;0
10.34;0.0771239623890073;1.03274395544474;0
10.35;0.0874324945892452;1.0284869732659;0
10.36;0.0976971010242219;1.02392900767616;0
10.37;0.107914780264383;1.01907194226445;0
10.38;0.118082550105557;1.01391774704076;0
10.39;0.128197448429861;1.00846847769704;0
10.4;0.138256534059107;1.00272627484378;0
10.41;0.148256887600458;0.996693363222329;0
10.42;0.158195612284108;0.990372050893455;0
10.43;0.168069834792737;0.983764728402271;0
10.44;0.17787670608251;0.976873867919876;0
10.45;0.187613402195391;0.96970202236201;0
10.46;0.197277125062539;0.962251824485021;0
10.47;0.206865103298565;0.954525985959443;0
10.48;0.21637459298642;0.94652729642152;0
10.49;0.225802878452709;0.93825862250299;0
10.5;0.235147273033196;0.929722906839442;0
10.51;0.244405119828309;0.920923167057618;0
10.52;0.253573792448409;0.911862494741949;0
10.53;0.262650695748652;0.902544054380722;0
10.54;0.2716332665532;0.892971082292189;0
10.55;0.280518974368627;0.883146885530995;0
10.56;0.289305322086282;0.873074840775282;0
10.57;0.297989846673449;0.862758393194834;0
10.58;0.306570119853103;0.852201055300638;0
10.59;0.315043748772079;0.841406405776233;0
10.6;0.323408376657466;0.830378088291233;0
10.61;0.331661683461073;0.819119810297413;0
10.62;0.339801386491766;0.807635341807737;0
10.63;0.347825241035522;0.795928514158736;0
10.64;0.355731040963041;0.78400321875663;0
10.65;0.363516619324737;0.7718634058076;0
10.66;0.37117984893297;0.759513083032612;0
10.67;0.378718642931353;0.746956314367213;0
10.68;0.386130955350994;0.734197218646708;0
10.69;0.393414781653527;0.721239968277146;0
10.7;0.400568159260782;0.708088787892519;0
10.71;0.407589168070978;0.694747952998629;0
10.72;0.414475930961291;0.681221788604026;0
10.73;0.421226614276669;0.667514667838458;0
10.74;0.427839428304789;0.653631010559283;0
10.75;0.434312627737015;0.639575281946254;0
10.76;0.440644512115259;0.625351991085144;0
10.77;0.446833426264628;0.610965689540642;0
10.78;0.452877760711752;0.59642096991896;0
10.79;0.458775952088695;0.581722464420622;0
10.8;0.464526483522354;0.566874843383858;0
10.81;0.470127885009242;0.551882813819078;0
10.82;0.47557873377559;0.536751117934869;0
10.83;0.480877654622663;0.521484531655973;0
10.84;0.486023320257223;0.506087863133706;0
10.85;0.49101445160707;0.490565951249279;0
10.86;0.495849818121577;0.474923664110478;0
10.87;0.500528238057169;0.459165897542166;0
10.88;0.505048578747682;0.443297573571071;0
10.89;0.509409756859541;0.427323638905327;0
10.9;0.513610738631715;0.411249063409225;0
10.91;0.517650540100399;0.395078838573647;0
10.92;0.521528227308384;0.378817975982645;0
10.93;0.525242916499073;0.362471505776632;0
10.94;0.52879377429512;0.346044475112656;0
10.95;0.532180017861656;0.32954194662221;0
10.96;0.535400915054091;0.312968996867065;0
10.97;0.538455784550456;0.296330714793572;0
10.98;0.541343995968294;0.279632200185914;0
10.99;0.544064969966073;0.262878562118767;0
11;0.546618178329128;0.246074917409828;0
11.01;0.549003144040128;0.229226389072695;0
11.02;0.551219441334078;0.212338104770537;0
11.03;0.553266695737857;0.195415195271033;0
11.04;0.55514458409432;0.178462792903035;0
11.05;0.556852834570971;0.161486030015414;0
11.06;0.558391226653237;0.144490037438554;0
11.07;0.559759591122371;0.127479942948937;0
11.08;0.560957810018019;0.110460869737292;0
11.09;0.561985816585479;0.0934379348807392;0
11.1;0.562843595207711;0.0764162478194074;0
11.11;0.563531181322127;0.0594009088379458;0
11.12;0.564048661322221;0.042397007552398;0
11.13;0.564396172444099;0.0254096214028709;0
11.14;0.564573902637955;0.00844381415244594;0
11.15;0.564582090424574;-0.00849536560723123;0
11.16;0.564421024736918;-0.0254028859432441;0
11.17;0.564091044746869;-0.0422737330611493;0
11.18;0.563592539677222;-0.0591029127767397;0
11.19;0.562925948598983;-0.0758854519794003;0
11.2;0.562091760214089;-0.0926164000866317;0
11.21;0.561090512623604;-0.109290830489321;0
11.22;0.559922793081528;-0.12590384198734;0
11.23;0.558589237734275;-0.142450560215067;0
11.24;0.557090531345959;-0.158926139056404;0
11.25;0.555427407009564;-0.1753257620489;0
11.26;0.553600645844136;-0.191644643776574;0
11.27;0.551611076678091;-0.207878031251035;0
11.28;0.549459575718766;-0.224021205280502;0
11.29;0.547147066208343;-0.240069481826355;0
11.3;0.544674518066258;-0.256018213346801;0
11.31;0.542042947518232;-0.2718627901273;0
11.32;0.539253416712065;-0.287598641597362;0
11.33;0.536307033320321;-0.30322123763335;0
11.34;0.533204950130048;-0.318726089846915;0
11.35;0.529948364619679;-0.334108752858707;0
11.36;0.526538518523272;-0.349364825557009;0
11.37;0.522976697382222;-0.364489952340936;0
11.38;0.519264230084614;-0.379479824347849;0
11.39;0.515402488392381;-0.394330180664656;0
11.4;0.511392886456417;-0.40903680952266;0
11.41;0.507236880319815;-0.423595549475611;0
11.42;0.502935967409406;-0.438002290560664;0
11.43;0.498491686015766;-0.45225297544189;0
11.44;0.493905614761862;-0.466343600536067;0
11.45;0.489179372060531;-0.480270217120406;0
11.46;0.484314615560952;-0.494028932421938;0
11.47;0.479313041584316;-0.507615910688254;0
11.48;0.474176384548877;-0.521027374239312;0
11.49;0.468906416384555;-0.534259604500031;0
11.5;0.463504945937323;-0.547308943013385;0
11.51;0.457973818363529;-0.56017179243375;0
11.52;0.452314914514394;-0.572844617500207;0
11.53;0.446530150310855;-0.585323945989577;0
11.54;0.440621476108977;-0.597606369648912;0
11.55;0.434590876056126;-0.60968854510721;0
11.56;0.428440367438131;-0.621567194766117;0
11.57;0.422172000017622;-0.633239107669382;0
11.58;0.415787855363776;-0.644701140350832;0
11.59;0.409290046173681;-0.655950217660674;0
11.6;0.402680715585534;-0.666983333569885;0
11.61;0.395962036483897;-0.677797551952507;0
11.62;0.389136210797221;-0.68839000734564;0
11.63;0.382205468787888;-0.698757905686949;0
11.64;0.375172068334959;-0.7088985250295;0
11.65;0.368038294209897;-0.718809216233749;0
11.66;0.360806457345456;-0.728487403636515;0
11.67;0.353478894097997;-0.737930585696788;0
11.68;0.346057965503444;-0.747136335618191;0
11.69;0.338546056527121;-0.756102301947983;0
11.7;0.330945575307712;-0.764826209152438;0
11.71;0.323258952395563;-0.773305858168483;0
11.72;0.315488639985584;-0.781539126931459;0
11.73;0.307637111144978;-0.789523970878899;0
11.74;0.299706859036039;-0.797258423430207;0
11.75;0.291700396134267;-0.804740596442136;0
11.76;0.283620253442028;-0.811968680639969;0
11.77;0.275468979698024;-0.818940946024322;0
11.78;0.267249140582798;-0.825655742253479;0
11.79;0.258963317920522;-0.832111499001195;0
11.8;0.25061410887733;-0.838306726289898;0
11.81;0.242204125156416;-0.844240014799232;0
11.82;0.233735992190167;-0.849910036149892;0
11.83;0.225212348329567;-0.855315543162711;0
11.84;0.21663584403112;-0.860455370092955;0
11.85;0.20800914104154;-0.865328432839812;0
11.86;0.199334911580465;-0.869933729131042;0
11.87;0.190615837521429;-0.874270338682783;0
11.88;0.18185460957135;-0.878337423334504;0
11.89;0.173053926448781;-0.88213422715911;0
11.9;0.164216494061173;-0.885660076548206;0
11.91;0.155345024681394;-0.888914380272543;0
11.92;0.146442236123757;-0.891896629517658;0
11.93;0.137510850919803;-0.894606397894755;0
11.94;0.128553595494086;-0.897043341426859;0
11.95;0.119573199340208;-0.899207198510283;0
11.96;0.110572394197351;-0.90109778985148;0
11.97;0.101553913227548;-0.902715018379319;0
11.98;0.092520490193944;-0.904058869132873;0
11.99;0.0834748586402916;-0.905129409124782;0
12;0.0744197510719159;-0.905926787180282;0
12.01;0.0653578981384042;-0.906451233751979;0
12.02;0.0562920278182539;-0.906703060710487;0
12.03;0.0472248646057233;-0.906682661111;0
12.04;0.038159128700124;-0.906390508935949;0
12.05;0.0290975351977942;-0.905827158813829;0
12.06;0.0200427932869905;-0.904993245714342;0
12.07;0.0109976054459344;-0.903889484619974;0
12.08;0.0019646666442482;-0.902516670174161;0
12.09;-0.00705333645198524;-0.900875676306173;0
12.1;-0.0160537262713081;-0.898967455832879;0
12.11;-0.025033835123887;-0.896793040037547;0
12.12;-0.0339910059841976;-0.894353538225849;0
12.13;-0.0429225932691677;-0.891650137259242;0
12.14;-0.0518259636115525;-0.8886841010659;0
12.15;-0.0606984966283192;-0.885456770129384;0
12.16;-0.0695375856838187;-0.881969560955248;0
12.17;-0.0783406386475245;-0.878223965515768;0
12.18;-0.0871050786461222;-0.874221550673004;0
12.19;-0.0958283448097315;-0.869963957580411;0
12.2;-0.104507893012049;-0.865452901063196;0
12.21;-0.113141196604202;-0.860690168977672;0
12.22;-0.121725747142096;-0.855677621549806;0
12.23;-0.130259055107065;-0.850417190693223;0
12.24;-0.138738650619598;-0.84491087930688;0
12.25;-0.147162084145962;-0.839160760552687;0
12.26;-0.155526927197508;-0.833168977113283;0
12.27;-0.163830773022464;-0.826937740430271;0
12.28;-0.172071237290026;-0.820469329923138;0
12.29;-0.180245958766556;-0.813766092189143;0
12.3;-0.188352599983682;-0.806830440184443;0
12.31;-0.196388847898143;-0.799664852386738;0
12.32;-0.204352414543164;-0.792271871939709;0
12.33;-0.2122410376712;-0.784654105779544;0
12.34;-0.220052481387867;-0.776814223743846;0
12.35;-0.227784536776884;-0.768754957663212;0
12.36;-0.235435022515846;-0.760479100435795;0
12.37;-0.243001785482683;-0.751989505085145;0
12.38;-0.250482701352606;-0.743289083801653;0
12.39;-0.257875675185405;-0.734380806967902;0
12.4;-0.265178642002929;-0.725267702168251;0
12.41;-0.272389567356586;-0.715952853182972;0
12.42;-0.279506447884726;-0.706439398967274;0
12.43;-0.286527311859734;-0.696730532615541;0
12.44;-0.293450219724715;-0.686829500311121;0
12.45;-0.300273264619598;-0.676739600262004;0
12.46;-0.306994572896551;-0.666464181622741;0
12.47;-0.313612304624539;-0.656006643402933;0
12.48;-0.320124654082915;-0.645370433362664;0
12.49;-0.326529850243912;-0.634559046895211;0
12.5;-0.332826157243898;-0.623576025897394;0
12.51;-0.339011874843283;-0.612424957627937;0
12.52;-0.34508533887496;-0.601109473554182;0
12.53;-0.351044921681161;-0.589633248187541;0
12.54;-0.356889032538612;-0.577999997908048;0
12.55;-0.362616118071896;-0.566213479778367;0
12.56;-0.368224662654901;-0.554277490347663;0
12.57;-0.373713188800269;-0.542195864445677;0
12.58;-0.379080257536741;-0.529972473967406;0
12.59;-0.384324468774303;-0.517611226648757;0
12.6;-0.389444461657058;-0.505116064833566;0
12.61;-0.394438914903725;-0.492490964232357;0
12.62;-0.39930654713569;-0.479739932673237;0
12.63;-0.404046117192536;-0.466867008845306;0
12.64;-0.408656424434967;-0.45387626103498;0
12.65;-0.413136309035076;-0.440771785855609;0
12.66;-0.41748465225387;-0.427557706970791;0
12.67;-0.421700376706009;-0.414238173811771;0
12.68;-0.425782446611685;-0.400817360289316;0
12.69;-0.429729868035606;-0.387299463500475;0
12.7;-0.433541689113023;-0.373688702430599;0
12.71;-0.43721700026275;-0.359989316651043;0
12.72;-0.440754934387155;-0.346205565012923;0
12.73;-0.444154667059062;-0.332341724337355;0
12.74;-0.44741541669555;-0.318402088102536;0
12.75;-0.450536444718601;-0.304390965128112;0
12.76;-0.453517055702588;-0.290312678257191;0
12.77;-0.45635659750857;-0.276171563036425;0
12.78;-0.459054461405383;-0.261971966394553;0
12.79;-0.461610082177511;-0.2477182453198;0
12.8;-0.464022938219721;-0.233414765536533;0
12.81;-0.466292551618477;-0.219065900181581;0
12.82;-0.468418488220099;-0.204676028480594;0
12.83;-0.470400357685701;-0.190249534424865;0
12.84;-0.472237813532897;-0.175790805448993;0
12.85;-0.473930553164283;-0.161304231109778;0
12.86;-0.475478317882727;-0.146794201766767;0
12.87;-0.476880892893459;-0.132265107264813;0
12.88;-0.47813810729301;-0.117721335619058;0
12.89;-0.479249834045004;-0.103167271702726;0
12.9;-0.480215989942845;-0.0886072959381076;0
12.91;-0.481036535559335;-0.0740457829911368;0
12.92;-0.481711475183245;-0.0594871004699291;0
12.93;-0.482240856742899;-0.0449356076276758;0
12.94;-0.482624771716803;-0.0303956540702722;0
12.95;-0.482863355031377;-0.0158715784690574;0
12.96;-0.482956784945837;-0.00136770727904563;0
12.97;-0.482905282924284;0.013111646536979;0
12.98;-0.482709113495061;0.0275621847781289;0
12.99;-0.482368584097448;0.0419796252684733;0
13;-0.481884044915755;0.0563597031131239;0
13.01;-0.481255888700881;0.0706981719469811;0
13.02;-0.480484550579429;0.0849908051757804;0
13.03;-0.47957050785044;0.099233397209078;0
13.04;-0.478514279769842;0.113421764684823;0
13.05;-0.477316427322679;0.12755174768516;0
13.06;-0.475977552983241;0.141619210943117;0
13.07;-0.474498300463151;0.155620045039823;0
13.08;-0.472879354447539;0.169550167591934;0
13.09;-0.471121440319377;0.183405524428897;0
13.1;-0.469225323872091;0.197182090759745;0
13.11;-0.467191811010559;0.210875872329078;0
13.12;-0.465021747440589;0.224482906561897;0
13.13;-0.462716018347006;0.237999263696988;0
13.14;-0.460275548060462;0.251421047908503;0
13.15;-0.457701299713072;0.26474439841546;0
13.16;-0.454994274883024;0.277965490578816;0
13.17;-0.452155513228267;0.291080536985829;0
13.18;-0.449186092109416;0.304085788521394;0
13.19;-0.446087126202006;0.31697753542606;0
13.2;-0.442859767098218;0.329752108340429;0
13.21;-0.439505202898239;0.342405879335652;0
13.22;-0.436024657791361;0.354935262929731;0
13.23;-0.432419391627002;0.367336717089353;0
13.24;-0.428690699475758;0.379606744216979;0
13.25;-0.42483991118066;0.391741892122916;0
13.26;-0.420868390898779;0.403738754982104;0
13.27;-0.416777536633332;0.415593974275362;0
13.28;-0.412568779756441;0.427304239714839;0
13.29;-0.408243584522717;0.438866290153409;0
13.3;-0.403803447573823;0.450276914477785;0
13.31;-0.39924989743417;0.461532952485082;0
13.32;-0.394584493997938;0.472631295742634;0
13.33;-0.389808828007562;0.483568888430792;0
13.34;-0.384924520523872;0.494342728168526;0
13.35;-0.37993322238806;0.504949866821564;0
13.36;-0.374836613675636;0.515387411292904;0
13.37;-0.369636403142566;0.525652524295455;0
13.38;-0.364334327663762;0.535742425106625;0
13.39;-0.358932151664108;0.545654390304655;0
13.4;-0.353431666542206;0.555385754486515;0
13.41;-0.347834690087026;0.564933910967171;0
13.42;-0.342143065887649;0.574296312460046;0
13.43;-0.33635866273629;0.583470471738512;0
13.44;-0.330483374024792;0.592453962278241;0
13.45;-0.324519117134783;0.60124441888025;0
13.46;-0.31846783282169;0.609839538274498;0
13.47;-0.312331484592808;0.618237079703882;0
13.48;-0.306112058079611;0.626434865488484;0
13.49;-0.299811560404516;0.634430781569948;0
13.5;-0.293432019542292;0.642222778035847;0
13.51;-0.286975483676314;0.649808869623916;0
13.52;-0.280444020549867;0.657187136206048;0
13.53;-0.2738397168127;0.664355723251926;0
13.54;-0.26716467736304;0.671312842272196;0
13.55;-0.26042102468526;0.678056771241086;0
13.56;-0.253610898183419;0.684585854998367;0
13.57;-0.246736453510875;0.690898505630592;0
13.58;-0.239799861896174;0.69699320283151;0
13.59;-0.23280330946544;0.702868494241599;0
13.6;-0.225748996561448;0.708522995766651;0
13.61;-0.218639137059622;0.71395539187534;0
13.62;-0.21147595768114;0.719164435875733;0
13.63;-0.204261697303376;0.724148950170683;0
13.64;-0.196998606267877;0.728907826492079;0
13.65;-0.189688945686101;0.733440026113902;0
13.66;-0.182334986743113;0.737744580044081;0
13.67;-0.174939009999457;0.741820589195104;0
13.68;-0.167503304691429;0.745667224533385;0
13.69;-0.160030168029934;0.749283727207381;0
13.7;-0.152521904498174;0.752669408654443;0
13.71;-0.144980825148354;0.755823650686415;0
13.72;-0.13740924689763;0.758745905553997;0
13.73;-0.129809491823509;0.761435695989871;0
13.74;-0.122183886458911;0.763892615230636;0
13.75;-0.114534761087114;0.766116327017566;0
13.76;-0.106864449036777;0.768106565576232;0
13.77;-0.0991752859772667;0.769863135575033;0
13.78;-0.0914696092144955;0.771385912062678;0
13.79;-0.083749756987475;0.772674840384682;0
13.8;-0.0760180677658013;0.773729936078937;0
13.81;-0.0682768795482778;0.774551284750407;0
13.82;-0.0605285291628847;0.775139041925055;0
13.83;-0.0527753515683023;0.775493432883047;0
13.84;-0.045019679157196;0.775614752471334;0
13.85;-0.0372638410614667;0.775503364895714;0
13.86;-0.0295101624596733;0.775159703492445;0
13.87;-0.0217609638868308;0.774584270479541;0
13.88;-0.0140185605467862;0.773777636687839;0
13.89;-0.00628526162737437;0.772740441271964;0
13.9;0.00143663038144575;0.771473391401312;0
13.91;0.00914482036627514;0.769977261931171;0
13.92;0.0168370212655812;0.768252895054119;0
13.93;0.0245109547414298;0.766301199931844;0
13.94;0.0321643518474482;0.764123152307507;0
13.95;0.0397949536928244;0.761719794098827;0
13.96;0.0474005121021511;0.759092232972022;0
13.97;0.0549787902709238;0.756241641896773;0
13.98;0.0625275634165034;0.75316925868238;0
13.99;0.0700446194243567;0.749876385495277;0
14;0.0775277594893884;0.746364388358089;0
14.01;0.0849747987521818;0.742634696630397;0
14.02;0.0923835669299649;0.738688802471427;0
14.03;0.0997519089421234;0.734528260284818;0
14.04;0.107077685530081;0.730154686145703;0
14.05;0.114358773871371;0.725569757210278;0
14.06;0.12159306818773;0.720775211108078;0
14.07;0.128778480347026;0.715772845317172;0
14.08;0.135912940458879;0.710564516522488;0
14.09;0.142994397463774;0.705152139957499;0
14.1;0.150020819715529;0.699537688729482;0
14.11;0.156990195556932;0.693723193128595;0
14.12;0.163900533888405;0.687710739920999;0
14.13;0.170749864729525;0.681502471626259;0
14.14;0.177536239773247;0.675100585779286;0
14.15;0.184257732932685;0.668507334177045;0
14.16;0.190912440880283;0.6617250221103;0
14.17;0.197498483579242;0.654756007580638;0
14.18;0.204014004807056;0.647602700503044;0
14.19;0.210457172671;0.640267561894278;0
14.2;0.216826180115447;0.632753103047335;0
14.21;0.223119245420865;0.625061884692249;0
14.22;0.229334612694359;0.617196516143523;0
14.23;0.235470552351637;0.609159654434458;0
14.24;0.241525361590248;0.600954003438665;0
14.25;0.247497364853991;0.592582312979051;0
14.26;0.253384914288351;0.584047377924556;0
14.27;0.25918639018685;0.575352037274944;0
14.28;0.264900201428196;0.566499173233937;0
14.29;0.270524785904109;0.557491710270989;0
14.3;0.276058610937713;0.548332614172007;0
14.31;0.281500173692394;0.539024891079316;0
14.32;0.286848001571002;0.529571586521175;0
14.33;0.292100652605305;0.519975784431159;0
14.34;0.297256715835596;0.510240606157709;0
14.35;0.30231481168035;0.500369209464175;0
14.36;0.307273592295835;0.490364787519654;0
14.37;0.312131741925599;0.480230567880956;0
14.38;0.316887977239733;0.469969811466007;0
14.39;0.321541047663835;0.45958581151902;0
14.4;0.326089735697581;0.449081892567752;0
14.41;0.330532857222846;0.438461409373174;0
14.42;0.33486926180128;0.427727745871886;0
14.43;0.33909783296128;0.416884314111606;0
14.44;0.343217488474286;0.405934553180055;0
14.45;0.347227180620338;0.394881928127584;0
14.46;0.351125896442834;0.383729928883867;0
14.47;0.354912657992426;0.372482069169;0
14.48;0.358586522560003;0.361141885399336;0
14.49;0.362146582898716;0.349712935588402;0
14.5;0.365591967434983;0.338198798243228;0
14.51;0.368921840468442;0.32660307125643;0
14.52;0.372135402360811;0.314929370794388;0
14.53;0.375231889713603;0.303181330181853;0
14.54;0.378210575534684;0.291362598783334;0
14.55;0.381070769393621;0.279476840881592;0
14.56;0.383811817565812;0.267527734553595;0
14.57;0.386433103165362;0.255518970544268;0
14.58;0.388934046266684;0.243454251138382;0
14.59;0.391314104014818;0.231337289030921;0
14.6;0.393572770724444;0.219171806196273;0
14.61;0.395709577967584;0.206961532756578;0
14.62;0.397724094649988;0.194710205849583;0
14.63;0.399615927076189;0.182421568496339;0
14.64;0.401384719003249;0.17009936846908;0
14.65;0.403030151683171;0.15774735715962;0
14.66;0.404551943894008;0.145369288448617;0
14.67;0.405949851959668;0.132968917576028;0
14.68;0.407223669758431;0.120550000013103;0
14.69;0.40837322872019;0.108116290336241;0
14.7;0.409398397812442;0.0956715411030579;0
14.71;0.410299083515056;0.0832195017309875;0
14.72;0.41107522978383;0.0707639173787497;0
14.73;0.411726818002888;0.0583085278310201;0
14.74;0.412253866925926;0.0458570663866264;0
14.75;0.412656432606373;0.0334132587505998;0
14.76;0.412934608316474;0.0209808219304075;0
14.77;0.413088524455372;0.00856346313668845;0
14.78;0.413118348446202;-0.00383512131118416;0
14.79;0.413024284622281;-0.0162112470743949;0
14.8;0.412806574102413;-0.0285612428785146;0
14.81;0.412465494655394;-0.0408814515915503;0
14.82;0.412001360553756;-0.0531682312959025;0
14.83;0.411414522416825;-0.0654179563539195;0
14.84;0.410705367043147;-0.077627018466741;0
14.85;0.409874317232368;-0.0897918277261232;0
14.86;0.408921831596611;-0.101908813658945;0
14.87;0.407848404361465;-0.11397442626409;0
14.88;0.406654565156615;-0.125985137041415;0
14.89;0.405340878796244;-0.137937440012501;0
14.9;0.403907945049243;-0.149827852732898;0
14.91;0.402356398399357;-0.161652917295577;0
14.92;0.400686907795323;-0.173409201325305;0
14.93;0.398900176391113;-0.185093298963653;0
14.94;0.39699694127637;-0.196701831844363;0
14.95;0.394977973197133;-0.208231450058802;0
14.96;0.392844076266952;-0.219678833111219;0
14.97;0.3905960876685;-0.231040690863551;0
14.98;0.388234877345785;-0.242313764469498;0
14.99;0.385761347687068;-0.25349482729762;0
15;0.3831764331986;-0.264580685843184;0
15.01;0.380481100169297;-0.275568180628518;0
15.02;0.377676346326461;-0.286454187091617;0
15.03;0.374763200482663;-0.297235616462751;0
15.04;0.371742722173927;-0.307909416628848;0
15.05;0.368616001289317;-0.318472572985387;0
15.06;0.365384157692063;-0.328922109275602;0
15.07;0.362048340832358;-0.339255088416731;0
15.08;0.358609729351943;-0.349468613313117;0
15.09;0.355069530680631;-0.359559827655914;0
15.1;0.351428980624889;-0.369525916709195;0
15.11;0.347689342948619;-0.379364108082254;0
15.12;0.343851908946285;-0.389071672487878;0
15.13;0.339917997008519;-0.398645924486398;0
15.14;0.335888952180344;-0.408084223215323;0
15.15;0.331766145712182;-0.417383973104346;0
15.16;0.327550974603759;-0.426542624575557;0
15.17;0.323244861141094;-0.435557674728658;0
15.18;0.318849252426688;-0.444426668011009;0
15.19;0.314365619903093;-0.453147196872331;0
15.2;0.309795458869998;-0.461716902403896;0
15.21;0.305140287994993;-0.470133474962035;0
15.22;0.300401648818174;-0.478394654775807;0
15.23;0.295581105250737;-0.486498232538674;0
15.24;0.29068024306773;-0.494442049984034;0
15.25;0.28570066939513;-0.502224000444461;0
15.26;0.280644012191385;-0.509842029394523;0
15.27;0.275511919723622;-0.517294134977024;0
15.28;0.270306060038651;-0.524578368512572;0
15.29;0.265028120428957;-0.531692834992317;0
15.3;0.259679806893843;-0.538635693553756;0
15.31;0.254262843595884;-0.545405157939494;0
15.32;0.248778972312877;-0.551999496938845;0
15.33;0.243229951885447;-0.558417034812171;0
15.34;0.237617557660496;-0.564656151697869;0
15.35;0.231943580930648;-0.570715284001905;0
15.36;0.226209828369893;-0.576592924769812;0
15.37;0.220418121465576;-0.582287624041068;0
15.38;0.21457029594693;-0.587797989185789;0
15.39;0.208668201210319;-0.593122685223647;0
15.4;0.202713699741374;-0.598260435124967;0
15.41;0.196708666534197;-0.603210020093928;0
15.42;0.190654988507813;-0.60797027983383;0
15.43;0.184554563920053;-0.612540112794362;0
15.44;0.17840930177904;-0.616918476400836;0
15.45;0.172221121252473;-0.621104387265355;0
15.46;0.16599195107487;-0.625096921379865;0
15.47;0.159723728952971;-0.628895214291086;0
15.48;0.15341840096947;-0.632498461257287;0
15.49;0.147077920985257;-0.635905917386886;0
15.5;0.140704250040363;-0.639116897758882;0
15.51;0.134299355753778;-0.642130777525094;0
15.52;0.127865211722332;-0.644946991994225;0
15.53;0.121403796918809;-0.647565036697736;0
15.54;0.114917095089494;-0.649984467437573;0
15.55;0.108407094151321;-0.652204900315728;0
15.56;0.101875785588802;-0.654226011745682;0
15.57;0.0953251638509316;-0.656047538445749;0
15.58;0.0887572257482316;-0.657669277414353;0
15.59;0.082173969850129;-0.659091085887279;0
15.6;0.0755773958828407;-0.660312881276938;0
15.61;0.0689695041279465;-0.661334641093701;0
15.62;0.062352294821829;-0.662156402849352;0
15.63;0.0557277675561595;-0.662778263942721;0
15.64;0.0490979206796077;-0.663200381527562;0
15.65;0.0424647507009517;-0.663422972362744;0
15.66;0.035830251693766;-0.663446312644836;0
15.67;0.0291964147028623;-0.663270737823157;0
15.68;0.0225652271526582;-0.66289664239739;0
15.69;0.0159386722576484;-0.662324479697836;0
15.7;0.00931872843515061;-0.661554761648412;0
15.71;0.00270736872049902;-0.660588058512497;0
15.72;-0.00389343981514374;-0.659424998621719;0
15.73;-0.0104817366441865;-0.658066268087811;0
15.74;-0.0170555683590521;-0.65651261049763;0
15.75;-0.0236129892454946;-0.654764826591486;0
15.76;-0.0301520618526253;-0.652823773924879;0
15.77;-0.0366708575594824;-0.650690366513792;0
15.78;-0.0431674571379789;-0.648365574463668;0
15.79;-0.0496399513120687;-0.645850423582213;0
15.8;-0.0560864413129676;-0.643145994976164;0
15.81;-0.0625050394302707;-0.640253424632177;0
15.82;-0.0688938695588076;-0.63717390298198;0
15.83;-0.0752510677410793;-0.633908674451959;0
15.84;-0.0815747827051208;-0.630459036997325;0
15.85;-0.0878631763976373;-0.626826341621043;0
15.86;-0.0941144245122614;-0.623011991877683;0
15.87;-0.100326717012782;-0.61901744336237;0
15.88;-0.106498258651194;-0.614844203185012;0
15.89;-0.11262726948043;-0.610493829429997;0
15.9;-0.11871198536162;-0.605967930601525;0
15.91;-0.124750658465736;-0.601268165054791;0
15.92;-0.130741557769501;-0.5963962404132;0
15.93;-0.136682969545389;-0.591353912971809;0
15.94;-0.14257319784561;-0.586142987087212;0
15.95;-0.148410564979934;-0.580765314554062;0
15.96;-0.154193411987211;-0.575222793968444;0
15.97;-0.159920099100479;-0.569517370078319;0
15.98;-0.165589006205509;-0.563651033121242;0
15.99;-0.171198533292677;-0.557625818149587;0
16;-0.176747100902029;-0.551443804343496;0
16.01;-0.182233150561423;-0.545107114311785;0
16.02;-0.187655145217626;-0.538617913381027;0
16.03;-0.193011569660251;-0.531978408873055;0
16.04;-0.198300930938416;-0.52519084937112;0
16.05;-0.203521758770014;-0.518257523974939;0
16.06;-0.208672605943486;-0.511180761544878;0
16.07;-0.213752048711987;-0.503962929935519;0
16.08;-0.218758687179843;-0.496606435218849;0
16.09;-0.223691145681187;-0.489113720897334;0
16.1;-0.228548073150694;-0.481487267107122;0
16.11;-0.233328143486288;-0.473729589811637;0
16.12;-0.238030055903759;-0.465843239985814;0
16.13;-0.24265253528317;-0.457830802791245;0
16.14;-0.247194332506977;-0.449694896742497;0
16.15;-0.251654224789782;-0.44143817286486;0
16.16;-0.256031015999613;-0.433063313843798;0
16.17;-0.260323536970674;-0.424573033166376;0
16.18;-0.264530645807462;-0.41597007425492;0
16.19;-0.268651228180203;-0.407257209593207;0
16.2;-0.272684197611498;-0.398437239845429;0
16.21;-0.276628495754144;-0.389512992968238;0
16.22;-0.280483092660034;-0.380487323316123;0
16.23;-0.284246987040088;-0.371363110740426;0
16.24;-0.287919206515145;-0.362143259682248;0
16.25;-0.291498807857755;-0.352830698259556;0
16.26;-0.294984877224822;-0.343428377348754;0
16.27;-0.298376530381033;-0.333939269661014;0
16.28;-0.301672912913033;-0.324366368813645;0
16.29;-0.304873200434291;-0.314712688396798;0
16.3;-0.30797659878061;-0.304981261035781;0
16.31;-0.310982344196244;-0.295175137449285;0
16.32;-0.313889703510582;-0.285297385503798;0
16.33;-0.316697974305355;-0.275351089264516;0
16.34;-0.319406485072344;-0.265339348043014;0
16.35;-0.322014595361542;-0.255265275441998;0
16.36;-0.324521695919763;-0.245131998397403;0
16.37;-0.326927208819649;-0.234942656218148;0
16.38;-0.329230587579076;-0.224700399623832;0
16.39;-0.331431317270921;-0.214408389780658;0
16.4;-0.333528914623184;-0.204069797335887;0
16.41;-0.335522928109451;-0.193687801451112;0
16.42;-0.337412938029683;-0.183265588834631;0
16.43;-0.339198556581327;-0.172806352773235;0
16.44;-0.340879427920738;-0.162313292163674;0
16.45;-0.342455228214928;-0.151789610544117;0
16.46;-0.343925665683617;-0.141238515125877;0
16.47;-0.34529048063161;-0.130663215825708;0
16.48;-0.346549445471501;-0.120066924298943;0
16.49;-0.347702364736711;-0.109452852973783;0
16.5;-0.348749075084877;-0.0988242140870087;0
16.51;-0.349689445291605;-0.0881842187214056;0
16.52;-0.350523376234603;-0.0775360758451947;0
16.53;-0.351250800868224;-0.066882991353743;0
16.54;-0.351871684188433;-0.0562281671138445;0
16.55;-0.352386023188232;-0.045574800010851;0
16.56;-0.352793846803567;-0.0349260809989329;0
16.57;-0.353095215849758;-0.0242851941547522;0
16.58;-0.353290222948477;-0.0136553157348208;0
16.59;-0.353378992445316;-0.00303961323682608;0
16.6;-0.353361680317997;0.00755875553480751;0
16.61;-0.353238474075245;0.0181366433988431;0
16.62;-0.353009592646393;0.0286909147223747;0
16.63;-0.352675286261749;0.039218446340918;0
16.64;-0.352235836323797;0.0497161284731825;0
16.65;-0.351691555269264;0.0601808656302604;0
16.66;-0.35104278642213;0.0706095775189671;0
16.67;-0.350289903837623;0.0809991999390758;0
16.68;-0.349433312137281;0.0913466856741844;0
16.69;-0.348473446335126;0.101649005375962;0
16.7;-0.34741077165503;0.111903148441516;0
16.71;-0.346245783339336;0.12210612388364;0
16.72;-0.344979006448816;0.132254961193674;0
16.73;-0.343610995654031;0.142346711196755;0
16.74;-0.342142335018167;0.152378446899194;0
16.75;-0.340573637771447;0.162347264327753;0
16.76;-0.338905546077176;0.172250283360577;0
16.77;-0.33713873078952;0.182084648549544;0
16.78;-0.335273891203102;0.191847529933816;0
16.79;-0.333311754794501;0.201536123844342;0
16.8;-0.331253076955743;0.211147653699097;0
16.81;-0.329098640719897;0.220679370788846;0
16.82;-0.326849256478836;0.230128555053185;0
16.83;-0.3245057616933;0.239492515846677;0
16.84;-0.322069020595333;0.248768592694843;0
16.85;-0.319539923883209;0.257954156039814;0
16.86;-0.316919388408951;0.267046607975434;0
16.87;-0.314208356858544;0.27604338297161;0
16.88;-0.311407797424956;0.284941948587711;0
16.89;-0.308518703474073;0.293739806174828;0
16.9;-0.305542093203662;0.30243449156669;0
16.91;-0.302479009295481;0.31102357575906;0
16.92;-0.299330518560642;0.319504665577423;0
16.93;-0.296097711578355;0.327875404332787;0
16.94;-0.29278170232816;0.336133472465416;0
16.95;-0.289383627815792;0.344276588176332;0
16.96;-0.285904647692769;0.352302508046409;0
16.97;-0.282345943869857;0.360209027642897;0
16.98;-0.278708720124524;0.367993982113222;0
16.99;-0.274994201702512;0.375655246765899;0
17;-0.271203634913662;0.383190737638403;0
17.01;-0.267338286722115;0.39059841205186;0
17.02;-0.263399444331028;0.397876269152413;0
17.03;-0.25938841476194;0.405022350439109;0
17.04;-0.255306524428917;0.412034740278194;0
17.05;-0.251155118707611;0.418911566403668;0
17.06;-0.246935561499389;0.425651000403981;0
17.07;-0.242649234790644;0.43225125819475;0
17.08;-0.238297538207447;0.43871060047737;0
17.09;-0.233881888565682;0.445027333183418;0
17.1;-0.229403719416797;0.451199807904729;0
17.11;-0.224864480589312;0.45722642230905;0
17.12;-0.220265637726253;0.463105620541168;0
17.13;-0.215608671818621;0.468835893609415;0
17.14;-0.210895078735078;0.474415779757457;0
17.15;-0.20612636874797;0.479843864821296;0
17.16;-0.201304066055856;0.485118782571379;0
17.17;-0.196429708302675;0.490239215039759;0
17.18;-0.191504846093718;0.495203892832222;0
17.19;-0.186531042508535;0.500011595425322;0
17.2;-0.181509872610952;0.504661151448252;0
17.21;-0.17644292295633;0.509151438949494;0
17.22;-0.171331791096227;0.513481385648206;0
17.23;-0.166178085080618;0.517649969170278;0
17.24;-0.160983422957823;0.521656217269027;0
17.25;-0.155749432272292;0.525499208030487;0
17.26;-0.150477749560414;0.529178070063256;0
17.27;-0.145170019844496;0.532691982672872;0
17.28;-0.139827896125059;0.536040176020697;0
17.29;-0.134453038871628;0.539221931267276;0
17.3;-0.129047115512151;0.542236580700167;0
17.31;-0.123611799921208;0.545083507846228;0
17.32;-0.118148771907173;0.54776214756834;0
17.33;-0.112659716698473;0.550271986146592;0
17.34;-0.10714632442911;0.552612561343899;0
17.35;-0.101610289623593;0.554783462456083;0
17.36;-0.0960533106814429;0.556784330346416;0
17.37;-0.0904770893614165;0.558614857464649;0
17.38;-0.084883330265615;0.560274787850542;0
17.39;-0.0792737403236245;0.561763917121928;0
17.4;-0.0736500282768458;0.563082092447328;0
17.41;-0.0680139041631671;0.56422921250317;0
17.42;-0.0623670788021343;0.565205227415632;0
17.43;-0.0567112632807713;0.566010138687172;0
17.44;-0.0510481684402039;0.566643999107775;0
17.45;-0.0453795043632402;0.567106912650985;0
17.46;-0.0397069798630583;0.567399034354767;0
17.47;-0.0340323019731539;0.567520570187275;0
17.48;-0.0283571754386977;0.567471776897572;0
17.49;-0.0226833022094531;0.567252961851399;0
17.5;-0.0170123809344033;0.566864482852037;0
17.51;-0.0113461064582363;0.566306747946373;0
17.52;-0.00568616931983573;0.56558021521623;0
17.53;-3.4255252924643e-05;0.564685392555056;0
17.54;0.00560795531099271;0.56362283743007;0
17.55;0.0112387877372449;0.562393156629955;0
17.56;0.0168565736800199;0.560997005998199;0
17.57;0.0224596515716605;0.559435090152189;0
17.58;0.0280463671090877;0.557708162188167;0
17.59;0.0336150737372096;0.555817023372168;0
17.6;0.0391641331291773;0.553762522817038;0
17.61;0.0446919156633494;0.551545557145674;0
17.62;0.0501968008968262;0.549167070140598;0
17.63;0.0556771780354197;0.546628052379993;0
17.64;0.0611314463999229;0.543929540860347;0
17.65;0.0665580158885457;0.541072618605816;0
17.66;0.0719553074353858;0.538058414264478;0
17.67;0.0773217534648033;0.534888101691593;0
17.68;0.0826557983415694;0.531562899520029;0
17.69;0.0879558988166636;0.528084070718011;0
17.7;0.0932205244685902;0.52445292213433;0
17.71;0.0984481581400924;0.520670804031192;0
17.72;0.103637296370139;0.516739109604842;0
17.73;0.108786449821063;0.512659274494154;0
17.74;0.113894143700735;0.508432776277337;0
17.75;0.118958918179644;0.504061133956935;0
17.76;0.123979328802786;0.499545907433297;0
17.77;0.128953946896228;0.494888696966691;0
17.78;0.133881359968245;0.490091142628239;0
17.79;0.138760172104919;0.485154923739874;0
17.8;0.143589004360088;0.48008175830348;0
17.81;0.148366495139534;0.474873402419431;0
17.82;0.153091300579315;0.469531649694695;0
17.83;0.157762094918132;0.46405833064073;0
17.84;0.162377570863622;0.458455312061331;0
17.85;0.166936439952497;0.452724496430674;0
17.86;0.171437432904408;0.446867821261711;0
17.87;0.175879299969459;0.440887258465171;0
17.88;0.180260811269265;0.434784813699333;0
17.89;0.184580757131469;0.428562525710813;0
17.9;0.188837948417627;0.422222465666558;0
17.91;0.193031216844373;0.415766736477273;0
17.92;0.19715941529778;0.409197472112492;0
17.93;0.201221418140838;0.402516836907522;0
17.94;0.205216121513964;0.395727024862472;0
17.95;0.209142443628465;0.38883025893359;0
17.96;0.212999325052886;0.381828790317148;0
17.97;0.216785728992157;0.374724897726083;0
17.98;0.220500641559485;0.36752088665964;0
17.99;0.224143072040898;0.360219088666234;0
18;0.227712053152401;0.352821860599778;0
18.01;0.231206641289657;0.345331583869696;0
18.02;0.234625916770151;0.337750663684871;0
18.03;0.237968984067752;0.330081528291752;0
18.04;0.241234972039649;0.32232662820687;0
18.05;0.244423034145569;0.314488435443994;0
18.06;0.247532348659261;0.306569442736171;0
18.07;0.250562118872164;0.298572162752897;0
18.08;0.253511573289235;0.29049912731265;0
18.09;0.256379965816878;0.282352886591044;0
18.1;0.259166575942937;0.274136008324834;0
18.11;0.261870708908708;0.265851077012028;0
18.12;0.264491695872944;0.257500693108354;0
18.13;0.267028894067799;0.249087472220313;0
18.14;0.269481686946698;0.240614044295093;0
18.15;0.271849484324079;0.232083052807558;0
18.16;0.274131722507011;0.223497153944599;0
18.17;0.276327864418629;0.214859015787059;0
18.18;0.278437399713386;0.20617131748951;0
18.19;0.280459844884091;0.197436748458113;0
18.2;0.282394743360721;0.188658007526824;0
18.21;0.284241665600985;0.179837802132188;0
18.22;0.286000209172633;0.170978847486967;0
18.23;0.287669998827495;0.162083865752865;0
18.24;0.289250686567246;0.153155585212588;0
18.25;0.290741951700889;0.144196739441493;0
18.26;0.292143500893953;0.135210066479073;0
18.27;0.293455068209404;0.126198308000528;0
18.28;0.29467641514028;0.117164208488673;0
18.29;0.295807330634037;0.108110514406423;0
18.3;0.296847631108635;0.0990399733701094;0
18.31;0.297797160460352;0.0899553333238699;0
18.32;0.298655790063351;0.0808593417153622;0
18.33;0.299423418761016;0.0717547446730392;0
18.34;0.300099972849059;0.0626442861852362;0
18.35;0.300685406050437;0.0535307072813098;0
18.36;0.301179699482081;0.0444167452150708;0
18.37;0.301582861613478;0.0353051326507527;0
18.38;0.301894928217122;0.0261985968517551;0
18.39;0.302115962310867;0.0170998588723999;0
18.4;0.302246054092208;0.00801163275293823;0
18.41;0.302285320864532;-0.00106337528195676;0
18.42;0.302233906955369;-0.0101224676209768;0
18.43;0.302091983626685;-0.019162956060012;0
18.44;0.301859748977249;-0.0281821625918008;0
18.45;0.301537427837129;-0.0371774201911653;0
18.46;0.301125271654356;-0.0461460735956056;0
18.47;0.300623558373801;-0.0550854800810266;0
18.48;0.300032592308318;-0.0639930102323724;0
18.49;0.299352704002206;-0.072866048708948;0
18.5;0.298584250087042;-0.081701995004205;0
18.51;0.297727613129944;-0.0904982641997764;0
18.52;0.29678320147431;-0.0992522877135418;0
18.53;0.295751449073121;-0.10796151404151;0
18.54;0.294632815314839;-0.116623409493309;0
18.55;0.293427784841989;-0.125235458921067;0
18.56;0.292136867362474;-0.133795166441489;0
18.57;0.290760597453711;-0.142300056150915;0
18.58;0.289299534359639;-0.150747672833157;0
18.59;0.287754261780691;-0.159135582659922;0
18.6;0.286125387656784;-0.167461373883621;0
18.61;0.284413543943432;-0.175722657522361;0
18.62;0.282619386381026;-0.183917068036948;0
18.63;0.280743594257398;-0.192042263999685;0
18.64;0.278786870163726;-0.200095928754803;0
18.65;0.27674993974387;-0.208075771070329;0
18.66;0.274633551437238;-0.21597952578121;0
18.67;0.272438476215251;-0.22380495442352;0
18.68;0.270165507311514;-0.231549845859573;0
18.69;0.267815459945773;-0.239212016893769;0
18.7;0.26538917104176;-0.246789312879008;0
18.71;0.262887498939011;-0.254279608313501;0
18.72;0.260311323098763;-0.261680807427822;0
18.73;0.25766154380403;-0.268990844762036;0
18.74;0.254939081853942;-0.27620768573275;0
18.75;0.252144878252468;-0.283329327189934;0
18.76;0.249279893891617;-0.290353797963362;0
18.77;0.246345109229214;-0.297279159398532;0
18.78;0.243341523961376;-0.30410350588191;0
18.79;0.240270156689775;-0.310824965355372;0
18.8;0.237132044583809;-0.317441699819704;0
18.81;0.233928243037792;-0.323951905827024;0
18.82;0.230659825323258;-0.330353814962004;0
18.83;0.22732788223652;-0.336645694311757;0
18.84;0.223933521741569;-0.342825846924287;0
18.85;0.220477868608442;-0.348892612255354;0
18.86;0.216962064047183;-0.354844366603675;0
18.87;0.213387265337492;-0.360679523534317;0
18.88;0.209754645454203;-0.366396534290206;0
18.89;0.2060653926887;-0.371993888191622;0
18.9;0.202320710266382;-0.377470113023601;0
18.91;0.198521815960328;-0.38282377541114;0
18.92;0.194669941701244;-0.38805348118211;0
18.93;0.190766333183854;-0.3931578757178;0
18.94;0.18681224946983;-0.398135644290997;0
18.95;0.182808962587402;-0.402985512391528;0
18.96;0.178757757127771;-0.407706246039191;0
18.97;0.174659929838446;-0.412296652083995;0
18.98;0.170516789213638;-0.416755578493643;0
18.99;0.166329655081837;-0.421081914628202;0
19;0.1620998581907;-0.425274591501885;0
19.01;0.157828739789377;-0.429332582031906;0
19.02;0.15351765120841;-0.433254901274335;0
19.03;0.149167953437333;-0.43704060664693;0
19.04;0.144781016700097;-0.440688798138874;0
19.05;0.140358220028462;-0.444198618507398;0
19.06;0.135900950833481;-0.447569253461247;0
19.07;0.131410604475205;-0.450799931830951;0
19.08;0.126888583830749;-0.453889925725877;0
19.09;0.122336298860848;-0.456838550678046;0
19.1;0.117755166175027;-0.45964516577267;0
19.11;0.113146608595533;-0.462309173765432;0
19.12;0.108512054720153;-0.464830021186451;0
19.13;0.10385293848405;-0.467207198430962;0
19.14;0.099170698720748;-0.469440239836682;0
19.15;0.0944667787224155;-0.471528723747878;0
19.16;0.089742625799555;-0.47347227256613;0
19.17;0.0849996908402525;-0.475270552787797;0
19.18;0.0802394278691096;-0.476923275028207;0
19.19;0.0754632936059936;-0.478430194032574;0
19.2;0.0706727470247382;-0.479791108673674;0
19.21;0.0658692489119271;-0.481005861936294;0
19.22;0.0610542614258922;-0.482074340888483;0
19.23;0.0562292476560591;-0.482996476639641;0
19.24;0.0513956711827698;-0.483772244285478;0
19.25;0.0465549956377161;-0.484401662839881;0
19.26;0.041708684265112;-0.484884795153732;0
19.27;0.036858199483737;-0.485221747820729;0
19.28;0.0320050024499792;-0.485412671070253;0
19.29;0.0271505526220082;-0.485457758647339;0
19.3;0.022296307325206;-0.485357247679809;0
19.31;0.0174437213189835;-0.485111418532633;0
19.32;0.0125942463651117;-0.484720594649576;0
19.33;0.00774933079769233;-0.484185142382199;0
19.34;0.00291041909489614;-0.483505470806304;0
19.35;-0.00192104854740803;-0.482682031525875;0
19.36;-0.00674363664000696;-0.481715318464617;0
19.37;-0.0115559148225569;-0.480605867645159;0
19.38;-0.016356458283534;-0.479354256956028;0
19.39;-0.0211438481778005;-0.477961105906459;0
19.4;-0.0259166720416635;-0.476427075369166;0
19.41;-0.0306735242053087;-0.474752867311145;0
19.42;-0.0354130062024878;-0.472939224512623;0
19.43;-0.0401337271773433;-0.47098693027426;0
19.44;-0.0448343042882521;-0.468896808112705;0
19.45;-0.049513363108573;-0.466669721444618;0
19.46;-0.0541695380241832;-0.464306573259279;0
19.47;-0.0588014726276892;-0.461808305779896;0
19.48;-0.0634078201092011;-0.45917590011373;0
19.49;-0.067987243643558;-0.456410375891173;0
19.5;-0.0725384167738949;-0.453512790893891;0
19.51;-0.0770600237914423;-0.450484240672177;0
19.52;-0.0815507601114516;-0.447325858151633;0
19.53;-0.0860093326451391;-0.444038813229331;0
19.54;-0.0904344601675455;-0.440624312359581;0
19.55;-0.0948248736812063;-0.437083598129452;0
19.56;-0.0991793167755322;-0.433417948824197;0
19.57;-0.103496545981799;-0.429628677982718;0
19.58;-0.107775331123646;-0.425717133943229;0
19.59;-0.112014455662992;-0.421684699379269;0
19.6;-0.116212717041264;-0.417532790826224;0
19.61;-0.120368927015849;-0.413262858198502;0
19.62;-0.124481911991679;-0.408876384297543;0
19.63;-0.128550513347858;-0.40437488431081;0
19.64;-0.132573587759228;-0.399759905301936;0
19.65;-0.13655000751281;-0.39503302569219;0
19.66;-0.140478660819013;-0.390195854733434;0
19.67;-0.144358452117538;-0.385250031972747;0
19.68;-0.14818830237789;-0.380197226708888;0
19.69;-0.151967149394424;-0.375039137440768;0
19.7;-0.155693948075829;-0.369777491308126;0
19.71;-0.159367670728997;-0.364414043524573;0
19.72;-0.162987307337178;-0.358950576803203;0
19.73;-0.166551865832369;-0.353388900774939;0
19.74;-0.170060372361843;-0.347730851399819;0
19.75;-0.173511871548771;-0.341978290371391;0
19.76;-0.176905426746847;-0.33613310451443;0
19.77;-0.180240120288871;-0.330197205176144;0
19.78;-0.183515053729207;-0.324172527611085;0
19.79;-0.186729348080066;-0.318061030359949;0
19.8;-0.189882144041554;-0.311864694622457;0
19.81;-0.192972602225414;-0.30558552362453;0
19.82;-0.195999903372423;-0.299225541979942;0
19.83;-0.198963248563379;-0.292786795046668;0
19.84;-0.201861859423626;-0.286271348278108;0
19.85;-0.20469497832107;-0.279681286569409;0
19.86;-0.207461868557639;-0.273018713599086;0
19.87;-0.210161814554138;-0.266285751166137;0
19.88;-0.212794122028454;-0.259484538522867;0
19.89;-0.21535811816707;-0.252617231703631;0
19.9;-0.217853151789854;-0.245686002849697;0
19.91;-0.220278593508073;-0.23869303953044;0
19.92;-0.222633835875611;-0.231640544061079;0
19.93;-0.22491829353334;-0.224530732817169;0
19.94;-0.227131403346629;-0.217365835546053;0
19.95;-0.229272624535958;-0.210148094675488;0
19.96;-0.231341438800593;-0.202879764619664;0
19.97;-0.233337350435324;-0.195563111082817;0
19.98;-0.235259886440223;-0.188200410360656;0
19.99;-0.237108596623405;-0.180793948639819;0
20;-0.238883053696782;-0.173346021295561;0
