0;0.645534505981322;0.0616097591622531;0
0.01;0.646062991174103;0.0421436227126192;0
0.02;0.646396903918952;0.0226983091218299;0
0.03;0.646536478527721;0.00327961153894118;0
0.04;0.646482007164451;-0.0161066948219259;0
0.05;0.646233839658366;-0.035454854381942;0
0.06;0.645792383299898;-0.0547591328891186;0
0.07;0.645158102619842;-0.0740138191005555;0
0.08;0.644331519151732;-0.0932132264549015;0
0.09;0.643313211177533;-0.112351694734541;0
0.1;0.642103813456769;-0.131423591717027;0
0.11;0.640704016939176;-0.150423314815287;0
0.12;0.639114568461011;-0.169345292706118;0
0.13;0.637336270425132;-0.188183986946525;0
0.14;0.635369980464966;-0.206933893577408;0
0.15;0.633216611092504;-0.225589544714174;0
0.16;0.630877129330445;-0.244145510123786;0
0.17;0.628352556328636;-0.262596398787824;0
0.18;0.625643966964946;-0.280936860451103;0
0.19;0.622752489430718;-0.299161587155409;0
0.2;0.619679304800955;-0.317265314757921;0
0.21;0.616425646589389;-0.335242824433888;0
0.22;0.612992800288599;-0.35308894416314;0
0.23;0.609382102895336;-0.370798550200013;0
0.24;0.605594942421225;-0.388366568526281;0
0.25;0.601632757389019;-0.405787976286675;0
0.26;0.597497036314571;-0.423057803206611;0
0.27;0.593189317174716;-0.440171132991708;0
0.28;0.58871118686124;-0.457123104708728;0
0.29;0.584064280621123;-0.473908914147542;0
0.3;0.579250281483249;-0.490523815163756;0
0.31;0.574270919671781;-0.506963121001618;0
0.32;0.569127972006396;-0.52322220559686;0
0.33;0.563823261289578;-0.539296504859092;0
0.34;0.558358655681187;-0.555181517933429;0
0.35;0.552736068060508;-0.570872808440989;0
0.36;0.546957455375979;-0.586366005697926;0
0.37;0.541024817982845;-0.601656805912685;0
0.38;0.53494019896892;-0.616740973361142;0
0.39;0.52870568346871;-0.631614341539319;0
0.4;0.522323397966111;-0.646272814293375;0
0.41;0.515795509585901;-0.660712366926557;0
0.42;0.509124225374279;-0.674929047282839;0
0.43;0.502311791568663;-0.688918976806945;0
0.44;0.495360492857004;-0.702678351580495;0
0.45;0.488272651626843;-0.716203443333989;0
0.46;0.481050627204354;-0.729490600434382;0
0.47;0.473696815083631;-0.742536248847987;0
0.48;0.466213646146448;-0.755336893078459;0
0.49;0.458603585872761;-0.76788911707963;0
0.5;0.450869133542189;-0.780189585142953;0
0.51;0.443012821426741;-0.792235042759346;0
0.52;0.435037213975033;-0.804022317455206;0
0.53;0.426944906988273;-0.8155483196024;0
0.54;0.418738526788252;-0.826810043202032;0
0.55;0.410420729377627;-0.83780456664179;0
0.56;0.40199419959274;-0.848529053426697;0
0.57;0.393461650249256;-0.858980752883092;0
0.58;0.384825821280883;-0.869157000835674;0
0.59;0.376089478871439;-0.879055220257457;0
0.6;0.367255414580544;-0.888672921892479;0
0.61;0.358326444463211;-0.898007704851135;0
0.62;0.349305408183599;-0.907057257177993;0
0.63;0.340195168123223;-0.915819356391983;0
0.64;0.330998608483881;-0.92429186999883;0
0.65;0.321718634385577;-0.932472755975634;0
0.66;0.312358170959735;-0.940360063227497;0
0.67;0.302920162437967;-0.947951932016108;0
0.68;0.293407571236678;-0.955246594360211;0
0.69;0.283823377037799;-0.962242374407874;0
0.7;0.274170575865924;-0.9689376887805;0
0.71;0.264452179162129;-0.975331046888535;0
0.72;0.254671212854769;-0.981421051218814;0
0.73;0.244830716427523;-0.987206397593508;0
0.74;0.23493374198498;-0.992685875400657;0
0.75;0.224983353316048;-0.997858367796253;0
0.76;0.21498262495547;-1.00272285187787;0
0.77;0.204934641243729;-1.00727839882984;0
0.78;0.194842495385636;-1.01152417403995;0
0.79;0.18470928850787;-1.01545943718776;0
0.8;0.174538128715774;-1.01908354230443;0
0.81;0.164332130149664;-1.0223959378042;0
0.82;0.15409441204097;-1.02539616648756;0
0.83;0.143828097768461;-1.02808386551602;0
0.84;0.133536313914847;-1.03045876635875;0
0.85;0.123222189324054;-1.03252069471096;0
0.86;0.112888854159427;-1.03426957038424;0
0.87;0.102539438963169;-1.03570540716878;0
0.88;0.0921770737172724;-1.03682831266781;0
0.89;0.0818048869062393;-1.03763848810401;0
0.9;0.0714260045818587;-1.03813622809838;0
0.91;0.0610435494303204;-1.03832192042135;0
0.92;0.0506606398419416;-1.03819604571646;0
0.93;0.0402801121501532;-1.03787780216841;-0.029668665874215
0.94;0.0299027118988027;-1.03757508805811;-0.0626338501788984
0.95;0.0195282538522594;-1.03729125885626;-0.0955990344835818
0.96;0.00915654891987564;-1.03702636718673;-0.128564218788265
0.97;-0.00121259248928675;-1.03678045990621;-0.161529403092949
0.98;-0.0115793604087648;-1.03655357810011;-0.194494587397632
0.99;-0.0219439452569691;-1.03634575708012;-0.227459771702315
1;-0.0323065377794425;-1.03615702638358;-0.260424956006999
1.01;-0.0426673289911198;-1.03598740977455;-0.293390140311682
1.02;-0.0530265101186063;-1.0358369252466;-0.326355324616365
1.03;-0.0633842725424914;-1.0357055850273;-0.359320508921049
1.04;-0.0737408077397158;-1.03559339558454;-0.392285693225732
1.05;-0.084096307226009;-1.03550035763442;-0.425250877530416
1.06;-0.0944509624984133;-1.03542646615097;-0.458216061835099
1.07;-0.104804964977913;-1.03537171037749;-0.491181246139782
1.08;-0.115158505952184;-1.03533607383963;-0.524146430444466
1.09;-0.125511776518484;-1.03531953436017;-0.557111614749149
1.1;-0.135864967526694;-1.03532206407548;-0.590076799053832
1.11;-0.146218269522537;-1.03534362945359;-0.623041983358516
1.12;-0.15657187269098;-1.03538419131406;-0.656007167663199
1.13;-0.166925966799846;-1.03544370484937;-0.688972351967883
1.14;-0.177280741143645;-1.03552211964805;-0.721937536272566
1.15;-0.187636384487644;-1.03561937971942;-0.754902720577249
1.16;-0.197993085012196;-1.03573542351997;-0.787867904881933
1.17;-0.20835103025733;-1.03587018398131;-0.820833089186616
1.18;-0.218710407067638;-1.03602358853986;-0.8537982734913
1.19;-0.229071401537462;-1.03619555916793;-0.886763457795983
1.2;-0.239434198956401;-1.0363860124066;-0.916432123670198
1.21;-0.2497980445659;-1.0362653772542;-0.883466939365515
1.22;-0.260157803649503;-1.03550492936362;-0.850501755060831
1.23;-0.270507083897608;-1.03410599631364;-0.817536570756148
1.24;-0.280839507128022;-1.03207009479397;-0.784571386451465
1.25;-0.291148711173604;-1.02939892982561;-0.751606202146781
1.26;-0.301428351761872;-1.02609439392607;-0.718641017842098
1.27;-0.311672104386004;-1.02215856621985;-0.685675833537414
1.28;-0.321873666166707;-1.01759371149443;-0.652710649232731
1.29;-0.332026757704405;-1.01240227920234;-0.619745464928048
1.3;-0.342125124921193;-1.0065869024095;-0.586780280623364
1.31;-0.352162540892048;-1.00015039669035;-0.553815096318681
1.32;-0.362132807664749;-0.993095758970218;-0.520849912013997
1.33;-0.37202975806798;-0.985426166315259;-0.487884727709314
1.34;-0.381847257507105;-0.977144974670482;-0.454919543404631
1.35;-0.391579205747084;-0.96825571754635;-0.421954359099947
1.36;-0.401219538682038;-0.958762104654396;-0.388989174795264
1.37;-0.410762230090926;-0.948668020492363;-0.35602399049058
1.38;-0.42020129337886;-0.937977522879387;-0.323058806185897
1.39;-0.429530783303546;-0.926694841441741;-0.290093621881214
1.4;-0.438744797686359;-0.914824376049682;-0.25712843757653
1.41;-0.447837479107573;-0.902370695205947;-0.224163253271847
1.42;-0.456803016585256;-0.889338534386477;-0.191198068967164
1.43;-0.465635647237365;-0.875732794333933;-0.15823288466248
1.44;-0.474329657926559;-0.861558539304611;-0.125267700357797
1.45;-0.482879386887277;-0.846820995269352;-0.0923025160531135
1.46;-0.491279225334626;-0.831525548069066;-0.05933733174843
1.47;-0.499523619054608;-0.815677741525507;-0.0263721474437467
1.48;-0.507607069975273;-0.799286572026372;0
1.49;-0.515524862659072;-0.782565442414201;0
1.5;-0.523274513291712;-0.765638468696813;0
1.51;-0.530853987814732;-0.748511078690037;0
1.52;-0.538261306677623;-0.731188750957966;0
1.53;-0.54549454533753;-0.71367701308348;0
1.54;-0.552551834741619;-0.695981439927051;0
1.55;-0.559431361791971;-0.67810765187436;0
1.56;-0.566131369792918;-0.660061313073287;0
1.57;-0.572650158880684;-0.641848129660814;0
1.58;-0.578986086435268;-0.62347384798038;0
1.59;-0.585137567474452;-0.604944252790256;0
1.6;-0.591103075029854;-0.58626516546348;0
1.61;-0.596881140504951;-0.567442442179907;0
1.62;-0.602470354014978;-0.548481972110946;0
1.63;-0.607869364708653;-0.529389675597504;0
1.64;-0.61307688107165;-0.510171502321744;0
1.65;-0.618091671211764;-0.49083342947317;0
1.66;-0.62291256312571;-0.471381459909628;0
1.67;-0.627538444947517;-0.451821620313772;0
1.68;-0.631968265178462;-0.432159959345554;0
1.69;-0.636201032898521;-0.412402545791305;0
1.7;-0.640235817959289;-0.392555466709958;0
1.71;-0.644071751158357;-0.37262482557699;0
1.72;-0.647708024395118;-0.352616740426621;0
1.73;-0.651143890807992;-0.332537341992849;0
1.74;-0.654378664893052;-0.312392771849875;0
1.75;-0.657411722604061;-0.292189180552465;0
1.76;-0.660242501433909;-0.271932725776827;0
1.77;-0.662870500477465;-0.25162957046254;0
1.78;-0.665295280475856;-0.231285880956107;0
1.79;-0.667516463842191;-0.210907825156665;0
1.8;-0.66953373466875;-0.190501570664433;0
1.81;-0.671346838715676;-0.170073282932416;0
1.82;-0.672955583381202;-0.14962912342194;0
1.83;-0.674359837653443;-0.129175247762547;0
1.84;-0.675559532043823;-0.108717803916806;0
1.85;-0.676554658502164;-0.0882629303505721;0
1.86;-0.677345270313503;-0.0678167542092396;0
1.87;-0.677931481976713;-0.0473853895005212;0
1.88;-0.678313469064964;-0.0269749352842897;0
1.89;-0.678491468068135;-0.00659147387001173;0
1.9;-0.678465776217224;0.0137589309777005;0
1.91;-0.678236751290856;0.0340702358248936;0
1.92;-0.677804811403976;0.0543364193449136;0
1.93;-0.677170434778812;0.0745514840853674;0
1.94;-0.676334159498226;0.0947094582248894;0
1.95;-0.675296583241527;0.114804397319206;0
1.96;-0.674058363002895;0.134830386035996;0
1.97;-0.672620214792489;0.154781539878032;0
1.98;-0.670982913320389;0.174652006894136;0
1.99;-0.669147291663483;0.194435969377418;0
2;-0.667114240915434;0.214127645550342;0
2.01;-0.664884709819845;0.233721291236128;0
2.02;-0.662459704386792;0.253211201516002;0
2.03;-0.65984028749283;0.272591712371834;0
2.04;-0.657027578464659;0.291857202313693;0
2.05;-0.654022752646569;0.311002093991856;0
2.06;-0.650827040951842;0.330020855792814;0
2.07;-0.647441729398275;0.348908003418825;0
2.08;-0.643868158627969;0.367658101450571;0
2.09;-0.640107723411577;0.386265764892477;0
2.1;-0.636161872137185;0.404725660700255;0
2.11;-0.63203210628398;0.423032509290255;0
2.12;-0.627719979880934;0.441181086030193;0
2.13;-0.623227098950636;0.459166222710849;0
2.14;-0.618555120938526;0.476982808998316;0
2.15;-0.613705754127665;0.49462579386641;0
2.16;-0.608680757039299;0.512090187008836;0
2.17;-0.603481937819371;0.529371060230727;0
2.18;-0.598111153611226;0.546463548819177;0
2.19;-0.592570309914703;0.56336285289238;0
2.2;-0.586861359931834;0.580064238727024;0
2.21;-0.580986303899361;0.596563040063571;0
2.22;-0.574947188408312;0.612854659389065;0
2.23;-0.568746105710847;0.628934569197139;0
2.24;-0.562385193014602;0.644798313224857;0
2.25;-0.55586663176478;0.660441507666087;0
2.26;-0.549192646914207;0.67585984236106;0
2.27;-0.542365506181607;0.691049081961814;0
2.28;-0.535387519298323;0.706005067073208;0
2.29;-0.528261037243754;0.720723715369202;0
2.3;-0.520988451469725;0.735201022684127;0
2.31;-0.513572193114068;0.749433064078638;0
2.32;-0.506014732203656;0.763415994880097;0
2.33;-0.498318576847151;0.777146051697097;0
2.34;-0.490486272417717;0.790619553407887;0
2.35;-0.482520400725978;0.803832902122431;0
2.36;-0.474423579183468;0.816782584117863;0
2.37;-0.466198459956842;0.829465170747109;0
2.38;-0.45784772911314;0.841877319320445;0
2.39;-0.449374105756335;0.854015773959765;0
2.4;-0.440780341155483;0.86587736642537;0
2.41;-0.432069217864713;0.877459016915057;0
2.42;-0.423243548835365;0.888757734835328;0
2.43;-0.414306176520527;0.899770619544529;0
2.44;-0.405259971972287;0.910494861067755;0
2.45;-0.396107833931944;0.920927740783338;0
2.46;-0.386852687913493;0.931066632080781;0
2.47;-0.377497485280663;0.940909000989973;0
2.48;-0.368045202317782;0.950452406781553;0
2.49;-0.358498839294777;0.959694502538298;0
2.5;-0.348861419526586;0.968633035697403;0
2.51;-0.339135988427285;0.977265848563544;0
2.52;-0.32932561255921;0.985590878792627;0
2.53;-0.319433378677372;0.993606159846118;0
2.54;-0.309462392769472;1.00130982141587;0
2.55;-0.29941577909179;1.00870008981941;0
2.56;-0.289296679201261;1.01577528836548;0
2.57;-0.279108250984021;1.02253383769005;0
2.58;-0.268853667680742;1.02897425606237;0
2.59;-0.258536116909021;1.03509515966141;0
2.6;-0.248158799683155;1.04089526282238;0
2.61;-0.237724929431579;1.04637337825339;0
2.62;-0.227237731012267;1.05152841722235;0
2.63;-0.216700439726408;1.05635938971386;0
2.64;-0.206116300330638;1.06086540455638;0
2.65;-0.195488566048144;1.06504566951945;0
2.66;-0.18482049757892;1.06889949138113;0
2.67;-0.174115362109492;1.07242627596566;0
2.68;-0.163376432322394;1.07562552815132;0
2.69;-0.152606985405704;1.07849685184859;0
2.7;-0.141810302062924;1.08103994994873;0
2.71;-0.130989665523517;1.08325462424268;0
2.72;-0.120148360554383;1.08514077531051;0
2.73;-0.109289672472572;1.08669840238146;0
2.74;-0.0984168861595294;1.0879276031646;0
2.75;-0.08753328507717;1.08882857365029;0
2.76;-0.0766421502860628;1.08940160788252;0
2.77;-0.0657467594660271;1.08964709770226;0
2.78;-0.0548503859394239;1.0895655324619;0
2.79;-0.0439562976974317;1.08915749871096;0
2.8;-0.0330677564295949;1.08842367985327;0
2.81;-0.0221880165569286;1.08736485577559;0
2.82;-0.0113203242688637;1.08598190244805;0
2.83;-0.000467916564314934;1.08427579149641;0
2.84;0.0103659797028477;1.08224758974642;0
2.85;0.0211781487736466;1.07989845874039;0
2.86;0.0319653869288854;1.07722965422625;0
2.87;0.0427245034288051;1.0742425256192;0
2.88;0.0534523214472342;1.07093851543622;0
2.89;0.0641456789999631;1.06731915870364;0
2.9;0.0748014298670733;1.06338608233806;0
2.91;0.0854164445089567;1.05914100450066;0
2.92;0.0959876109757592;1.05458573392541;0
2.93;0.10651183580999;1.04972216922118;0
2.94;0.116986044942036;1.04455229814814;0
2.95;0.127407184578323;1.03907819686874;0
2.96;0.137772222081877;1.03330202917337;0
2.97;0.148078146845027;1.02722604568114;0
2.98;0.158321971154005;1.02085258301603;0
2.99;0.168500731045197;1.01418406295866;0
3;0.178611487152803;1.00722299157393;0
3.01;0.188651325547669;0.999971958314975;0
3.02;0.198617358567051;0.992433635103638;0
3.03;0.208506725635076;0.984610775387782;0
3.04;0.218316594073677;0.976506213175807;0
3.05;0.228044159903775;0.968122862048666;0
3.06;0.237686648636471;0.95946371414973;0
3.07;0.247241316054048;0.950531839152841;0
3.08;0.256705448980552;0.941330383208893;0
3.09;0.266076366041744;0.931862567871304;0
3.1;0.275351418414215;0.922131689000728;0
3.11;0.284527990563452;0.912141115649376;0
3.12;0.293603500970662;0.901894288925318;0
3.13;0.302575402848144;0.891394720837131;0
3.14;0.311441184843028;0.880645993119286;0
3.15;0.320198371729176;0.869651756038649;0
3.16;0.328844525087069;0.85841572718249;0
3.17;0.337377243971488;0.846941690228394;0
3.18;0.345794165566818;0.835233493696483;0
3.19;0.354092965829795;0.82329504968433;0
3.2;0.362271360119525;0.811130332585005;0
3.21;0.370327103814609;0.798743377788642;0
3.22;0.378257992917212;0.786138280367952;0
3.23;0.386061864643916;0.77331919374811;0
3.24;0.393736598003203;0.760290328361433;0
3.25;0.401280114359417;0.747055950287283;0
3.26;0.408690377983063;0.733620379877625;0
3.27;0.415965396587297;0.71998799036868;0
3.28;0.423103221850467;0.706163206479111;0
3.29;0.430101949924588;0.692150502995185;0
3.3;0.436959721929597;0.677954403343362;0
3.31;0.443674724433296;0.66357947815075;0
3.32;0.450245189916827;0.649030343793895;0
3.33;0.456669397225605;0.634311660936337;0
3.34;0.46294567200556;0.619428133055423;0
3.35;0.469072387124609;0.604384504958797;0
3.36;0.475047963079249;0.589185561291071;0
3.37;0.48087086838617;0.573836125031103;0
3.38;0.486539619958803;0.558341055980378;0
3.39;0.492052783468715;0.542705249242948;0
3.4;0.497408973691759;0.526933633697394;0
3.41;0.502606854838922;0.511031170461301;0
3.42;0.507645140871775;0.495002851348701;0
3.43;0.512522595802473;0.478853697320965;0
3.44;0.517238033978235;0.462588756931627;0
3.45;0.521790320350247;0.446213104765601;0
3.46;0.526178370726931;0.429731839873286;0
3.47;0.53040115201154;0.413150084200019;0
3.48;0.534457682424019;0.396472981011374;0
3.49;0.538347031707115;0.379705693314769;0
3.5;0.542068321316673;0.362853402277871;0
3.51;0.545620724596114;0.345921305644278;0
3.52;0.54900346693506;0.328914616146946;0
3.53;0.552215825912075;0.311838559919864;0
3.54;0.555257131421527;0.294698374908427;0
3.55;0.558126765784547;0.27749930927901;0
3.56;0.560824163844074;0.260246619828208;0
3.57;0.563348813044006;0.242945570392224;0
3.58;0.565700253492438;0.225601430256881;0
3.59;0.567878078009004;0.208219472568729;0
3.6;0.569881932156346;0.190804972747731;0
3.61;0.571711514255708;0.173363206901994;0
3.62;0.573366575386691;0.155899450245018;0
3.63;0.574846919371204;0.138418975515928;0
3.64;0.576152402741613;0.120927051403174;0
3.65;0.577282934693162;0.103428940972146;0
3.66;0.578238477020682;0.0859299000971766;0
3.67;0.579019044039639;0.0684351758984002;0
3.68;0.57962470249158;0.0509500051839175;0
3.69;0.580055571434024;0.0334796128977304;0
3.7;0.580311822114855;0.0160292105739012;0
3.71;0.580393677831294;-0.00139600520261265;0
3.72;0.58030141377351;-0.0187908543279964;0
3.73;0.580035356852938;-0.0361501747040429;0
3.74;0.579595885515391;-0.0534688237546003;0
3.75;0.578983429539052;-0.0707416799335609;0
3.76;0.578198469817417;-0.0879636442239546;0
3.77;0.577241538127289;-0.105129641627713;0
3.78;0.576113216881925;-0.122234622645671;0
3.79;0.574814138869423;-0.139273564747387;0
3.8;0.57334498697646;-0.156241473830344;0
3.81;0.571706493897484;-0.173133385668128;0
3.82;0.56989944182948;-0.189944367347162;0
3.83;0.567924662152421;-0.206669518691577;0
3.84;0.565783035095521;-0.223303973675832;0
3.85;0.563475489389423;-0.239842901824657;0
3.86;0.561003001904445;-0.256281509599944;0
3.87;0.558366597275015;-0.272615041774177;0
3.88;0.555567347510437;-0.288838782790014;0
3.89;0.552606371592122;-0.304948058105651;0
3.9;0.549484835057433;-0.320938235525567;0
3.91;0.546203949570288;-0.336804726516298;0
3.92;0.542764972478673;-0.352542987506855;0
3.93;0.539169206359228;-0.368148521173435;0
3.94;0.535417998549049;-0.383616877708051;0
3.95;0.531512740664879;-0.398943656070751;0
3.96;0.527454868109861;-0.414124505225055;0
3.97;0.523245859568001;-0.429155125356289;0
3.98;0.518887236486532;-0.444031269072462;0
3.99;0.514380562546351;-0.45874874258737;0
4;0.509727443120703;-0.4733034068856;0
4.01;0.504929524722294;-0.487691178869106;0
4.02;0.499988494439033;-0.501908032485058;0
4.03;0.494906079358569;-0.515949999834655;0
4.04;0.489684045981834;-0.529813172262593;0
4.05;0.484324199625779;-0.543493701426907;0
4.06;0.478828383815497;-0.556987800348892;0
4.07;0.47319847966594;-0.570291744442828;0
4.08;0.467436405253433;-0.58340187252523;0
4.09;0.461544114977182;-0.59631458780336;0
4.1;0.455523598911;-0.609026358842733;0
4.11;0.449376882145445;-0.621533720513377;0
4.12;0.443106024120597;-0.633833274914584;0
4.13;0.436713117949685;-0.645921692277922;0
4.14;0.430200289733779;-0.65779571184827;0
4.15;0.423569697867775;-0.669452142742654;0
4.16;0.416823532337892;-0.680887864786662;0
4.17;0.409964014010903;-0.692099829328221;0
4.18;0.402993393915336;-0.703085060028539;0
4.19;0.395913952514865;-0.713840653630016;0
4.2;0.388727998974129;-0.724363780700918;0
4.21;0.381437870417207;-0.73465168635665;0
4.22;0.374045931178989;-0.744701690957438;0
4.23;0.366554572049672;-0.754511190782259;0
4.24;0.358966209512634;-0.764077658678854;0
4.25;0.351283284975903;-0.773398644689671;0
4.26;0.343508263997485;-0.782471776653598;0
4.27;0.335643635504783;-0.791294760783328;0
4.28;0.327691911008347;-0.799865382218258;0
4.29;0.319655623810213;-0.808181505552758;0
4.3;0.311537328207063;-0.81624107533973;0
4.31;0.30333959868847;-0.824042116569327;0
4.32;0.295065029130456;-0.831582735122736;0
4.33;0.28671623198464;-0.838861118200937;0
4.34;0.278295837463195;-0.845875534728343;0
4.35;0.269806492719893;-0.852624335731259;0
4.36;0.261250861027479;-0.859105954691067;0
4.37;0.252631620951618;-0.865318907872097;0
4.38;0.243951465521688;-0.871261794624114;0
4.39;0.235213101398655;-0.876933297659381;0
4.4;0.226419248040298;-0.88233218330426;0
4.41;0.217572636864025;-0.88745730172531;0
4.42;0.208676010407551;-0.89230758712987;0
4.43;0.19973212148768;-0.896882057941104;0
4.44;0.190743732357454;-0.901179816947497;0
4.45;0.18171361386192;-0.90520005142681;0
4.46;0.172644544592773;-0.908942033244493;0
4.47;0.163539310042129;-0.912405118926571;0
4.48;0.15440070175569;-0.915588749707029;0
4.49;0.145231516485539;-0.918492451549723;0
4.5;0.136034555342838;-0.921115835144856;0
4.51;0.126812622950676;-0.92345859588006;0
4.52;0.117568526597314;-0.925520513786139;0
4.53;0.108305075390095;-0.927301453457536;0
4.54;0.0990250794102549;-0.928801363947583;0
4.55;0.0897313488688972;-0.930020278638615;0
4.56;0.0804266932643816;-0.930958315087034;0
4.57;0.0711139205413713;-0.931615674843399;0
4.58;0.0617958362517924;-0.931992643247652;0
4.59;0.0524752427179527;-0.932089589199577;0
4.6;0.0431549381980669;-0.931906964904609;0
4.61;0.0338377160544342;-0.931445305595106;0
4.62;0.024526363924513;-0.930705229227208;0
4.63;0.0152236628951366;-0.929687436153426;0
4.64;0.00593238668011154;-0.928392708771093;0
4.65;-0.00334469919856042;-0.926821911146822;0
4.66;-0.0126048382255975;-0.92497598861713;0
4.67;-0.0218452837032526;-0.92285596736539;0
4.68;-0.031063299557792;-0.920462953975272;0
4.69;-0.0402561611414024;-0.91779813496085;0
4.7;-0.0494211560292958;-0.914862776273558;0
4.71;-0.0585555848117798;-0.911658222786185;0
4.72;-0.0676567618810652;-0.908185897754088;0
4.73;-0.0767220162125842;-0.904447302253851;0
4.74;-0.0857486921405947;-0.900444014599569;0
4.75;-0.0947341501278464;-0.896177689736983;0
4.76;-0.103675767529091;-0.891650058615693;0
4.77;-0.112570939348216;-0.886862927539661;0
4.78;-0.121417078988784;-0.88181817749624;0
4.79;-0.130211618997775;-0.876517763463977;0
4.8;-0.138952011802299;-0.870963713699418;0
4.81;-0.147635730439095;-0.865158129003178;0
4.82;-0.156260269276593;-0.859103181965522;0
4.83;-0.16482314472934;-0.852801116191731;0
4.84;-0.173321895964591;-0.8462542455075;0
4.85;-0.181754085600866;-0.839464953144663;0
4.86;-0.190117300398275;-0.832435690907507;0
4.87;-0.19840915194042;-0.825168978319963;0
4.88;-0.206627277307685;-0.817667401753968;0
4.89;-0.214769339741728;-0.809933613539281;0
4.9;-0.222833029300981;-0.80197033105506;0
4.91;-0.230816063506994;-0.793780335803499;0
4.92;-0.238716187981431;-0.785366472465841;0
4.93;-0.246531177073546;-0.776731647941069;0
4.94;-0.254258834477977;-0.767878830367599;0
4.95;-0.261896993842674;-0.758811048128303;0
4.96;-0.269443519366804;-0.749531388839176;0
4.97;-0.276896306388475;-0.740042998321989;0
4.98;-0.284253281962111;-0.730349079561261;0
4.99;-0.291512405425331;-0.720452891645888;0
5;-0.298671668955176;-0.710357748695765;0
5.01;-0.305729098113529;-0.700067018773774;0
5.02;-0.312682752381603;-0.689584122783454;0
5.03;-0.319530725683331;-0.678912533352736;0
5.04;-0.326271146897541;-0.66805577370409;0
5.05;-0.332902180358762;-0.657017416511446;0
5.06;-0.339422026346554;-0.645801082744258;0
5.07;-0.34582892156321;-0.634410440499074;0
5.08;-0.35212113959973;-0.622849203818992;0
5.09;-0.358296991389924;-0.611121131501369;0
5.1;-0.364354825652554;-0.599230025894164;0
5.11;-0.370293029321378;-0.587179731681294;0
5.12;-0.376110027963006;-0.574974134657392;0
5.13;-0.381804286182459;-0.562617160492339;0
5.14;-0.387374308016319;-0.550112773485975;0
5.15;-0.392818637313398;-0.537464975313364;0
5.16;-0.398135858102804;-0.524677803761012;0
5.17;-0.403324594949339;-0.511755331454442;0
5.18;-0.408383513296133;-0.498701664577497;0
5.19;-0.413311319794434;-0.485520941583797;0
5.2;-0.418106762620482;-0.472217331900732;0
5.21;-0.422768631779385;-0.458795034626399;0
5.22;-0.42729575939594;-0.445258277219884;0
5.23;-0.431687019992327;-0.431611314185294;0
5.24;-0.435941330752612;-0.417858425749941;0
5.25;-0.440057651774015;-0.404003916537095;0
5.26;-0.444034986304875;-0.390052114233692;0
5.27;-0.447872380969276;-0.376007368253431;0
5.28;-0.451568925978283;-0.361874048395649;0
5.29;-0.455123755327749;-0.347656543500391;0
5.3;-0.458536046982654;-0.333359260100086;0
5.31;-0.461805023047956;-0.318986621068234;0
5.32;-0.464929949925908;-0.304543064265517;0
5.33;-0.467910138459827;-0.290033041183749;0
5.34;-0.470744944064302;-0.275461015588067;0
5.35;-0.473433766841807;-0.260831462157773;0
5.36;-0.475976051685726;-0.246148865126248;0
5.37;-0.478371288369767;-0.231417716920334;0
5.38;-0.480619011623781;-0.216642516799601;0
5.39;-0.482718801195957;-0.201827769495901;0
5.4;-0.484670281901435;-0.186977983853628;0
5.41;-0.486473123657309;-0.172097671471068;0
5.42;-0.488127041504061;-0.157191345343277;0
5.43;-0.489631795613427;-0.142263518506854;0
5.44;-0.490987191282724;-0.127318702687044;0
5.45;-0.492193078915656;-0.112361406947557;0
5.46;-0.493249353989638;-0.0973961363434953;0
5.47;-0.494155957009654;-0.0824273905778149;0
5.48;-0.494912873448711;-0.0674596626616843;0
5.49;-0.495520133674906;-0.0524974375791607;0
5.5;-0.49597781286516;-0.0375451909565649;0
5.51;-0.496286030905676;-0.022607387736948;0
5.52;-0.496444952279157;-0.00768848086003872;0
5.53;-0.496454785938859;0.00720709005194183;0
5.54;-0.496315785169519;0.0220749000022154;0
5.55;-0.496028247435245;0.0369105399207494;0
5.56;-0.495592514214413;0.0517096179585491;0
5.57;-0.495008970821665;0.0664677607745629;0
5.58;-0.49427804621706;0.0811806148148285;0
5.59;-0.493400212802482;0.0958438475834887;0
5.6;-0.492375986205369;0.110453148905311;0
5.61;-0.491205925049857;0.125004232179344;0
5.62;-0.48989063071543;0.139492835623359;0
5.63;-0.488430747083169;0.153914723508703;0
5.64;-0.486826960269693;0.168265687385231;0
5.65;-0.485079998348902;0.182541547295945;0
5.66;-0.483190631061618;0.196738152981014;0
5.67;-0.481159669513233;0.210851385070816;0
5.68;-0.478987965859484;0.224877156267673;0
5.69;-0.476676412980455;0.238811412515939;0
5.7;-0.474225944142936;0.252650134160116;0
5.71;-0.471637532651255;0.266389337090664;0
5.72;-0.468912191486711;0.280025073877186;0
5.73;-0.466050972935726;0.293553434888676;0
5.74;-0.463054968206862;0.306970549400505;0
5.75;-0.459925307036825;0.320272586687845;0
5.76;-0.456663157285597;0.333455757105221;0
5.77;-0.453269724520835;0.346516313151898;0
5.78;-0.449746251591685;0.359450550522796;0
5.79;-0.44609401819215;0.372254809144663;0
5.8;-0.442314340414162;0.384925474197191;0
5.81;-0.438408570290516;0.397458977118828;0
5.82;-0.434378095327813;0.409851796596987;0
5.83;-0.43022433802957;0.42210045954239;0
5.84;-0.425948755409666;0.434201542047283;0
5.85;-0.421552838496272;0.446151670327262;0
5.86;-0.41703811182644;0.457947521646456;0
5.87;-0.412406132931519;0.469585825225813;0
5.88;-0.40765849181356;0.481063363134257;0
5.89;-0.40279681041289;0.492376971162468;0
5.9;-0.397822742067028;0.503523539679054;0
5.91;-0.392737970961117;0.514500014468897;0
5.92;-0.387544211570058;0.525303397553446;0
5.93;-0.382243208092517;0.535930747992734;0
5.94;-0.376836733876997;0.54637918266893;0
5.95;-0.371326590840163;0.556645877051206;0
5.96;-0.365714608877596;0.566728065941726;0
5.97;-0.360002645267181;0.576623044202573;0
5.98;-0.354192584065299;0.586328167463415;0
5.99;-0.348286335496047;0.595840852809747;0
6;-0.342285835333647;0.60515857945152;0
6.01;-0.336193044278271;0.614278889372009;0
6.02;-0.330009947325458;0.623199387956738;0
6.03;-0.323738553129336;0.631917744602325;0
6.04;-0.317380893359845;0.640431693305089;0
6.05;-0.310939022054167;0.648739033229287;0
6.06;-0.304415014962563;0.656837629254832;0
6.07;-0.297810968888832;0.664725412504373;0
6.08;-0.29112900102558;0.672400380849619;0
6.09;-0.284371248284537;0.679860599396772;0
6.1;-0.277539866622099;0.687104200950982;0
6.11;-0.270637030360325;0.694129386459703;0
6.12;-0.263664931503602;0.700934425434868;0
6.13;-0.256625779051173;0.707517656353778;0
6.14;-0.249521798305761;0.713877487038631;0
6.15;-0.24235523017849;0.720012395014617;0
6.16;-0.235128330490325;0.725920927846498;0
6.17;-0.227843369270235;0.731601703453613;0
6.18;-0.220502630050316;0.73705341040326;0
6.19;-0.213108409158065;0.742274808182386;0
6.2;-0.205663015006046;0.747264727447559;0
6.21;-0.198168767379146;0.752022070253175;0
6.22;-0.190627996719648;0.756545810257868;0
6.23;-0.183043043410346;0.760834992909101;0
6.24;-0.175416257055898;0.764888735605926;0
6.25;-0.167749995762667;0.768706227839887;0
6.26;-0.160046625417234;0.77228673131408;0
6.27;-0.152308518963834;0.775629580040353;0
6.28;-0.144538055680905;0.778734180414673;0
6.29;-0.136737620456994;0.781600011270656;0
6.3;-0.128909603066215;0.784226623911297;0
6.31;-0.121056397443494;0.786613642118924;0
6.32;-0.113180400959814;0.788760762143401;0
6.33;-0.105284013697666;0.790667752668634;0
6.34;-0.0973696377269438;0.792334454757421;0
6.35;-0.0894396763814826;0.793760781774698;0
6.36;-0.0814965335364596;0.794946719289249;0
6.37;-0.0735426128868785;0.795892324953933;0
6.38;-0.0655803172273462;0.796597728364514;0
6.39;-0.0576120477333571;0.79706313089717;0
6.4;-0.0496402032442986;0.79728880552476;0
6.41;-0.0416671795483886;0.797275096611946;0
6.42;-0.0336953686697569;0.797022419689268;0
6.43;-0.02572715815788;0.796531261206271;0
6.44;-0.0177649303795788;0.795802178263805;0
6.45;-0.00981106181378619;0.7948357983256;0
6.46;-0.00186792234929206;0.793632818909245;0
6.47;0.00606212541432955;0.792194007256702;0
6.48;0.0139767268624067;0.790520199984483;0
6.49;0.0218735360572664;0.788612302713636;0
6.5;0.0297502164265414;0.786471289679676;0
6.51;0.0376044414474862;0.784098203322623;0
6.52;0.0454338953271048;0.781494153857304;0
6.53;0.0532362736778929;0.778660318824062;0
6.54;0.061009284189;0.775597942620075;0
6.55;0.0687506472926181;0.772308336011425;0
6.56;0.0764580968254045;0.768792875626117;0
6.57;0.0841293806847504;0.765053003428226;0
6.58;0.0917622614797068;0.761090226173363;0
6.59;0.099354517176381;0.75690611484565;0
6.6;0.106903941737621;0.752502304076418;0
6.61;0.114408345756805;0.747880491544818;0
6.62;0.121865557085558;0.743042437360567;0
6.63;0.129273421455212;0.737989963429038;0
6.64;0.136629803091844;0.732724952798919;0
6.65;0.143932585324708;0.727249348992665;0
6.66;0.151179671187901;0.721565155319969;0
6.67;0.158368984015079;0.715674434174499;0
6.68;0.165498468027075;0.709579306314126;0
6.69;0.172566088912243;0.703281950124896;0
6.7;0.179569834399366;0.696784600868991;0
6.71;0.186507714822974;0.690089549916936;0
6.72;0.193377763680922;0.683199143964304;0
6.73;0.20017803818405;0.676115784233185;0
6.74;0.20690661979781;0.668841925658679;0
6.75;0.213561614775671;0.661380076060693;0
6.76;0.220141154684195;0.653732795301301;0
6.77;0.226643396919611;0.645902694427953;0
6.78;0.233066525215761;0.637892434802821;0
6.79;0.239408750143283;0.62970472721855;0
6.8;0.245668309599885;0.621342331000716;0
6.81;0.251843469291587;0.612808053097273;0
6.82;0.257932523204803;0.604104747155303;0
6.83;0.263933794069128;0.595235312585334;0
6.84;0.269845633810722;0.586202693613569;0
6.85;0.275666423996155;0.577009878322292;0
6.86;0.281394576266607;0.567659897678789;0
6.87;0.287028532762311;0.55815582455308;0
6.88;0.292566766537113;0.548500772724772;0
6.89;0.298007781963068;0.538697895879367;0
6.9;0.303350115124938;0.528750386594321;0
6.91;0.308592334204515;0.518661475315196;0
6.92;0.313733039854659;0.508434429322218;0
6.93;0.318770865562961;0.498072551687566;0
6.94;0.323704478004936;0.487579180223732;0
6.95;0.328532577386662;0.476957686423261;0
6.96;0.333253897776779;0.466211474390236;0
6.97;0.337867207427767;0.455343979763806;0
6.98;0.342371309086426;0.444358668634123;0
6.99;0.346765040293476;0.433259036451007;0
7;0.351047273672224;0.422048606925693;0
7.01;0.355216917206205;0.410730930925983;0
7.02;0.359272914505759;0.39930958536517;0
7.03;0.363214245063457;0.387788172085052;0
7.04;0.367039924498348;0.376170316733402;0
7.05;0.370749004788938;0.364459667636223;0
7.06;0.374340574494889;0.352659894665152;0
7.07;0.377813758967356;0.340774688100347;0
7.08;0.38116772054794;0.328807757489208;0
7.09;0.384401658756215;0.316762830501292;0
7.1;0.387514810465777;0.304643651779753;0
7.11;0.390506450068807;0.292453981789682;0
7.12;0.393375889629091;0.280197595663667;0
7.13;0.396122479023497;0.267878282044955;0
7.14;0.398745606071862;0.255499841928544;0
7.15;0.401244696655295;0.243066087500563;0
7.16;0.403619214822854;0.230580840976304;0
7.17;0.405868662886608;0.218047933437226;0
7.18;0.407992581505062;0.205471203667316;0
7.19;0.409990549754946;0.192854496989136;0
7.2;0.41186218519136;0.180201664099905;0
7.21;0.413607143896286;0.167516559907978;0
7.22;0.415225120515468;0.15480304237006;0
7.23;0.416715848283663;0.1420649713295;0
7.24;0.418079099038287;0.129306207356025;0
7.25;0.419314683221465;0.116530610587242;0
7.26;0.4204224498705;0.103742039572265;0
7.27;0.4214022865968;0.0909443501178023;0
7.28;0.422254119553264;0.0781413941370567;0
7.29;0.422977913390185;0.0653370185017601;0
7.3;0.423573671199678;0.052535063897701;0
7.31;0.424041434448684;0.0397393636840693;0
7.32;0.424381282900592;0.0269537427569592;0
7.33;0.424593334525502;0.0141820164173612;0
7.34;0.424677745399202;0.00142798924397682;0
7.35;0.424634709590894;-0.0113045460288159;0
7.36;0.424464459039714;-0.0240118096275178;0
7.37;0.424167263420129;-0.0366900358502596;0
7.38;0.423743429996237;-0.0493354741714265;0
7.39;0.423193303465062;-0.0619443903398344;0
7.4;0.422517265788892;-0.0745130674701402;0
7.41;0.421715736016731;-0.0870378071271716;0
7.42;0.420789170094952;-0.0995149304028616;0
7.43;0.419738060667201;-0.111940778985479;0
7.44;0.418562936863657;-0.124311716220849;0
7.45;0.417264364079706;-0.136624128165254;0
7.46;0.415842943744134;-0.148874424629719;0
7.47;0.414299313076913;-0.161059040215385;0
7.48;0.412634144836672;-0.173174435339667;0
7.49;0.41084814705795;-0.185217097252911;0
7.5;0.408942062778335;-0.19718354104526;0
7.51;0.406916669755564;-0.209070310643445;0
7.52;0.404772780174711;-0.220873979797223;0
7.53;0.402511240345562;-0.232591153055167;0
7.54;0.400132930390269;-0.244218466729563;0
7.55;0.397638763921416;-0.255752589850117;0
7.56;0.395029687710596;-0.267190225106215;0
7.57;0.392306681347611;-0.27852810977748;0
7.58;0.389470756890433;-0.289763016652357;0
7.59;0.386522958506023;-0.300891754934473;0
7.6;0.383464362102145;-0.31191117113653;0
7.61;0.380296074950305;-0.32281814996147;0
7.62;0.377019235299925;-0.333609615170685;0
7.63;0.373635011983904;-0.34428253043902;0
7.64;0.370144604015682;-0.354833900196349;0
7.65;0.366549240177956;-0.365260770455479;0
7.66;0.362850178603174;-0.375560229626178;0
7.67;0.359048706345953;-0.385729409315081;0
7.68;0.355146138947566;-0.395765485111287;0
7.69;0.351143819992635;-0.405665677357408;0
7.7;0.347043120658177;-0.41542725190589;0
7.71;0.342845439255163;-0.42504752086038;0
7.72;0.338552200762719;-0.434523843301966;0
7.73;0.334164856355143;-0.443853626000077;0
7.74;0.329684882921882;-0.453034324107876;0
7.75;0.325113782580615;-0.462063441841942;0
7.76;0.32045308218363;-0.470938533146089;0
7.77;0.315704332817611;-0.479657202339129;0
7.78;0.310869109297044;-0.488217104746427;0
7.79;0.30594900965136;-0.496615947315078;0
7.8;0.300945654606018;-0.504851489212551;0
7.81;0.295860687057661;-0.512921542408654;0
7.82;0.290695771543544;-0.520823972240669;0
7.83;0.285452593705371;-0.528556697961518;0
7.84;0.280132859747739;-0.536117693270829;0
7.85;0.274738295891341;-0.543504986828758;0
7.86;0.269270647821117;-0.550716662752467;0
7.87;0.26373168012951;-0.557750861095113;0
7.88;0.258123175755016;-0.564605778307253;0
7.89;0.252446935416201;-0.571279667680548;0
7.9;0.246704777041356;-0.577770839773667;0
7.91;0.240898535193975;-0.584077662820289;0
7.92;0.23503006049424;-0.590198563119121;0
7.93;0.229101219036677;-0.596132025405835;0
7.94;0.223113891804182;-0.601876593206851;0
7.95;0.217069974078588;-0.60743086917489;0
7.96;0.210971374847957;-0.61279351540622;0
7.97;0.20482001621079;-0.61796325373955;0
7.98;0.198617832777319;-0.622938866036488;0
7.99;0.192366771068085;-0.627719194443537;0
8;0.186068788909984;-0.632303141635558;0
8.01;0.179725854829948;-0.636689671040682;0
8.02;0.173339947446473;-0.640877807046615;0
8.03;0.166913054859163;-0.644866635188321;0
8.04;0.16044717403648;-0.648655302317048;0
8.05;0.153944310201891;-0.652243016750689;0
8.06;0.147406476218591;-0.655629048405452;0
8.07;0.140835691973;-0.658812728908847;0
8.08;0.134233983757205;-0.661793451693976;0
8.09;0.127603383650553;-0.66457067207513;0
8.1;0.120945928900566;-0.667143907304719;0
8.11;0.114263661303371;-0.66951273661152;0
8.12;0.107558626583834;-0.6716768012203;0
8.13;0.100832873775582;-0.673635804352802;0
8.14;0.0940884546010919;-0.675389511210167;0
8.15;0.0873274228520495;-0.676937748936784;0
8.16;0.0805518337701444;-0.678280406565651;0
8.17;0.0737637434284986;-0.679417434945276;0
8.18;0.066965208113908;-0.680348846648159;0
8.19;0.0601582837100818;-0.681074715860953;0
8.2;0.0533450250820622;-0.681595178256323;0
8.21;0.0465274854620079;-0.681910430846606;0
8.22;0.039707715836523;-0.682020731819329;0
8.23;0.0328877643357112;-0.681926400354678;0
8.24;0.0260696756241369;-0.681627816424995;0
8.25;0.0192554902938714;-0.681125420576389;0
8.26;0.0124472442598037;-0.68041971369258;0
8.27;0.00564696815739211;-0.679511256741047;0
8.28;-0.00114331325696678;-0.67840067050161;0
8.29;-0.00792158170277552;-0.677088635277551;0
8.3;-0.0146858259693068;-0.675575890589377;0
8.31;-0.0214340425063342;-0.673863234851372;0
8.32;-0.0281642360115518;-0.671951525031044;0
8.33;-0.0348744200145113;-0.669841676291606;0
8.34;-0.0415626174569082;-0.667534661617626;0
8.35;-0.0482268612690498;-0.66503151142399;0
8.36;-0.0548651949423373;-0.66233331314832;0
8.37;-0.0614756730975995;-0.659441210827002;0
8.38;-0.068056362049112;-0.65635640465497;0
8.39;-0.0746053403641431;-0.653080150529423;0
8.4;-0.0811206994178644;-0.649613759577616;0
8.41;-0.0876005439434686;-0.645958597668922;0
8.42;-0.0940429925773375;-0.642116084911306;0
8.43;-0.100446178399106;-0.638087695132421;0
8.44;-0.106808249466466;-0.633874955345483;0
8.45;-0.113127369344567;-0.629479445200125;0
8.46;-0.11940171762985;-0.624902796418418;0
8.47;-0.125629490468183;-0.620146692216245;0
8.48;-0.131808901067143;-0.615212866710245;0
8.49;-0.137938180202297;-0.610103104310507;0
8.5;-0.144015576717359;-0.604819239099237;0
8.51;-0.15003935801806;-0.599363154195605;0
8.52;-0.15600781055961;-0.593736781106981;0
8.53;-0.161919240327613;-0.587942099066781;0
8.54;-0.167771973312297;-0.581981134359145;0
8.55;-0.173564355975934;-0.575855959630676;0
8.56;-0.179294755713325;-0.569568693189459;0
8.57;-0.184961561305211;-0.563121498291597;0
8.58;-0.190563183364496;-0.556516582415502;0
8.59;-0.196098054775164;-0.549756196524182;0
8.6;-0.201564631123761;-0.542842634315747;0
8.61;-0.206961391123329;-0.535778231462407;0
8.62;-0.212286837029681;-0.528565364838191;0
8.63;-0.217539495049905;-0.521206451735637;0
8.64;-0.222717915742986;-0.513703949071722;0
8.65;-0.227820674412434;-0.506060352583269;0
8.66;-0.232846371490825;-0.498278196012112;0
8.67;-0.237793632916151;-0.490360050280255;0
8.68;-0.242661110499871;-0.482308522655317;0
8.69;-0.247447482286577;-0.474126255906505;0
8.7;-0.25215145290518;-0.465815927451405;0
8.71;-0.256771753911517;-0.457380248493845;0
8.72;-0.261307144122307;-0.448821963153118;0
8.73;-0.265756409940353;-0.440143847584835;0
8.74;-0.270118365670922;-0.431348709093678;0
8.75;-0.274391853829209;-0.42243938523835;0
8.76;-0.278575745438829;-0.413418742928988;0
8.77;-0.282668940321237;-0.404289677517334;0
8.78;-0.286670367376025;-0.395055111879939;0
8.79;-0.290578984852025;-0.385717995494695;0
8.8;-0.294393780609135;-0.376281303510978;0
8.81;-0.298113772370833;-0.366748035813698;0
8.82;-0.3017380079673;-0.357121216081535;0
8.83;-0.305265565569091;-0.34740389083967;0
8.84;-0.30869555391133;-0.337599128507291;0
8.85;-0.312027112508334;-0.327710018440171;0
8.86;-0.315259411858662;-0.317739669968622;0
8.87;-0.31839165364051;-0.307691211431107;0
8.88;-0.321423070897433;-0.297567789203823;0
8.89;-0.324352928214337;-0.287372566726537;0
8.9;-0.32718052188372;-0.277108723524989;0
8.91;-0.329905180062122;-0.266779454230145;0
8.92;-0.332526262916755;-0.256387967594616;0
8.93;-0.335043162762278;-0.245937485506528;0
8.94;-0.33745530418771;-0.235431242001153;0
8.95;-0.339762144173449;-0.224872482270594;0
8.96;-0.341963172198372;-0.214264461671833;0
8.97;-0.344057910337019;-0.203610444733428;0
8.98;-0.346045913346834;-0.192913704161182;0
8.99;-0.34792676874546;-0.182177519843053;0
9;-0.349700096878081;-0.171405177853632;0
9.01;-0.351365550974806;-0.160599969458478;0
9.02;-0.352922817198102;-0.149765190118601;0
9.03;-0.354371614680268;-0.138904138495405;0
9.04;-0.355711695550965;-0.128020115456377;0
9.05;-0.356942844954804;-0.117116423081827;0
9.06;-0.358064881059013;-0.106196363672973;0
9.07;-0.359077655051184;-0.0952632387616567;0
9.08;-0.359981051127133;-0.0843203481220001;0
9.09;-0.360774986468883;-0.0733709887842847;0
9.1;-0.361459411212796;-0.0624184540513472;0
9.11;-0.362034308407885;-0.0514660325177833;0
9.12;-0.362499693964324;-0.0405170070922497;0
9.13;-0.362855616592208;-0.0295746540231496;0
9.14;-0.363102157730575;-0.0186422419279896;0
9.15;-0.363239431466745;-0.0077230308266927;0
9.16;-0.363267584446008;0.00317972882085094;0
9.17;-0.363186795771712;0.0140627970727126;0
9.18;-0.362997276895788;0.0249229454580546;0
9.19;-0.362699271499769;0.0357569579251836;0
9.2;-0.362293055366353;0.0465616317842511;0
9.21;-0.361778936241562;0.057333778644329;0
9.22;-0.361157253687555;0.0680702253445877;0
9.23;-0.360428378926165;0.0787678148793094;0
9.24;-0.359592714673205;0.0894234073164678;0
9.25;-0.358650694963621;0.100033880709612;0
9.26;-0.357602784967562;0.110596132002791;0
9.27;-0.356449480797426;0.121107077928262;0
9.28;-0.355191309305966;0.131563655896721;0
9.29;-0.35382882787553;0.141962824879807;0
9.3;-0.352362624198508;0.152301566284628;0
9.31;-0.350793316049071;0.162576884820054;0
9.32;-0.349121551046289;0.172785809354542;0
9.33;-0.347348006408704;0.182925393765238;0
9.34;-0.345473388700456;0.192992717778128;0
9.35;-0.343498433569049;0.202984887798998;0
9.36;-0.341423905474846;0.212899037734959;0
9.37;-0.339250597412394;0.222732329806329;0
9.38;-0.33697933062368;0.232481955348625;0
9.39;-0.334610954303398;0.242145135604445;0
9.4;-0.332146345296361;0.251719122505037;0
9.41;-0.329586407787132;0.261201199441312;0
9.42;-0.326932072981996;0.270588682024111;0
9.43;-0.324184298783385;0.279878918833499;0
9.44;-0.321344069456849;0.289069292156899;0
9.45;-0.318412395290706;0.29815721871584;0
9.46;-0.315390312248472;0.307140150381148;0
9.47;-0.312278881614193;0.316015574876357;0
9.48;-0.309079189630797;0.324781016469179;0
9.49;-0.305792347131582;0.333434036650817;0
9.5;-0.302419489164976;0.341972234802961;0
9.51;-0.298961774612668;0.35039324885228;0
9.52;-0.295420385801268;0.358694755912226;0
9.53;-0.291796528107591;0.366874472912002;0
9.54;-0.288091429557723;0.3749301572125;0
9.55;-0.284306340419976;0.38285960720907;0
9.56;-0.280442532791881;0.390660662920949;0
9.57;-0.276501300181348;0.398331206567199;0
9.58;-0.272483957082126;0.40586916312901;0
9.59;-0.2683918385437;0.413272500898208;0
9.6;-0.264226299735767;0.420539232011852;0
9.61;-0.259988715507435;0.427667412972756;0
9.62;-0.255680479941268;0.434655145155824;0
9.63;-0.251303005902343;0.441500575300064;0
9.64;-0.246857724582447;0.448201895986154;0
9.65;-0.242346085039568;0.45475734609945;0
9.66;-0.237769553732813;0.461165211278316;0
9.67;-0.233129614052917;0.467423824347667;0
9.68;-0.228427765848483;0.473531565737628;0
9.69;-0.2236655249481;0.479486863887194;0
9.7;-0.218844422678491;0.485288195632818;0
9.71;-0.21396600537885;0.490934086581807;0
9.72;-0.209031833911505;0.496423111470473;0
9.73;-0.204043483169073;0.501753894506931;0
9.74;-0.199002541578259;0.506925109698482;0
9.75;-0.193910610600446;0.511935481163505;0
9.76;-0.188769304229238;0.516783783427791;0
9.77;-0.183580248485108;0.521468841705258;0
9.78;-0.178345080907315;0.525989532162992;0
9.79;-0.173065450043233;0.53034478217055;0
9.8;-0.167743014935267;0.534533570533499;0
9.81;-0.162379444605494;0.538554927711124;0
9.82;-0.156976417538213;0.542407936018284;0
9.83;-0.15153562116053;0.546091729811374;0
9.84;-0.146058751321171;0.549605495658369;0
9.85;-0.140547511767656;0.552948472492926;0
9.86;-0.13500361362201;0.556119951752519;0
9.87;-0.12942877485516;0.559119277500604;0
9.88;-0.123824719760183;0.561945846532797;0
9.89;-0.118193178424569;0.564599108467056;0
9.9;-0.112535886201649;0.567078565817889;0
9.91;-0.106854583181353;0.569383774054559;0
9.92;-0.10115101366046;0.571514341643332;0
9.93;-0.0954269256124958;0.573469930073757;0
9.94;-0.0896840701574438;0.575250253869007;0
9.95;-0.0839242010314165;0.576855080580306;0
9.96;-0.0781490740564607;0.578284230765477;0
9.97;-0.0723604466106458;0.57953757795162;0
9.98;-0.0665600770985973;0.580615048581997;0
9.99;-0.0607497244226318;0.581516621947128;0
10;-0.0549311474546528;0.582242330100179;0
10.01;-0.0491061045089623;0.582792257756667;0
10.02;-0.043276352816146;0.583166542178557;0
10.03;-0.0374436479981877;0.58336537304281;0
10.04;-0.0316097435449676;0.583388992294438;0
10.05;-0.0257763902923;0.583237693984147;0
10.06;-0.0199453359016633;0.582911824090642;0
10.07;-0.0141183243417756;0.582411780327665;0
10.08;-0.00829709537216865;0.581738011935868;0
10.09;-0.00248338402891062;0.580891019459582;0
10.1;0.00332107988737083;0.579871354508605;0
10.11;0.00911457232101654;0.578679619505086;0
10.12;0.0148953754682659;0.577316467415611;0
10.13;0.0206617782814417;0.575782601468603;0
10.14;0.0264120769702429;0.574078774857135;0
10.15;0.0321445755000009;0.572205790427283;0
10.16;0.0378575860867541;0.570164500352125;0
10.17;0.0435494296889987;0.567955805791519;0
10.18;0.0492184364959736;0.565580656537776;0
10.19;0.0548629464123394;0.563040050647369;0
10.2;0.0604813095391111;0.560335034058801;0
10.21;0.066071886650709;0.557466700196786;0
10.22;0.0716330496679896;0.554436189562869;0
10.23;0.0771631821271224;0.551244689312635;0
10.24;0.0826606796441786;0.547893432819669;0
10.25;0.0881239503753014;0.544383699226402;0
10.26;0.0935514154723249;0.540716812982016;0
10.27;0.0989415095337156;0.536894143367559;0
10.28;0.104292681050707;0.532917104008434;0
10.29;0.109603392848505;0.528787152374441;0
10.3;0.114872122522435;0.524505789267528;0
10.31;0.120097362868914;0.520074558297439;0
10.32;0.125277622311127;0.515495045345425;0
10.33;0.130411425319283;0.510768878016213;0
10.34;0.135497312825342;0.505897725078402;0
10.35;0.140533842632094;0.500883295893485;0
10.36;0.145519589816478;0.495727339833686;0
10.37;0.150453147127026;0.490431645688804;0
10.38;0.155333125375335;0.484998041062252;0
10.39;0.160158153821439;0.479428391756513;0
10.4;0.164926880553005;0.473724601148191;0
10.41;0.169637972858216;0.467888609552878;0
10.42;0.174290117592271;0.461922393580035;0
10.43;0.178882021537384;0.455827965478111;0
10.44;0.183412411756189;0.449607372470092;0
10.45;0.187880035938465;0.443262696079721;0
10.46;0.192283662741075;0.436796051448584;0
10.47;0.196622082121039;0.430209586644297;0
10.48;0.200894105661649;0.423505481960012;0
10.49;0.205098566891543;0.416685949205465;0
10.5;0.209234321596649;0.409753230989798;0
10.51;0.213300248124919;0.402709599996378;0
10.52;0.217295247683785;0.395557358249848;0
10.53;0.221218244630242;0.388298836375645;0
10.54;0.225068186753498;0.380936392852215;0
10.55;0.228844045550113;0.373472413256163;0
10.56;0.232544816491557;0.365909309500577;0
10.57;0.236169519284127;0.358249519066775;0
10.58;0.239717198121142;0.350495504229691;0
10.59;0.24318692192738;0.34264975127718;0
10.6;0.246577784595663;0.33471476972345;0
10.61;0.249888905215568;0.326693091516893;0
10.62;0.253119428294179;0.318587270242551;0
10.63;0.256268523968847;0.310399880319463;0
10.64;0.259335388211903;0.302133516193152;0
10.65;0.262319243027269;0.293790791523492;0
10.66;0.26521933663893;0.285374338368214;0
10.67;0.268034943671226;0.2768868063623;0
10.68;0.270765365320916;0.268330861893513;0
10.69;0.27340992952098;0.259709187274333;0
10.7;0.275967991096135;0.251024479910535;0
10.71;0.278438931910004;0.242279451466667;0
10.72;0.280822161003948;0.233476827028704;0
10.73;0.283117114727497;0.224619344264097;0
10.74;0.285323256860377;0.215709752579517;0
10.75;0.287440078726107;0.206750812276503;0
10.76;0.289467099297137;0.197745293705318;0
10.77;0.291403865291525;0.188695976417232;0
10.78;0.293249951261127;0.179605648315512;0
10.79;0.295004959671293;0.170477104805359;0
10.8;0.296668520972055;0.161313147943071;0
10.81;0.29824029366081;0.152116585584656;0
10.82;0.299719964336484;0.142890230534191;0
10.83;0.301107247745182;0.13363689969214;0
10.84;0.302401886817315;0.124359413203925;0
10.85;0.303603652696225;0.11506059360898;0
10.86;0.304712344758296;0.105743264990548;0
10.87;0.305727790624571;0.0964102521264812;0
10.88;0.306649846163879;0.0870643796412886;0
10.89;0.307478395487494;0.0777084711596914;0
10.9;0.308213350935333;0.0683453484619283;0
10.91;0.308854653053717;0.0589778306410678;0
10.92;0.309402270564715;0.0496087332625739;0
10.93;0.309856200327098;0.0402408675263735;0
10.94;0.310216467288919;0.0308770394316726;0
10.95;0.310483124431762;0.0215200489447671;0
10.96;0.310656252706675;0.0121726891700923;0
10.97;0.31073596096184;0.00283774552475327;0
10.98;0.310722385861995;-0.00648200508322073;0
10.99;0.310615691799659;-0.0157837950726593;0
11;0.310416070798202;-0.0250648670028329;0
11.01;0.310123742406791;-0.0343224743825959;0
11.02;0.309738953587277;-0.0435538824748584;0
11.03;0.309261978593043;-0.0527563690961498;0
11.04;0.308693118839899;-0.0619272254110476;0
11.05;0.308032702769038;-0.0710637567212371;0
11.06;0.307281085702137;-0.0801632832489795;0
11.07;0.30643864968865;-0.0892231409147593;0
11.08;0.305505803345343;-0.0982406821088899;0
11.09;0.304482981688152;-0.107213276456857;0
11.1;0.303370645956407;-0.116138311578177;0
11.11;0.302169283429503;-0.125013193838565;0
11.12;0.300879407236077;-0.133835349095178;0
11.13;0.299501556155769;-0.142602223434747;0
11.14;0.29803629441363;-0.151311283904372;0
11.15;0.296484211467256;-0.159960019234772;0
11.16;0.294845921786728;-0.168545940555802;0
11.17;0.293122064627426;-0.177066582104021;0
11.18;0.291313303795814;-0.185519501922115;0
11.19;0.289420327408257;-0.193902282549986;0
11.2;0.28744384764297;-0.202212531707309;0
11.21;0.285384600485185;-0.210447882967366;0
11.22;0.28324334546561;-0.218605996421975;0
11.23;0.28102086539229;-0.226684559337323;0
11.24;0.278717966075941;-0.234681286800532;0
11.25;0.276335476048869;-0.242593922356768;0
11.26;0.273874246277558;-0.250420238636727;0
11.27;0.271335149869026;-0.258158037974325;0
11.28;0.268719081771049;-0.265805153014421;0
11.29;0.266026958466354;-0.273359447310411;0
11.3;0.263259717660886;-0.280818815911525;0
11.31;0.260418317966239;-0.288181185939682;0
11.32;0.257503738576378;-0.295444517155733;0
11.33;0.254516978938735;-0.302606802514946;0
11.34;0.251459058419812;-0.309666068711591;0
11.35;0.248331015965376;-0.316620376712473;0
11.36;0.245133909755375;-0.323467822279274;0
11.37;0.24186881685368;-0.330206536479565;0
11.38;0.238536832852772;-0.336834686186365;0
11.39;0.235139071513477;-0.343350474566095;0
11.4;0.23167666439988;-0.349752141554826;0
11.41;0.228150760509534;-0.356037964322682;0
11.42;0.224562525899066;-0.362206257726279;0
11.43;0.220913143305328;-0.368255374749099;0
11.44;0.217203811762184;-0.374183706929671;0
11.45;0.213435746213084;-0.379989684777458;0
11.46;0.209610177119525;-0.385671778176355;0
11.47;0.205728350065539;-0.391228496775682;0
11.48;0.201791525358324;-0.39665839036859;0
11.49;0.19780097762515;-0.401960049257783;0
11.5;0.193757995406664;-0.407132104608463;0
11.51;0.189663880746725;-0.41217322878843;0
11.52;0.185519948778895;-0.417082135695233;0
11.53;0.181327527309717;-0.421857581070321;0
11.54;0.177087956398909;-0.426498362800105;0
11.55;0.17280258793661;-0.431003321203874;0
11.56;0.168472785217803;-0.435371339308489;0
11.57;0.164099922514051;-0.439601343109808;0
11.58;0.159685384642683;-0.443692301820785;0
11.59;0.155230566533552;-0.447643228106178;0
11.6;0.15073687279351;-0.451453178303835;0
11.61;0.146205717268736;-0.45512125263251;0
11.62;0.141638522605034;-0.458646595386161;0
11.63;0.137036719806262;-0.46202839511471;0
11.64;0.132401747791008;-0.465265884791218;0
11.65;0.127735052947652;-0.468358341965467;0
11.66;0.123038088687965;-0.471305088903901;0
11.67;0.118312314999356;-0.474105492715938;0
11.68;0.113559197995927;-0.476758965466611;0
11.69;0.108780209468462;-0.479264964275547;0
11.7;0.103976826433481;-0.481622991402262;0
11.71;0.0991505306815124;-0.483832594317791;0
11.72;0.0943028083247041;-0.485893365762628;0
11.73;0.0894351493439171;-0.487804943791006;0
11.74;0.0845490471354407;-0.489567011801513;0
11.75;0.0796459980574604;-0.491179298554068;0
11.76;0.0747275009764186;-0.492641578173263;0
11.77;0.0697950568134032;-0.493953670138108;0
11.78;0.0648501680906989;-0.495115439258192;0
11.79;0.0598943384786385;-0.496126795636301;0
11.8;0.0549290723428894;-0.496987694617522;0
11.81;0.0499558742923086;-0.497698136724871;0
11.82;0.0449762487275027;-0.49825816758149;0
11.83;0.0399916993902259;-0.498667877819461;0
11.84;0.03500372891375;-0.498927402975281;0
11.85;0.0300138383743394;-0.499036923372058;0
11.86;0.0250235268439638;-0.498996663988481;0
11.87;0.0200342909443803;-0.49880689431464;0
11.88;0.0150476244027167;-0.498467928194733;0
11.89;0.0100650176086854;-0.497980123656767;0
11.9;0.00508795717356006;-0.497343882729291;0
11.91;0.000117925491041906;-0.496559651245266;0
11.92;-0.00484359969985482;-0.495627918633133;0
11.93;-0.00979514574977064;-0.494549217695178;0
11.94;-0.0147352455316955;-0.493324124373275;0
11.95;-0.0196624378712645;-0.491953257502093;0
11.96;-0.0245752679745293;-0.490437278549883;0
11.97;-0.0294722878530825;-0.488776891346914;0
11.98;-0.0343520567464104;-0.486972841801695;0
11.99;-0.0392131415413541;-0.485025917605057;0
12;-0.0440541171885567;-0.482936947922227;0
12.01;-0.0488735671157778;-0.480706803072993;0
12.02;-0.0536700836379565;-0.478336394200089;0
12.03;-0.058442268363906;-0.47582667292591;0
12.04;-0.0631887325995222;-0.473178630997675;0
12.05;-0.067908097747394;-0.470393299921189;0
12.06;-0.0725989957026989;-0.467471750583299;0
12.07;-0.0772600692452738;-0.464415092863204;0
12.08;-0.0818899724277488;-0.461224475232742;0
12.09;-0.0864873709596347;-0.457901084345798;0
12.1;-0.0910509425872563;-0.454446144616963;0
12.11;-0.0955793774694246;-0.450860917789614;0
12.12;-0.100071378548742;-0.447146702493528;0
12.13;-0.104525661918439;-0.443304833792215;0
12.14;-0.108940957184636;-0.4393366827201;0
12.15;-0.113316007823932;-0.435243655809717;0
12.16;-0.117649571536225;-0.431027194609076;0
12.17;-0.121940420592657;-0.42668877518937;0
12.18;-0.126187342178595;-0.422229907643165;0
12.19;-0.130389138731554;-0.417652135573268;0
12.2;-0.134544628273965;-0.412957035572419;0
12.21;-0.138652644740699;-0.408146216693998;0
12.22;-0.142712038301261;-0.403221319913897;0
12.23;-0.146721675676558;-0.398184017583764;0
12.24;-0.150680440450169;-0.393036012875767;0
12.25;-0.15458723337402;-0.387779039219084;0
12.26;-0.158440972668387;-0.382414859728288;0
12.27;-0.162240594316148;-0.376945266623812;0
12.28;-0.165985052351211;-0.371372080644692;0
12.29;-0.16967331914102;-0.365697150453766;0
12.3;-0.173304385663098;-0.359922352035525;0
12.31;-0.176877261775523;-0.354049588086813;0
12.32;-0.180390976481286;-0.348080787400562;0
12.33;-0.183844578186451;-0.342017904242766;0
12.34;-0.187237134952061;-0.335862917722889;0
12.35;-0.190567734739714;-0.329617831157909;0
12.36;-0.193835485650756;-0.323284671430199;0
12.37;-0.197039516159018;-0.316865488339444;0
12.38;-0.20017897533706;-0.310362353948806;0
12.39;-0.203253033075834;-0.30377736192554;0
12.4;-0.206260880297746;-0.297112626876263;0
12.41;-0.209201729163032;-0.290370283677088;0
12.42;-0.212074813269426;-0.283552486798842;0
12.43;-0.214879387845051;-0.276661409627558;0
12.44;-0.217614729934497;-0.269699243780475;0
12.45;-0.220280138578039;-0.262668198417743;0
12.46;-0.222874934983953;-0.255570499550053;0
12.47;-0.225398462693893;-0.248408389342404;0
12.48;-0.227850087741287;-0.241184125414234;0
12.49;-0.230229198802718;-0.233899980136106;0
12.5;-0.23253520734226;-0.226558239923194;0
12.51;-0.234767547748733;-0.219161204525764;0
12.52;-0.236925677465853;-0.211711186316884;0
12.53;-0.23900907711524;-0.204210509577572;0
12.54;-0.241017250612278;-0.1966615097796;0
12.55;-0.242949725274781;-0.189066532866179;0
12.56;-0.244806051924471;-0.181427934530744;0
12.57;-0.246585804981222;-0.17374807949405;0
12.58;-0.248288582550077;-0.166029340779805;0
12.59;-0.249914006501013;-0.158274098989068;0
12.6;-0.251461722541446;-0.150484741573611;0
12.61;-0.252931400281467;-0.14266366210848;0
12.62;-0.254322733291793;-0.134813259563975;0
12.63;-0.255635439154448;-0.126935937577262;0
12.64;-0.256869259506152;-0.119034103723832;0
12.65;-0.258023960074424;-0.111110168789041;0
12.66;-0.259099330706405;-0.10316654603993;0
12.67;-0.260095185390398;-0.0952056504975637;0
12.68;-0.261011362270142;-0.0872298982100842;0
12.69;-0.261847723651806;-0.0792417055267106;0
12.7;-0.262604156003744;-0.0712434883728959;0
12.71;-0.263280569949;-0.0632376615268565;0
12.72;-0.26387690025058;-0.0552266378976883;0
12.73;-0.264393105789526;-0.0472128278052847;0
12.74;-0.264829169535785;-0.0391986382622679;0
12.75;-0.26518509851192;-0.0311864722581455;0
12.76;-0.265460923749657;-0.0231787280459038;0
12.77;-0.265656700239328;-0.0151777984312466;0
12.78;-0.265772506872206;-0.00718607006468905;0
12.79;-0.265808446375778;0.000794077263287423;0
12.8;-0.265764645241987;0.00876027132381211;0
12.81;-0.26564125364847;0.0167101481477295;0
12.82;-0.265438445372832;0.0246413527200283;0
12.83;-0.265156417699998;0.0325515396703922;0
12.84;-0.264795391322667;0.0404383739596738;0
12.85;-0.264355610234934;0.0482995315620909;0
12.86;-0.263837341619096;0.056132700142949;0
12.87;-0.263240875725713;0.0639355797316955;0
12.88;-0.262566525746955;0.0717058833901092;0
12.89;-0.261814627683288;0.0794413378754365;0
12.9;-0.260985540203556;0.0871396842982814;0
12.91;-0.260079644498509;0.0947986787750627;0
12.92;-0.259097344127824;0.102416093074852;0
12.93;-0.258039064860695;0.109989715260406;0
12.94;-0.256905254510028;0.117517350323216;0
12.95;-0.255696382760323;0.124996820812391;0
12.96;-0.254412940989288;0.132425967457193;0
12.97;-0.253055442083262;0.139802649783055;0
12.98;-0.251624420246504;0.147124746720909;0
12.99;-0.250120430804423;0.154390157209646;0
13;-0.24854405000081;0.161596800791545;0
13.01;-0.246895874789156;0.168742618200499;0
13.02;-0.245176522618111;0.17582557194288;0
13.03;-0.243386631211175;0.182843646870885;0
13.04;-0.241526858340691;0.189794850748186;0
13.05;-0.239597881596205;0.19667721480775;0
13.06;-0.237600398147302;0.203488794301661;0
13.07;-0.235535124500965;0.210227669042796;0
13.08;-0.233402796253559;0.216891943938213;0
13.09;-0.231204167837525;0.223479749514092;0
13.1;-0.228940012262852;0.229989242432104;0
13.11;-0.226611120853435;0.236418605997045;0
13.12;-0.224218302978391;0.242766050655626;0
13.13;-0.221762385778425;0.24902981448626;0
13.14;-0.219244213887349;0.255208163679725;0
13.15;-0.21666464914882;0.261299393010577;0
13.16;-0.214024570328425;0.267301826299184;0
13.17;-0.211324872821172;0.273213816864256;0
13.18;-0.208566468354509;0.279033747965761;0
13.19;-0.205750284686951;0.284760033238094;0
13.2;-0.202877265302426;0.290391117113411;0
13.21;-0.199948369100426;0.295925475234991;0
13.22;-0.196964570082074;0.301361614860535;0
13.23;-0.193926857032202;0.306698075255301;0
13.24;-0.190836233197547;0.311933428074961;0
13.25;-0.187693715961154;0.317066277738094;0
13.26;-0.184500336513118;0.322095261788219;0
13.27;-0.181257139517741;0.327019051245273;0
13.28;-0.177965182777221;0.331836350946454;0
13.29;-0.174625536891993;0.336545899876335;0
13.3;-0.171239284917802;0.341146471486184;0
13.31;-0.167807522019644;0.345636874002393;0
13.32;-0.164331355122665;0.350015950723963;0
13.33;-0.160811902560136;0.354282580308951;0
13.34;-0.157250293718616;0.358435677049843;0
13.35;-0.153647668680408;0.362474191137756;0
13.36;-0.150005177863426;0.366397108915433;0
13.37;-0.146323981658582;0.370203453118964;0
13.38;-0.142605250064804;0.373892283108186;0
13.39;-0.138850162321806;0.377462695085702;0
13.4;-0.135059906540717;0.380913822304485;0
13.41;-0.131235679332682;0.384244835264016;0
13.42;-0.127378685435559;0.387454941894924;0
13.43;-0.12349013733882;0.390543387732081;0
13.44;-0.11957125490677;0.393509456076135;0
13.45;-0.115623265000206;0.39635246814344;0
13.46;-0.111647401096627;0.399071783204365;0
13.47;-0.107644902909114;0.401666798709953;0
13.48;-0.103617016004001;0.404136950406929;0
13.49;-0.0995649914174357;0.406481712441014;0
13.5;-0.0954900852709729;0.40870059744857;0
13.51;-0.0913935583862974;0.410793156636531;0
13.52;-0.0872766758992016;0.412758979850648;0
13.53;-0.0831407068729328;0.41459769563203;0
13.54;-0.0789869239110285;0.416308971261985;0
13.55;-0.0748166027697557;0.417892512795178;0
13.56;-0.0706310219702708;0.419348065081102;0
13.57;-0.0664314624106178;0.420675411773889;0
13.58;-0.0622192069776804;0.421874375330471;0
13.59;-0.0579955401592049;0.422944816997106;0
13.6;-0.0537617476560108;0.42388663678431;0
13.61;-0.0495191159945029;0.424699773430206;0
13.62;-0.045268932139603;0.425384204352323;0
13.63;-0.0410124831082151;0.425939945587897;0
13.64;-0.0367510555833388;0.426367051722681;0
13.65;-0.0324859355289468;0.426665615808336;0
13.66;-0.0282184078057395;0.426835769268422;0
13.67;-0.0239497557878906;0.426877681793061;0
13.68;-0.0196812609808969;0.426791561222295;0
13.69;-0.0154142026406457;0.426577653418224;0
13.7;-0.0111498573938101;0.426236242125954;0
13.71;-0.00688949885968625;0.425767648823433;0
13.72;-0.00263439727358066;0.42517223256024;0
13.73;0.00161418088813977;0.424450389785376;0
13.74;0.00585497328122716;0.42360255416415;0
13.75;0.0100867220648517;0.422629196384222;0
13.76;0.014308174270913;0.421530823950878;0
13.77;0.0185180821712553;0.420307980971623;0
13.78;0.0227152036426819;0.418961247930175;0
13.79;0.0268983025296612;0.417491241449936;0
13.8;0.031066149004621;0.415898614047041;0
13.81;0.0352175199257265;0.414184053873075;0
13.82;0.0393511991920391;0.412348284447545;0
13.83;0.0434659780959549;0.410392064380209;0
13.84;0.0475606556728204;0.408316187083372;0
13.85;0.0516340390476267;0.406121480474232;0
13.86;0.0556849437786831;0.403808806667405;0
13.87;0.0597121941981717;0.401379061657722;0
13.88;0.0637146237494867;0.398833174993414;0
13.89;0.0676910753212629;0.396172109439808;0
13.9;0.0716404015779987;0.393396860633634;0
13.91;0.0755614652871805;0.390508456728077;0
13.92;0.0794531396428163;0.387507958028698;0
13.93;0.083314308585288;0.38439645662033;0
13.94;0.0871438671174324;0.381175075985103;0
13.95;0.090940721616763;0.377844970611699;0
13.96;0.0947037901437455;0.374407325596;0
13.97;0.0984320027460415;0.370863356233232;0
13.98;0.102124301758636;0.367214307601773;0
13.99;0.105779642099764;0.36346145413873;0
14;0.109396991562563;0.359606099207465;0
14.01;0.112975331102354;0.355649574657179;0
14.02;0.116513655119494;0.351593240374717;0
14.03;0.120010971737704;0.347438483828743;0
14.04;0.123466303077813;0.343186719606427;0
14.05;0.126878685526826;0.338839388942801;0
14.06;0.130247170002261;0.334397959242929;0
14.07;0.133570822211674;0.32986392359707;0
14.08;0.136848722907301;0.325238800288953;0
14.09;0.140079968135759;0.320524132297364;0
14.1;0.143263669482725;0.315721486791174;0
14.11;0.146398954312546;0.310832454617996;0
14.12;0.149484966002698;0.305858649786607;0
14.13;0.15252086417305;0.300801708943331;0
14.14;0.155505824909857;0.295663290842532;0
14.15;0.158439040984442;0.290445075811382;0
14.16;0.16131972206649;0.285148765209095;0
14.17;0.164147094931919;0.27977608088078;0
14.18;0.16692040366526;0.274328764606084;0
14.19;0.169638909856504;0.268808577542822;0
14.2;0.172301892792358;0.263217299665745;0
14.21;0.17490864964188;0.257556729200632;0
14.22;0.177458495636416;0.251828682053884;0
14.23;0.179950764243833;0.246034991237807;0
14.24;0.182384807336969;0.240177506291739;0
14.25;0.184759995356286;0.234258092699234;0
14.26;0.18707571746668;0.228278631301455;0
14.27;0.189331381708397;0.222241017706983;0
14.28;0.191526415142044;0.216147161698204;0
14.29;0.19366026398764;0.209998986634473;0
14.3;0.195732393757691;0.203798428852233;0
14.31;0.197742289384253;0.197547437062274;0
14.32;0.199689455339947;0.191247971744319;0
14.33;0.201573415752921;0.184902004539123;0
14.34;0.203393714515712;0.178511517638273;0
14.35;0.205149915388003;0.172078503171865;0
14.36;0.206841602093243;0.165604962594271;0
14.37;0.208468378409124;0.159092906068149;0
14.38;0.210029868251881;0.15254435184691;0
14.39;0.211525715754418;0.145961325655825;0
14.4;0.212955585338236;0.139345860071946;0
14.41;0.214319161779158;0.132699993903045;0
14.42;0.215616150266838;0.126025771565752;0
14.43;0.21684627645805;0.119325242463079;0
14.44;0.218009286523746;0.112600460361523;0
14.45;0.219104947189888;0.105853482767924;0
14.46;0.22013304577205;0.0990863703062801;0
14.47;0.221093390203782;0.0923011860946965;0
14.48;0.221985809058751;0.0854999951226567;0
14.49;0.222810151566652;0.0786848636288046;0
14.5;0.223566287622902;0.0718578584794206;0
14.51;0.224254107792127;0.0650210465477782;0
14.52;0.224873523305438;0.0581764940945651;0
14.53;0.225424466051523;0.0513262661495526;0
14.54;0.225906888561561;0.0444724258946969;0
14.55;0.226320763987975;0.0376170340488542;0
14.56;0.226666086077035;0.0307621482542923;0
14.57;0.226942869135342;0.023909822465178;0
14.58;0.227151147990203;0.0170621063382218;0
14.59;0.227290977943919;0.0102210446256573;0
14.6;0.227362434722024;0.00338867657073474;0
14.61;0.227365614415477;-0.00343296469409558;0
14.62;0.227300633416865;-0.0102418527461335;0
14.63;0.227167628350613;-0.0170359684683387;0
14.64;0.226966755997265;-0.0238133006420261;0
14.65;0.226698193211838;-0.0305718465361753;0
14.66;0.226362136836315;-0.0373096124931826;0
14.67;0.225958803606282;-0.0440246145108863;0
14.68;0.225488430051769;-0.0507148788206981;0
14.69;0.224951272392332;-0.0573784424616726;0
14.7;0.224347606426406;-0.0640133538503505;0
14.71;0.22367772741498;-0.0706176733462125;0
14.72;0.222941949959645;-0.0771894738125803;0
14.73;0.222140607875041;-0.0837268411728067;0
14.74;0.221274054055781;-0.0902278749615938;0
14.75;0.220342660337867;-0.0966906888712844;0
14.76;0.219346817354678;-0.10311341129297;0
14.77;0.218286934387567;-0.109494185852262;0
14.78;0.217163439211124;-0.115831171939578;0
14.79;0.215976777933164;-0.12212254523479;0
14.8;0.21472741482949;-0.128366498226082;0
14.81;0.213415832173499;-0.13456124072289;0
14.82;0.212042530060683;-0.140705000362755;0
14.83;0.210608026228088;-0.146796023111972;0
14.84;0.2091128558688;-0.152832573759872;0
14.85;0.207557571441513;-0.158812936406626;0
14.86;0.205942742475249;-0.164735414944411;0
14.87;0.204268955369297;-0.170598333531822;0
14.88;0.20253681318844;-0.176400037061388;0
14.89;0.200746935453541;-0.18213889162008;0
14.9;0.198899957927545;-0.18781328494266;0
14.91;0.196996532396994;-0.193421626857774;0
14.92;0.195037326449106;-0.19896234972665;0
14.93;0.193023023244502;-0.204433908874283;0
14.94;0.190954321285655;-0.209834783013008;0
14.95;0.188831934181143;-0.215163474658322;0
14.96;0.18665659040577;-0.220418510536861;0
14.97;0.18442903305665;-0.22559844198642;0
14.98;0.182150019605328;-0.230701845347907;0
14.99;0.179820321646007;-0.235727322349123;0
15;0.177440724639993;-0.240673500480283;0
15.01;0.175012027656403;-0.245539033361159;0
15.02;0.172535043109251;-0.250322601099765;0
15.03;0.170010596490987;-0.255022910642483;0
15.04;0.167439526102562;-0.259638696115547;0
15.05;0.164822682780131;-0.264168719157782;0
15.06;0.162160929618461;-0.268611769244536;0
15.07;0.159455141691137;-0.272966664002704;0
15.08;0.156706205767666;-0.277232249516773;0
15.09;0.153915020027556;-0.281407400625814;0
15.1;0.151082493771468;-0.285491021211336;0
15.11;0.148209547129527;-0.289482044475949;0
15.12;0.145297110766893;-0.293379433212751;0
15.13;0.142346125586681;-0.29718218006539;0
15.14;0.139357542430315;-0.300889307778723;0
15.15;0.136332321775423;-0.304499869440024;0
15.16;0.133271433431368;-0.308012948710684;0
15.17;0.130175856232492;-0.311427660048347;0
15.18;0.127046577729193;-0.31474314891943;0
15.19;0.123884593876918;-0.317958592001985;0
15.2;0.120690908723164;-0.321073197378859;0
15.21;0.117466534092601;-0.324086204721099;0
15.22;0.114212489270402;-0.326996885461584;0
15.23;0.110929800683873;-0.329804542958831;0
15.24;0.107619501582503;-0.332508512650952;0
15.25;0.104282631716506;-0.335108162199725;0
15.26;0.100920237013974;-0.337602891624768;0
15.27;0.0975333692567348;-0.339992133427774;0
15.28;0.0941230857550032;-0.342275352706796;0
15.29;0.0906904490209434;-0.344452047260574;0
15.3;0.0872365264412281;-0.346521747682867;0
15.31;0.0837623899487007;-0.348484017446802;0
15.32;0.0802691156932388;-0.350338452979216;0
15.33;0.0767577837119197;-0.352084683724999;0
15.34;0.0732294775985862;-0.353722372201421;0
15.35;0.0696852841729161;-0.355251214042456;0
15.36;0.066126293149092;-0.356670938033104;0
15.37;0.0625535968041732;-0.357981306133713;0
15.38;0.0589682896462697;-0.359182113494319;0
15.39;0.0553714680826175;-0.360273188459006;0
15.4;0.0517642300876549;-0.361254392560315;0
15.41;0.0481476748711998;-0.36212562050371;0
15.42;0.0445229025468266;-0.36288680014213;0
15.43;0.0408910138005428;-0.363537892440641;0
15.44;0.0372531095598623;-0.364078891431235;0
15.45;0.0336102906633764;-0.364509824157782;0
15.46;0.0299636575309187;-0.36483075061119;0
15.47;0.0263143098344218;-0.365041763654799;0
15.48;0.0226633461695651;-0.365142988940041;0
15.49;0.0190118637283089;-0.365134584812429;0
15.5;0.0153609579724118;-0.365016742207898;0
15.51;0.0117117223080285;-0.364789684539558;0
15.52;0.0080652477614825;-0.364453667574907;0
15.53;0.00442262265630994;-0.364008979303555;0
15.54;0.000784932291668167;-0.363455939795517;0
15.55;-0.00284674137779603;-0.362794901050131;0
15.56;-0.00647132006052562;-0.36202624683567;0
15.57;-0.0100877294449869;-0.361150392519703;0
15.58;-0.0136948995148652;-0.360167784890272;0
15.59;-0.0172917648624315;-0.359078901967963;0
15.6;-0.0208772649999892;-0.357884252808939;0
15.61;-0.0244503446693099;-0.356584377298999;0
15.62;-0.028009954148971;-0.355179845938761;0
15.63;-0.0315550495595044;-0.35367125962003;0
15.64;-0.0350845931662701;-0.352059249393439;0
15.65;-0.038597553679967;-0.350344476227458;0
15.66;-0.0420929065546955;-0.348527630758838;0
15.67;-0.0455696342834859;-0.346609433034596;0
15.68;-0.0490267266912094;-0.34459063224563;0
15.69;-0.0524631812247876;-0.342472006452047;0
15.7;-0.0558780032406184;-0.340254362300321;0
15.71;-0.0592702062891374;-0.337938534732357;0
15.72;-0.0626388123964334;-0.33552538668658;0
15.73;-0.0659828523428394;-0.333015808791143;0
15.74;-0.0693013659384211;-0.330410719049362;0
15.75;-0.0725934022952844;-0.327711062517488;0
15.76;-0.0758580200966269;-0.324917810974918;0
15.77;-0.0790942878624584;-0.322031962586967;0
15.78;-0.082301284211915;-0.319054541560312;0
15.79;-0.0854780981220958;-0.315986597791214;0
15.8;-0.0886238291833499;-0.312829206506651;0
15.81;-0.0917375878509427;-0.309583467898472;0
15.82;-0.0948184956930329;-0.306250506750699;0
15.83;-0.0978656856348929;-0.30283147206009;0
15.84;-0.100878302199304;-0.299327536650106;0
15.85;-0.103855501743061;-0.295739896778394;0
15.86;-0.106796452689529;-0.292069771737919;0
15.87;-0.109700335757172;-0.288318403451878;0
15.88;-0.112566344184016;-0.284487056062529;0
15.89;-0.115393683947963;-0.280577015514062;0
15.9;-0.118181573982914;-0.276589589129653;0
15.91;-0.120929246390636;-0.27252610518284;0
15.92;-0.123635946648313;-0.268387912463346;0
15.93;-0.126300933811735;-0.264176379837513;0
15.94;-0.128923480714071;-0.259892895803457;0
15.95;-0.131502874160158;-0.255538868041115;0
15.96;-0.134038415116285;-0.25111572295731;0
15.97;-0.136529418895389;-0.246624905225986;0
15.98;-0.138975215337647;-0.242067877323756;0
15.99;-0.141375148986389;-0.23744611906091;0
16;-0.143728579259314;-0.232761127108041;0
16.01;-0.146034880614943;-0.228014414518421;0
16.02;-0.148293442714285;-0.223207510246289;0
16.03;-0.150503670577661;-0.218341958661209;0
16.04;-0.152664984736661;-0.213419319058631;0
16.05;-0.154776821381183;-0.20844116516682;0
16.06;-0.156838632501534;-0.203409084650318;0
16.07;-0.158849886025544;-0.198324678610065;0
16.08;-0.160810065950667;-0.193189561080362;0
16.09;-0.162718672471044;-0.18800535852282;0
16.1;-0.164575222099483;-0.182773709317454;0
16.11;-0.166379247784349;-0.177496263251073;0
16.12;-0.168130299021315;-0.172174681003139;0
16.13;-0.169827941959969;-0.166810633629238;0
16.14;-0.171471759505242;-0.16140580204233;0
16.15;-0.17306135141364;-0.155961876491939;0
16.16;-0.174596334384256;-0.150480556041433;0
16.17;-0.176076342144557;-0.144963548043565;0
16.18;-0.177501025530903;-0.139412567614431;0
16.19;-0.178870052563813;-0.133829337106002;0
16.2;-0.180183108517946;-0.128215585577394;0
16.21;-0.181439895986786;-0.122573048265037;0
16.22;-0.18264013494203;-0.116903466051908;0
16.23;-0.183783562787661;-0.11120858493597;0
16.24;-0.184869934408704;-0.105490155498006;0
16.25;-0.185899022214654;-0.0997499323689875;0
16.26;-0.186870616177588;-0.0939896736971402;0
16.27;-0.18778452386493;-0.0882111406148801;0
16.28;-0.188640570466901;-0.082416096705765;0
16.29;-0.189438598818626;-0.0766063074716288;0
16.3;-0.190178469416927;-0.0707835398000575;0
16.31;-0.19086006043178;-0.0649495614323645;0
16.32;-0.191483267712462;-0.0591061404322238;0
16.33;-0.192048004788391;-0.0532550446551211;0
16.34;-0.192554202864652;-0.0473980412187775;0
16.35;-0.193001810812248;-0.0415368959747063;0
16.36;-0.193390795153059;-0.0356733729810561;0
16.37;-0.193721140039545;-0.0298092339768981;0
16.38;-0.193992847229193;-0.0239462378581125;0
16.39;-0.194205936053737;-0.0180861401550269;0
16.4;-0.194360443383151;-0.0122306925119624;0
16.41;-0.194456423584464;-0.00638164216883859;0
16.42;-0.194493948475382;-0.000540731444989501;0
16.43;-0.194473107272777;0.00529030277465783;0
16.44;-0.194394006536031;0.0111097295508929;0
16.45;-0.194256770105295;0.0169158243988703;0
16.46;-0.194061539034661;0.022706869793949;0
16.47;-0.193808471520301;0.0284811556745764;0
16.48;-0.193497742823576;0.0342369799420703;0
16.49;-0.193129545189178;0.0399726489571556;0
16.5;-0.192704087758311;0.045686478033111;0
16.51;-0.192221596476955;0.0513767919253859;0
16.52;-0.191682313999263;0.0570419253175437;0
16.53;-0.191086499586099;0.062680223303395;0
16.54;-0.190434428998786;0.0682900418651816;0
16.55;-0.189726394388082;0.073869748347674;0
16.56;-0.188962704178436;0.0794177219280489;0
16.57;-0.188143682947568;0.0849323540814115;0
16.58;-0.187269671301411;0.0904120490418319;0
16.59;-0.18634102574446;0.0958552242587641;0
16.6;-0.185358118545588;0.101260310848719;0
16.61;-0.184321337599354;0.106625754042066;0
16.62;-0.183231086282875;0.111950013624831;0
16.63;-0.182087783308304;0.117231564375379;0
16.64;-0.180891862570953;0.122468896495848;0
16.65;-0.17964377299314;0.127660516038215;0
16.66;-0.178343978363791;0.132804945324886;0
16.67;-0.176992957173862;0.13790072336368;0
16.68;-0.175591202447641;0.142946406257098;0
16.69;-0.174139221569979;0.147940567605773;0
16.7;-0.172637536109519;0.152881798905966;0
16.71;-0.171086681637965;0.15776870994103;0
16.72;-0.16948720754548;0.162599929166706;0
16.73;-0.167839676852249;0.167374104090176;0
16.74;-0.166144666016279;0.172089901642731;0
16.75;-0.164402764737508;0.176746008546001;0
16.76;-0.162614575758278;0.181341131671603;0
16.77;-0.160780714660238;0.185873998394139;0
16.78;-0.158901809657754;0.190343356937447;0
16.79;-0.156978501387879;0.194747976713994;0
16.8;-0.155011442696972;0.199086648657345;0
16.81;-0.153001298424009;0.203358185547606;0
16.82;-0.150948745180685;0.207561422329756;0
16.83;-0.148854471128354;0.211695216424792;0
16.84;-0.146719175751902;0.215758448033603;0
16.85;-0.1445435696306;0.219750020433485;0
16.86;-0.14232837420604;0.223668860267236;0
16.87;-0.140074321547202;0.227513917824753;0
16.88;-0.137782154112743;0.231284167317045;0
16.89;-0.135452624510586;0.234978607142618;0
16.9;-0.133086495254869;0.238596260146141;0
16.91;-0.130684538520352;0.242136173869344;0
16.92;-0.128247535894343;0.245597420794085;0
16.93;-0.125776278126235;0.248979098577515;0
16.94;-0.123271564874721;0.252280330279298;0
16.95;-0.120734204452776;0.255500264580826;0
16.96;-0.118165013570488;0.258638075996375;0
16.97;-0.1155648170758;0.261692965076152;0
16.98;-0.112934447693274;0.264664158601197;0
16.99;-0.110274745760934;0.267550909770075;0
17;-0.107586558965279;0.270352498377339;0
17.01;-0.104870742074552;0.273068230983706;0
17.02;-0.102128156670343;0.275697441077926;0
17.03;-0.0993596708776095;0.278239489230288;0
17.04;-0.0965661590932047;0.280693763237758;0
17.05;-0.0937485017129844;0.283059678260695;0
17.06;-0.0909075848575911;0.285336676951139;0
17.07;-0.0880443000969905;0.287524229572626;0
17.08;-0.0851595441738487;0.289621834111534;0
17.09;-0.0822542187258334;0.291629016379916;0
17.1;-0.0793292300069264;0.293545330109823;0
17.11;-0.0763854886078302;0.295370357039087;0
17.12;-0.0734239091755554;0.297103706988574;0
17.13;-0.0704454101322744;0.298745017930871;0
17.14;-0.0674509133935264;0.300293956050432;0
17.15;-0.0644413440858596;0.301750215795148;0
17.16;-0.0614176302639964;0.303113519919371;0
17.17;-0.058380702627606;0.304383619518368;0
17.18;-0.0553314942377725;0.305560294054222;0
17.19;-0.0522709402332411;0.306643351373194;0
17.2;-0.0491999775465294;0.307632627714533;0
17.21;-0.0461195446199899;0.308527987710773;0
17.22;-0.0430305811219064;0.309329324379506;0
17.23;-0.0399340276627121;0.310036559106673;0
17.24;-0.0368308255114121;0.310649641621369;0
17.25;-0.0337219163122967;0.3111685499622;0
17.26;-0.0306082418020284;0.311593290435214;0
17.27;-0.0274907435271878;0.311923897563427;0
17.28;-0.0243703625623619;0.312160434027977;0
17.29;-0.021248039228858;0.312302990600943;0
17.3;-0.0181247128141275;0.312351686069856;0
17.31;-0.0150013212919813;0.312306667153938;0
17.32;-0.0118788010436804;0.31216810841212;0
17.33;-0.00875808657998224;0.311936212142869;0
17.34;-0.00564011026422653;0.311611208275869;0
17.35;-0.00252580203654017;0.311193354255609;0
17.36;0.000583910860757417;0.310682934916925;0
17.37;0.00368810415646819;0.31008026235254;0
17.38;0.00678585682246916;0.309385675772665;0
17.39;0.00987625134422637;0.308599541356711;0
17.4;0.0129583739897909;0.30772225209717;0
17.41;0.0160313150771986;0.306754227635733;0
17.42;0.0190941692401959;0.305695914091691;0
17.43;0.0221460356922161;0.304547783882705;0
17.44;0.0251860184885283;0.303310335537992;0
17.45;0.0282132267864845;0.30198409350401;0
17.46;0.0312267751037908;0.300569607942709;0
17.47;0.0342257835747268;0.299067454522412;0
17.48;0.0372093782042419;0.297478234201419;0
17.49;0.0401766911198544;0.2958025730044;0
17.5;0.043126860821283;0.294041121791653;0
17.51;0.0460590324277388;0.292194556021319;0
17.52;0.048972357922808;0.290263575504633;0
17.53;0.051865996396856;0.288248904154288;0
17.54;0.0547391142868848;0.28615128972602;0
17.55;0.0575908856137761;0.283971503553473;0
17.56;0.0604204922168523;0.281710340276469;0
17.57;0.0632271239856922;0.279368617562744;0
17.58;0.0660099790891339;0.276947175823273;0
17.59;0.0687682642014028;0.274446877921255;0
17.6;0.0715011947253018;0.271868608874873;0
17.61;0.0742079950124004;0.269213275553926;0
17.62;0.0768878985801638;0.266481806370427;0
17.63;0.0795401483259611;0.263675150963281;0
17.64;0.0821639967378933;0.260794279877134;0
17.65;0.0847587061023852;0.257840184235518;0
17.66;0.0873235487084821;0.254813875408375;0
17.67;0.0898578070487977;0.251716384674101;0
17.68;0.0923607740170584;0.248548762876186;0
17.69;0.0948317531021891;0.24531208007459;0
17.7;0.0972700585788904;0.242007425191954;0
17.71;0.0996750156946548;0.238635905654764;0
17.72;0.102045960853172;0.235198647029589;0
17.73;0.104382241794075;0.231696792654501;0
17.74;0.106683217768981;0.228131503265806;0
17.75;0.108948259713772;0.224503956620199;0
17.76;0.11117675041709;0.220815347112466;0
17.77;0.113368084684974;0.217066885388855;0
17.78;0.115521669501623;0.213259797956246;0
17.79;0.117636924186229;0.209395326787228;0
17.8;0.119713280545841;0.205474728921227;0
17.81;0.121750183024224;0.201499276061799;0
17.82;0.123747088846676;0.197470254170224;0
17.83;0.12570346816076;0.193388963055518;0
17.84;0.12761880417293;0.189256715961;0
17.85;0.129492593280993;0.185074839147552;0
17.86;0.131324345202406;0.180844671473678;0
17.87;0.133113583098344;0.176567563972519;0
17.88;0.134859843693536;0.172244879425942;0
17.89;0.136562677391826;0.167877991935841;0
17.9;0.13822164838743;0.163468286492778;0
17.91;0.139836334771878;0.159017158542107;0
17.92;0.141406328636597;0.154526013547699;0
17.93;0.142931236171124;0.149996266553432;0
17.94;0.144410677756928;0.14542934174254;0
17.95;0.145844288056811;0.140826671995002;0
17.96;0.147231716099877;0.136189698443067;0
17.97;0.148572625362049;0.13151987002508;0
17.98;0.149866693842115;0.12681864303773;0
17.99;0.151113614133296;0.122087480686866;0
18;0.152313093490302;0.117327852637007;0
18.01;0.153464853891898;0.112541234559698;0
18.02;0.15456863209893;0.107729107680836;0
18.03;0.15562417970783;0.102892958327109;0
18.04;0.156631263199586;0.0980342774716939;0
18.05;0.157589663984149;0.0931545602793277;0
18.06;0.158499178440312;0.0882553056509185;0
18.07;0.159359617951011;0.0833380157678099;0
18.08;0.160170808934082;0.0784041956358493;0
18.09;0.160932592868457;0.0734553526293924;0
18.1;0.161644826315792;0.0684929960353807;0
18.11;0.162307380937544;0.0635186365976301;0
18.12;0.162920143507492;0.0585337860614661;0
18.13;0.163483015919701;0.0535399567188402;0
18.14;0.163995915191948;0.0485386609540657;0
18.15;0.1644587734646;0.0435314107903056;0
18.16;0.164871537994966;0.0385197174369489;0
18.17;0.16523417114713;0.0335050908380076;0
18.18;0.165546650377263;0.0284890392216707;0
18.19;0.165808968214447;0.0234730686511455;0
18.2;0.166021132237007;0.0184586825769201;0
18.21;0.166183165044375;0.0134473813905793;0
18.22;0.1662951042245;0.00844066198030325;0
18.23;0.166357002316819;0.00344001728818085;0
18.24;0.166368926770814;-0.00155306413053321;0
18.25;0.166330959900164;-0.00653709854608901;0
18.26;0.166243198832525;-0.0115106074907115;0
18.27;0.166105755454958;-0.0164721181927433;0
18.28;0.165918756355018;-0.0214201640083333;0
18.29;0.165682342757547;-0.0263532848505473;0
18.3;0.165396670457182;-0.0312700276157749;0
18.31;0.165061909746611;-0.0361689466073106;0
18.32;0.164678245340614;-0.0410486039559868;0
18.33;0.164245876295901;-0.0459075700377367;0
18.34;0.163765015926796;-0.050744423887969;0
18.35;0.163235891716789;-0.0555577536126338;0
18.36;0.162658745225995;-0.0603461567958635;0
18.37;0.162033831994548;-0.065108240904072;0
18.38;0.161361421441973;-0.0698426236863967;0
18.39;0.160641796762574;-0.0745479335713697;0
18.4;0.159875254816868;-0.0792228100597074;0
18.41;0.159062106019108;-0.0838659041131038;0
18.42;0.15820267422094;-0.0884758785389223;0
18.43;0.157297296591231;-0.0930514083706736;0
18.44;0.156346323492113;-0.0975911812441761;0
18.45;0.155350118351278;-0.102093897769291;0
18.46;0.154309057530588;-0.106558271897132;0
18.47;0.153223530191022;-0.11098303128264;0
18.48;0.152093938154026;-0.11536691764243;0
18.49;0.150920695759302;-0.11970868710781;0
18.5;0.149704229719093;-0.124007110572867;0
18.51;0.148444978969006;-0.128260974037531;0
18.52;0.147143394515425;-0.132469078945528;0
18.53;0.145799939279579;-0.13663024251711;0
18.54;0.144415087938292;-0.140743298076494;0
18.55;0.142989326761492;-0.144807095373911;0
18.56;0.141523153446524;-0.148820500902167;0
18.57;0.140017076949317;-0.152782398207659;0
18.58;0.138471617312469;-0.156691688195722;0
18.59;0.136887305490308;-0.160547289430273;0
18.6;0.135264683170976;-0.164348138427621;0
18.61;0.133604302595605;-0.168093189944414;0
18.62;0.131906726374641;-0.171781417259603;0
18.63;0.130172527301375;-0.175411812450388;0
18.64;0.128402288162736;-0.178983386662037;0
18.65;0.126596601547426;-0.182495170371539;0
18.66;0.124756069651435;-0.185946213645003;0
18.67;0.122881304081013;-0.189335586388742;0
18.68;0.120972925653168;-0.192662378593982;0
18.69;0.119031564193733;-0.195925700575124;0
18.7;0.117057858333088;-0.19912468320151;0
18.71;0.115052455299593;-0.202258478122627;0
18.72;0.113016010710797;-0.205326257986695;0
18.73;0.110949188362488;-0.208327216652582;0
18.74;0.108852660015665;-0.211260569395002;0
18.75;0.106727105181472;-0.214125553102937;0
18.76;0.104573210904195;-0.21692142647124;0
18.77;0.102391671542362;-0.219647470185369;0
18.78;0.100183188548034;-0.222302987099219;0
18.79;0.0979484702443411;-0.224887302405997;0
18.8;0.0956882316013523;-0.227399763802107;0
18.81;0.0934031940103274;-0.22983974164401;0
18.82;0.0910940850564381;-0.232206629098023;0
18.83;0.0887616382900211;-0.234499842283019;0
18.84;0.086406592996437;-0.236718820406005;0
18.85;0.0840296939646044;-0.238863025890541;0
18.86;0.0816316912542837;-0.24093194449799;0
18.87;0.0792133399621792;-0.24292508544155;0
18.88;0.0767753999869346;-0.244841981493068;0
18.89;0.0743186357930921;-0.246682189082608;0
18.9;0.0718438161740894;-0.248445288390755;0
18.91;0.0693517140143651;-0.250130883433642;0
18.92;0.0668431060506483;-0.251738602140681;0
18.93;0.0643187726325019;-0.253268096425;0
18.94;0.0617794974821962;-0.254719042246565;0
18.95;0.0592260674539827;-0.256091139667984;0
18.96;0.0566592722928438;-0.257384112902993;0
18.97;0.0540799043927903;-0.258597710357619;0
18.98;0.0514887585547797;-0.259731704664018;0
18.99;0.0488866317443304;-0.260785892706993;0
19;0.0462743228489018;-0.261760095643201;0
19.01;0.0436526324351169;-0.262654158913046;0
19.02;0.0410223625058978;-0.263467952245274;0
19.03;0.0383843162575885;-0.264201369654279;0
19.04;0.0357392978371375;-0.264854329430136;0
19.05;0.033088112099412;-0.265426774121372;0
19.06;0.030431564364718;-0.265918670510493;0
19.07;0.0277704601765971;-0.266330009582296;0
19.08;0.0251056050599723;-0.26666080648497;0
19.09;0.0224378042797162;-0.266911100484031;0
19.1;0.0197678625997105;-0.267080954909099;0
19.11;0.0170965840424715;-0.267170457093558;0
19.12;0.0144247716494092;-0.267179718307122;0
19.13;0.0117532272417941;-0.267108873681339;0
19.14;0.00908275118249963;-0.26695808212808;0
19.15;0.00641414213859131;-0.266727526251024;0
19.16;0.00374819684483277;-0.266417412250212;0
19.17;0.00108570986817695;-0.266027969819675;0
19.18;-0.00157252662668786;-0.265559452038204;0
19.19;-0.00422572311066904;-0.265012135253297;0
19.2;-0.00687309292240949;-0.264386318958332;0
19.21;-0.009513852499169;-0.263682325663005;0
19.22;-0.0121472216063799;-0.262900500757102;0
19.23;-0.0147724235658103;-0.26204121236764;0
19.24;-0.0173886854822698;-0.261104851209438;0
19.25;-0.0199952384687908;-0.260091830429176;0
19.26;-0.0225913178702216;-0.259002585442997;0
19.27;-0.0251761634851671;-0.257837573767714;0
19.28;-0.027749019786212;-0.256597274845678;0
19.29;-0.0303091361383656;-0.25528218986338;0
19.3;-0.0328557670156637;-0.253892841563841;0
19.31;-0.0353881722158672;-0.252429774052871;0
19.32;-0.0379056170731959;-0.250893552599245;0
19.33;-0.0404073726690367;-0.249284763428893;0
19.34;-0.0428927160405672;-0.247604013513147;0
19.35;-0.0453609303872356;-0.245851930351147;0
19.36;-0.0478113052750377;-0.244029161746456;0
19.37;-0.0502431368385355;-0.242136375577981;0
19.38;-0.052655727980559;-0.240174259565265;0
19.39;-0.0550483885695355;-0.238143521028235;0
19.4;-0.0574204356343928;-0.236044886641491;0
19.41;-0.0597711935569801;-0.233879102183212;0
19.42;-0.0620999942619544;-0.231646932278771;0
19.43;-0.0644061774040795;-0.229349160139135;0
19.44;-0.0666890905528862;-0.226986587294148;0
19.45;-0.0689480893746417;-0.224560033320781;0
19.46;-0.0711825378115803;-0.222070335566436;0
19.47;-0.0733918082583448;-0.219518348867404;0
19.48;-0.0755752817355902;-0.216904945262559;0
19.49;-0.0777323480607049;-0.214231013702389;0
19.5;-0.0798624060155999;-0.211497459753461;0
19.51;-0.0819648635115236;-0.208705205298408;0
19.52;-0.0840391377508564;-0.205855188231542;0
19.53;-0.0860846553858414;-0.202948362150198;0
19.54;-0.0881008526742108;-0.199985696041886;0
19.55;-0.090087175631665;-0.196968173967382;0
19.56;-0.0920430801811637;-0.193896794739839;0
19.57;-0.0939680322989922;-0.190772571600025;0
19.58;-0.095861508157562;-0.187596531887802;0
19.59;-0.0977229942649096;-0.184369716709932;0
19.6;-0.099551987600858;-0.181093180604339;0
19.61;-0.101347995749804;-0.177767991200914;0
19.62;-0.103110537030101;-0.174395228878982;0
19.63;-0.104839140619997;-0.170975986421533;0
19.64;-0.106533346680106;-0.167511368666335;0
19.65;-0.108192706472376;-0.164002492154023;0
19.66;-0.109816782475518;-0.160450484773298;0
19.67;-0.111405148496887;-0.156856485403321;0
19.68;-0.11295738978076;-0.153221643553437;0
19.69;-0.114473103113014;-0.149547119000324;0
19.7;-0.115951896922154;-0.145834081422696;0
19.71;-0.117393391376678;-0.142083710033658;0
19.72;-0.118797218478765;-0.13829719321084;0
19.73;-0.120163022154243;-0.134475728124416;0
19.74;-0.121490458338834;-0.130620520363128;0
19.75;-0.122779195060652;-0.126732783558431;0
19.76;-0.124028912518929;-0.122813739006872;0
19.77;-0.125239303158964;-0.118864615290816;0
19.78;-0.126410071743266;-0.114886647897649;0
19.79;-0.127540935418886;-0.110881078837554;0
19.8;-0.128631623780921;-0.106849156260001;0
19.81;-0.129681878932176;-0.102792134069047;0
19.82;-0.130691455538976;-0.098711271537573;0
19.83;-0.131660120883111;-0.0946078329205797;0
19.84;-0.13258765490992;-0.0904830870676498;0
19.85;-0.133473850272485;-0.0863383070347002;0
19.86;-0.134318512371947;-0.0821747696951416;0
19.87;-0.13512145939393;-0.0779937553505606;0
19.88;-0.135882522341067;-0.0737965473410443;0
19.89;-0.136601545061635;-0.0695844316552634;0
19.9;-0.137278384274281;-0.0653586965404319;0
19.91;-0.137912909588853;-0.0611206321122591;0
19.92;-0.138505003523335;-0.0568715299650131;0
19.93;-0.139054561516872;-0.0526126827818107;0
19.94;-0.139561491938908;-0.0483453839452506;0
19.95;-0.140025716094435;-0.044070927148506;0
19.96;-0.140447168225344;-0.0397906060069932;0
19.97;-0.140825795507905;-0.03550571367073;0
19.98;-0.141161558046374;-0.0312175424375006;0
19.99;-0.14145442886273;-0.0269273833669404;0
20;-0.141704393882562;-0.0226365258956551;0
