0;0.532283071060889;0.139695982626482;0
0.01;0.533607057349634;0.123477517684617;0
0.02;0.534768813832561;0.107249913240243;0
0.03;0.535768271080373;0.0910180493957475;0
0.04;0.536605408433997;0.0747867991430368;0
0.05;0.537280253926955;0.0585610269150241;0
0.06;0.537792884193278;0.0423455871421755;0
0.07;0.538143424361003;0.0261453228145349;0
0.08;0.538332047931319;0.00996506404964849;0
0.09;0.538358976643424;-0.00619037333318924;0
0.1;0.538224480325148;-0.0223161892319545;0
0.11;0.53792887672942;-0.0384076006737621;0
0.12;0.537472531356656;-0.0544598432191724;0
0.13;0.536855857263128;-0.0704681723585291;0
0.14;0.536079314855419;-0.0864278648999232;0
0.15;0.535143411671027;-0.102334220348381;0
0.16;0.534048702145225;-0.118182562275878;0
0.17;0.532795787364261;-0.133968239681785;0
0.18;0.531385314805002;-0.149686628343352;0
0.19;0.529817978061107;-0.165333132155846;0
0.2;0.528094516555866;-0.180903184461955;0
0.21;0.526215715241778;-0.196392249370081;0
0.22;0.524182404287003;-0.211795823061148;0
0.23;0.521995458748804;-0.227109435083542;0
0.24;0.519655798234086;-0.242328649635832;0
0.25;0.51716438654717;-0.257449066836894;0.0013260791729527
0.26;0.514522450049585;-0.272393429217882;0.0145868709024797
0.27;0.511732145875714;-0.287097952348608;0.0278476626320067
0.28;0.508795890463928;-0.301558640598427;0.0411084543615337
0.29;0.505716139849957;-0.315771578295922;0.0543692460910607
0.3;0.502495388862606;-0.329732930765248;0.0676300378205876
0.31;0.499136170309238;-0.343438945336412;0.0808908295501146
0.32;0.495641054151259;-0.356885952329229;0.0941516212796416
0.33;0.492012646669897;-0.37007036601072;0.107412413009169
0.34;0.488253589622513;-0.382988685525695;0.120673204738696
0.35;0.484366559389742;-0.395637495800293;0.133933996468223
0.36;0.480354266113705;-0.408013468418255;0.14719478819775
0.37;0.476219452827601;-0.420113362469719;0.160455579927277
0.38;0.471964894576916;-0.431934025372322;0.173716371656804
0.39;0.46759339753256;-0.44347239366441;0.186977163386331
0.4;0.463107798096195;-0.454725493770179;0.200237955115858
0.41;0.458510961998031;-0.465690442736547;0.213498746845385
0.42;0.453805783387396;-0.476364448941602;0.226759538574912
0.43;0.448995183916333;-0.486744812774451;0.240020330304439
0.44;0.444082111816541;-0.496828927286317;0.253281122033966
0.45;0.439069540969928;-0.506614278812751;0.266541913763493
0.46;0.433960469973077;-0.516098447566796;0.279802705493019
0.47;0.428757921195904;-0.525279108203005;0.293063497222546
0.48;0.423464939834818;-0.534154030352172;0.306324288952073
0.49;0.418084592960657;-0.542721079126675;0.3195850806816
0.5;0.412619968561706;-0.550978215596331;0.332845872411127
0.51;0.407074174582093;-0.558923497234667;0.346106664140654
0.52;0.401450337955849;-0.566555078335526;0.359367455870181
0.53;0.395751603636943;-0.573871210399938;0.372628247599708
0.54;0.389981133625574;-0.580870242493177;0.385889039329235
0.55;0.384142105991038;-0.587550621571973;0.399149831058762
0.56;0.378237713891443;-0.593910892781804;0.412410622788289
0.57;0.372271164590603;-0.599949699724256;0.425671414517816
0.58;0.366245678472374;-0.605665784694397;0.438932206247343
0.59;0.360164488052769;-0.611057988888171;0.45219299797687
0.6;0.354030836990123;-0.616125252579781;0.465453789706397
0.61;0.347847979093623;-0.620866615269073;0.478714581435924
0.62;0.341619177330496;-0.625281215798917;0.491975373165451
0.63;0.335347702832167;-0.629368292442612;0.505236164894978
0.64;0.329036833899664;-0.633127182961332;0.518496956624505
0.65;0.322689855008596;-0.636557324631653;0.531757748354032
0.66;0.316310055813984;-0.639658254243203;0.545018540083559
0.67;0.309900730155249;-0.64242960806648;0.558279331813086
0.68;0.303465175061659;-0.644871121790914;0.571540123542613
0.69;0.297006689758525;-0.646982630433224;0.58480091527214
0.7;0.290528574674455;-0.648764068216164;0.598061707001667
0.71;0.284034130449941;-0.650215468417742;0.611322498731194
0.72;0.277526656947599;-0.651336963190996;0.624583290460721
0.73;0.271009452264333;-0.652128783354447;0.637844082190248
0.74;0.264485811745733;-0.652591258153341;0.651104873919775
0.75;0.25795902700299;-0.652724814991782;0.664365665649302
0.76;0.251432384932617;-0.652529979135919;0.677626457378829
0.77;0.244909166739271;-0.652007373388295;0.690887249108356
0.78;0.238392646961961;-0.651157717733524;0.704148040837883
0.79;0.231886092503924;-0.649981828955442;0.71740883256741
0.8;0.225392761666464;-0.648480620225907;0.730669624296937
0.81;0.218915903187022;-0.6466551006654;0.743930416026464
0.82;0.212458755281771;-0.644506374875632;0.757191207755991
0.83;0.206024544693013;-0.642035642444325;0.770451999485518
0.84;0.199616485741642;-0.639244197422374;0.783712791215045
0.85;0.193237779384971;-0.636133427773591;0.796973582944572
0.86;0.18689161228018;-0.632704814797242;0.810234374674099
0.87;0.180581155853654;-0.628959932523601;0.823495166403626
0.88;0.174309565376495;-0.624900447082741;0.836755958133153
0.89;0.168079979046463;-0.620528116046808;0.85001674986268
0.9;0.161895517076608;-0.615844787746012;0.863277541592207
0.91;0.155759280790869;-0.610852400558583;0.876538333321734
0.92;0.149674351726875;-0.605552982174965;0.889799125051261
0.93;0.143643790746237;-0.599948648836491;0.903059916780788
0.94;0.137670637152553;-0.594041604548831;0.916320708510315
0.95;0.131757907817396;-0.587834140270481;0.929581500239842
0.96;0.125908596314529;-0.581328633076577;0.942842291969369
0.97;0.120125672062594;-0.57452754529834;0.956103083698896
0.98;0.114412079476505;-0.567433423638436;0.969363875428423
0.99;0.108770737127812;-0.560048898262573;0.98262466715795
1;0.103204536914234;-0.55237668186763;0.995885458887477
1.01;0.0977163432386342;-0.54441956872666;1.009146250617
1.02;0.0923089921976364;-0.536180433711068;1.02240704234653
1.03;0.0869852907801239;-0.527662231290324;1.03566783407606
1.04;0.0817480160758427;-0.51886799450952;1.04892862580558
1.05;0.0765999144943264;-0.509800833945143;1.06218941753511
1.06;0.0715437009943597;-0.500463936639393;1.07545020926464
1.07;0.0665820583241951;-0.490860565013413;1.08871100099417
1.08;0.0617176362727301;-0.480994055759798;1.10197179272369
1.09;0.0569530509318511;-0.470867818714734;1.11523258445322
1.1;0.0522908839701469;-0.460485335710154;1.12849337618275
1.11;0.0477336819181881;-0.449850159406289;1.14175416791227
1.12;0.0432839554655693;-0.438965912104985;1.1550149596418
1.13;0.0389441787699017;-0.427836284544195;1.16827575137133
1.14;0.0347167887779452;-0.41646503467402;1.18153654310085
1.15;0.0306041845590608;-0.404855986414707;1.19479733483038
1.16;0.0266087266511636;-0.39301302839701;1.20805812655991
1.17;0.0227327364193493;-0.380940112685315;1.22131891828944
1.18;0.0189784954273659;-0.368641253483948;1.23457971001896
1.19;0.0153482448220964;-0.356120525827073;1.24784050174849
1.2;0.0118441847312147;-0.343382064252617;1.26110129347802
1.21;0.00846847367417277;-0.330430061460627;1.27436208520754
1.22;0.00522322798667246;-0.317268766956503;1.28762287693707
1.23;0.00211052125877179;-0.303902485679539;1.3008836686666
1.24;-0.000867616213229903;-0.290335576617194;1.31414446039612
1.25;-0.00370919796098692;-0.276572451405552;1.32740525212565
1.26;-0.00641228186424613;-0.262617572916402;1.34066604385518
1.27;-0.00897497065679818;-0.248475453831389;1.35392683558471
1.28;-0.0113954124181137;-0.234150655203682;1.36718762731423
1.29;-0.0136718010505415;-0.219647785007615;1.38044841904376
1.3;-0.0158023767419514;-0.204971496676759;1.39370921077329
1.31;-0.017785426413706;-0.190126487630877;1.40697000250281
1.32;-0.0196192841538556;-0.175117497792222;1.42023079423234
1.33;-0.0213023316354479;-0.159949308091652;1.43349158596187
1.34;-0.0228329985198561;-0.144626738965013;1.44675237769139
1.35;-0.0242097628450283;-0.129154648840268;1.46001316942092
1.36;-0.0254311513985681;-0.113537932615836;1.47327396115045
1.37;-0.026495740075561;-0.0977815201306145;1.48653475287998
1.38;-0.0274021542210652;-0.0818903746261566;1.4997955446095
1.39;-0.0281490689571906;-0.0658694912014801;1.51305633633903
1.4;-0.028735209494695;-0.0497238952609815;1.52631712806856
1.41;-0.0291593514290291;-0.033458640955933;1.53957791979808
1.42;-0.0294203210207704;-0.017078809620042;1.55283871152761
1.43;-0.0295169954603872;-0.000589508199549803;1.56609950325714
1.44;-0.0294483031172806;0.0160041323216483;1.57936029498666
1.45;-0.029213223773058;0.0326969585013822;1.59262108671619
1.46;-0.0288107888389931;0.0494837960226031;1.60588187844572
1.47;-0.0282400815576362;0.0663594512803173;1.61914267017525
1.48;-0.0275002371885417;0.0833187129715724;1.63240346190477
1.49;-0.026590443178082;0.100356353688017;1.6456642536343
1.5;-0.0255099393133283;0.117467131510553;1.65892504536383
1.51;-0.0242580178599751;0.134645791605592;1.67218583709335
1.52;-0.0228340236842979;0.151887067822443;1.68544662882288
1.53;-0.0212373543591337;0.169185684291349;1.69870742055241
1.54;-0.0194674602538791;0.186536357021688;1.71196821228193
1.55;-0.0175238446085085;0.203933795499856;1.72522900401146
1.56;-0.0154060635916159;0.221372704286374;1.73848979574099
1.57;-0.0131137263424914;0.23884778461171;1.75175058747052
1.58;-0.0106464949972463;0.256353735970366;1.76501137920004
1.59;-0.00800408469900776;0.273885257712746;1.77827217092957
1.6;-0.00518626359220571;0.291437050634328;1.7915329626591
1.61;-0.00219285280098264;0.309003818561667;1.80479375438862
1.62;0.000976273608241303;0.326580269934781;1.81805454611815
1.63;0.00432118868000864;0.344161119385408;1.83131533784768
1.64;0.00784191263882744;0.361741089310723;1.8445761295772
1.65;0.011538412973889;0.379314911441997;1.85783692130673
1.66;0.0154106045394478;0.396877328407782;1.87109771303626
1.67;0.0194583496708071;0.414423095291129;1.88435850476579
1.68;0.0236814583158477;0.431946981180405;1.89761929649531
1.69;0.0280796881820352;0.449443770713241;1.91088008822484
1.7;0.0326527448988333;0.466908265613169;1.92414087995437
1.71;0.0374002821954495;0.484335286218493;1.93740167168389
1.72;0.042321902093833;0.501719673002957;1.95066246341342
1.73;0.0474171551168399;0.519056288087758;1.96392325514295
1.74;0.0526855405114792;0.536340016744478;1.97718404687247
1.75;0.0581265064871446;0.553565768888485;1.990444838602
1.76;0.0637394504687365;0.570728480562387;2.00370563033153
1.77;0.0695237193645719;0.587823115409104;2.01696642206106
1.78;0.0754786098489768;0.604844666134129;2.03022721379058
1.79;0.0816033686594509;0.621788155956573;2.04348800552011
1.8;0.0878971929082911;0.638648640048559;2.05674879724964
1.81;0.0943592304085548;0.655421206962576;2.07000958897916
1.82;0.100988580014241;0.672100980046358;2.08327038070869
1.83;0.107784291974561;0.68868311884492;2.09653117243822
1.84;0.114745368302176;0.705162820489318;2.10979196416774
1.85;0.121870763155252;0.721535321071762;2.12305275589727
1.86;0.129159383233211;0.737795897006686;2.1363135476268
1.87;0.136610088186024;0.753939866377395;2.14957433935633
1.88;0.144221691036907;0.769962590267899;2.16283513108585
1.89;0.151992958618261;0.785859474079577;2.17609592281538
1.9;0.159922612020722;0.801625968832282;2.18935671454491
1.91;0.168009327055132;0.817257572449554;2.20261750627443
1.92;0.17625173472731;0.832749831027542;2.21587829800396
1.93;0.184648421725419;0.848098340087321;2.22913908973349
1.94;0.193197930919794;0.863298745810233;2.24239988146301
1.95;0.201898761875037;0.878346746255925;2.25566067319254
1.96;0.210749371374217;0.893238092562737;2.26892146492207
1.97;0.219748173954996;0.907968590130115;2.2821822566516
1.98;0.228893542457488;0.922534099782736;2.29544304838112
1.99;0.238183808583687;0.936930538916008;2.30870384011065
2;0.247617263468256;0.951153882622646;2.32196463184018
2.01;0.257192158260503;0.96520016480002;2.3352254235697
2.02;0.266906704717333;0.979065479237968;2.34848621529923
2.03;0.276759075807001;0.992745980686791;2.36174700702876
2.04;0.286747406323446;1.00623788590513;2.37500779875828
2.05;0.296869793511015;1.01953747468748;2.38826859048781
2.06;0.307124297699371;1.03264109087098;2.40152938221734
2.07;0.317508942948371;1.04554514332137;2.41479017394686
2.08;0.328021717702712;1.05824610689767;2.42805096567639
2.09;0.338660575456128;1.07073919731631;2.43733279840764
2.1;0.349422924961824;1.08286459982018;2.42406479188392
2.11;0.36030437969469;1.09451198861082;2.4107967853602
2.12;0.371300147380696;1.10567869380881;2.39752877883648
2.13;0.382405409715638;1.1163621942133;2.38426077231276
2.14;0.393615323854214;1.12656011780228;2.37099276578903
2.15;0.404925023903899;1.13627024218719;2.35772475926531
2.16;0.416329622423151;1.14549049502195;2.34445675274159
2.17;0.427824211923516;1.15421895436629;2.33118874621787
2.18;0.439403866375148;1.16245384900338;2.31792073969415
2.19;0.451063642715306;1.17019355871172;2.30465273317043
2.2;0.462798582359364;1.17743661449131;2.2913847266467
2.21;0.474603712713874;1.18418169874411;2.27811672012298
2.22;0.48647404869123;1.19042764540876;2.26484871359926
2.23;0.498404594225474;1.19617344004972;2.25158070707554
2.24;0.51039034378879;1.20141821990073;2.23831270055182
2.25;0.522426283908217;1.20616127386279;2.2250446940281
2.26;0.534507394682157;1.21040204245663;2.21177668750438
2.27;0.546628651296181;1.21414011772985;2.19850868098065
2.28;0.558785025537719;1.21737524311878;2.18524067445693
2.29;0.57097148730916;1.2201073132652;2.17197266793321
2.3;0.583183006138913;1.22233637378805;2.15870466140949
2.31;0.59541455268999;1.22406262101028;2.14543665488577
2.32;0.607661100265649;1.22528640164097;2.13216864836205
2.33;0.619917626311664;1.22600821241297;2.11890064183833
2.34;0.632179113914768;1.22622869967614;2.1056326353146
2.35;0.64444055329683;1.22594865894644;2.09236462879088
2.36;0.656696943304326;1.22516903441112;2.07909662226716
2.37;0.668943292892663;1.22389091839019;2.06582861574344
2.38;0.681174622604927;1.22211555075436;2.05256060921972
2.39;0.693385966044605;1.21984431829978;2.039292602696
2.4;0.705572371341875;1.21707875407986;2.02602459617227
2.41;0.717728902613012;1.21382053669432;2.01275658964855
2.42;0.729850641412493;1.21007148953588;1.99948858312483
2.43;0.741932688177388;1.20583357999481;1.98622057660111
2.44;0.753970163663597;1.20110891862172;1.97295257007739
2.45;0.765958210373535;1.19589975824886;1.95968456355367
2.46;0.777891993974845;1.19020849307024;1.94641655702995
2.47;0.789766704709722;1.18403765768102;1.93314855050622
2.48;0.801577558794458;1.17738992607644;1.9198805439825
2.49;0.813319799808787;1.17026811061066;1.90661253745878
2.5;0.824988700074644;1.16267516091593;1.89334453093506
2.51;0.836579562023937;1.15461416278251;1.88007652441134
2.52;0.848087719554945;1.14608833699962;1.86680851788762
2.53;0.859508539376949;1.13710103815796;1.85354051136389
2.54;0.870837422342719;1.1276557534142;1.84027250484017
2.55;0.882069804768474;1.11775610121783;1.82700449831645
2.56;0.893201159740948;1.10740583000079;1.81373649179273
2.57;0.904226998411177;1.09660881683053;1.80046848526901
2.58;0.915142871274665;1.08536906602665;1.78720047874529
2.59;0.925944369437546;1.07369070774192;1.77393247222157
2.6;0.936627125868398;1.06157799650794;1.76066446569784
2.61;0.947186816635366;1.04903530974599;1.74739645917412
2.62;0.957619162128224;1.03606714624373;1.7341284526504
2.63;0.967919928265062;1.02267812459798;1.72086044612668
2.64;0.978084927683251;1.00887298162438;1.70759243960296
2.65;0.988110020914349;0.994656570734249;1.69432443307924
2.66;0.997991117542639;0.980033860279402;1.68105642655552
2.67;1.00772417734697;0.965009931865239;1.66778842003179
2.68;1.01730521142558;0.949589978632855;1.65452041350807
2.69;1.02673028330362;0.933779303510643;1.64125240698435
2.7;1.03599551002305;0.917583317436002;1.62798440046063
2.71;1.04509706321459;0.901007537547715;1.61471639393691
2.72;1.05403117015156;0.884057585349607;1.60144838741319
2.73;1.06279411478508;0.866739184846072;1.58818038088946
2.74;1.07138223876063;0.849058160650075;1.57491237436574
2.75;1.07979194241555;0.831020436064251;1.56164436784202
2.76;1.08801968575713;0.812632031135722;1.5483763613183
2.77;1.09606198942127;0.793899060685246;1.53510835479458
2.78;1.10391543561124;0.774827732311357;1.52184034827086
2.79;1.11157666901637;0.755424344370115;1.50857234174714
2.8;1.11904239771046;0.735695283931127;1.49530433522341
2.81;1.12630939402963;0.715647024710484;1.48203632869969
2.82;1.13337449542939;0.695286124981283;1.46876832217597
2.83;1.14023460532077;0.674619225462389;1.45550031565225
2.84;1.14688669388513;0.653653047186114;1.44223230912853
2.85;1.15332779886767;0.632394389345481;1.42896430260481
2.86;1.15955502634929;0.610850127121768;1.41569629608109
2.87;1.16556555149657;0.589027209492997;1.40242828955736
2.88;1.17135661928987;0.566932657024075;1.38916028303364
2.89;1.17692554522915;0.544573559639272;1.37589227650992
2.9;1.18226971601748;0.521957074377733;1.3626242699862
2.91;1.18738659022204;0.499090423132737;1.34935626346248
2.92;1.19227369891245;0.475980890375392;1.33608825693876
2.93;1.1969286462762;0.452635820863491;1.32282025041503
2.94;1.20134911021118;0.429062617336226;1.30955224389131
2.95;1.2055328428951;0.405268738195496;1.29628423736759
2.96;1.20947767133158;0.381261695174498;1.28301623084387
2.97;1.21318149787297;0.357049050994355;1.26974822432015
2.98;1.21664230071962;0.332638417009477;1.25648021779643
2.99;1.21985813439561;0.308037450842391;1.24321221127271
3;1.22282713020068;0.283253854008772;1.22994420474898
3.01;1.22554749663854;0.258295369533392;1.21667619822526
3.02;1.22801751982112;0.23316977955773;1.20340819170154
3.03;1.23023556384898;0.207884902939963;1.19014018517782
3.04;1.23220007116764;0.182448592848078;1.1768721786541
3.05;1.23390956289983;0.156868734346833;1.16360417213038
3.06;1.23536263915359;0.131153241979309;1.15033616560666
3.07;1.23655797930612;0.10531005734378;1.13706815908293
3.08;1.23749434226345;0.0793471466666336;1.12380015255921
3.09;1.23817056669575;0.0532724983720839;1.11053214603549
3.1;1.23858557124841;0.0270941206494094;1.09726413951177
3.11;1.23873835472869;0.000820039018442744;1.08399613298805
3.12;1.23862799626809;-0.0255417061059482;1.07072812646433
3.13;1.23825365546033;-0.0519830618496585;1.0574601199406
3.14;1.237614572475;-0.0784959653146929;1.04419211341688
3.15;1.23671006814682;-0.105072346013332;1.03092410689316
3.16;1.2355395440406;-0.13170412830039;1.01765610036944
3.17;1.2341024824919;-0.158383233802837;1.00438809384572
3.18;1.23239844662334;-0.185101583846065;0.991120087321997
3.19;1.23042708033676;-0.211851101876074;0.977852080798275
3.2;1.2281881082811;-0.23862371587686;0.964584074274554
3.21;1.22568133579617;-0.265411360782283;0.951316067750832
3.22;1.22290664883234;-0.292205980881716;0.938048061227111
3.23;1.21986401384616;-0.318999532218747;0.924780054703389
3.24;1.21655347767205;-0.345783984982236;0.911512048179668
3.25;1.21297516737015;-0.372551325889029;0.898244041655946
3.26;1.20912929005029;-0.399293560557611;0.884976035132225
3.27;1.20501613267241;-0.426002715872026;0.871708028608503
3.28;1.20063606182324;-0.452670842335351;0.858440022084782
3.29;1.19598952346958;-0.479290016412047;0.84517201556106
3.3;1.19107704268818;-0.505852342858504;0.831904009037339
3.31;1.18589922337242;-0.532349957041099;0.818636002513617
3.32;1.18045674791575;-0.558775027241092;0.805367995989896
3.33;1.17475037687232;-0.585119756945698;0.792099989466174
3.34;1.16878094859455;-0.611376387124667;0.778831982942453
3.35;1.16254937884822;-0.63753719849171;0.765563976418731
3.36;1.15605666040485;-0.663594513750135;0.75229596989501
3.37;1.14930386261176;-0.689540699822027;0.739027963371288
3.38;1.14229213093994;-0.715368170060346;0.725759956847567
3.39;1.13502268650985;-0.741069386443307;0.712491950323845
3.4;1.12749682559534;-0.76663686175041;0.699223943800124
3.41;1.11971591910591;-0.792063161719498;0.685955937276402
3.42;1.11168141204753;-0.817340907184243;0.672687930752681
3.43;1.1033948229621;-0.842462776191434;0.659419924228959
3.44;1.09485774334588;-0.867421506097479;0.646151917705237
3.45;1.08607183704704;-0.892209895643523;0.632883911181516
3.46;1.07703883964256;-0.916820807008608;0.619615904657794
3.47;1.06776055779466;-0.941247167840271;0.606347898134073
3.48;1.05823886858712;-0.965481973262044;0.593079891610351
3.49;1.04847571884153;-0.989518287857267;0.57981188508663
3.5;1.03847312441387;-1.01334924762868;0.566543878562908
3.51;1.02823316947157;-1.03696806193321;0.553275872039187
3.52;1.01775800575139;-1.06036801539151;0.540007865515465
3.53;1.00704985179824;-1.08354246977156;0.526739858991744
3.54;0.996110992185377;-1.10648486584599;0.513471852468022
3.55;0.984943776716053;-1.12918872522248;0.500203845944301
3.56;0.973550619607055;-1.1516476521468;0.48693583942058
3.57;0.961933998654306;-1.17385533527798;0.473667832896858
3.58;0.950096454380845;-1.19580554943512;0.460399826373136
3.59;0.938040589167478;-1.21749215731536;0.447131819849415
3.6;0.925769066366366;-1.23890911118261;0.433863813325693
3.61;0.913284609397874;-1.26005045452643;0.420595806801972
3.62;0.900590000830957;-1.2809103236908;0.40732780027825
3.63;0.8876880814474;-1.30148294947223;0.394059793754529
3.64;0.874581749290214;-1.3217626586868;0.380791787230808
3.65;0.861273958696505;-1.34174387570573;0.367523780707086
3.66;0.847767719315131;-1.36142112395906;0.354255774183364
3.67;0.834066095109462;-1.38078902740706;0.340987767659643
3.68;0.820172203345578;-1.39984231197902;0.327719761135921
3.69;0.806089213566227;-1.41857580697888;0.3144517546122
3.7;0.791820346550876;-1.4369844464576;0.301183748088478
3.71;0.777368873262184;-1.45506327055168;0.287915741564757
3.72;0.762738113779255;-1.47280742678758;0.274647735041035
3.73;0.747931436217991;-1.49021217135178;0.261379728517314
3.74;0.732952255638905;-1.50727287032602;0.248111721993592
3.75;0.71780403294274;-1.52398500088746;0.234843715469871
3.76;0.70249027375424;-1.54034415247357;0.221575708946149
3.77;0.687014527294439;-1.55634602791124;0.208307702422428
3.78;0.671380385241821;-1.57198644451005;0.195039695898706
3.79;0.655591480582697;-1.58726133511935;0.181771689374985
3.8;0.639651486451194;-1.60216674914879;0.168503682851263
3.81;0.623564114959187;-1.61669885355228;0.155235676327542
3.82;0.607333116016569;-1.63085393377493;0.14196766980382
3.83;0.590962276142212;-1.64462839466291;0.128699663280099
3.84;0.574455417266001;-1.65801876133589;0.115431656756377
3.85;0.557816395522307;-1.67102168002198;0.102163650232655
3.86;0.541049100035288;-1.68363391885494;0.0888956437089341
3.87;0.524157451696385;-1.69585236863339;0.0756276371852125
3.88;0.507145401934392;-1.70767404354204;0.0623596306614909
3.89;0.490016931478493;-1.71909608183468;0.0490916241377697
3.9;0.472776049114641;-1.73011574647875;0.0358236176140481
3.91;0.455426790435656;-1.74073042576145;0.0225556110903269
3.92;0.437973216585448;-1.75093763385728;0.00928760456660482
3.93;0.420419414324532;-1.76073103118703;0
3.94;0.402769867423523;-1.77001690452726;0
3.95;0.385029919766004;-1.7787562373931;0
3.96;0.367205044456324;-1.78694734940022;0
3.97;0.349300730650331;-1.79458872738729;0
3.98;0.331322481882353;-1.80167902558211;0
3.99;0.313275814390741;-1.80821706571739;0
4;0.295166255442486;-1.81420183709602;0
4.01;0.27699934165741;-1.81963249660607;0
4.02;0.258780617332428;-1.82450836868547;0
4.03;0.240515632766396;-1.82882894523657;0
4.04;0.222209942586034;-1.83259388549065;0
4.05;0.20386910407343;-1.83580301582244;0
4.06;0.185498675495623;-1.83845632951494;0
4.07;0.167104214436759;-1.84055398647456;0
4.08;0.148691276133327;-1.8420963128968;0
4.09;0.130265411812946;-1.84308380088272;0
4.1;0.111832167037221;-1.84351710800624;0
4.11;0.0933970800491381;-1.84339705683265;0
4.12;0.0749656801254983;-1.84272463438849;0
4.13;0.0565434859348678;-1.841500991583;0
4.14;0.0381360039015314;-1.83972744258147;0
4.15;0.0197487265759278;-1.83740546413073;0
4.16;0.00138713101204468;-1.83453669483704;0
4.17;-0.0169433228477522;-1.83112293439673;0
4.18;-0.0352371937799852;-1.82716614277987;0
4.19;-0.0534890608789564;-1.82266843936726;0
4.2;-0.0716935251468021;-1.81763210204117;0
4.21;-0.0898452110742463;-1.81205956623014;0
4.22;-0.107938768211597;-1.80595342390808;0
4.23;-0.125968872729529;-1.79931642254835;0
4.24;-0.143930228969211;-1.79215146403284;0
4.25;-0.161817570981311;-1.78446160351678;0
4.26;-0.179625664053467;-1.77625004824947;0
4.27;-0.197349306225754;-1.76752015635148;0
4.28;-0.214983329793743;-1.75827543554873;0
4.29;-0.232522602798693;-1.74851954186386;0
4.3;-0.24996203050448;-1.73825627826548;0
4.31;-0.267296556860822;-1.72748959327559;0
4.32;-0.284521165952393;-1.71622357953582;0
4.33;-0.301630883433422;-1.70446247233294;0
4.34;-0.318620777947358;-1.69221064808412;0
4.35;-0.335485962531212;-1.6794726227825;0
4.36;-0.352221596004178;-1.66625305040357;0
4.37;-0.368822884340142;-1.65255672127299;0
4.38;-0.385285082023701;-1.63838856039625;0
4.39;-0.401603493389304;-1.62375362575088;0
4.4;-0.417773473943153;-1.60865710654179;0
4.41;-0.433790431667493;-1.59310432142016;0
4.42;-0.449649828306926;-1.57710071666665;0
4.43;-0.465347180636401;-1.56065186433948;0
4.44;-0.48087806171053;-1.54376346038799;0
4.45;-0.496238102093885;-1.52644132273225;0
4.46;-0.511422991071943;-1.5086913893095;0
4.47;-0.526428477842341;-1.49051971608787;0
4.48;-0.541250372686136;-1.47193247504824;0
4.49;-0.555884548118728;-1.45293595213469;0
4.5;-0.570326940020165;-1.43353654517438;0
4.51;-0.584573548744493;-1.41374076176742;0
4.52;-0.598620440207891;-1.39355521714754;0
4.53;-0.612463746955269;-1.37298663201405;0
4.54;-0.626099669205066;-1.35204183033603;0
4.55;-0.639524475871969;-1.33072773712925;0
4.56;-0.652734505567277;-1.3090513762067;0
4.57;-0.665726167576651;-1.28701986790328;0
4.58;-0.678495942815012;-1.26464042677555;0
4.59;-0.691040384758308;-1.24192035927716;0
4.6;-0.703356120351939;-1.21886706141069;0
4.61;-0.7154398508956;-1.19548801635674;0
4.62;-0.727288352904307;-1.17179079208093;0
4.63;-0.7388984789454;-1.14778303891961;0
4.64;-0.750267158451311;-1.12347248714504;0
4.65;-0.761391398507894;-1.09886694451072;0
4.66;-0.772268284618122;-1.07397429377784;0
4.67;-0.782894981440961;-1.04880249022338;0
4.68;-0.793268733505256;-1.02335955913081;0
4.69;-0.803386865898438;-0.997653593264123;0
4.7;-0.813246784929906;-0.971692750325958;0
4.71;-0.822845978768919;-0.945485250400633;0
4.72;-0.832182018056851;-0.919039373382878;0
4.73;-0.841252556493679;-0.892363456393056;0
4.74;-0.850055331398557;-0.86546589117967;0
4.75;-0.858588164244365;-0.838355121509962;0
4.76;-0.866848961166115;-0.811039640549402;0
4.77;-0.874835713443102;-0.783527988230873;0
4.78;-0.882546497954701;-0.755828748614358;0
4.79;-0.88997947760973;-0.727950547237941;0
4.8;-0.897132901749277;-0.699902048460922;0
4.81;-0.904005106522932;-0.671691952799863;0
4.82;-0.910594515238345;-0.643328994258376;0
4.83;-0.916899638684067;-0.61482193765146;0
4.84;-0.922919075425599;-0.586179575925204;0
4.85;-0.92865151207463;-0.557410727472655;0
4.86;-0.934095723531418;-0.528524233446683;0
4.87;-0.939250573200285;-0.499528955070633;0
4.88;-0.944115013178216;-0.47043377094759;0
4.89;-0.948688084416546;-0.441247574369046;0
4.9;-0.952968916855729;-0.411979270623809;0
4.91;-0.956956729533214;-0.382637774307922;0
4.92;-0.960650830664409;-0.353232006636425;0
4.93;-0.964050617696786;-0.323770892757754;0
4.94;-0.967155577337148;-0.29426335907157;0
4.95;-0.969965285552075;-0.264718330550832;0
4.96;-0.972479407541638;-0.235144728068889;0
4.97;-0.974697697686384;-0.205551465732402;0
4.98;-0.976619999467699;-0.175947448220882;0
4.99;-0.978246245361588;-0.146341568133613;0
5;-0.979576456705964;-0.11674270334477;0
5.01;-0.980610743541529;-0.0871597143674881;0
5.02;-0.981349304426333;-0.0576014417276688;0
5.03;-0.98179242622413;-0.028076703348292;0
5.04;-0.981940483866611;0.00140570805500231;0
5.05;-0.981793940089659;0.0308370275663;0
5.06;-0.981353345143732;0.0602085206490095;0
5.07;-0.980619336478513;0.0895114857119187;0
5.08;-0.979592638401955;0.118737256660966;0
5.09;-0.978274061713888;0.147877205435985;0
5.1;-0.976664503314321;0.176922744531688;0
5.11;-0.974764945786605;0.205865329502162;0
5.12;-0.972576456955637;0.234696461448149;0
5.13;-0.970100189421263;0.263407689486399;0
5.14;-0.967337380067076;0.291990613200395;0
5.15;-0.96428934954479;0.320436885071719;0
5.16;-0.960957501734391;0.348738212891404;0
5.17;-0.95734332318027;0.376886362150545;0
5.18;-0.953448382503539;0.404873158409517;0
5.19;-0.949274329790759;0.432690489645107;0
5.2;-0.9448228959593;0.460330308574903;0
5.21;-0.940095892099554;0.487784634958289;0
5.22;-0.935095208794256;0.515045557873377;0
5.23;-0.929822815415134;0.542105237969258;0
5.24;-0.924280759397166;0.568955909692919;0
5.25;-0.918471165490668;0.595589883490216;0
5.26;-0.912396234991498;0.621999547980282;0
5.27;-0.906058244949646;0.648177372102765;0
5.28;-0.899459547356457;0.674115907237295;0
5.29;-0.892602568310807;0.699807789294602;0
5.3;-0.885489807164481;0.725245740778698;0
5.31;-0.878123835647074;0.750422572819553;0
5.32;-0.870507296970693;0.775331187175723;0
5.33;-0.862642904914768;0.799964578206353;0
5.34;-0.854533442891291;0.824315834812051;0
5.35;-0.846181762990782;0.848378142344067;0
5.36;-0.837590785009309;0.872144784481299;0
5.37;-0.828763495456884;0.895609145074577;0
5.38;-0.81970294654757;0.918764709957773;0
5.39;-0.810412255171619;0.941605068725202;0
5.4;-0.800894601849998;0.964123916474891;0
5.41;-0.791153229671634;0.986315055517204;0
5.42;-0.78119144321373;1.00817239704841;0
5.43;-0.771012607445505;1.02968996278871;0
5.44;-0.760620146615714;1.05086188658437;0
5.45;-0.750017543124315;1.07168241597341;0
5.46;-0.739208336378638;1.09214591371461;0
5.47;-0.728196121634433;1.11224685927925;0
5.48;-0.716984548822174;1.13197985030543;0
5.49;-0.705577321358978;1.15133960401434;0
5.5;-0.69397819494655;1.1703209585883;0
5.51;-0.682190976355507;1.18891887451023;0
5.52;-0.670219522196488;1.20712843586404;0
5.53;-0.658067737678438;1.22494485159585;0
5.54;-0.645739575354455;1.24236345673554;0
5.55;-0.633239033855603;1.2593797135784;0
5.56;-0.620570156613086;1.2759892128267;0
5.57;-0.60773703056919;1.29218767469065;0
5.58;-0.594743784877402;1.30797094994878;0
5.59;-0.581594589592102;1.32333502096732;0
5.6;-0.56829365434825;1.33827600267833;0
5.61;-0.554845227031481;1.35279014351646;0
5.62;-0.541253592439015;1.36687382631414;0
5.63;-0.527523070931803;1.38052356915476;0
5.64;-0.513658017078337;1.39373602618407;0
5.65;-0.499662818290523;1.40650798837925;0
5.66;-0.485541893452068;1.41883638427563;0
5.67;-0.471299691539781;1.43071828065107;0
5.68;-0.456940690238225;1.44215088316756;0
5.69;-0.442469394548147;1.45313153697018;0
5.7;-0.427890335389106;1.4636577272432;0
5.71;-0.41320806819674;1.47372707972322;0
5.72;-0.398427171515089;1.48333736116935;0
5.73;-0.383552245584414;1.49248647979026;0
5.74;-0.368587910924937;1.50117248562809;0
5.75;-0.353538806916939;1.50939357089925;0
5.76;-0.338409590377638;1.51714807029194;0
5.77;-0.3232049341353;1.52443446122048;0
5.78;-0.307929525600981;1.53125136403645;0
5.79;-0.292588065338372;1.53759754219655;0
5.8;-0.277185265632148;1.54347190238736;0
5.81;-0.261725849055264;1.54887349460689;0
5.82;-0.246214547035635;1.55380151220304;0
5.83;-0.230656098422624;1.55825529186903;0
5.84;-0.215055248053761;1.56223431359589;0
5.85;-0.199416745322143;1.56573820058205;0
5.86;-0.183745342744921;1.56876671910013;0
5.87;-0.168045794533312;1.57131977832117;0
5.88;-0.152322855164567;1.57339743009619;0
5.89;-0.136581277956308;1.5749998686955;0
5.9;-0.120825813643662;1.57612743050561;0
5.91;-0.105061208959619;1.57678059368424;0
5.92;-0.0892922052190279;1.57695997777325;0
5.93;-0.0735235369066466;1.57666634326996;0
5.94;-0.0577599302696724;1.57590059115694;0
5.95;-0.0420061019151556;1.57466376239049;0
5.96;-0.0262667574127163;1.57295703734798;0
5.97;-0.0105465899029698;1.57078173523446;0
5.98;0.00514972128793035;1.5681393134486;0
5.99;0.0208175120272264;1.56503136690829;0
6;0.0364521347475672;1.56145962733621;0
6.01;0.0520489598116944;1.55742596250562;0
6.02;0.0676033768694091;1.55293237544663;0
6.03;0.0831107962064245;1.5479810036133;0
6.04;0.0985666500847148;1.54257411801192;0
6.05;0.113966394073972;1.53671412229069;0
6.06;0.12930550837379;1.53040355179125;0
6.07;0.144579499126188;1.52364507256232;0
6.08;0.159783899718109;1.51644148033594;0
6.09;0.174914272073507;1.50879569946647;0
6.1;0.189966207934661;1.50071078183296;0
6.11;0.204935330132351;1.49218990570515;0
6.12;0.219817293844523;1.4832363745735;0
6.13;0.234607787843111;1.47385361594375;0
6.14;0.249302535728625;1.46404518009632;0
6.15;0.263897297152198;1.45381473881111;0
6.16;0.278387869024708;1.44316608405797;0
6.17;0.292770086712665;1.43210312665349;0
6.18;0.307039825220508;1.42062989488443;0
6.19;0.321193000358997;1.40875053309829;0
6.2;0.335225569899351;1.39646930026156;0
6.21;0.349133534712839;1.38379056848601;0
6.22;0.362912939895483;1.37071882152367;0
6.23;0.376559875877573;1.35725865323094;0
6.24;0.390070479517692;1.34341476600224;0
6.25;0.403440935180932;1.32919196917391;0
6.26;0.416667475801025;1.31459517739874;0
6.27;0.429746383926091;1.2996294089918;0
6.28;0.442673992747706;1.28429978424793;0
6.29;0.45544668711303;1.26861152373163;0
6.3;0.468060904519711;1.2525699465398;0
6.31;0.480513136093288;1.23618046853796;0
6.32;0.492799927546847;1.21944860057048;0
6.33;0.504917880122665;1.20237994664536;0
6.34;0.51686365151558;1.18498020209431;0
6.35;0.528633956777864;1.16725515170853;0
6.36;0.540225569205342;1.14921066785091;0
6.37;0.551635321204526;1.13085270854523;0
6.38;0.562860105140544;1.11218731554293;0
6.39;0.573896874165639;1.09322061236817;0
6.4;0.584742643028018;1.07395880234169;0
6.41;0.59539448886085;1.05440816658411;0
6.42;0.605849551951208;1.03457506199946;0
6.43;0.616105036488757;1.01446591923933;0
6.44;0.626158211293998;0.994087240648477;0
6.45;0.636006410525891;0.97344559819249;0
6.46;0.645647034368675;0.952547631368082;0
6.47;0.655077549697708;0.931400045096789;0
6.48;0.664295490724185;0.910009607602651;0
6.49;0.673298459618553;0.888383148274569;0
6.5;0.682084127112484;0.866527555514003;0
6.51;0.690650233079268;0.844449774568678;0
6.52;0.698994587092475;0.822156805352973;0
6.53;0.707115068962765;0.799655700255669;0
6.54;0.715009629252728;0.776953561935738;0
6.55;0.722676289769621;0.754057541106843;0
6.56;0.730113144035905;0.730974834311253;0
6.57;0.737318357737483;0.707712681683835;0
6.58;0.744290169149524;0.684278364706829;0
6.59;0.7510268895398;0.660679203956084;0
6.6;0.757526903549461;0.636922556839449;0
6.61;0.763788669551138;0.613015815328012;0
6.62;0.769810719984353;0.588966403680875;0
6.63;0.775591661668133;0.564781776164164;0
6.64;0.781130176090798;0.540469414764961;0
6.65;0.786425019676867;0.516036826900857;0
6.66;0.791475024031046;0.491491543125817;0
6.67;0.796279096159249;0.466841114833058;0
6.68;0.800836218666652;0.442093111955618;0
6.69;0.805145449932733;0.417255120665329;0
6.7;0.809205924263305;0.392334741070873;0
6.71;0.813016852019522;0.367339584915616;0
6.72;0.81657751972387;0.342277273275913;0
6.73;0.81988729014314;0.317155434260569;0
6.74;0.82294560234841;0.291981700712148;0
6.75;0.825751971752045;0.266763707910811;0
6.76;0.828305990121753;0.241509091281374;0
6.77;0.830607325571727;0.216225484104256;0
6.78;0.832655722530917;0.190920515231016;0
6.79;0.834451001688481;0.165601806805129;0
6.8;0.835993059916467;0.140276971988702;0
6.81;0.837281870169796;0.114953612695784;0
6.82;0.838317481363606;0.0896393173329415;0
6.83;0.839100018228039;0.0643416585477744;0
6.84;0.839629681140553;0.039068190986015;0
6.85;0.839906745935842;0.0138264490578852;0
6.86;0.839931563693463;-0.0113760552856443;0
6.87;0.839704560503281;-0.03653183476604;0
6.88;0.839226237208824;-0.0616334289791921;0
6.89;0.838497169128668;-0.0866734065855605;0
6.9;0.837518005755991;-0.111644367487845;0
6.91;0.83628947043639;-0.136538944995545;0
6.92;0.834812360024127;-0.161349807975791;0
6.93;0.833087544516927;-0.186069662989811;0
6.94;0.831115966669475;-0.210691256414438;0
6.95;0.828898641585772;-0.235207376548025;0
6.96;0.826436656290502;-0.259610855700179;0
6.97;0.823731169279577;-0.283894572264715;0
6.98;0.820783410050032;-0.308051452775224;0
6.99;0.817594678609438;-0.332074473942684;0
7;0.814166344965034;-0.355956664674527;0
7.01;0.810499848592739;-0.379691108074587;0
7.02;0.806596697886268;-0.403270943423368;0
7.03;0.80245846958652;-0.426689368138067;0
7.04;0.798086808191475;-0.449939639711801;0
7.05;0.793483425346782;-0.473015077631494;0
7.06;0.788650099217271;-0.495909065273887;0
7.07;0.783588673839607;-0.518615051779127;0
7.08;0.778301058456306;-0.541126553901439;0
7.09;0.772789226831353;-0.563437157836336;0
7.1;0.767055216547657;-0.585540521023878;0
7.11;0.761101128286577;-0.607430373927476;0
7.12;0.754929125089779;-0.629100521787748;0
7.13;0.748541431603661;-0.650544846350944;0
7.14;0.741940333306616;-0.671757307571474;0
7.15;0.735128175719385;-0.692731945288053;0
7.16;0.728107363598771;-0.713462880873036;0
7.17;0.720880360114979;-0.733944318854462;0
7.18;0.713449686012862;-0.754170548510394;0
7.19;0.705817918757351;-0.774135945435109;0
7.2;0.697987691663347;-0.793834973076724;0
7.21;0.689961693010373;-0.813262184245844;0
7.22;0.681742665142264;-0.83241222259483;0
7.23;0.673333403552206;-0.851279824067292;0
7.24;0.66473675595341;-0.869859818317429;0
7.25;0.655955621335728;-0.888147130098834;0
7.26;0.646992949008529;-0.90613678062241;0
7.27;0.637851737630125;-0.923823888883037;0
7.28;0.628535034224078;-0.941203672954644;0
7.29;0.619045933182702;-0.958271451253358;0
7.3;0.60938757525807;-0.975022643768403;0
7.31;0.599563146540869;-0.991452773260434;0
7.32;0.58957587742741;-1.00755746642701;0
7.33;0.579429041575138;-1.02333245503491;0
7.34;0.569125954846964;-1.03877357701897;0
7.35;0.558669974244771;-1.05387677754728;0
7.36;0.548064496832402;-1.06863811005236;0
7.37;0.537312958648512;-1.08305373722805;0
7.38;0.526418833609587;-1.09711993199211;0
7.39;0.515385632403504;-1.1108330784139;0
7.4;0.50421690137397;-1.12418967260735;0
7.41;0.492916221396184;-1.13718632358865;0
7.42;0.481487206744087;-1.14981975409874;0
7.43;0.46993350394954;-1.16208680139023;0
7.44;0.458258790653803;-1.17398441797865;0
7.45;0.446466774451652;-1.18550967235789;0
7.46;0.43456119172851;-1.19665974967958;0
7.47;0.422545806490944;-1.20743195239644;0
7.48;0.410424409190895;-1.21782370086922;0
7.49;0.398200815543995;-1.22783253393738;0
7.5;0.385878865342353;-1.23745610945323;0
7.51;0.373462421262151;-1.24669220477941;0
7.52;0.360955367666441;-1.25553871724981;0
7.53;0.348361609403489;-1.26399366459366;0
7.54;0.335685070601055;-1.27205518532281;0
7.55;0.322929693456952;-1.27972153908212;0
7.56;0.310099437026282;-1.28699110696302;0
7.57;0.297198276005688;-1.29386239178003;0
7.58;0.28423019951502;-1.30033401831034;0
7.59;0.271199209876765;-1.30640473349648;0
7.6;0.258109321393616;-1.31207340661195;0
7.61;0.244964559124551;-1.31733902938991;0
7.62;0.2317689576598;-1.32220071611496;0
7.63;0.218526559895044;-1.32665770367803;0
7.64;0.205241415805249;-1.3307093515944;0
7.65;0.191917581218468;-1.33435514198494;0
7.66;0.178559116590014;-1.33759467952063;0
7.67;0.165170085777333;-1.34042769133044;0
7.68;0.151754554815982;-1.34285402687266;0
7.69;0.138316590697044;-1.34487365776982;0
7.7;0.12486026014636;-1.34648667760716;0
7.71;0.111389628405951;-1.34769330169503;0
7.72;0.0979087580179558;-1.34849386679511;0
7.73;0.0844217076114938;-1.34888883081077;0
7.74;0.0709325306927661;-1.34887877244152;0
7.75;0.0574452744387816;-1.34846439080203;0
7.76;0.0439639784950512;-1.34764650500553;0
7.77;0.030492673777605;-1.34642605371211;0
7.78;0.0170353812796868;-1.34480409464179;0
7.79;0.00359611088347281;-1.34278180405293;0
7.8;-0.00982113982283636;-1.34036047618583;0
7.81;-0.0232123867222052;-1.33754152267205;0
7.82;-0.0365736603398917;-1.33432647190947;0
7.83;-0.0499010070081741;-1.33071696840347;0
7.84;-0.0631904900243366;-1.3267147720744;0
7.85;-0.0764381908015808;-1.32232175753169;0
7.86;-0.0896402100125272;-1.31753991331481;0
7.87;-0.102792668724979;-1.31237134110132;0
7.88;-0.115891709529622;-1.30681825488252;0
7.89;-0.128933497659328;-1.30088298010664;0
7.9;-0.141914222099759;-1.2945679527903;0
7.91;-0.154830096690928;-1.2878757185982;0
7.92;-0.167677361219429;-1.28080893189161;0
7.93;-0.180452282501007;-1.27337035474587;0
7.94;-0.19315115545316;-1.26556285593731;0
7.95;-0.205770304157483;-1.25738940989992;0
7.96;-0.218306082911441;-1.24885309565214;0
7.97;-0.230754877269269;-1.23995709569414;0
7.98;-0.243113105071727;-1.23070469487602;0
7.99;-0.255377217464395;-1.22109927923715;0
8;-0.267543699904244;-1.21114433481736;0
8.01;-0.27960907315418;-1.20084344644002;0
8.02;-0.291569894265312;-1.19020029646772;0
8.03;-0.303422757546637;-1.17921866353078;0
8.04;-0.3151642955219;-1.16790242122912;0
8.05;-0.326791179873353;-1.1562555368079;0
8.06;-0.338300122372151;-1.14428206980732;0
8.07;-0.349687875795136;-1.13198617068715;0
8.08;-0.360951234827747;-1.11937207942628;0
8.09;-0.372087036952823;-1.10644412409792;0
8.1;-0.383092163325044;-1.0932067194208;0
8.11;-0.393963539630782;-1.0796643652869;0
8.12;-0.404698136933123;-1.06582164526615;0
8.13;-0.415292972501833;-1.05168322508868;0
8.14;-0.425745110628052;-1.03725385110501;0
8.15;-0.436051663423485;-1.02253834872467;0
8.16;-0.446209791603895;-1.00754162083392;0
8.17;-0.456216705256669;-0.99226864619288;0
8.18;-0.46606966459227;-0.976724477812669;0
8.19;-0.475765980679377;-0.96091424131313;0
8.2;-0.485303016163508;-0.944843133261566;0
8.21;-0.494678185968953;-0.928516419493084;0
8.22;-0.503888957983824;-0.911939433413055;0
8.23;-0.512932853728063;-0.895117574282238;0
8.24;-0.521807449004207;-0.878056305485117;0
8.25;-0.530510374530779;-0.860761152781978;0
8.26;-0.539039316558123;-0.84323770254531;0
8.27;-0.54739201746653;-0.825491599981052;0
8.28;-0.555566276346515;-0.807528547335271;0
8.29;-0.563559949561102;-0.789354302086822;0
8.3;-0.571370951289962;-0.770974675126554;0
8.31;-0.578997254055295;-0.752395528923638;0
8.32;-0.586436889229317;-0.733622775679585;0
8.33;-0.593687947523233;-0.714662375470526;0
8.34;-0.600748579457578;-0.695520334378338;0
8.35;-0.607616995813833;-0.676202702611191;0
8.36;-0.614291468067187;-0.656715572614091;0
8.37;-0.620770328800372;-0.637065077170019;0
8.38;-0.627051972098459;-0.617257387492236;0
8.39;-0.633134853924556;-0.597298711308346;0
8.4;-0.639017492476291;-0.577195290936714;0
8.41;-0.644698468523044;-0.556953401355808;0
8.42;-0.650176425723833;-0.536579348267085;0
8.43;-0.655450070925805;-0.51607946615198;0
8.44;-0.660518174443275;-0.495460116323621;0
8.45;-0.665379570317255;-0.474727684973841;0
8.46;-0.670033156555439;-0.453888581216095;0
8.47;-0.674477895352599;-0.432949235124861;0
8.48;-0.678712813291363;-0.411916095772138;0
8.49;-0.682737001523342;-0.390795629261617;0
8.5;-0.686549615930598;-0.369594316761124;0
8.51;-0.690149877267423;-0.348318652533936;0
8.52;-0.693537071282438;-0.326975141969547;0
8.53;-0.696710548820986;-0.305570299614491;0
8.54;-0.699669725907851;-0.284110647203795;0
8.55;-0.702414083810282;-0.262602711693672;0
8.56;-0.704943169081363;-0.241053023296018;0
8.57;-0.707256593583732;-0.219468113515323;0
8.58;-0.709354034493682;-0.197854513188556;0
8.59;-0.711235234285682;-0.176218750528632;0
8.6;-0.712900000697345;-0.154567349172018;0
8.61;-0.714348206674893;-0.132906826231068;0
8.62;-0.715579790299175;-0.111243690351668;0
8.63;-0.716594754692277;-0.0895844397767483;0
8.64;-0.71739316790481;-0.0679355604162484;0
8.65;-0.717975162783912;-0.0463035239240924;0
8.66;-0.718340936822067;-0.0246947857827453;0
8.67;-0.718490751986801;-0.00311578339590708;0
8.68;-0.718424934531337;0.0184270658100947;0
8.69;-0.718143874786321;0.0399273662756612;0
8.7;-0.717648026932679;0.0613787461874772;0
8.71;-0.71693790875574;0.0827748593477163;0
8.72;-0.716014101380708;0.104109387032356;0
8.73;-0.714877248989601;0.125376039838064;0
8.74;-0.713528058519782;0.146568559517118;0
8.75;-0.711967299344184;0.167680720799836;0
8.76;-0.710195802933386;0.188706333203991;0
8.77;-0.708214462499634;0.209639242830678;0
8.78;-0.70602423262299;0.230473334146142;0
8.79;-0.703626128859704;0.251202531749031;0
8.8;-0.701021227333002;0.271820802122591;0
8.81;-0.698210664306407;0.292322155371289;0
8.82;-0.695195635739771;0.312700646941373;0
8.83;-0.691977396828179;0.332950379324894;0
8.84;-0.688557261523879;0.353065503746681;0
8.85;-0.684936602041433;0.373040221833825;0
8.86;-0.681116848346244;0.392868787267172;0
8.87;-0.677099487626656;0.412545507414382;0
8.88;-0.672886063749806;0.432064744944085;0
8.89;-0.668478176701421;0.451420919420685;0
8.9;-0.663877482009757;0.470608508879368;0
8.91;-0.659085690153876;0.489622051380882;0
8.92;-0.654104565956471;0.508456146545639;0
8.93;-0.648935927961447;0.527105457066743;0
8.94;-0.643581647796455;0.545564710201495;0
8.95;-0.638043649520628;0.563828699240994;0
8.96;-0.632323908957707;0.581892284957409;0
8.97;-0.6264244530148;0.599750397028539;0
8.98;-0.620347358987005;0.617398035439274;0
8.99;-0.614094753848113;0.634830271859558;0
9;-0.607668813527646;0.652042250998514;0
9.01;-0.601071762174464;0.669029191934333;0
9.02;-0.594305871407174;0.685786389419592;0
9.03;-0.587373459551608;0.702309215161641;0
9.04;-0.580276890865604;0.71859311907772;0
9.05;-0.573018574751356;0.734633630524482;0
9.06;-0.565600964955578;0.750426359501582;0
9.07;-0.558026558757757;0.765966997829028;0
9.08;-0.550297896146749;0.781251320297979;0
9.09;-0.542417558985985;0.796275185794699;0
9.1;-0.534388170167565;0.811034538397366;0
9.11;-0.526212392755501;0.82552540844546;0
9.12;-0.517892929118394;0.839743913581454;0
9.13;-0.509432520051823;0.853686259764552;0
9.14;-0.500833943890711;0.867348742256198;0
9.15;-0.492100015611983;0.880727746577136;0
9.16;-0.483233585927762;0.893819749435758;0
9.17;-0.474237540369427;0.906621319627526;0
9.18;-0.465114798362801;0.919129118905247;0
9.19;-0.455868312294766;0.931339902819983;0
9.2;-0.446501066571609;0.9432505215324;0
9.21;-0.437016076669384;0.954857920594363;0
9.22;-0.427416388176587;0.966159141700596;0
9.23;-0.417705075829463;0.977151323410222;0
9.24;-0.407885242540222;0.987831701838034;0
9.25;-0.397960018418486;0.998197611315335;0
9.26;-0.387932559786257;1.0082464850202;0
9.27;-0.377806048186733;1.01797585557701;0
9.28;-0.367583689387257;1.02738335562517;0
9.29;-0.357268712376719;1.03646671835687;0
9.3;-0.346864368357727;1.04522377802374;0
9.31;-0.336373929733844;1.05365247041237;0
9.32;-0.325800689092214;1.06175083328862;0
9.33;-0.315147958181885;1.06951700681047;0
9.34;-0.304419066888147;1.07694923390964;0
9.35;-0.293617362203189;1.08404586064158;0
9.36;-0.282746207193407;1.09080533650408;0
9.37;-0.271808979963661;1.09722621472421;0
9.38;-0.260809072618805;1.10330715251378;0
9.39;-0.24974989022281;1.10904691129311;0
9.4;-0.238634849755785;1.11444435688322;0
9.41;-0.227467379069223;1.11949845966637;0
9.42;-0.216250915839782;1.124208294715;0
9.43;-0.204988906521919;1.12857304188907;0
9.44;-0.193684805299694;1.13259198590178;0
9.45;-0.182342073038054;1.1362645163538;0
9.46;-0.170964176233925;1.13959012773599;0
9.47;-0.159554585967411;1.14256841940062;0
9.48;-0.148116776853424;1.14519909550128;0
9.49;-0.136654225994059;1.14748196490143;0
9.5;-0.125170411932017;1.14941694105174;0
9.51;-0.113668813605406;1.15100404183628;0
9.52;-0.102152909304206;1.15224338938765;0
9.53;-0.0906261756287356;1.15313520987126;0
9.54;-0.0790920864504036;1.15367983323868;0
9.55;-0.0675541118750724;1.15387769295037;0
9.56;-0.0560157172093284;1.15372932566787;0
9.57;-0.0444803619299682;1.15323537091554;0
9.58;-0.0329514986570038;1.1523965707121;0
9.59;-0.0214325721304881;1.15121376917198;0
9.6;-0.00992701819146112;1.14968791207692;0
9.61;0.0015617372326853;1.14782004641763;0
9.62;0.0130302791381265;1.14561131990607;0
9.63;0.0244752044495145;1.14306298045825;0
9.64;0.0358931230195842;1.140176375648;0
9.65;0.0472806586231665;1.13695295213167;0
9.66;0.0586344499453198;1.13339425504425;0
9.67;0.0699511515632936;1.12950192736692;0
9.68;0.0812274349220408;1.12527770926637;0
9.69;0.0924599893029966;1.12072343740617;0
9.7;0.103645522785847;1.11584104423035;0
9.71;0.114780763203006;1.11063255721949;0
9.72;0.125862459086538;1.10510009811968;0
9.73;0.136887380607239;1.09924588214444;0
9.74;0.147852320505625;1.09307221715007;0
9.75;0.158754095014551;1.08658150278464;0
9.76;0.169589544773203;1.07977622961085;0
9.77;0.180355535732201;1.07265897820329;0
9.78;0.191048960049565;1.06523241822014;0
9.79;0.20166673697728;1.05749930744977;0
9.8;0.212205813738215;1.04946249083269;0
9.81;0.222663166393154;1.04112489945887;0
9.82;0.233035800697691;1.03248954954111;0
9.83;0.243320752948749;1.02355954136458;0
9.84;0.253515090820493;1.01433805821299;0
9.85;0.263615914189395;1.00482836527172;0
9.86;0.273620355948236;0.995033808508274;0
9.87;0.283525582808802;0.984957813530477;0
9.88;0.293328796093072;0.974603884422709;0
9.89;0.303027232512666;0.963975602560664;0
9.9;0.312618164936347;0.953076625404951;0
9.91;0.322098903145364;0.941910685273964;0
9.92;0.331466794576436;0.930481588096428;0
9.93;0.340719225052165;0.918793212144021;0
9.94;0.349853619498691;0.906849506744485;0
9.95;0.358867442650393;0.894654490975652;0
9.96;0.367758199741444;0.882212252340809;0
9.97;0.376523437184034;0.86952694542582;0
9.98;0.385160743233094;0.856602790538459;0
9.99;0.39366774863732;0.843444072330368;0
10;0.402042127276354;0.830055138402108;0
10.01;0.410281596783935;0.816440397891725;0
10.02;0.41838391915686;0.802604320047307;0
10.03;0.426346901349604;0.788551432783971;0
10.04;0.434168395854446;0.774286321225739;0
10.05;0.441846301266936;0.759813626232783;0
10.06;0.44937856283658;0.745138042914478;0
10.07;0.45676317300259;0.730264319128765;0
10.08;0.463998171914568;0.715197253968267;0
10.09;0.471081647937994;0.699941696233661;0
10.1;0.478011738144388;0.684502542894764;0
10.11;0.484786628786038;0.668884737539829;0
10.12;0.49140455575516;0.653093268813529;0
10.13;0.497863805027394;0.637133168844125;0
10.14;0.504162713089528;0.621009511660297;0
10.15;0.510299667351334;0.604727411598137;0
10.16;0.516273106541447;0.588292021698798;0
10.17;0.522081521087166;0.571708532097298;0
10.18;0.527723453478115;0.554982168402964;0
10.19;0.53319749861367;0.538118190072041;0
10.2;0.538502304134073;0.521121888772933;0
10.21;0.543636570735176;0.503998586744617;0
10.22;0.548599052466734;0.486753635148701;0
10.23;0.553388557014196;0.469392412415647;0
10.24;0.558003945963927;0.451920322585669;0
10.25;0.562444135051828;0.434342793644795;0
10.26;0.566708094395288;0.416665275856622;0
10.27;0.570794848708434;0.39889324009025;0
10.28;0.574703477500656;0.381032176144918;0
10.29;0.578433115258355;0.363087591071848;0
10.3;0.581982951609903;0.345065007493795;0
10.31;0.58535223147379;0.326969961922821;0
10.32;0.588540255189942;0.308808003076797;0
10.33;0.5915463786342;0.290584690195139;0
10.34;0.594370013315958;0.272305591354285;0
10.35;0.597010626458946;0.253976281783415;0
10.36;0.599467741065191;0.235602342180927;0
10.37;0.601740935962129;0.217189357032166;0
10.38;0.603829845832916;0.198742912928904;0
10.39;0.605734161229934;0.180268596891079;0
10.4;0.607453628571534;0.161771994691298;0
10.41;0.608988050122032;0.14325868918258;0
10.42;0.610337283955005;0.124734258629859;0
10.43;0.611501243899911;0.106204275045724;0
10.44;0.612479899472101;0.0876743025308967;0
10.45;0.613273275786246;0.069149895619931;0
10.46;0.613881453453254;0.0506365976326249;0
10.47;0.614304568460727;0.0321399390316262;0
10.48;0.614542812037021;0.0136654357867154;0
10.49;0.614596430498985;-0.00478141225375506;0
10.5;0.614465725083445;-0.0231951229837912;0
10.51;0.614151051762514;-0.0415702336525828;0
10.52;0.613652821042817;-0.0599013024687549;0
10.53;0.612971497748709;-0.0781829101955797;0
10.54;0.612107600789584;-0.0964096617366857;0
10.55;0.611061702911373;-0.114576187711805;0
10.56;0.609834430432331;-0.132677146022103;0
10.57;0.608426462963219;-0.150707223404644;0
10.58;0.606838533111986;-0.168661136975532;0
10.59;0.605071426173085;-0.186533635761307;0
10.6;0.603125979801516;-0.204319502218129;0
10.61;0.601003083671746;-0.222013553738339;0
10.62;0.598703679121606;-0.23961064414396;0
10.63;0.596228758781334;-0.257105665166701;0
10.64;0.59357936618786;-0.274493547914064;0
10.65;0.590756595384508;-0.291769264321124;0
10.66;0.587761590506239;-0.308927828587572;0
10.67;0.584595545350596;-0.325964298599625;0
10.68;0.581259702934493;-0.342873777336391;0
10.69;0.577755355037022;-0.359651414260305;0
10.7;0.574083841728417;-0.376292406691238;0
10.71;0.570246550885357;-0.392792001163901;0
10.72;0.566244917692779;-0.409145494768159;0
10.73;0.56208042413235;-0.425348236471892;0
10.74;0.557754598457808;-0.441395628426031;0
10.75;0.553269014657317;-0.457283127251403;0
10.76;0.548625291903052;-0.473006245307046;0
10.77;0.543825093988176;-0.488560551939626;0
10.78;0.53887012875141;-0.503941674713635;0
10.79;0.533762147489396;-0.51914530062201;0
10.8;0.528502944357031;-0.53416717727687;0
10.81;0.523094355755997;-0.549003114080026;0
10.82;0.517538259711668;-0.563648983372961;0
10.83;0.511836575238617;-0.578100721565971;0
10.84;0.505991261694924;-0.592354330246149;0
10.85;0.5000043181255;-0.606405877263937;0
10.86;0.493877782594645;-0.620251497797946;0
10.87;0.487613731508052;-0.633887395397759;0
10.88;0.481214278924493;-0.647309843004449;0
10.89;0.474681575857389;-0.660515183948547;0
10.9;0.468017809566509;-0.673499832925188;0
10.91;0.461225202840023;-0.68626027694619;0
10.92;0.454306013267133;-0.698793076268827;0
10.93;0.44726253250153;-0.711094865301035;0
10.94;0.440097085515896;-0.723162353482848;0
10.95;0.432812029847708;-0.734992326143822;0
10.96;0.425409754836573;-0.746581645336237;0
10.97;0.417892680853341;-0.757927250643866;0
10.98;0.410263258521239;-0.76902615996612;0
10.99;0.402523967929279;-0.779875470277365;0
11;0.394677317838186;-0.790472358361227;0
11.01;0.386725844879086;-0.800814081519716;0
11.02;0.378672112745233;-0.810897978256998;0
11.03;0.370518711376997;-0.820721468937642;0
11.04;0.362268256140397;-0.830282056419204;0
11.05;0.353923386999416;-0.839577326658994;0
11.06;0.34548676768237;-0.848604949294886;0
11.07;0.336961084842587;-0.857362678200054;0
11.08;0.328349047213648;-0.865848352011498;0
11.09;0.31965338475947;-0.874059894632251;0
11.1;0.310876847819487;-0.881995315707172;0
11.11;0.302022206249179;-0.88965271107221;0
11.12;0.293092248556247;-0.897030263177064;0
11.13;0.284089781032663;-0.904126241481154;0
11.14;0.275017626882896;-0.910939002822826;0
11.15;0.265878625348556;-0.917466991761731;0
11.16;0.25667563082974;-0.923708740894323;0
11.17;0.247411512003344;-0.929662871142421;0
11.18;0.238089150938607;-0.9353280920148;0
11.19;0.228711442210168;-0.940703201841777;0
11.2;0.219281292008892;-0.945787087982772;0
11.21;0.209801617250743;-0.950578727006817;0
11.22;0.200275344683976;-0.955077184846025;0
11.23;0.190705409994917;-0.959281616921994;0
11.24;0.181094756912596;-0.963191268245181;0
11.25;0.171446336312512;-0.966805473487241;0
11.26;0.161763105319792;-0.970123657026372;0
11.27;0.152048026412027;-0.973145332965682;0
11.28;0.142304066522033;-0.97587010512464;0
11.29;0.132534196140825;-0.978297667003638;0
11.3;0.122741388421071;-0.980427801721739;0
11.31;0.112928618281279;-0.982260381927663;0
11.32;0.103098861511001;-0.983795369684089;0
11.33;0.0932550938773094;-0.985032816325358;0
11.34;0.0834002902328229;-0.985972862288649;0
11.35;0.0735374236255308;-0.986615736918753;0
11.36;0.0636694644106938;-0.986961758246514;0
11.37;0.053799379365077;-0.987011332741076;0
11.38;0.043930130803777;-0.986764955036045;0
11.39;0.0340646756999054;-0.98622320762969;0
11.4;0.0242059648073863;-0.985386760559324;0
11.41;0.0143569417871253;-0.984256371050003;0
11.42;0.00452054233680697;-0.982832883137691;0
11.43;-0.005300306675425;-0.981117227267052;0
11.44;-0.0151026880731525;-0.979110419864036;0
11.45;-0.02488369522948;-0.976813562883414;0
11.46;-0.0346404329201956;-0.974227843331467;0
11.47;-0.0443700181720472;-0.971354532763988;0
11.48;-0.0540695811058889;-0.968194986759809;0
11.49;-0.0637362657744524;-0.964750644370043;0
11.5;-0.0733672309945035;-0.961023027543257;0
11.51;-0.0829596511731415;-0.957013740526769;0
11.52;-0.092510717128006;-0.952724469244324;0
11.53;-0.102017636901154;-0.94815698065034;0
11.54;-0.111477636566378;-0.943313122060981;0
11.55;-0.120887961029723;-0.93819482046229;0
11.56;-0.130245874822996;-0.932804081795628;0
11.57;-0.139548662890014;-0.927142990220675;0
11.58;-0.148793631365396;-0.921213707356247;0
11.59;-0.157978108345649;-0.915018471499205;0
11.6;-0.167099444652363;-0.908559596821717;0
11.61;-0.176155014587267;-0.901839472547155;0
11.62;-0.185142216678955;-0.89486056210491;0
11.63;-0.194058474421072;-0.887625402264424;0
11.64;-0.202901237001734;-0.880136602248712;0
11.65;-0.211667980024008;-0.872396842827702;0
11.66;-0.220356206217221;-0.864408875391677;0
11.67;-0.228963446138929;-0.856175521005147;0
11.68;-0.237487258867324;-0.847699669441454;0
11.69;-0.245925232683914;-0.838984278198451;0
11.7;-0.254274985746266;-0.830032371495557;0
11.71;-0.262534166750644;-0.820847039252548;0
11.72;-0.270700455584348;-0.811431436050405;0
11.73;-0.278771563967588;-0.801788780074561;0
11.74;-0.286745236084708;-0.791922352040903;0
11.75;-0.294619249204598;-0.781835494104872;0
11.76;-0.302391414290113;-0.771531608754023;0
11.77;-0.310059576596359;-0.761014157684407;0
11.78;-0.317621616257658;-0.750286660661126;0
11.79;-0.325075448863056;-0.739352694363445;0
11.8;-0.332419026020212;-0.728215891214832;0
11.81;-0.339650335907522;-0.716879938198295;0
11.82;-0.346767403814328;-0.705348575657396;0
11.83;-0.353768292669079;-0.693625596083339;0
11.84;-0.360651103555298;-0.681714842888503;0
11.85;-0.367413976215228;-0.669620209166826;0
11.86;-0.37405508954102;-0.65734563644142;0
11.87;-0.380572662053346;-0.644895113399825;0
11.88;-0.386964952367303;-0.6322726746173;0
11.89;-0.393230259645509;-0.619482399268548;0
11.9;-0.399366924038254;-0.606528409828291;0
11.91;-0.405373327110616;-0.593414870761096;0
11.92;-0.411247892256422;-0.580145987200866;0
11.93;-0.416989085098966;-0.566726003620409;0
11.94;-0.422595413878376;-0.553159202491505;0
11.95;-0.428065429825537;-0.539449902935881;0
11.96;-0.43339772752249;-0.525602459367519;0
11.97;-0.438590945249217;-0.511621260126719;0
11.98;-0.443643765316723;-0.497510726106341;0
11.99;-0.448554914386357;-0.48327530937065;0
12;-0.453323163775283;-0.468919491767187;0
12.01;-0.457947329748043;-0.454447783532101;0
12.02;-0.462426273794142;-0.439864721889369;0
12.03;-0.466758902891605;-0.425174869644334;0
12.04;-0.470944169756439;-0.410382813771986;0
12.05;-0.474981073077963;-0.395493164000432;0
12.06;-0.478868657739944;-0.380510551389974;0
12.07;-0.482606015027512;-0.365439626908239;0
12.08;-0.48619228281981;-0.35028506000179;0
12.09;-0.489626645768339;-0.335051537164648;0
12.1;-0.492908335460988;-0.319743760504167;0
12.11;-0.496036630571699;-0.304366446304699;0
12.12;-0.499010856995771;-0.288924323589466;0
12.13;-0.501830387970771;-0.273422132681096;0
12.14;-0.504494644183045;-0.257864623761243;0
12.15;-0.507003093859827;-0.242256555429719;0
12.16;-0.509355252846935;-0.226602693263596;0
12.17;-0.511550684672062;-0.210907808376671;0
12.18;-0.513589000593661;-0.195176675979769;0
12.19;-0.515469859635444;-0.179414073942277;0
12.2;-0.517192968606501;-0.163624781355358;0
12.21;-0.518758082107056;-0.14781357709727;0
12.22;-0.520165002519894;-0.131985238401214;0
12.23;-0.521413579987475;-0.116144539426133;0
12.24;-0.522503712374774;-0.100296249830894;0
12.25;-0.523435345217876;-0.0844451333522626;0
12.26;-0.524208471658372;-0.0685959463871078;0
12.27;-0.524823132363597;-0.0527534365792312;0
12.28;-0.525279415432757;-0.0369223414112571;0
12.29;-0.525577456289004;-0.0211073868019856;0
12.3;-0.525717437557504;-0.00531328570962365;0
12.31;-0.525699588929569;0.0104552632586992;0
12.32;-0.525524187012915;0.0261935772307223;0
12.33;-0.525191555168112;0.0418969904457514;0
12.34;-0.524702063331298;0.0575608556238595;0
12.35;-0.524056127823242;0.0731805453271964;0
12.36;-0.523254211144825;0.0887514533130088;0
12.37;-0.522296821759036;0.104268995877983;0
12.38;-0.521184513859557;0.119728613193521;0
12.39;-0.519917887126042;0.135125770631562;0
12.4;-0.518497586466185;0.150455960080574;0
12.41;-0.516924301744668;0.165714701251339;0
12.42;-0.515198767499097;0.18089754297214;0
12.43;-0.513321762643048;0.196000064473012;0
12.44;-0.511294110156301;0.211017876658659;0
12.45;-0.509116676762414;0.225946623369694;0
12.46;-0.506790372593734;0.240781982631837;0
12.47;-0.504316150843964;0.25551966789272;0
12.48;-0.501695007408431;0.270155429245949;0
12.49;-0.498927980512162;0.28468505464207;0
12.5;-0.496016150325915;0.29910437108612;0
12.51;-0.492960638570297;0.313409245821396;0
12.52;-0.489762608108107;0.327595587499141;0
12.53;-0.48642326252504;0.341659347333802;0
12.54;-0.48294384569892;0.355596520243539;0
12.55;-0.479325641357576;0.369403145975685;0
12.56;-0.475569972625549;0.383075310216822;0
12.57;-0.471678201559757;0.396609145687183;0
12.58;-0.467651728674296;0.410000833219078;0
12.59;-0.463491992454524;0.423246602819037;0
12.6;-0.4592004688606;0.436342734713393;0
12.61;-0.454778670820643;0.449285560377013;0
12.62;-0.45022814771368;0.462071463544892;0
12.63;-0.445550484842557;0.474696881206357;0
12.64;-0.440747302896986;0.487158304581582;0
12.65;-0.435820257406908;0.499452280080183;0
12.66;-0.430771038186352;0.511575410241611;0
12.67;-0.425601368767972;0.52352435465711;0
12.68;-0.420313005828451;0.535295830872987;0
12.69;-0.41490773860495;0.546886615274955;0
12.7;-0.40938738830281;0.55829354395332;0
12.71;-0.403753807494683;0.569513513548782;0
12.72;-0.39800887951129;0.580543482078639;0
12.73;-0.392154517824015;0.591380469743159;0
12.74;-0.386192665419518;0.602021559711942;0
12.75;-0.380125294166574;0.61246389889004;0
12.76;-0.373954404175353;0.62270469866367;0
12.77;-0.367682023149321;0.632741235625301;0
12.78;-0.361310205729996;0.642570852277958;0
12.79;-0.354841032834749;0.65219095771856;0
12.8;-0.348276610987864;0.661599028300112;0
12.81;-0.341619071645082;0.670792608272608;0
12.82;-0.33487057051182;0.679769310402473;0
12.83;-0.328033286855301;0.688526816570404;0
12.84;-0.321109422810802;0.697062878347468;0
12.85;-0.314101202682235;0.705375317549314;0
12.86;-0.307010872237291;0.713462026768386;0
12.87;-0.299840697997357;0.72132096988399;0
12.88;-0.292592966522434;0.728950182550129;0
12.89;-0.285269983691278;0.73634777266098;0
12.9;-0.277874073976984;0.743511920793913;0
12.91;-0.270407579718244;0.750440880629966;0
12.92;-0.262872860386503;0.757132979351678;0
12.93;-0.255272291849235;0.763586618018214;0
12.94;-0.247608265629573;0.769800271917688;0
12.95;-0.239883188162519;0.775772490896644;0
12.96;-0.23209948004796;0.781501899666607;0
12.97;-0.224259575300726;0.786987198087674;0
12.98;-0.216365920597906;0.792227161429093;0
12.99;-0.208420974523676;0.797220640606777;0
13;-0.200427206811845;0.801966562397753;0
13.01;-0.192387097586364;0.806463929631483;0
13.02;-0.184303136600024;0.810711821358069;0
13.03;-0.176177822471582;0.814709392993325;0
13.04;-0.168013661921532;0.818455876440694;0
13.05;-0.159813169006767;0.821950580190043;0
13.06;-0.151578864354355;0.825192889393321;0
13.07;-0.143313274394661;0.828182265917108;0
13.08;-0.135018930594054;0.830918248372082;0
13.09;-0.126698368687411;0.833400452119425;0
13.1;-0.118354127910674;0.835628569254216;0
13.11;-0.109988750233667;0.837602368565846;0
13.12;-0.101604779593414;0.839321695475515;0
13.13;-0.0932047611281913;0.840786471950866;0
13.14;-0.0847912404125261;0.841996696397814;0
13.15;-0.0763667626933863;0.842952443529653;0
13.16;-0.0679338721277786;0.843653864213515;0
13.17;-0.0594951110219839;0.844101185294262;0
13.18;-0.0510530190726554;0.844294709395901;0
13.19;-0.0426101326100029;0.84423481470064;0
13.2;-0.0341689838432867;0.843921954705654;0
13.21;-0.0257321001088443;0.843356657957711;0
13.22;-0.0173020031208696;0.842539527765744;0
13.23;-0.00888120822516521;0.841471241891513;0
13.24;-0.000472223656086284;0.840152552218481;0
13.25;0.00792245020310666;0.838584284399035;0
13.26;0.0163003215562705;0.836767337480205;0
13.27;0.0246589079265632;0.834702683508024;0
13.28;0.0329957368845752;0.832391367110689;0
13.29;0.0413083467721982;0.829834505060672;0
13.3;0.0495942874220205;0.827033285815968;0
13.31;0.0578511208720415;0.823988969040638;0
13.32;0.0660764220754998;0.820702885104829;0
13.33;0.0742677796056088;0.817176434564465;0
13.34;0.0824227963549994;0.813411087620787;0
13.35;0.0905390902296674;0.80940838355995;0
13.36;0.0986142948372283;0.805169930172868;0
13.37;0.106646060169282;0.800697403155528;0
13.38;0.114632053277696;0.795992545489975;0
13.39;0.122569958944604;0.79105716680619;0
13.4;0.130457480345954;0.785893142725096;0
13.41;0.138292339708382;0.780502414182894;0
13.42;0.146072278959266;0.774886986737001;0
13.43;0.15379506036974;0.769048929853795;0
13.44;0.161458467190517;0.762990376178434;0
13.45;0.169060304280326;0.756713520786991;0
13.46;0.176598398726791;0.750220620421156;0
13.47;0.184070600459576;0.743513992705775;0
13.48;0.191474782855641;0.736596015349475;0
13.49;0.198808843336416;0.729469125328662;0
13.5;0.206070703956746;0.722135818055146;0
13.51;0.213258311985445;0.714598646527686;0
13.52;0.220369640477282;0.706860220467726;0
13.53;0.227402688836271;0.698923205439622;0
13.54;0.234355483370074;0.690790321955629;0
13.55;0.241226077835408;0.682464344565967;0
13.56;0.248012553974268;0.673948100934244;0
13.57;0.254713022040853;0.665244470898549;0
13.58;0.261325621319029;0.656356385518524;0
13.59;0.267848520630211;0.647286826108709;0
13.6;0.27427991883151;0.638038823258498;0
13.61;0.280618045304021;0.628615455838993;0
13.62;0.28686116043113;0.619019849997104;0
13.63;0.293007556066691;0.609255178137202;0
13.64;0.299055555992983;0.599324657890657;0
13.65;0.305003516368292;0.589231551073585;0
13.66;0.31084982616403;0.57897916263315;0
13.67;0.31659290759126;0.568570839582741;0
13.68;0.322231216516529;0.558009969926373;0
13.69;0.327763242866897;0.547299981572646;0
13.7;0.333187511024055;0.536444341238613;0
13.71;0.338502580207441;0.525446553343895;0
13.72;0.343707044846258;0.514310158895396;0
13.73;0.348799534940292;0.503038734362969;0
13.74;0.353778716409448;0.491635890546381;0
13.75;0.358643291431927;0.480105271433936;0
13.76;0.363391998770936;0.468450553053113;0
13.77;0.368023614089887;0.456675442313573;0
13.78;0.372536950255981;0.444783675842894;0
13.79;0.376930857632125;0.43277901881541;0
13.8;0.381204224357105;0.42066526377449;0
13.81;0.385355976613951;0.40844622944865;0
13.82;0.389385078886443;0.396125759561844;0
13.83;0.39329053420369;0.383707721638309;0
13.84;0.397071384372735;0.371196005802328;0
13.85;0.400726710199138;0.358594523573284;0
13.86;0.404255631695488;0.34590720665637;0
13.87;0.407657308277805;0.333138005729324;0
13.88;0.410930938949793;0.320290889225567;0
13.89;0.414075762474908;0.307369842114106;0
13.9;0.417091057536212;0.29437886467658;0
13.91;0.419976142883988;0.281321971281813;0
13.92;0.42273037747109;0.268203189158259;0
13.93;0.425353160576006;0.25502655716469;0
13.94;0.427843931913628;0.241796124559523;0
13.95;0.430202171733703;0.228515949769135;0
13.96;0.432427400906969;0.215190099155553;0
13.97;0.434519180998967;0.201822645783877;0
13.98;0.43647711433152;0.18841766818982;0
13.99;0.4383008440319;0.17497924914772;0
14;0.439990054069673;0.161511474439399;0
14.01;0.441544469281232;0.148018431624241;0
14.02;0.442963855382052;0.134504208810847;0
14.03;0.444248018966655;0.120972893430637;0
14.04;0.445396807496333;0.107428571013766;0
14.05;0.446410109274631;0.0938753239677077;0
14.06;0.447287853410639;0.080317230358878;0
14.07;0.44803000977011;0.0667583626976543;0
14.08;0.448636588914447;0.0532027867271452;0
14.09;0.44910764202759;0.0396545602160726;0
14.1;0.449443260830863;0.0261177317561181;0
14.11;0.449643577485805;0.0125963395640877;0
14.12;0.449708764485051;-0.000905589710755333;0
14.13;0.449639034531308;-0.0143840421738396;0
14.14;0.449434640404491;-0.027835017866572;0
14.15;0.449095874817066;-0.0412545319414153;0
14.16;0.448623070257681;-0.0546386158304177;0
14.17;0.448016598823128;-0.0679833184068531;0
14.18;0.447276872038741;-0.0812847071396371;0
14.19;0.446404340667262;-0.0945388692401847;0
14.2;0.44539949450629;-0.107741912801379;0
14.21;0.444262862174371;-0.120889967928322;0
14.22;0.442995010885816;-0.133979187860547;0
14.23;0.44159654621434;-0.147005750085362;0
14.24;0.44006811184561;-0.159965857442014;0
14.25;0.438410389318787;-0.172855739216359;0
14.26;0.436624097757176;-0.185671652225718;0
14.27;0.434709993588061;-0.198409881893619;0
14.28;0.432668870251848;-0.211066743314113;0
14.29;0.430501557900609;-0.223638582305374;0
14.3;0.428208923086138;-0.236121776452267;0
14.31;0.425791868437637;-0.248512736137617;0
14.32;0.423251332329136;-0.260807905561859;0
14.33;0.420588288536775;-0.273003763750805;0
14.34;0.417803745886055;-0.285096825551246;0
14.35;0.414898747889198;-0.29708364261409;0
14.36;0.411874372372725;-0.308960804364793;0
14.37;0.408731731095397;-0.320724938960791;0
14.38;0.405471969356627;-0.332372714235677;0
14.39;0.402096265595525;-0.343900838629862;0
14.4;0.398605830980691;-0.355306062107468;0
14.41;0.395001908990904;-0.366585177059189;0
14.42;0.391285774986845;-0.377735019190895;0
14.43;0.387458735773997;-0.388752468397714;0
14.44;0.38352212915688;-0.399634449623368;0
14.45;0.379477323484744;-0.410377933704535;0
14.46;0.375325717188906;-0.420979938199993;0
14.47;0.371068738311843;-0.43143752820434;0
14.48;0.366707844028241;-0.441747817146063;0
14.49;0.362244520158114;-0.451907967569751;0
14.5;0.357680280672185;-0.461915191902234;0
14.51;0.35301666718968;-0.47176675320246;0
14.52;0.348255248468684;-0.481459965894897;0
14.53;0.343397619889254;-0.490992196486288;0
14.54;0.338445402929431;-0.500360864265552;0
14.55;0.333400244634328;-0.509563441986666;0
14.56;0.328263817078474;-0.518597456534341;0
14.57;0.323037816821571;-0.527460489572337;0
14.58;0.317723964357855;-0.536150178174234;0
14.59;0.312324003559219;-0.544664215436513;0
14.6;0.306839701112295;-0.553000351073793;0
14.61;0.301272845949656;-0.561156391996065;0
14.62;0.295625248675336;-0.569130202867795;0
14.63;0.289898740984834;-0.576919706648756;0
14.64;0.284095175079794;-0.584522885116447;0
14.65;0.278216423077546;-0.591937779369992;0
14.66;0.27226437641569;-0.599162490315386;0
14.67;0.266240945251914;-0.606195179131979;0
14.68;0.260148057859228;-0.613034067720092;0
14.69;0.253987660016814;-0.619677439129662;0
14.7;0.247761714396665;-0.626123637969822;0
14.71;0.241472199946226;-0.632371070799317;0
14.72;0.235121111267209;-0.63841820649769;0
14.73;0.228710457990784;-0.644263576617136;0
14.74;0.222242264149345;-0.649905775714977;0
14.75;0.215718567545029;-0.655343461666667;0
14.76;0.209141419115202;-0.660575355959294;0
14.77;0.20251288229509;-0.665600243965489;0
14.78;0.195835032377768;-0.670416975197736;0
14.79;0.189109955871683;-0.675024463542998;0
14.8;0.182339749855932;-0.679421687477659;0
14.81;0.175526521333469;-0.683607690262727;0
14.82;0.168672386582454;-0.687581580119282;0
14.83;0.161779470505936;-0.691342530384152;0
14.84;0.154849905980068;-0.694889779645799;0
14.85;0.147885833201049;-0.698222631860419;0
14.86;0.140889399031002;-0.70134045644824;0
14.87;0.133862756342968;-0.704242688370034;0
14.88;0.126808063365233;-0.706928828183849;0
14.89;0.119727483025169;-0.709398442081987;0
14.9;0.1126231822928;-0.711651161908235;0
14.91;0.105497331524282;-0.71368668515539;0
14.92;0.0983521038054949;-0.715504774943112;0
14.93;0.0911896742959478;-0.717105259976139;0
14.94;0.0840122195731859;-0.718488034482919;0
14.95;0.076821916977903;-0.719653058134695;0
14.96;0.0696209439599485;-0.720600355945127;0
14.97;0.0624114774254269;-0.721330018150489;0
14.98;0.0551956930850814;-0.721842200070522;0
14.99;0.0479757648041566;-0.722137121950022;0
15;0.0407538639539311;-0.72221506878123;0
15.01;0.0335321587651128;-0.722076390107127;0
15.02;0.026312813683286;-0.721721499805712;0
15.03;0.0190979887266024;-0.721150875855368;0
15.04;0.0118898388459016;-0.720365060081414;0
15.05;0.00469051328745123;-0.719364657883955;0
15.06;-0.0024978450415077;-0.718150337947146;0
15.07;-0.00967310020422528;-0.716722831929981;0
15.08;-0.0168331238627321;-0.715082934138735;0
15.09;-0.0239757959027709;-0.713231501181197;0
15.1;-0.0310990050551897;-0.711169451602813;0
15.11;-0.0382006495136143;-0.708897765504896;0
15.12;-0.0452786375482241;-0.706417484145032;0
15.13;-0.0523308881154515;-0.703729709519848;0
15.14;-0.0593553314634303;-0.700835603930285;0
15.15;-0.0663499097330189;-0.697736389529543;0
15.16;-0.0733125775542256;-0.694433347853863;0
15.17;-0.080241302637865;-0.690927819336311;0
15.18;-0.0871340663622761;-0.687221202803745;0
15.19;-0.0939888643549359;-0.683314954957147;0
15.2;-0.100803707068801;-0.679210589835488;0
15.21;-0.107576620353215;-0.674909678263338;0
15.22;-0.11430564601922;-0.6704138472824;0
15.23;-0.120988842399112;-0.665724779567168;0
15.24;-0.127624284900081;-0.660844212824909;0
15.25;-0.134210066551779;-0.65577393918019;0
15.26;-0.140744298547673;-0.650515804544141;0
15.27;-0.147225110780012;-0.645071707968684;0
15.28;-0.153650652368277;-0.63944360098594;0
15.29;-0.160019092180954;-0.633633486933039;0
15.3;-0.166328619350498;-0.627643420262568;0
15.31;-0.172577443781327;-0.621475505838872;0
15.32;-0.178763796650722;-0.615131898220458;0
15.33;-0.184885930902494;-0.608614800928738;0
15.34;-0.19094212173327;-0.60192646570335;0
15.35;-0.196930667071273;-0.595069191744299;0
15.36;-0.202849888047472;-0.588045324941186;0
15.37;-0.208698129458962;-0.580857257089753;0
15.38;-0.214473760224452;-0.573507425096022;0
15.39;-0.220175173831743;-0.56599831016828;0
15.4;-0.225800788777072;-0.558332436997165;0
15.41;-0.231349048996199;-0.550512372924135;0
15.42;-0.236818424287139;-0.542540727098575;0
15.43;-0.242207410724397;-0.534420149623827;0
15.44;-0.247514531064636;-0.526153330692405;0
15.45;-0.252738335143628;-0.51774299971068;0
15.46;-0.257877400264424;-0.509191924413321;0
15.47;-0.262930331576611;-0.500502909967757;0
15.48;-0.267895762446575;-0.491678798068972;0
15.49;-0.272772354818669;-0.482722466024893;0
15.5;-0.277558799567191;-0.473636825832678;0
15.51;-0.28225381683909;-0.464424823246204;0
15.52;-0.286856156387304;-0.455089436835019;0
15.53;-0.291364597894652;-0.445633677035092;0
15.54;-0.295777951288196;-0.436060585191635;0
15.55;-0.300095057044001;-0.426373232594301;0
15.56;-0.304314786482206;-0.416574719505074;0
15.57;-0.308436042052353;-0.406668174179132;0
15.58;-0.312457757608884;-0.396656751879016;0
15.59;-0.316378898676754;-0.386543633882386;0
15.6;-0.320198462707097;-0.376332026483689;0
15.61;-0.323915479322881;-0.366025159990042;0
15.62;-0.327529010554493;-0.355626287711646;0
15.63;-0.331038151065206;-0.345138684947037;0
15.64;-0.334442028366486;-0.334565647963489;0
15.65;-0.337739803023064;-0.323910492972884;0
15.66;-0.340930668847766;-0.313176555103368;0
15.67;-0.344013853086032;-0.3023671873671;0
15.68;-0.346988616590092;-0.291485759624409;0
15.69;-0.349854253982782;-0.280535657544695;0
15.7;-0.352610093810943;-0.269520281564362;0
15.71;-0.355255498688394;-0.258443045842127;0
15.72;-0.357789865428444;-0.247307377212001;0
15.73;-0.360212625165928;-0.236116714134279;0
15.74;-0.362523243468739;-0.224874505644841;0
15.75;-0.364721220438856;-0.213584210303093;0
15.76;-0.366806090802835;-0.20224929513886;0
15.77;-0.368777423991777;-0.190873234598547;0
15.78;-0.370634824210747;-0.179459509490895;0
15.79;-0.372377930497652;-0.168011605932633;0
15.8;-0.374006416771579;-0.156533014294357;0
15.81;-0.375519991870591;-0.145027228146945;0
15.82;-0.376918399578991;-0.13349774320882;0
15.83;-0.378201418644068;-0.121948056294384;0
15.84;-0.379368862782323;-0.110381664263923;0
15.85;-0.380420580675216;-0.0988020629753114;0
15.86;-0.381356455954428;-0.0872127462378141;0
15.87;-0.382176407176677;-0.0756172047682999;0
15.88;-0.382880387788107;-0.0640189251501788;0
15.89;-0.38346838607828;-0.0524213887953654;0
15.9;-0.3839404251238;-0.0408280709095774;0
15.91;-0.384296562721611;-0.029242439461273;0
15.92;-0.384536891311997;-0.0176679541545287;0
15.93;-0.384661537891331;-0.00610806540616125;0
15.94;-0.384670663914619;0.00543378667260987;0
15.95;-0.384564465187876;0.0169541732896595;0
15.96;-0.384343171750396;0.0284496779803197;0
15.97;-0.384007047746955;0.0399168976103139;0
15.98;-0.383556391290022;0.0513524433729716;0
15.99;-0.38299153431201;0.0627529417804342;0
16;-0.382312842407655;0.0741150356485656;0
16.01;-0.381520714666568;0.0854353850752824;0
16.02;-0.380615583496041;0.0967106684120226;0
16.03;-0.379597914434162;0.107937583228073;0
16.04;-0.378468205953327;0.119112847267477;0
16.05;-0.377226989254212;0.130233199398255;0
16.06;-0.375874828050296;0.141295400553652;0
16.07;-0.374412318342995;0.152296234665166;0
16.08;-0.37284008818752;0.163232509587065;0
16.09;-0.371158797449517;0.174101058012155;0
16.1;-0.369369137552593;0.184898738378526;0
16.11;-0.36747183121682;0.195622435767014;0
16.12;-0.365467632188302;0.206269062789147;0
16.13;-0.363357324959908;0.216835560465303;0
16.14;-0.361141724483268;0.227318899092845;0
16.15;-0.358821675872135;0.23771607910399;0
16.16;-0.356398054097216;0.248024131913171;0
16.17;-0.353871763672574;0.25824012075365;0
16.18;-0.351243738333715;0.26836114150316;0
16.19;-0.34851494070747;0.27838432349834;0
16.2;-0.345686361973783;0.288306830337745;0
16.21;-0.342759021519522;0.298125860673198;0
16.22;-0.339733966584426;0.30783864898928;0
16.23;-0.336612271899315;0.317442466370742;0
16.24;-0.333395039316683;0.326934621257612;0
16.25;-0.330083397433787;0.336312460187828;0
16.26;-0.32667850120838;0.345573368527158;0
16.27;-0.323181531567188;0.35471477118623;0
16.28;-0.319593695007291;0.363734133324483;0
16.29;-0.315916223190506;0.372628961040833;0
16.3;-0.312150372530943;0.381396802050887;0
16.31;-0.308297423775834;0.390035246350514;0
16.32;-0.304358681579798;0.398541926865605;0
16.33;-0.30033547407267;0.406914520087843;0
16.34;-0.296229152421028;0.415150746696329;0
16.35;-0.292041090383581;0.423248372164882;0
16.36;-0.287772683860537;0.43120520735488;0
16.37;-0.283425350437115;0.439019109093468;0
16.38;-0.279000528921343;0.446687980736996;0
16.39;-0.274499678876277;0.454209772719547;0
16.4;-0.26992428014682;0.461582483086396;0
16.41;-0.265275832381259;0.468804158012298;0
16.42;-0.260555854547696;0.475872892304442;0
16.43;-0.255765884445518;0.482786829889972;0
16.44;-0.250907478212058;0.489544164287947;0
16.45;-0.245982209824615;0.496143139065614;0
16.46;-0.240991670597969;0.502582048278905;0
16.47;-0.235937468677578;0.508859236897037;0
16.48;-0.230821228528587;0.514973101211122;0
16.49;-0.225644590420836;0.52092208922669;0
16.5;-0.220409209910001;0.526704701040037;0
16.51;-0.215116757315059;0.532319489198306;0
16.52;-0.209768917192215;0.537765059043237;0
16.53;-0.204367387805473;0.543040069038487;0
16.54;-0.198913880594003;0.548143231080476;0
16.55;-0.193410119636472;0.553073310792674;0
16.56;-0.187857841112516;0.557829127803279;0
16.57;-0.1822587927615;0.562409556006229;0
16.58;-0.176614733338751;0.566813523805503;0
16.59;-0.170927432069416;0.571040014342653;0
16.6;-0.165198668100126;0.575088065707547;0
16.61;-0.159430229948629;0.57895677113227;0
16.62;-0.153623914951552;0.582645279168168;0
16.63;-0.147781528710476;0.586152793846004;0
16.64;-0.141904884536485;0.589478574819203;0
16.65;-0.135995802893355;0.592621937490187;0
16.66;-0.130056110839559;0.595582253119774;0
16.67;-0.124087641469252;0.598358948919645;0
16.68;-0.118092233352407;0.600951508127887;0
16.69;-0.112071729974276;0.603359470067602;0
16.7;-0.106027979174339;0.605582430188611;0
16.71;-0.0999628325849069;0.607620040092259;0
16.72;-0.0938781450695602;0.609472007539342;0
16.73;-0.0877757741615796;0.611138096441195;0
16.74;-0.0816575795025429;0.612618126833952;0
16.75;-0.075525422281254;0.613911974836036;0
16.76;-0.0693811646731735;0.615019572588904;0
16.77;-0.0632266692805156;0.615940908181107;0
16.78;-0.0570637985731806;0.616676025555701;0
16.79;-0.0508944143306875;0.617225024401084;0
16.8;-0.0447203770852721;0.617588060025304;0
16.81;-0.0385435455663172;0.61776534321391;0
16.82;-0.032365776146277;0.61775714007142;0
16.83;-0.0261889222882612;0.617563771846481;0
16.84;-0.0200148339954398;0.617185614740795;0
16.85;-0.013845357262432;0.616623099701901;0
16.86;-0.00768233352883918;0.615876712199908;0
16.87;-0.00152759913508281;0.614946991988259;0
16.88;0.0046170152192942;0.613834532848642;0
16.89;0.010749685014704;0.612539982320142;0
16.9;0.0168685924478115;0.61106404141274;0
16.91;0.0229719269648967;0.609407464305282;0
16.92;0.0290578857921279;0.607571058028024;0
16.93;0.0351246744625903;0.605555682129886;0
16.94;0.0411705073399204;0.603362248330526;0
16.95;0.0471936081383916;0.60099172015738;0
16.96;0.0531922104393041;0.598445112567797;0
16.97;0.0591645582035294;0.595723491556398;0
16.98;0.0651089062800622;0.592827973747825;0
16.99;0.0710235209104348;0.589759725974995;0
17;0.0769066802288494;0.586519964843047;0
17.01;0.0827566747578855;0.583109956279104;0
17.02;0.0885718078996425;0.579531015068033;0
17.03;0.0943503964221771;0.575784504374353;0
17.04;0.100090770941098;0.571871835250462;0
17.05;0.105791276396182;0.567794466131359;0
17.06;0.111450272522876;0.563553902316027;0
17.07;0.117066134318558;0.559151695435657;0
17.08;0.122637252503414;0.554589442908904;0
17.09;0.128162033975819;0.549868787384351;0
17.1;0.133638902262074;0.544991416170368;0
17.11;0.139066297960403;0.539959060652574;0
17.12;0.144442679179047;0.534773495699077;0
17.13;0.149766521968379;0.529436539053708;0
17.14;0.15503632074688;0.523950050717448;0
17.15;0.160250588720888;0.518315932318241;0
17.16;0.165407858297987;0.512536126469421;0
17.17;0.170506681493937;0.506612616116955;0
17.18;0.175545630333017;0.50054742387571;0
17.19;0.180523297241692;0.494342611354982;0
17.2;0.185438295435482;0.488000278473484;0
17.21;0.190289259298934;0.481522562764033;0
17.22;0.195074844758599;0.474911638668157;0
17.23;0.199793729648909;0.468169716820848;0
17.24;0.204444614070856;0.461299043325699;0
17.25;0.20902622074338;0.454301899020647;0
17.26;0.213537295347381;0.447180598734577;0
17.27;0.217976606862241;0.439937490535005;0
17.28;0.222342947894801;0.432574954967096;0
17.29;0.226635135000679;0.425095404284248;0
17.3;0.230852008997858;0.417501281670505;0
17.31;0.234992435272467;0.409795060455019;0
17.32;0.239055304076667;0.401979243318842;0
17.33;0.243039530818574;0.394056361494269;0
17.34;0.246944056344141;0.386028973957009;0
17.35;0.250767847210933;0.377899666611418;0
17.36;0.25450989595372;0.369671051469073;0
17.37;0.258169221341833;0.361345765820917;0
17.38;0.261744868628204;0.35292647140326;0
17.39;0.265235909790049;0.344415853557884;0
17.4;0.268641443761124;0.33581662038651;0
17.41;0.271960596655492;0.327131501899902;0
17.42;0.275192521982776;0.31836324916186;0
17.43;0.27833640085481;0.30951463342838;0
17.44;0.281391442183676;0.300588445282238;0
17.45;0.284356882871059;0.291587493763261;0
17.46;0.28723198798889;0.282514605494573;0
17.47;0.290016050951233;0.273372623805063;0
17.48;0.29270839367738;0.264164407848354;0
17.49;0.295308366746122;0.254892831718546;0
17.5;0.297815349541163;0.245560783562999;0
17.51;0.300228750387653;0.236171164692423;0
17.52;0.302548006679804;0.226726888688565;0
17.53;0.30477258499958;0.217230880509732;0
17.54;0.306901981226427;0.207686075594462;0
17.55;0.308935720638042;0.198095418963574;0
17.56;0.310873358002142;0.188461864320906;0
17.57;0.31271447765925;0.178788373152981;0
17.58;0.314458693596465;0.169077913827901;0
17.59;0.31610564951222;0.159333460693717;0
17.6;0.317655018872024;0.14955799317656;0
17.61;0.319106504955185;0.139754494878798;0
17.62;0.320459840892513;0.129925952677496;0
17.63;0.321714789695014;0.120075355823435;0
17.64;0.322871144273576;0.110205695040977;0
17.65;0.323928727449657;0.100319961629031;0
17.66;0.32488739195699;0.0904211465633907;0
17.67;0.325747020434316;0.0805122396007141;0
17.68;0.326507525409174;0.0705962283844084;0
17.69;0.327168849272744;0.0606760975526844;0
17.7;0.327730964245799;0.0507548278490444;0
17.71;0.328193872335757;0.0408353952354671;0
17.72;0.328557605284892;0.0309207700085499;0
17.73;0.328822224509711;0.0210139159188675;0
17.74;0.328987821031544;0.011117789293808;0
17.75;0.32905451539838;0.00123533816413977;0
17.76;0.329022457597983;-0.00863049860543165;0
17.77;0.328891826962337;-0.0184767921814662;0
17.78;0.328662832063454;-0.0283006246224972;0
17.79;0.328335710600597;-0.0380990897349952;0
17.8;0.327910729278972;-0.0478692939243393;0
17.81;0.327388183679925;-0.0576083570405489;0
17.82;0.326768398122711;-0.067313413218532;0
17.83;0.326051725517882;-0.0769816117126076;0
17.84;0.325238547212365;-0.086610117725061;0
17.85;0.324329272826274;-0.0961961132284949;0
17.86;0.323324340081525;-0.105736797781741;0
17.87;0.322224214622337;-0.115229389339093;0
17.88;0.32102938982765;-0.124671125052646;0
17.89;0.319740386615569;-0.134059262067485;0
17.9;0.318357753239883;-0.143391078309529;0
17.91;0.316882065078736;-0.152663873265786;0
17.92;0.315313924415534;-0.161874968756801;0
17.93;0.313653960212166;-0.171021709701085;0
17.94;0.311902827874612;-0.180101464871307;0
17.95;0.310061209011029;-0.189111627642035;0
17.96;0.308129811182402;-0.198049616728813;0
17.97;0.306109367645837;-0.206912876918381;0
17.98;0.304000637090599;-0.215698879789815;0
17.99;0.301804403366977;-0.224405124426401;0
18;0.299521475208072;-0.233029138118043;0
18.01;0.297152685944607;-0.241568477054003;0
18.02;0.294698893212852;-0.25002072700579;0
18.03;0.292160978655765;-0.258383504000013;0
18.04;0.289539847617448;-0.266654454980998;0
18.05;0.286836428831032;-0.274831258463006;0
18.06;0.284051674100077;-0.282911625171866;0
18.07;0.281186557973609;-0.290893298675844;0
18.08;0.278242077414899;-0.298774056005593;0
18.09;0.275219251464088;-0.306551708262991;0
18.1;0.272119120894775;-0.314224101218741;0
18.11;0.268942747864687;-0.321789115898529;0
18.12;0.265691215560527;-0.329244669157622;0
18.13;0.26236562783714;-0.336588714243735;0
18.14;0.258967108851099;-0.343819241348015;0
18.15;0.255496802688834;-0.350934278144012;0
18.16;0.251955872989425;-0.357931890314485;0
18.17;0.248345502562191;-0.364810182065907;0
18.18;0.244666892999177;-0.37156729663054;0
18.19;0.240921264282685;-0.378201416755948;0
18.2;0.237109854387966;-0.384710765181825;0
18.21;0.233233918881198;-0.391093605104011;0
18.22;0.229294730512886;-0.39734824062559;0
18.23;0.225293578806806;-0.403473017194947;0
18.24;0.221231769644626;-0.409466322030675;0
18.25;0.21711062484635;-0.415326584533236;0
18.26;0.212931481746683;-0.421052276683267;0
18.27;0.208695692767499;-0.426641913426442;0
18.28;0.204404624986498;-0.432094053044786;0
18.29;0.200059659702228;-0.437407297514363;0
18.3;0.195662191995583;-0.442580292849259;0
18.31;0.191213630287925;-0.447611729431761;0
18.32;0.18671539589597;-0.452500342328677;0
18.33;0.182168922583567;-0.457244911593714;0
18.34;0.177575656110522;-0.461844262555852;0
18.35;0.172937053778599;-0.466297266093652;0
18.36;0.168254583974839;-0.470602838895437;0
18.37;0.163529725712348;-0.474759943705292;0
18.38;0.158763968168682;-0.478767589554841;0
18.39;0.153958810221983;-0.482624831980744;0
18.4;0.149115759984999;-0.486330773227887;0
18.41;0.144236334337142;-0.489884562438214;0
18.42;0.139322058454724;-0.49328539582518;0
18.43;0.134374465339503;-0.496532516833797;0
18.44;0.129395095345705;-0.499625216286242;0
18.45;0.124385495705649;-0.502562832513013;0
18.46;0.119347220054128;-0.505344751469626;0
18.47;0.114281827951684;-0.507970406838823;0
18.48;0.109190884406932;-0.510439280118307;0
18.49;0.104075959398065;-0.512750900693993;0
18.5;0.0989386273937004;-0.514904845898771;0
18.51;0.0937804668731965;-0.516900741056802;0
18.52;0.0886030598465926;-0.518738259513349;0
18.53;0.0834079913743184;-0.520417122650167;0
18.54;0.0781968490868123;-0.521937099886456;0
18.55;0.0729712227041955;-0.523298008665424;0
18.56;0.0677327035561458;-0.524499714426472;0
18.57;0.0624828841021127;-0.525542130563042;0
18.58;0.0572233574520198;-0.526425218366156;0
18.59;0.0519557168875957;-0.527148986953706;0
18.6;0.0466815553844749;-0.527713493185517;0
18.61;0.0414024651352138;-0.528118841564252;0
18.62;0.0361200370733593;-0.528365184122205;0
18.63;0.030835860398714;-0.528452720294039;0
18.64;0.0255515221039367;-0.528381696775533;0
18.65;0.0202686065026177;-0.528152407368409;0
18.66;0.0149886947589691;-0.527765192811299;0
18.67;0.00971336441926651;-0.52722044059694;0
18.68;0.00444418894518133;-0.52651858477566;0
18.69;-0.000817262750860841;-0.525660105745252;0
18.7;-0.00606942676815957;-0.524645530027316;0
18.71;-0.0113107446779217;-0.523475430030151;0
18.72;-0.0165396639810123;-0.52215042379831;0
18.73;-0.0217546385631414;-0.520671174748901;0
18.74;-0.0269541291473546;-0.519038391394739;0
18.75;-0.0321366037436966;-0.517252827054457;0
18.76;-0.0373005380959167;-0.515315279549687;0
18.77;-0.0424444161250893;-0.513226590889414;0
18.78;-0.0475667303700206;-0.510987646941637;0
18.79;-0.0526659824243144;-0.508599377092437;0
18.8;-0.057740683369973;-0.506062753892593;0
18.81;-0.0627893542074088;-0.503378792691865;0
18.82;-0.0678105262817433;-0.50054855126107;0
18.83;-0.0728027417052728;-0.497573129402103;0
18.84;-0.07776455377598;-0.494453668546018;0
18.85;-0.0826945273919742;-0.491191351339326;0
18.86;-0.0875912394617405;-0.487787401218647;0
18.87;-0.0924532793100854;-0.484243081973874;0
18.88;-0.0972792490796614;-0.480559697299975;0
18.89;-0.10206776412796;-0.476738590337621;0
18.9;-0.106817453419661;-0.472781143202768;0
18.91;-0.111526959914227;-0.468688776505368;0
18.92;-0.116194940948641;-0.464462948857368;0
18.93;-0.120820068615172;-0.460105156370163;0
18.94;-0.125401030134068;-0.455616932141671;0
18.95;-0.129936528221079;-0.450999845733205;0
18.96;-0.134425281449696;-0.446255502636309;0
18.97;-0.138866024608022;-0.441385543729748;0
18.98;-0.143257509050162;-0.436391644726812;0
18.99;-0.147598503042047;-0.431275515613139;0
19;-0.151887792101595;-0.426038900075225;0
19.01;-0.15612417933311;-0.420683574919813;0
19.02;-0.160306485755845;-0.415211349484357;0
19.03;-0.164433550626617;-0.409624065038744;0
19.04;-0.168504231756413;-0.403923594178469;0
19.05;-0.172517405820885;-0.39811184020947;0
19.06;-0.17647196866465;-0.392190736524813;0
19.07;-0.180366835599334;-0.386162245973421;0
19.08;-0.184200941695256;-0.38002836022107;0
19.09;-0.187973242066698;-0.373791099103839;0
19.1;-0.191682712150668;-0.367452509974223;0
19.11;-0.195328347979096;-0.361014667040133;0
19.12;-0.198909166444389;-0.354479670696969;0
19.13;-0.202424205558276;-0.347849646852999;0
19.14;-0.205872524703876;-0.341126746248248;0
19.15;-0.209253204880925;-0.334313143767115;0
19.16;-0.212565348944111;-0.327411037744927;0
19.17;-0.215808081834433;-0.320422649268666;0
19.18;-0.218980550803556;-0.313350221472071;0
19.19;-0.222081925631085;-0.306196018825342;0
19.2;-0.225111398834713;-0.298962326419672;0
19.21;-0.228068185873194;-0.291651449246829;0
19.22;-0.230951525342089;-0.284265711474004;0
19.23;-0.23376067916224;-0.276807455714162;0
19.24;-0.236494932760932;-0.269279042292121;0
19.25;-0.239153595245688;-0.261682848506573;0
19.26;-0.241735999570676;-0.254021267888297;0
19.27;-0.244241502695681;-0.246296709454771;0
19.28;-0.2466694857376;-0.23851159696143;0
19.29;-0.249019354114444;-0.230668368149788;0
19.3;-0.251290537681804;-0.222769473992666;0
19.31;-0.253482490861758;-0.214817377936741;0
19.32;-0.25559469276419;-0.20681455514267;0
19.33;-0.257626647300504;-0.198763491722996;0
19.34;-0.259577883289708;-0.190666683978092;0
19.35;-0.261447954556843;-0.182526637630357;0
19.36;-0.263236440023755;-0.174345867056906;0
19.37;-0.264942943792181;-0.166126894520984;0
19.38;-0.266567095219153;-0.157872249402341;0
19.39;-0.268108548984693;-0.149584467426787;0
19.4;-0.269566985151803;-0.141266089895182;0
19.41;-0.270942109218749;-0.132919662912065;0
19.42;-0.272233652163622;-0.124547736614183;0
19.43;-0.273441370481193;-0.116152864399127;0
19.44;-0.274565046212046;-0.107737602154323;0
19.45;-0.275604486964015;-0.0993045074865936;0
19.46;-0.276559525925907;-0.09085613895254;0
19.47;-0.277430021873548;-0.0823950552899508;0
19.48;-0.278215859168133;-0.0739238146504835;0
19.49;-0.278916947746924;-0.0654449738338395;0
19.5;-0.279533223106286;-0.0569610875236595;0
19.51;-0.280064646277096;-0.0484747075253675;0
19.52;-0.280511203792539;-0.0399883820061871;0
19.53;-0.280872907648318;-0.0315046547375541;0
19.54;-0.28114979525529;-0.0230260643401496;0
19.55;-0.281341929384577;-0.0145551435317742;0
19.56;-0.281449398105162;-0.00609441837828434;0
19.57;-0.28147231471401;0.00235359245218992;0
19.58;-0.281410817658749;0.0107863784315279;0
19.59;-0.281265070452941;0.0192014379101853;0
19.6;-0.281035261583989;0.0275962788518306;0
19.61;-0.280721604413715;0.0359684195638374;0
19.62;-0.280324337071648;0.0443153894234201;0
19.63;-0.279843722341077;0.0526347295992034;0
19.64;-0.27928004753791;0.060923993768018;0
19.65;-0.278633624382378;0.0691807488267134;0
19.66;-0.277904788863656;0.0774025755987855;0
19.67;-0.277093901097436;0.085587069535615;0
19.68;-0.27620134517651;0.0937318414121155;0
19.69;-0.275227529014428;0.101834518016592;0
19.7;-0.27417288418228;0.109892742834616;0
19.71;-0.273037865738672;0.117904176726717;0
19.72;-0.271822952052946;0.125866498599701;0
19.73;-0.27052864462172;0.13377740607141;0
19.74;-0.269155467878817;0.141634616128724;0
19.75;-0.267703968998632;0.149435865778634;0
19.76;-0.26617471769303;0.157178912692183;0
19.77;-0.264568306001837;0.164861535841118;0
19.78;-0.262885348076991;0.172481536127056;0
19.79;-0.261126479960442;0.180036737002998;0
19.8;-0.259292359355872;0.18752498508701;0
19.81;-0.257383665394309;0.194944150767914;0
19.82;-0.255401098393724;0.202292128802801;0
19.83;-0.253345379612695;0.209566838906223;0
19.84;-0.251217250998203;0.216766226330888;0
19.85;-0.249017474927679;0.223888262439693;0
19.86;-0.246746833945352;0.230930945268965;0
19.87;-0.24440613049302;0.237892300082718;0
19.88;-0.241996186635307;0.244770379917812;0
19.89;-0.239517843779517;0.25156326611984;0
19.9;-0.236971962390172;0.258269068869612;0
19.91;-0.234359421698321;0.264885927700092;0
19.92;-0.231681119405733;0.271412012003643;0
19.93;-0.228937971384053;0.277845521529453;0
19.94;-0.226130911369032;0.284184686871007;0
19.95;-0.22326089064993;0.290427769943474;0
19.96;-0.220328877754184;0.296573064450882;0
19.97;-0.21733585812746;0.302618896342968;0
19.98;-0.214282833809176;0.308563624261566;0
19.99;-0.21117082310361;0.314405639976443;0
20;-0.2080008602467;0.320143368810439;0
