0;0.67143679657246;0.418585317688527;0
0.01;0.67552860391881;0.397670390566589;0
0.02;0.679410882018312;0.376672203418641;0
0.03;0.683082827228885;0.355597193767935;0
0.04;0.68654370033913;0.334451811102101;0
0.05;0.689792826679185;0.313242514919277;0
0.06;0.692829596212038;0.291975772774612;0
0.07;0.695653463605305;0.270658058327693;0
0.08;0.698263948283502;0.249295849391509;0
0.09;0.700660634460799;0.227895625983521;0
0.1;0.702843171154306;0.206463868379419;0
0.11;0.704811272177914;0.185007055170147;0
0.12;0.70656471611671;0.163531661322776;0
0.13;0.708103346282034;0.142044156245789;0
0.14;0.709427070647203;0.120551001859364;0
0.15;0.710535861763966;0.0990586506712128;0
0.16;0.711429756659739;0.077573543858556;0
0.17;0.712108856715698;0.0561021093567811;0
0.18;0.712573327525783;0.034650759955362;0
0.19;0.712823398736699;0.0132258914015884;0
0.2;0.712859363868996;-0.00816611948733615;0
0.21;0.712681580119298;-0.0295189167032782;0
0.22;0.712290468143797;-0.0508261669166899;0
0.23;0.711686511823086;-0.0720815613361147;0
0.24;0.710870258008456;-0.0932788175571402;0
0.25;0.709842316249739;-0.114411681400264;0
0.26;0.708603358504834;-0.135473928737143;0
0.27;0.70715411883102;-0.156459367304686;0
0.28;0.705495393058191;-0.177361838506495;0
0.29;0.703628038444123;-0.198175219201095;0
0.3;0.701552973311937;-0.218893423476483;0
0.31;0.699271176669862;-0.239510404410457;0
0.32;0.696783687813476;-0.260020155816229;0
0.33;0.694091605910551;-0.28041671397284;0
0.34;0.691196089568661;-0.300694159339856;0
0.35;0.688098356385725;-0.320846618255885;0
0.36;0.684799682483632;-0.340868264620414;0
0.37;0.681301402025128;-0.360753321558505;0
0.38;0.677604906714133;-0.380496063067874;0
0.39;0.673711645279667;-0.400090815647878;0
0.4;0.669623122943574;-0.419531959909984;0
0.41;0.665340900872222;-0.438813932169231;0
0.42;0.660866595612378;-0.457931226016271;0
0.43;0.656201878511449;-0.476878393869533;0
0.44;0.651348475122295;-0.495650048507089;0
0.45;0.646308164592813;-0.514240864577791;0
0.46;0.641082779040511;-0.532645580091263;0
0.47;0.635674202912271;-0.550858997886348;0
0.48;0.630084372329529;-0.568875987077586;0
0.49;0.624315274419093;-0.586691484479345;0
0.5;0.618368946629818;-0.604300496007214;0
0.51;0.612247476035374;-0.621698098056265;0
0.52;0.605952998623331;-0.63887943885583;0
0.53;0.599487698570815;-0.655839739800407;0
0.54;0.592853807506948;-0.672574296756349;0
0.55;0.586053603762344;-0.68907848134399;0
0.56;0.579089411605891;-0.70534774219485;0
0.57;0.571963600469072;-0.721377606183601;0
0.58;0.564678584158087;-0.737163679634456;0
0.59;0.557236820054021;-0.752701649501677;0
0.6;0.549640808301327;-0.767987284523875;0
0.61;0.541893090984888;-0.783016436351815;0
0.62;0.533996251295917;-0.797785040649432;0
0.63;0.52595291268697;-0.812289118167764;0
0.64;0.517765738016343;-0.826524775791537;0
0.65;0.509437428682127;-0.840488207558136;0
0.66;0.500970723746201;-0.854175695648691;0
0.67;0.492368399048431;-0.867583611351044;0
0.68;0.48363326631138;-0.880708415994347;0
0.69;0.474768172235793;-0.893546661855068;0
0.7;0.465775997587151;-0.906094993034171;0
0.71;0.456659656273585;-0.918350146305268;0
0.72;0.447422094415444;-0.930308951933528;0
0.73;0.438066289406797;-0.941968334465161;0
0.74;0.428595248969184;-0.953325313487279;0
0.75;0.419012010197891;-0.96437700435796;0
0.76;0.409319638601073;-0.975120618906354;0
0.77;0.399521227131995;-0.985553466102661;0
0.78;0.389619895214725;-0.995672952697847;0
0.79;0.379618787763555;-1.00547658383294;0
0.8;0.36952107419647;-1.01496196361779;0
0.81;0.359329947442972;-1.02412679567917;0
0.82;0.349048622946556;-1.03296888367811;0
0.83;0.338680337662149;-1.04148613179632;0
0.84;0.328228349048834;-1.04967654519171;0
0.85;0.317695934058148;-1.05753823042278;0
0.86;0.307086388118283;-1.06506939584196;0
0.87;0.296403024114489;-1.0722683519577;0
0.88;0.285649171366001;-1.07913351176536;0
0.89;0.274828174599797;-1.08566339104675;0
0.9;0.263943392921497;-1.09185660863846;0
0.91;0.252998198783726;-1.09771188666868;0
0.92;0.241995976952247;-1.10322805076279;0
0.93;0.230940123470179;-1.10840403021746;0
0.94;0.219834044620613;-1.11323885814349;0
0.95;0.20868115588795;-1.11773167157717;0
0.96;0.197484880918255;-1.12188171156038;0
0.97;0.186248650478955;-1.12568832318933;0
0.98;0.174975901418196;-1.12915095563205;0
0.99;0.163670075624157;-1.13226916211463;0
1;0.152334618984646;-1.13504259987631;0
1.01;0.140972980347287;-1.13747103009346;0
1.02;0.129588610480605;-1.13955431777255;0
1.03;0.118184961036318;-1.14129243161214;0
1.04;0.10676548351315;-1.14268544383407;0
1.05;0.0953336282224759;-1.14373352998389;0
1.06;0.0838928432560899;-1.14443696870065;0
1.07;0.0724465734564209;-1.14479614145618;0
1.08;0.0609982593894891;-1.14481153226404;0
1.09;0.0495513363209101;-1.14448372735815;0
1.1;0.0381092331952472;-1.14381341484143;0
1.11;0.0266753716190135;-1.14280138430441;0
1.12;0.0152531648476213;-1.14144852641413;0
1.13;0.0038460167765753;-1.13975583247346;0
1.14;-0.00754267906279396;-1.13772439395094;0
1.15;-0.018909540502764;-1.13535540198151;0
1.16;-0.0302511977335305;-1.1326501468381;0
1.17;-0.041564294292104;-1.12961001737452;0
1.18;-0.0528454880455058;-1.12623650043967;0
1.19;-0.0640914521679794;-1.12253118026347;0
1.2;-0.0752988761119327;-1.11849573781454;0
1.21;-0.086464466572333;-1.1141319501301;0
1.22;-0.0975849484442754;-1.10944168961816;0
1.23;-0.10865706577345;-1.10442692333232;0
1.24;-0.119677582699233;-1.09908971221949;0
1.25;-0.13064328439014;-1.09343221034071;0
1.26;-0.141550977971359;-1.0874566640654;0
1.27;-0.152397493444111;-1.08116541123938;0
1.28;-0.163179684596579;-1.07456088032682;0
1.29;-0.173894429906133;-1.06764558952657;0
1.3;-0.184538633432606;-1.06042214586304;0
1.31;-0.195109225702368;-1.0528932442521;0
1.32;-0.205603164582946;-1.04506166654216;0
1.33;-0.216017436147942;-1.0369302805309;0
1.34;-0.226349055532017;-1.02850203895788;0
1.35;-0.236595067775684;-1.01977997847345;0
1.36;-0.246752548659693;-1.01076721858424;0
1.37;-0.256818605528765;-1.00146696057571;0
1.38;-0.266790378104444;-0.991882486411925;0
1.39;-0.276665039286853;-0.982017157613105;0
1.4;-0.286439795945125;-0.971874414111262;0
1.41;-0.296111889696288;-0.961457773084268;0
1.42;-0.305678597672402;-0.950770827768782;0
1.43;-0.315137233275728;-0.939817246252422;0
1.44;-0.324485146921727;-0.928600770245576;0
1.45;-0.333719726769688;-0.917125213833248;0
1.46;-0.342838399440785;-0.905394462207359;0
1.47;-0.351838630723369;-0.893412470379913;0
1.48;-0.360717926265314;-0.881183261877439;0
1.49;-0.369473832253215;-0.868710927417148;0
1.5;-0.378103936078275;-0.855999623565213;0
1.51;-0.386605866988689;-0.843053571377628;0
1.52;-0.394977296728369;-0.829877055024061;0
1.53;-0.403215940161821;-0.816474420395161;0
1.54;-0.411319555885033;-0.802850073693751;0
1.55;-0.419285946822196;-0.789008480010368;0
1.56;-0.427112960808116;-0.774954161883595;0
1.57;-0.434798491156164;-0.760691697845651;0
1.58;-0.442340477211613;-0.74622572095369;0
1.59;-0.449736904890224;-0.731560917307285;0
1.6;-0.456985807201956;-0.716702024552559;0
1.61;-0.464085264759647;-0.701653830373434;0
1.62;-0.47103340627256;-0.686421170970471;0
1.63;-0.47782840902466;-0.671008929527789;0
1.64;-0.484468499337506;-0.655422034668528;0
1.65;-0.490951953017653;-0.639665458899345;0
1.66;-0.497277095788447;-0.623744217044438;0
1.67;-0.503442303706119;-0.607663364669564;0
1.68;-0.509446003560068;-0.591427996496562;0
1.69;-0.51528667325726;-0.575043244808861;0
1.7;-0.520962842190637;-0.558514277848464;0
1.71;-0.526473091591452;-0.541846298204918;0
1.72;-0.531816054865477;-0.525044541196747;0
1.73;-0.536990417912975;-0.508114273245862;0
1.74;-0.5419949194324;-0.49106079024544;0
1.75;-0.546828351207739;-0.473889415921769;0
1.76;-0.551489558379454;-0.456605500190576;0
1.77;-0.555977439698959;-0.439214417508316;0
1.78;-0.560290947766593;-0.42172156521895;0
1.79;-0.564429089253036;-0.404132361896695;0
1.8;-0.56839092510415;-0.386452245685265;0
1.81;-0.572175570729178;-0.368686672634093;0
1.82;-0.575782196172314;-0.350841115032052;0
1.83;-0.579210026267586;-0.332921059739168;0
1.84;-0.582458340777059;-0.314932006516833;0
1.85;-0.585526474512325;-0.296879466357019;0
1.86;-0.588413817439293;-0.278768959811004;0
1.87;-0.59111981476626;-0.260606015318093;0
1.88;-0.593643967015271;-0.242396167534856;0
1.89;-0.595985830076778;-0.224144955665375;0
1.9;-0.598145015247606;-0.205857921792987;0
1.91;-0.600121189252246;-0.187540609214043;0
1.92;-0.601914074247494;-0.169198560774159;0
1.93;-0.603523447810471;-0.150837317207469;0
1.94;-0.604949142910045;-0.132462415479355;0
1.95;-0.606191047861701;-0.114079387133164;0
1.96;-0.607249106265896;-0.0956937566413882;0
1.97;-0.608123316929951;-0.0773110397617993;0
1.98;-0.608813733773525;-0.0589367418990191;0
1.99;-0.60932046571773;-0.0405763564720107;0
2;-0.609643676557956;-0.0222353632879682;0
2.01;-0.609783584820456;-0.00391922692308065;0
2.02;-0.609740463602781;0.0143666048893543;0
2.03;-0.609514640398122;0.0326167028629987;0
2.04;-0.609106496903653;0.0508256577542554;0
2.05;-0.608516468812959;0.0689880819492987;0
2.06;-0.607745045592623;0.0870986110418936;0
2.07;-0.606792770243092;0.105151905401547;0
2.08;-0.605660239043896;0.123142651731536;0
2.09;-0.604348101283338;0.141065564616366;0
2.1;-0.602857058972761;0.15891538805821;0
2.11;-0.601187866545497;0.176686897001891;0
2.12;-0.599341330540621;0.194374898847965;0
2.13;-0.597318309271633;0.211974234953479;0
2.14;-0.595119712480184;0.229479782119966;0
2.15;-0.592746500974984;0.246886454068262;0
2.16;-0.59019968625602;0.264189202899716;0
2.17;-0.587480330124233;0.281383020543393;0
2.18;-0.584589544276774;0.298462940188841;0
2.19;-0.58152848988801;0.315424037704031;0
2.2;-0.578298377176414;0.332261433038067;0
2.21;-0.574900464957499;0.348970291608277;0
2.22;-0.571336060182953;0.365545825671278;0
2.23;-0.567606517466133;0.381983295677654;0
2.24;-0.563713238594097;0.398278011609856;0
2.25;-0.559657672026322;0.414425334302956;0
2.26;-0.555441312380302;0.430420676747885;0
2.27;-0.551065699904189;0.446259505376798;0
2.28;-0.546532419936661;0.461937341330214;0
2.29;-0.54184310235421;0.477449761705571;0
2.3;-0.53699942100602;0.49279240078687;0
2.31;-0.53200309313664;0.507960951255055;0
2.32;-0.526855878796636;0.522951165378817;0
2.33;-0.521559580241434;0.537758856185481;0
2.34;-0.516116041318535;0.552379898611671;0
2.35;-0.510527146843319;0.566810230633442;0
2.36;-0.504794821963643;0.581045854375568;0
2.37;-0.498921031513441;0.595082837199695;0
2.38;-0.492907779355534;0.608917312771077;0
2.39;-0.486757107713874;0.622545482103586;0
2.4;-0.480471096495439;0.635963614582758;0
2.41;-0.474051862601989;0.649168048966568;0
2.42;-0.467501559231927;0.662155194363703;0
2.43;-0.460822375172469;0.674921531189054;0
2.44;-0.454016534082365;0.687463612096204;0
2.45;-0.447086293765408;0.699778062886643;0
2.46;-0.440033945434943;0.711861583395512;0
2.47;-0.432861812969636;0.723710948353613;0
2.48;-0.425572252160724;0.735323008225505;0
2.49;-0.418167649950995;0.746694690023443;0
2.5;-0.410650423665738;0.75782299809698;0
2.51;-0.403023020235907;0.768705014898029;0
2.52;-0.395287915413745;0.779337901721194;0
2.53;-0.387447612981119;0.789718899419199;0
2.54;-0.379504643950806;0.799845329093236;0
2.55;-0.371461565761003;0.809714592758073;0
2.56;-0.363320961463283;0.819324173981764;0
2.57;-0.355085438904283;0.828671638499813;0
2.58;-0.346757629901358;0.837754634803648;0
2.59;-0.338340189412467;0.846570894703288;0
2.6;-0.329835794700555;0.85511823386405;0
2.61;-0.321247144492674;0.863394552317215;0
2.62;-0.312576958134129;0.871397834944514;0
2.63;-0.303827974737881;0.879126151936352;0
2.64;-0.295002952329504;0.88657765922367;0
2.65;-0.286104666987928;0.893750598883368;0
2.66;-0.277135911982253;0.9006432995172;0
2.67;-0.268099496904895;0.907254176604089;0
2.68;-0.258998246801325;0.91358173282579;0
2.69;-0.249835001296675;0.919624558365851;0
2.7;-0.24061261371947;0.925381331181838;0
2.71;-0.231333950222766;0.930850817250773;0
2.72;-0.222001888902943;0.936031870787773;0
2.73;-0.212619318916446;0.940923434437854;0
2.74;-0.203189139594717;0.945524539440906;0
2.75;-0.193714259557601;0.949834305769822;0
2.76;-0.1841975958255;0.953851942241795;0
2.77;-0.174642072930518;0.957576746602787;0
2.78;-0.165050622026902;0.961008105585196;0
2.79;-0.155426180001007;0.964145494938758;0
2.8;-0.14577168858109;0.966988479434698;0
2.81;-0.136090093447169;0.969536712843199;0
2.82;-0.126384343341234;0.971789937884229;0
2.83;-0.11665738917807;0.973747986151786;0
2.84;-0.106912183156954;0.975410778011637;0
2.85;-0.097151677874494;0.976778322472617;0
2.86;-0.0873788254388736;0.977850717031582;0
2.87;-0.0775965765857689;0.978628147492102;0
2.88;-0.0678078797961911;0.979110887756993;0
2.89;-0.0580156804165241;0.9792992995948;0
2.9;-0.0482229197810135;0.979193832380339;0
2.91;-0.0384325343369662;0.978795022809427;0
2.92;-0.0286474547729188;0.978103494587928;0
2.93;-0.0188706051500299;0.977119958095244;0
2.94;-0.00910490203695303;0.975845210022413;0
2.95;0.000646746351558819;0.97428013298495;0
2.96;0.0103814410120631;0.972425695110595;0
2.97;0.0200962930056034;0.970282949602145;0
2.98;0.0297884243064016;0.967853034275524;0
2.99;0.03945496864582;0.965137171073292;0
3;0.049093072351349;0.962136665553768;0
3.01;0.0586998951803768;0.958852906355968;0
3.02;0.0682726111484999;0.955287364640556;0
3.03;0.0778084093521372;0.951441593507024;0
3.04;0.0873044947852079;0.947317227387303;0
3.05;0.0967580891496423;0.942915981416048;0
3.06;0.10616643165949;0.938239650777803;0
3.07;0.115526779838395;0.933290110031294;0
3.08;0.124836410310218;0.928069312411099;0
3.09;0.134092619582565;0.922579289106923;0
3.1;0.143292724823018;0.916822148520749;0
3.11;0.152434064627832;0.910800075502121;0
3.12;0.161513999782889;0.904515330561824;0
3.13;0.170529914016698;0.897970249064236;0
3.14;0.179479214745213;0.891167240398627;0
3.15;0.188359333808283;0.8841087871297;0
3.16;0.1971677281975;0.876797444127647;0
3.17;0.205901880775275;0.869235837678032;0
3.18;0.214559300984905;0.861426664571796;0
3.19;0.223137525551461;0.853372691175691;0
3.2;0.231634119173297;0.84507675248345;0
3.21;0.240046675203973;0.836541751148028;0
3.22;0.248372816324432;0.82777065649521;0
3.23;0.256610195205215;0.818766503518942;0
3.24;0.264756495158559;0.809532391858695;0
3.25;0.272809430780184;0.800071484759211;0
3.26;0.280766748580604;0.790387008012972;0
3.27;0.288626227605778;0.780482248885736;0
3.28;0.296385680046953;0.770360555025491;0
3.29;0.304042951839509;0.760025333355187;0
3.3;0.311595923250675;0.749480048949599;0
3.31;0.319042509455932;0.738728223896694;0
3.32;0.326380661103966;0.727773436143857;0
3.33;0.333608364870015;0.716619318329365;0
3.34;0.340723643997469;0.705269556599464;0
3.35;0.347724558827571;0.693727889411451;0
3.36;0.354609207317097;0.681998106323126;0
3.37;0.361375725543857;0.670084046769002;0
3.38;0.368022288199916;0.65798959882368;0
3.39;0.374547109072377;0.645718697952758;0
3.4;0.380948441511629;0.633275325751683;0
3.41;0.387224578886929;0.620663508672948;0
3.42;0.393373855029199;0.607887316742022;0
3.43;0.399394644660941;0.594950862262434;0
3.44;0.405285363813149;0.581858298510401;0
3.45;0.411044470229128;0.568613818419423;0
3.46;0.41667046375511;0.555221653255252;0
3.47;0.422161886717578;0.541686071281638;0
3.48;0.427517324287214;0.528011376417294;0
3.49;0.432735404829368;0.514201906884466;0
3.5;0.43781480024099;0.50026203384955;0
3.51;0.442754226273919;0.486196160056171;0
3.52;0.447552442844481;0.472008718451142;0
3.53;0.452208254329315;0.457704170803731;0
3.54;0.456720509847358;0.443287006318667;0
3.55;0.461088103527937;0.428761740243296;0
3.56;0.465309974764908;0.414132912469333;0
3.57;0.46938510845679;0.399405086129627;0
3.58;0.473312535232841;0.384582846190367;0
3.59;0.477091331665047;0.369670798039169;0
3.6;0.480720620465963;0.354673566069462;0
3.61;0.484199570672394;0.339595792261616;0
3.62;0.487527397814862;0.324442134761233;0
3.63;0.490703364072861;0.309217266455035;0
3.64;0.493726778415843;0.293925873544782;0
3.65;0.496596996729952;0.278572654119651;0
3.66;0.499313421930465;0.263162316727503;0
3.67;0.501875504059949;0.247699578945473;0
3.68;0.504282740372121;0.232189165950307;0
3.69;0.506534675401411;0.216635809088878;0
3.7;0.508630901018229;0.201044244449314;0
3.71;0.510571056469957;0.185419211433155;0
3.72;0.512354828407657;0.169765451328975;0
3.73;0.513981950898536;0.154087705887886;0
3.74;0.515452205424163;0.138390715901353;0
3.75;0.516765420864487;0.122679219781744;0
3.76;0.517921473467668;0.106957952146028;0
3.77;0.518920286805763;0.0912316424030458;0
3.78;0.519761831716303;0.0755050133447757;0
3.79;0.520446126229799;0.0597827797419945;0
3.8;0.520973235483228;0.0440696469447636;0
3.81;0.521343271619551;0.0283703094881418;0
3.82;0.521556393673304;0.0126894497035362;0
3.83;0.521612807442337;-0.00296826366390131;0
3.84;0.521512765345755;-0.0185981768314291;0
3.85;0.521256566268122;-0.0341956523480208;0
3.86;0.520844555390014;-0.049756070456421;0
3.87;0.520277124004975;-0.0652748304475558;0
3.88;0.51955470932297;-0.0807473520069067;0
3.89;0.518677794260416;-0.0961690765524561;0
3.9;0.517646907216864;-0.111535468563819;0
3.91;0.516462621838438;-0.126842016902177;0
3.92;0.515125556768113;-0.142084236120637;0
3.93;0.513636375382934;-0.157257667764634;0
3.94;0.511995785518285;-0.17235788166201;0
3.95;0.510204539179292;-0.187380477202392;0
3.96;0.50826343223949;-0.20232108460552;0
3.97;0.506173304126859;-0.217175366178147;0
3.98;0.503935037497339;-0.231939017559155;0
3.99;0.501549557895948;-0.246607768952554;0
4;0.499017833405634;-0.261177386347985;0
4.01;0.496340874283967;-0.275643672728409;0
4.02;0.493519732587822;-0.290002469264627;0
4.03;0.490555501786177;-0.3042496564963;0
4.04;0.487449316361155;-0.31838115549914;0
4.05;0.484202351397469;-0.332392929037938;0
4.06;0.480815822160392;-0.346280982705124;0
4.07;0.477290983662412;-0.360041366044519;0
4.08;0.473629130218719;-0.373670173659996;0
4.09;0.469831594991666;-0.387163546308711;0
4.1;0.465899749524382;-0.400517671978636;0
4.11;0.461835003263668;-0.413728786950075;0
4.12;0.457638803072358;-0.426793176840875;0
4.13;0.453312632731304;-0.439707177635061;0
4.14;0.448858012431142;-0.452467176694598;0
4.15;0.444276498254026;-0.465069613754017;0
4.16;0.43956968164549;-0.477510981897629;0
4.17;0.434739188876618;-0.489787828519071;0
4.18;0.429786680496695;-0.501896756262919;0
4.19;0.424713850776534;-0.513834423948125;0
4.2;0.419522427142635;-0.525597547473023;0
4.21;0.414214169602398;-0.537182900701678;0
4.22;0.408790870160537;-0.548587316331323;0
4.23;0.403254352226919;-0.559807686740682;0
4.24;0.397606470016004;-0.570840964818935;0
4.25;0.391849107938081;-0.581684164775129;0
4.26;0.385984179982498;-0.592334362927805;0
4.27;0.380013629093087;-0.602788698474664;0
4.28;0.373939426535985;-0.613044374242047;0
4.29;0.367763571260049;-0.623098657414067;0
4.3;0.361488089250074;-0.632948880241183;0
4.31;0.355115032873011;-0.642592440728063;0
4.32;0.348646480217414;-0.65202680330055;0
4.33;0.342084534426301;-0.661249499451566;0
4.34;0.335431323023653;-0.670258128365813;0
4.35;0.328688997234764;-0.679050357523096;0
4.36;0.321859731300658;-0.687623923280151;0
4.37;0.314945721786775;-0.695976631430813;0
4.38;0.307949186886163;-0.704106357744417;0
4.39;0.30087236571738;-0.712011048482292;0
4.4;0.293717517617331;-0.719688720892237;0
4.41;0.286486921429257;-0.727137463680873;0
4.42;0.279182874786106;-0.734355437463754;0
4.43;0.271807693389499;-0.741340875193159;0
4.44;0.264363710284519;-0.74809208256346;0
4.45;0.256853275130552;-0.754607438393983;0
4.46;0.249278753468391;-0.760885394989302;0
4.47;0.241642525983853;-0.766924478476877;0
4.48;0.233946987768109;-0.772723289121988;0
4.49;0.226194547574975;-0.778280501619898;0
4.5;0.218387627075378;-0.783594865365212;0
4.51;0.210528519158261;-0.788749765149117;-0.0281951800177569
4.52;0.202617354726212;-0.794037703441082;-0.0684740086145526
4.53;0.194652610254486;-0.799480999096009;-0.108752837211348
4.54;0.186632740678047;-0.805077753421008;-0.149031665808144
4.55;0.178556220111641;-0.810826024985571;-0.189310494404939
4.56;0.170421542274234;-0.816723830276983;-0.229589323001735
4.57;0.162227220906846;-0.822769144367229;-0.269868151598531
4.58;0.153971790183655;-0.828959901591167;-0.310146980195326
4.59;0.14565380511628;-0.835293996235745;-0.350425808792122
4.6;0.13727184195112;-0.841769283240043;-0.390704637388918
4.61;0.128824498559638;-0.848383578905897;-0.430983465985713
4.62;0.120310394821503;-0.855134661618898;-0.471262294582509
4.63;0.111728173000468;-0.862020272579502;-0.511541123179305
4.64;0.103076498112896;-0.869038116544044;-0.5518199517761
4.65;0.0943540582888281;-0.876185862575394;-0.592098780372896
4.66;0.0855595651255109;-0.883461144803025;-0.632377608969692
4.67;0.0766917540332714;-0.890861563192247;-0.672656437566487
4.68;0.0677493845736666;-0.898384684322359;-0.712935266163283
4.69;0.0587312407898097;-0.906028042173471;-0.753214094760078
4.7;0.0496361315287897;-0.913789138921752;-0.793492923356874
4.71;0.0404628907561028;-0.921665445742829;-0.83377175195367
4.72;0.0312103778620127;-0.92965440362312;-0.874050580550465
4.73;0.0218774779597638;-0.937753424178802;-0.914329409147261
4.74;0.0124631021755708;-0.945959890482187;-0.954608237744057
4.75;0.00296618793031249;-0.954271157895232;-0.994887066340852
4.76;-0.00661430078714094;-0.962684554909917;-1.03516589493765
4.77;-0.0162793731550343;-0.971197383995247;-1.07544472353444
4.78;-0.0260300112623326;-0.979806922450581;-1.11572355213124
4.79;-0.0358671698608867;-0.988510423265055;-1.15600238072803
4.8;-0.0457917761262206;-0.997305115982802;-1.19628120932483
4.81;-0.0558047294269945;-1.00618820757373;-1.23656003792163
4.82;-0.0659069011032014;-1.01515688330954;-1.27683886651842
4.83;-0.076099134253145;-1.0242083076448;-1.31711769511522
4.84;-0.0863822435292508;-1.03333962510265;-1.35739652371201
4.85;-0.0967570149427543;-1.04254796116507;-1.39767535230881
4.86;-0.107224205677311;-1.05183042316725;-1.4379541809056
4.87;-0.117784543911566;-1.06118410119588;-1.4782330095024
4.88;-0.128438728650729;-1.07060606899109;-1.5185118380992
4.89;-0.139187429567174;-1.08009338485169;-1.55879066669599
4.9;-0.150031286850116;-1.08964309254355;-1.59906949529279
4.91;-0.160970911064377;-1.09925222221072;-1.63934832388958
4.92;-0.172006883018279;-1.10891779128909;-1.67962715248638
4.93;-0.18313975364068;-1.11863680542227;-1.71990598108317
4.94;-0.194370043867182;-1.1284062593795;-1.76018480967997
4.95;-0.205698244535523;-1.13822313797511;-1.80046363827677
4.96;-0.217124816290172;-1.14808441698953;-1.84074246687356
4.97;-0.228650189496137;-1.15798706409133;-1.88102129547036
4.98;-0.240274764162;-1.16792803976012;-1.92130012406715
4.99;-0.251998909872183;-1.17790429821008;-1.96157895266395
5;-0.263822965728449;-1.18791278831368;-2.00185778126074
5.01;-0.275747240300645;-1.19795045452549;-2.04213660985754
5.02;-0.287772011586675;-1.20801423780574;-2.08241543845433
5.03;-0.299897526981714;-1.21810107654324;-2.12269426705113
5.04;-0.312124003256643;-1.2282079074776;-2.16297309564793
5.05;-0.324451626545704;-1.23833166662027;-2.20325192424472
5.06;-0.336880552343356;-1.24846929017431;-2.24353075284152
5.07;-0.349410905510327;-1.2586177154524;-2.28380958143831
5.08;-0.362042780288832;-1.26877388179306;-2.32408841003511
5.09;-0.374776240326947;-1.27893473147458;-2.3643672386319
5.1;-0.387611318712111;-1.28909721062661;-2.4046460672287
5.11;-0.400548018013732;-1.29925827013893;-2.4449248958255
5.12;-0.413586310334867;-1.30941486656729;-2.48520372442229
5.13;-0.426726137372945;-1.31956396303597;-2.52548255301909
5.14;-0.439967410489501;-1.32970253013682;-2.56576138161588
5.15;-0.453310010788887;-1.33982754682454;-2.60604021021268
5.16;-0.466753789205909;-1.34993600130787;-2.64631903880947
5.17;-0.480298345104376;-1.35987992751985;-2.63423539023043
5.18;-0.493939142384346;-1.36906101431016;-2.59395656163364
5.19;-0.507668022662665;-1.37741346474356;-2.55367773303684
5.2;-0.521476694510861;-1.38493619923733;-2.51339890444005
5.21;-0.535356856832333;-1.39162838878025;-2.47312007584325
5.22;-0.549300201367295;-1.39748945475048;-2.43284124724646
5.23;-0.563298415195585;-1.40251906865861;-2.39256241864966
5.24;-0.577343183236554;-1.40671715181629;-2.35228359005287
5.25;-0.591426190745316;-1.41008387493047;-2.31200476145607
5.26;-0.605539125804597;-1.4126196576236;-2.27172593285927
5.27;-0.619673681811466;-1.41432516788004;-2.23144710426248
5.28;-0.63382155995819;-1.41520132141899;-2.19116827566568
5.29;-0.647974471706488;-1.41524928099417;-2.15088944706889
5.3;-0.662124141254465;-1.41447045562078;-2.11061061847209
5.31;-0.676262307995474;-1.41286649972982;-2.0703317898753
5.32;-0.690380728968206;-1.41043931225041;-2.0300529612785
5.33;-0.704471181297278;-1.40719103562032;-1.9897741326817
5.34;-0.718525464623608;-1.40312405472527;-1.94949530408491
5.35;-0.732535403523852;-1.39824099576737;-1.90921647548811
5.36;-0.746492849918228;-1.39254472506306;-1.86893764689132
5.37;-0.760389685465983;-1.38603834777132;-1.82865881829452
5.38;-0.774217823947847;-1.37872520655232;-1.78837998969773
5.39;-0.787969213634752;-1.37060888015724;-1.74810116110093
5.4;-0.801635839642147;-1.36169318194976;-1.70782233250414
5.41;-0.815209726269218;-1.35198215835974;-1.66754350390734
5.42;-0.828682939322345;-1.34148008726968;-1.62726467531054
5.43;-0.842047588422122;-1.33019147633459;-1.58698584671375
5.44;-0.855295829293283;-1.31812106123589;-1.54670701811695
5.45;-0.86841986603686;-1.30527380386992;-1.50642818952016
5.46;-0.881411953383952;-1.29165489047178;-1.46614936092336
5.47;-0.894264398930425;-1.27726972967514;-1.42587053232657
5.48;-0.90696956535194;-1.2621239505087;-1.38559170372977
5.49;-0.919519872598657;-1.24622340033006;-1.34531287513297
5.5;-0.931907800068994;-1.22957414269766;-1.30503404653618
5.51;-0.944125888761838;-1.21218245518162;-1.26475521793938
5.52;-0.956166743406587;-1.19405482711412;-1.22447638934259
5.53;-0.96802303457043;-1.17519795728022;-1.18419756074579
5.54;-0.979687500742264;-1.15561875154987;-1.143918732149
5.55;-0.991152950392676;-1.13532432045185;-1.1036399035522
5.56;-1.0024122640094;-1.11432197669061;-1.0633610749554
5.57;-1.01345839610771;-1.09261923260672;-1.02308224635861
5.58;-1.02428437721511;-1.07022379758185;-0.982803417761813
5.59;-1.03488331582991;-1.04714357538919;-0.942524589165018
5.6;-1.04524840035299;-1.02338666149008;-0.902245760568222
5.61;-1.05537290099234;-0.998961340277873;-0.861966931971427
5.62;-1.06525017163978;-0.973876082269885;-0.821688103374631
5.63;-1.07487365171937;-0.948139541248398;-0.781409274777835
5.64;-1.08423686800701;-0.921760551351615;-0.74113044618104
5.65;-1.09333343642075;-0.894748124115563;-0.700851617584244
5.66;-1.10215706378124;-0.867111445467903;-0.660572788987449
5.67;-1.11070154954198;-0.838859872674632;-0.620293960390653
5.68;-1.11896078748878;-0.810002931240668;-0.580015131793857
5.69;-1.12692876740804;-0.780550311765335;-0.539736303197061
5.7;-1.13459957672337;-0.75051186675376;-0.499457474600266
5.71;-1.14196740210016;-0.719897607385221;-0.45917864600347
5.72;-1.14902653101759;-0.68871770023948;-0.418899817406674
5.73;-1.15577135330781;-0.656982463982162;-0.378620988809879
5.74;-1.16219636266166;-0.624702366010244;-0.338342160213083
5.75;-1.16829615810082;-0.591888019058722;-0.298063331616288
5.76;-1.17406544541573;-0.558550177769544;-0.257784503019492
5.77;-1.17949903856911;-0.524699735223899;-0.217505674422696
5.78;-1.18459186106461;-0.490347719438978;-0.177226845825901
5.79;-1.18933894728025;-0.455505289830293;-0.136948017229105
5.8;-1.19373544376643;-0.420183733640697;-0.0966691886323097
5.81;-1.19777661050795;-0.384394462337223;-0.0563903600355138
5.82;-1.20145782214994;-0.348149007976876;-0.0161115314387184
5.83;-1.20477464973432;-0.311519423508447;0
5.84;-1.20772471339672;-0.274819188711592;0
5.85;-1.21030767872736;-0.238099649548954;0
5.86;-1.21252340237593;-0.201371846265282;0
5.87;-1.21437185132306;-0.164646802608055;0
5.88;-1.21585310270054;-0.127935522551345;0
5.89;-1.21696734357895;-0.0912489870312492;0
5.9;-1.2177148707226;-0.0545981506938334;0
5.91;-1.21809609031202;-0.0179939386565433;0
5.92;-1.2181115176342;0.0185527567159622;0
5.93;-1.21776177674061;0.0550310790206206;0
5.94;-1.21704760007314;0.0914302110084804;0
5.95;-1.21596982805834;0.127739377759992;0
5.96;-1.21452940866984;0.163947849842153;0
5.97;-1.21272739695937;0.200044946446591;0
5.98;-1.21056495455648;0.236020038507679;0
5.99;-1.20804334913713;0.271862551799781;0
6;-1.20516395386144;0.307561970012733;0
6.01;-1.20192824678081;0.343107837804683;0
6.02;-1.19833781021452;0.378489763831402;0
6.03;-1.19439433009629;0.41369742375121;0
6.04;-1.19009959529075;0.448720563204649;0
6.05;-1.18545549688036;0.483549000768058;0
6.06;-1.18046402742283;0.518172630880212;0
6.07;-1.17512728017944;0.552581426741184;0
6.08;-1.16944744831448;0.58676544318262;0
6.09;-1.16342682406614;0.62071481950861;0
6.1;-1.15706779788907;0.654419782306356;0
6.11;-1.15037285756909;0.687870648225842;0
6.12;-1.1433445873101;0.721057826727732;0
6.13;-1.13598566679375;0.753971822798727;0
6.14;-1.12829887021209;0.786603239633611;0
6.15;-1.12028706527354;0.818942781283261;0
6.16;-1.11195321218255;0.850981255267863;0
6.17;-1.10330036259326;0.882709575154627;0
6.18;-1.09433165853757;0.914118763099277;0
6.19;-1.08505033132796;0.945199952350633;0
6.2;-1.07545970043541;0.975944389717573;0
6.21;-1.06556317234286;1.00634343799773;0
6.22;-1.05536423937453;1.03638857836722;0
6.23;-1.0448664785015;1.06607141273082;0
6.24;-1.03407355012405;1.09538366603187;0
6.25;-1.02298919683097;1.12431718852138;0
6.26;-1.01161724213647;1.15286395798559;0
6.27;-0.999961589194921;1.18101608193154;0
6.28;-0.988026219494003;1.20876579973003;0
6.29;-0.975815191526561;1.23610548471524;0
6.3;-0.96333263944169;1.26302764624072;0
6.31;-0.950582771675449;1.28952493169098;0
6.32;-0.937569869561668;1.31559012844833;0
6.33;-0.924298285923283;1.34121616581429;0
6.34;-0.910772443644668;1.36639611688521;0
6.35;-0.896996834225413;1.39112320038153;0
6.36;-0.882976016316025;1.41539078243027;0
6.37;-0.868714614236016;1.43919237830029;0
6.38;-0.854217316474849;1.46252165408977;0
6.39;-0.839488874176229;1.48537242836568;0
6.4;-0.824534099606214;1.50773867375469;0
6.41;-0.809357864605639;1.52961451848514;0
6.42;-0.793965099027345;1.55099424787972;0
6.43;-0.778360789158694;1.57187230579856;0
6.44;-0.762549976129891;1.59224329603225;0
6.45;-0.746537754308592;1.6121019836445;0
6.46;-0.730329269681316;1.63144329626428;0
6.47;-0.713929718222169;1.65026232532681;0
6.48;-0.697344344249381;1.66855432726354;0
6.49;-0.68057843877018;1.6863147246404;0
6.5;-0.663637337814515;1.70353910724449;0
6.51;-0.646526420758145;1.72022323311865;0
6.52;-0.629251108635618;1.73636302954387;0
6.53;-0.611816862443661;1.75195459396924;0
6.54;-0.594229181435508;1.76699419488934;0
6.55;-0.576493601406689;1.78147827266883;0
6.56;-0.558615692972816;1.7954034403141;0
6.57;-0.540601059839885;1.80876648419181;0
6.58;-0.522455337067639;1.82156436469432;0
6.59;-0.504184189326509;1.83379421685169;0
6.6;-0.48579330914868;1.84545335089039;0
6.61;-0.467288415173812;1.85653925273845;0
6.62;-0.448675250389944;1.86704958447711;0
6.63;-0.429959580370128;1.87698218473893;0
6.64;-0.411147191505323;1.88633506905218;0
6.65;-0.392243889234083;1.89510643013172;0
6.66;-0.373255496269578;1.90329463811625;0
6.67;-0.354187850824489;1.91089824075189;0
6.68;-0.335046804834303;1.91791596352229;0
6.69;-0.315838222179545;1.92434670972522;0
6.7;-0.296567976907494;1.9301895604957;0
6.71;-0.277241951453901;1.93544377477577;0
6.72;-0.257866034865246;1.9401087892311;0
6.73;-0.23844612102208;1.94418421811435;0
6.74;-0.218988106863959;1.94766985307561;0
6.75;-0.199497890616519;1.95056566291999;0
6.76;-0.17998137002121;1.95287179331243;0
6.77;-0.16044444056822;1.95458856643018;0
6.78;-0.140892993733107;1.95571648056275;0
6.79;-0.121332915217668;1.95625620965994;0
6.8;-0.101770083195563;1.95620860282786;0
6.81;-0.0822103665632047;1.95557468377342;0
6.82;-0.0626596231964464;1.95435565019733;0
6.83;-0.043123698213557;1.95255287313607;0
6.84;-0.0236084222450147;1.950167896253;0
6.85;-0.00411960971061334;1.94720243507892;0
6.86;0.0153369428956103;1.94365837620248;0
6.87;0.0347554587121277;1.9395377764106;0
6.88;0.0541301822078516;1.93484286177948;0
6.89;0.0734553808707567;1.9295760267163;0
6.9;0.0927253468866988;1.92373983295223;0
6.91;0.111934398807943;1.91733700848688;0
6.92;0.131076883210925;1.91037044648483;0
6.93;0.150147176342755;1.90284320412451;0
6.94;0.169139685756008;1.8947585013999;0
6.95;0.188048851931311;1.88611971987545;0
6.96;0.206869149887276;1.87693040139475;0
6.97;0.225595090777312;1.86719424674336;0
6.98;0.244221223472859;1.8569151142663;0
6.99;0.262742136132601;1.84609701844065;0
7;0.281152457757192;1.83474412840386;0
7.01;0.299446859729084;1.82286076643819;0
7.02;0.317620057336991;1.81045140641183;0
7.03;0.335666811284577;1.79752067217732;0
7.04;0.353581929182937;1.78407333592771;0
7.05;0.371360267026452;1.77011431651109;0
7.06;0.388996730651603;1.75564867770408;0
7.07;0.406486277178341;1.74068162644483;0
7.08;0.423823916433597;1.7252185110261;0
7.09;0.441004712356559;1.70926481924915;0
7.1;0.458023784385307;1.69282617653894;0
7.11;0.474876308824422;1.6759083440213;0
7.12;0.491557520193213;1.65851721656276;0
7.13;0.50806271255416;1.64065882077366;0
7.14;0.524387240821242;1.62233931297515;0
7.15;0.540526522047756;1.60356497713087;0
7.16;0.556476036693316;1.5843422227439;0
7.17;0.572231329869653;1.56467758271963;0
7.18;0.587788012564898;1.54457771119542;0
7.19;0.603141762846019;1.52404938133757;0
7.2;0.618288327039076;1.50309948310642;0
7.21;0.633223520886991;1.48173502099031;0
7.22;0.647943230684518;1.45996311170902;0
7.23;0.662443414390112;1.43779098188762;0
7.24;0.676720102714412;1.41522596570131;0
7.25;0.690769400185034;1.39227550249206;0
7.26;0.704587486187418;1.36894713435787;0
7.27;0.718170615981439;1.34524850371533;0
7.28;0.731515121693529;1.32118735083632;0
7.29;0.744617413284052;1.29677151135957;0
7.3;0.757473979489688;1.27200891377799;0
7.31;0.770081388740576;1.24690757690241;0
7.32;0.782436290052001;1.2214756073026;0
7.33;0.794535413890384;1.19572119672649;0
7.34;0.806375573013374;1.16965261949813;0
7.35;0.817953663283825;1.14327822989551;0
7.36;0.829266664457461;1.11660645950884;0
7.37;0.840311640944047;1.08964581458023;0
7.38;0.851085742541863;1.06240487332553;0
7.39;0.861586205145337;1.03489228323925;0
7.4;0.871810351425636;1.0071167583833;0
7.41;0.881755591484084;0.979087076660455;0
7.42;0.891419423478253;0.950812077073357;0
7.43;0.900799434220569;0.922300656969933;0
7.44;0.909893299749329;0.893561769276038;0
7.45;0.918698785871978;0.864604419716205;0
7.46;0.927213748680554;0.835437664023339;0
7.47;0.935436135039169;0.806070605138219;0
7.48;0.943363983043458;0.776512390399661;0
7.49;0.950995422451884;0.746772208726201;0
7.5;0.958328675088816;0.716859287790162;0
7.51;0.965362055219336;0.686782891184953;0
7.52;0.972093969895671;0.656552315586476;0
7.53;0.978522919275234;0.626176887909491;0
7.54;0.984647496910193;0.595665962459806;0
7.55;0.990466390008559;0.565028918083147;0
7.56;0.995978379666742;0.534275155311579;0
7.57;1.00118234107357;0.503414093508321;0
7.58;1.00607724368575;0.472455168011834;0
7.59;1.01066215137475;0.441407827280018;0
7.6;1.0149362225452;0.410281530035393;0
7.61;1.01889871022463;0.379085742412106;0
7.62;1.02254896212478;0.347829935105619;0
7.63;1.02588642067444;0.31652358052593;0
7.64;1.02891062302374;0.28517614995517;0
7.65;1.03162120102014;0.253797110710429;0
7.66;1.03401788115602;0.22239592331264;0
7.67;1.03610048448799;0.19098203866237;0
7.68;1.03786892652804;0.159564895223347;0
7.69;1.0393232171065;0.128153916214558;0
7.7;1.040463460207;0.0967585068117408;0
7.71;1.04128985377349;0.0653880513590909;0
7.72;1.04180268948938;0.0340519105920127;0
7.73;1.04200235252907;0.0027594188717145;0
7.74;1.04188932128174;-0.0284801185675351;0
7.75;1.04146416704776;-0.0596574283576894;0
7.76;1.04072755370778;-0.0907632717219454;0
7.77;1.03968023736459;-0.121788447184713;0
7.78;1.03832306595797;-0.152723793265745;0
7.79;1.03665697885267;-0.18356019115765;0
7.8;1.03468300639971;-0.214288567386006;0
7.81;1.03240226947114;-0.244899896451322;0
7.82;1.02981597896847;-0.275385203452069;0
7.83;1.02692543530496;-0.305735566688042;0
7.84;1.02373202786194;-0.335942120243299;0
7.85;1.02023723441949;-0.365996056547933;0
7.86;1.01644262056146;-0.395888628917958;0
7.87;1.0123498390553;-0.425611154072581;0
7.88;1.00796062920677;-0.45515501462813;0
7.89;1.00327681618986;-0.484511661567955;0
7.9;0.998300310352075;-0.513672616687581;0
7.91;0.99303310649539;-0.542629475014441;0
7.92;0.987477283133169;-0.57137390720149;0
7.93;0.981635001723221;-0.599897661894037;0
7.94;0.975508505877324;-0.628192568069137;0
7.95;0.969100120547489;-0.656250537346873;0
7.96;0.962412251189233;-0.684063566272899;0
7.97;0.955447382902155;-0.7116237385716;0
7.98;0.948208079548128;-0.738923227369244;0
7.99;0.94069698284738;-0.765954297386524;0
8;0.932916811452802;-0.792709307099862;0
8.01;0.924870360002783;-0.819180710870903;0
8.02;0.916560498152889;-0.845361061043606;0
8.03;0.907990169586727;-0.871243010008355;0
8.04;0.899162391006316;-0.896819312232538;0
8.05;0.890080251102304;-0.922082826257033;0
8.06;0.880746909504374;-0.947026516658065;0
8.07;0.871165595712191;-0.971643455973916;0
8.08;0.861339608007246;-0.995926826595944;0
8.09;0.851272312345946;-1.01986992262344;0
8.1;0.84096714123432;-1.04346615168179;0
8.11;0.830427592584716;-1.06670903670352;0
8.12;0.819657228554855;-1.08959221767166;0
8.13;0.808659674369612;-1.11210945332506;0
8.14;0.797438617125936;-1.13425462282521;0
8.15;0.785997804581258;-1.156021727384;0
8.16;0.774341043925809;-1.17740489185219;0
8.17;0.762472200539233;-1.19839836626807;0
8.18;0.750395196731884;-1.21899652736585;0
8.19;0.738114010471231;-1.23919388004363;0
8.2;0.725632674093765;-1.25898505879027;0
8.21;0.712955273002819;-1.27836482907108;0
8.22;0.700085944352725;-1.2973280886718;0
8.23;0.687028875719709;-1.31586986900064;0
8.24;0.673788303759972;-1.333985336348;0
8.25;0.660368512855346;-1.35166979310361;0
8.26;0.646773833746988;-1.36891867893081;0
8.27;0.633008642157516;-1.38572757189757;0
8.28;0.61907735740203;-1.4020921895642;0
8.29;0.604984440988459;-1.41800839002727;0
8.3;0.590734395207659;-1.43347217291969;0
8.31;0.576331761713713;-1.44847968036656;0
8.32;0.561781120094868;-1.46302719789677;0
8.33;0.547087086435562;-1.47711115530995;0
8.34;0.532254311869978;-1.49072812749872;0
8.35;0.517287481127578;-1.50387483522606;0
8.36;0.502191311071069;-1.51654814585756;0
8.37;0.486970549227246;-1.52874507404854;0
8.38;0.47162997231117;-1.54046278238576;0
8.39;0.456174384744133;-1.55169858198372;0
8.4;0.440608617165864;-1.56244993303544;0
8.41;0.424937524941434;-1.57271444531756;0
8.42;0.409165986663312;-1.58248987864975;0
8.43;0.39329890264904;-1.59177414330833;0
8.44;0.377341193434971;-1.60056530039416;0
8.45;0.361297798266536;-1.60886156215456;0
8.46;0.345173673585499;-1.6166612922595;0
8.47;0.32897379151466;-1.62396300603181;0
8.48;0.312703138340453;-1.63076537063161;0
8.49;0.296366712993918;-1.6370672051949;0
8.5;0.279969525530481;-1.64286748092628;0
8.51;0.263516595609023;-1.64816532114608;0
8.52;0.247012950970677;-1.65296000129163;0
8.53;0.230463625917821;-1.65725094887307;0
8.54;0.213873659793712;-1.66103774338357;0
8.55;0.197248095463232;-1.66432011616419;0
8.56;0.180591977795182;-1.66709795022342;0
8.57;0.163910352146583;-1.6693712800116;0
8.58;0.147208262849442;-1.6711402911503;0
8.59;0.13049075170042;-1.67240532011687;0
8.6;0.113762856453858;-1.67316685388433;0
8.61;0.097029609318606;-1.6734255295167;0
8.62;0.0802960354590951;-1.67318213372009;0
8.63;0.0635671515010999;-1.67243760234972;0
8.64;0.0468479640426268;-1.67119301987301;0
8.65;0.0301434681703684;-1.66944961878911;0
8.66;0.013458645982158;-1.66720877900502;0
8.67;-0.00320153488414319;-1.66447202716861;0
8.68;-0.0198321227148951;-1.66124103595877;0
8.69;-0.036428183177639;-1.65751762333304;0
8.7;-0.0529848007703426;-1.653303751733;0
8.71;-0.0694970802625101;-1.64860152724765;0
8.72;-0.0859601481277388;-1.64341319873521;0
8.73;-0.102369153967308;-1.63774115690364;0
8.74;-0.118719271924386;-1.63158793335021;0
8.75;-0.135005702088456;-1.62495619956048;0
8.76;-0.151223671889543;-1.61784876586705;0
8.77;-0.167368437481852;-1.61026858036856;0
8.78;-0.183435285116422;-1.60221872780911;0
8.79;-0.199419532502391;-1.59370242841881;0
8.8;-0.215316530156497;-1.58472303671556;0
8.81;-0.231121662740426;-1.57528404026875;0
8.82;-0.246830350385622;-1.56538905842512;0
8.83;-0.26243805000519;-1.55504184099737;0
8.84;-0.277940256592518;-1.54424626691585;0
8.85;-0.293332504506255;-1.53300634284393;0
8.86;-0.308610368741277;-1.52132620175742;0
8.87;-0.323769466185284;-1.50921010148859;0
8.88;-0.338805456860692;-1.49666242323522;0
8.89;-0.353714045151446;-1.48368767003529;0
8.9;-0.368490981014436;-1.47029046520775;0
8.91;-0.383132061175165;-1.4564755507599;0
8.92;-0.39763313030735;-1.44224778576192;0
8.93;-0.411990082196111;-1.42761214468916;0
8.94;-0.426198860884448;-1.41257371573261;0
8.95;-0.440255461802684;-1.39713769907823;0
8.96;-0.454155932880552;-1.38130940515566;0
8.97;-0.467896375641645;-1.36509425285691;0
8.98;-0.481472946279915;-1.34849776772555;0
8.99;-0.494881856717932;-1.33152558011708;0
9;-0.508119375646621;-1.31418342333105;0
9.01;-0.521181829546198;-1.29647713171548;0
9.02;-0.53406560368802;-1.27841263874434;0
9.03;-0.546767143117101;-1.2599959750685;0
9.04;-0.559282953615012;-1.24123326654104;0
9.05;-0.571609602642925;-1.22213073221725;0
9.06;-0.583743720264545;-1.20269468233031;0
9.07;-0.595682000048694;-1.18293151624294;0
9.08;-0.607421199951297;-1.16284772037602;0
9.09;-0.618958143176566;-1.14244986611454;0
9.1;-0.630289719017133;-1.12174460769175;0
9.11;-0.641412883672936;-1.10073868005209;0
9.12;-0.652324661048635;-1.07943889669361;0
9.13;-0.66302214352937;-1.05785214749056;0
9.14;-0.673502492734649;-1.03598539649678;0
9.15;-0.683762940250197;-1.01384567973067;0
9.16;-0.693800788337561;-0.991440102942406;0
9.17;-0.703613410621325;-0.968775839364061;0
9.18;-0.713198252753739;-0.945860127443363;0
9.19;-0.722552833056621;-0.922700268561825;0
9.2;-0.731674743140371;-0.899303624737909;0
9.21;-0.740561648499954;-0.875677616315973;0
9.22;-0.749211289087705;-0.851829719641698;0
9.23;-0.75762147986284;-0.827767464724731;0
9.24;-0.765790111317527;-0.803498432889254;0
9.25;-0.773715149979423;-0.779030254413207;0
9.26;-0.781394638890544;-0.754370606156903;0
9.27;-0.788826698062381;-0.729527209181741;0
9.28;-0.796009524907166;-0.704507826359776;0
9.29;-0.802941394645184;-0.679320259974857;0
9.3;-0.809620660688072;-0.653972349316072;0
9.31;-0.816045754998014;-0.628471968264241;0
9.32;-0.822215188422775;-0.602827022872187;0
9.33;-0.828127551006511;-0.577045448939517;0
9.34;-0.833781512276309;-0.551135209582664;0
9.35;-0.839175821504398;-0.525104292800904;0
9.36;-0.84430930794602;-0.498960709039109;0
9.37;-0.849180881052906;-0.472712488747953;0
9.38;-0.853789530662345;-0.446367679942318;0
9.39;-0.858134327161839;-0.419934345758629;0
9.4;-0.862214421629323;-0.393420562011859;0
9.41;-0.866029045948958;-0.366834414752921;0
9.42;-0.869577512902503;-0.340183997827206;0
9.43;-0.872859216236278;-0.313477410434966;0
9.44;-0.875873630703748;-0.286722754694293;0
9.45;-0.878620312083742;-0.259928133207406;0
9.46;-0.881098897174358;-0.233101646630986;0
9.47;-0.883309103762594;-0.206251391251255;0
9.48;-0.885250730569748;-0.179385456564547;0
9.49;-0.886923657172656;-0.15251192286406;0
9.5;-0.888327843900826;-0.125638858833527;0
9.51;-0.889463331709541;-0.0987743191484927;0
9.52;-0.890330242029016;-0.0719263420859146;0
9.53;-0.890928776589684;-0.0451029471427915;0
9.54;-0.891259217223719;-0.0183121326645104;0
9.55;-0.891321925642888;0.00843812651638873;0
9.56;-0.891117343192828;0.0351398814303416;0
9.57;-0.890645990583895;0.061785211309097;0
9.58;-0.889908467598666;0.0883662259115808;0
9.59;-0.888905452776252;0.114875067836613;0
9.6;-0.887637703073544;0.141303914821805;0
9.61;-0.886106053503527;0.167644982027973;0
9.62;-0.884311416750832;0.193890524308406;0
9.63;-0.882254782764648;0.220032838462338;0
9.64;-0.879937218329192;0.246064265471971;0
9.65;-0.877359866611866;0.27197719272241;0
9.66;-0.874523946689309;0.297764056203875;0
9.67;-0.871430753051501;0.323417342695553;0
9.68;-0.868081655084117;0.348929591930475;0
9.69;-0.864478096529316;0.374293398740805;0
9.7;-0.860621594925171;0.39950141518291;0
9.71;-0.856513741023941;0.424546352641644;0
9.72;-0.852156198189395;0.449420983913212;0
9.73;-0.847550701773406;0.474118145266061;0
9.74;-0.842699058472035;0.498630738479189;0
9.75;-0.837603145661343;0.52295173285733;0
9.76;-0.832264910713147;0.547074167222412;0
9.77;-0.826686370290981;0.570991151880775;0
9.78;-0.820869609626482;0.594695870565571;0
9.79;-0.814816781776484;0.618181582353809;0
9.8;-0.80853010686104;0.641441623557529;0
9.81;-0.802011871282661;0.664469409588574;0
9.82;-0.795264426927025;0.687258436796439;0
9.83;-0.788290190345433;0.709802284278704;0
9.84;-0.781091641919279;0.732094615663552;0
9.85;-0.77367132500683;0.754129180863881;0
9.86;-0.766031845072591;0.77589981780254;0
9.87;-0.758175868799548;0.797400454108214;0
9.88;-0.750106123184591;0.818625108781508;0
9.89;-0.741825394617402;0.839567893830775;0
9.9;-0.733336527943137;0.860223015877254;0
9.91;-0.724642425509182;0.880584777729092;0
9.92;-0.715746046196319;0.900647579923813;0
9.93;-0.706650404434609;0.920405922238864;0
9.94;-0.697358569204312;0.939854405169794;0
9.95;-0.687873663022175;0.958987731375715;0
9.96;-0.678198860913417;0.977800707091649;0
9.97;-0.668337389369728;0.996288243507404;0
9.98;-0.658292525293652;1.01444535811261;0
9.99;-0.648067594929653;1.03226717600759;0
10;-0.63766597278224;1.04974893117971;0
10.01;-0.627091080521478;1.06688596774491;0
10.02;-0.616346385876247;1.08367374115405;0
10.03;-0.605435401515593;1.1001078193639;0
10.04;-0.594361683918533;1.11618388397225;0
10.05;-0.583128832232664;1.13189773131716;0
10.06;-0.571740487121953;1.1472452735398;0
10.07;-0.560200329604051;1.16222253961083;0
10.08;-0.548512079877521;1.17682567631993;0
10.09;-0.536679496139327;1.19105094922841;0
10.1;-0.524706373392966;1.20489474358447;0
10.11;-0.512596542247623;1.21835356520105;0
10.12;-0.500353867708707;1.23142404129608;0
10.13;-0.487982247960164;1.24410292129482;0
10.14;-0.475485613138926;1.25638707759424;0
10.15;-0.4628679241019;1.26827350628918;0
10.16;-0.45013317118586;1.27975932786022;0
10.17;-0.437285372960637;1.29084178782308;0
10.18;-0.424328574975984;1.30151825733939;0
10.19;-0.411266848502514;1.31178623378879;0
10.2;-0.398104289267088;1.32164334130216;0
10.21;-0.384845016183042;1.331087331256;0
10.22;-0.371493170075654;1.34011608272775;0
10.23;-0.358052912403227;1.34872760291214;0
10.24;-0.344528423974187;1.35692002749829;0
10.25;-0.330923903660585;1.36469162100778;0
10.26;-0.317243567108397;1.37204077709342;0
10.27;-0.303491645445008;1.37896601879884;0
10.28;-0.289672383984285;1.38546599877888;0
10.29;-0.275790040929611;1.39153949948065;0
10.3;-0.261848886075299;1.39718543328547;0
10.31;-0.247853199506747;1.40240284261161;0
10.32;-0.233807270299757;1.40719089997777;0
10.33;-0.219715395219386;1.41154890802761;0
10.34;-0.205581877418728;1.41547629951507;0
10.35;-0.191411025138025;1.41897263725084;0
10.36;-0.177207150404477;1.4220376140099;0
10.37;-0.162974567733165;1.4246710524002;0
10.38;-0.148717592829447;1.42687290469273;0
10.39;-0.134440541293242;1.42864325261295;0
10.4;-0.120147727325557;1.42998230709384;0
10.41;-0.105843462437672;1.4308904079906;0
10.42;-0.0915320541633343;1.43136802375716;0
10.43;-0.0772178047743735;1.43141575108477;0
10.44;-0.0629050100000885;1.43103431450275;0
10.45;-0.0485979577508047;1.43022456594156;0
10.46;-0.034300926845965;1.42898748425848;0
10.47;-0.0200181857471339;1.42732417472605;0
10.48;-0.00575399129628239;1.42523586848349;0
10.49;0.00848741254027426;1.42272392195129;0
10.5;0.0227017959219213;1.41978981620934;0
10.51;0.036884944377406;1.4164351563387;0
10.52;0.0510326600417547;1.41266167072733;0
10.53;0.0651407628860864;1.40847121034006;0
10.54;0.0792050919399657;1.40386574795309;0
10.55;0.093221506505942;1.39884737735329;0
10.56;0.107185887365925;1.39341831250254;0
10.57;0.121094137979047;1.38758088666759;0
10.58;0.134942185670669;1.38133755151553;0
10.59;0.148725982812191;1.37469087617546;0
10.6;0.162441507991325;1.3676435462664;0
10.61;0.176084767172494;1.36019836289213;0
10.62;0.189651794847044;1.35235824160299;0
10.63;0.203138655172906;1.34412621132523;0
10.64;0.216541443103431;1.33550541325821;0
10.65;0.229856285505034;1.32649909973984;0
10.66;0.243079342263359;1.31711063308061;0
10.67;0.256206807377649;1.30734348436675;0
10.68;0.269234910042997;1.29720123223273;0
10.69;0.282159915720205;1.28668756160375;0
10.7;0.29497812719291;1.2758062624084;0
10.71;0.307685885611728;1.26456122826216;0
10.72;0.320279571525088;1.25295645512204;0
10.73;0.332755605896487;1.24099603991288;0
10.74;0.345110451107889;1.22868417912566;0
10.75;0.357340611948972;1.2160251673885;0
10.76;0.369442636591974;1.20302339601062;0
10.77;0.381413117551853;1.18968335149981;0
10.78;0.393248692631504;1.17600961405396;0
10.79;0.404946045851781;1.16200685602708;0
10.8;0.41650190836606;1.14767984037031;0
10.81;0.427913059359107;1.13303341904849;0
10.82;0.439176326930002;1.1180725314327;0
10.83;0.450288588958876;1.10280220266949;0
10.84;0.461246773957252;1.08722754202704;0
10.85;0.472047861901728;1.07135374121907;0
10.86;0.482688885050813;1.05518607270687;0
10.87;0.493166928744685;1.03872988798003;0
10.88;0.503479132187658;1.02199061581645;0
10.89;0.513622689213163;1.00497376052221;0
10.9;0.523594849031034;0.987684900151744;0
10.91;0.533392916956917;0.970129684709028;0
10.92;0.543014255123596;0.952313834330281;0
10.93;0.552456283174077;0.934243137448756;0
10.94;0.561716478936235;0.915923448942211;0
10.95;0.570792379078859;0.897360688263658;0
10.96;0.579681579748934;0.878560837555959;0
10.97;0.588381737189998;0.859529939750871;0
10.98;0.596890568341424;0.840274096653144;0
10.99;0.60520585141847;0.82079946701025;0
11;0.613325426472975;0.801112264568372;0
11.01;0.621247195934544;0.781218756115247;0
11.02;0.628969125132114;0.761125259510463;0
11.03;0.636489242795764;0.740838141703844;0
11.04;0.643805641538659;0.720363816742517;0
11.05;0.65091647831901;0.699708743767292;0
11.06;0.657819974881964;0.678879424998963;0
11.07;0.664514418181306;0.657882403715163;0
11.08;0.670998160780886;0.636724262218378;0
11.09;0.677269621235698;0.61541161979577;0
11.1;0.683327284452516;0.593951130671405;0
11.11;0.689169702030021;0.572349481951538;0
11.12;0.694795492578357;0.550613391563571;0
11.13;0.700203342018042;0.528749606189307;0
11.14;0.705392003858195;0.506764899193146;0
11.15;0.710360299454023;0.484666068545839;0
11.16;0.715107118243527;0.462459934744436;0
11.17;0.719631417963389;0.44015333872905;0
11.18;0.723932224844025;0.417753139797085;0
11.19;0.728008633783761;0.395266213515535;0
11.2;0.731859808502125;0.372699449632002;0
11.21;0.735484981672261;0.350059749985048;0
11.22;0.738883455032423;0.327354026414515;0
11.23;0.742054599476594;0.304589198672445;0
11.24;0.744997855124208;0.281772192335205;0
11.25;0.747712731369005;0.258909936717471;0
11.26;0.750198806907035;0.236009362788663;0
11.27;0.752455729743844;0.213077401092472;0
11.28;0.754483217180864;0.190120979670091;0
11.29;0.756281055781057;0.167147021987756;0
11.3;0.757849101313863;0.144162444869236;0
11.31;0.759187278679488;0.121174156433852;0
11.32;0.760295581812601;0.0981890540406593;0
11.33;0.761174073565511;0.0752140222393837;0
11.34;0.761822885570872;0.0522559307287213;0
11.35;0.762242218084019;0.029321632322598;0
11.36;0.762432339805;0.00641796092498598;0
11.37;0.762393587680395;-0.0164482704861309;0
11.38;0.762126366685016;-0.0392702718650536;0
11.39;0.761631149583602;-0.0620412780943422;0
11.4;0.760908476672587;-0.0847545509698877;0
11.41;0.759958955502077;-0.107403381174504;0
11.42;0.758783260578148;-0.129981090239469;0
11.43;0.757382133045575;-0.152481032493447;0
11.44;0.75575638035114;-0.174896596998232;0
11.45;0.753906875887639;-0.197221209470749;0
11.46;0.751834558618732;-0.219448334190768;0
11.47;0.749540432684787;-0.241571475893776;0
11.48;0.747025566989861;-0.263584181648471;0
11.49;0.744291094769976;-0.285480042718343;0
11.5;0.741338213142854;-0.307252696406796;0
11.51;0.738168182639278;-0.328895827885315;0
11.52;0.734782326716249;-0.350403172004123;0
11.53;0.731182031252115;-0.371768515084853;0
11.54;0.72736874402386;-0.392985696694693;0
11.55;0.72334397416673;-0.414048611401535;0
11.56;0.719109291616407;-0.434951210509612;0
11.57;0.714666326533898;-0.455687503775144;0
11.58;0.710016768713379;-0.476251561101523;0
11.59;0.705162366973169;-0.496637514213544;0
11.6;0.700104928530058;-0.516839558310231;0
11.61;0.694846318357209;-0.536851953695798;0
11.62;0.689388458525847;-0.556669027388291;0
11.63;0.683733327530971;-0.576285174705457;0
11.64;0.677882959601297;-0.59569486082743;0
11.65;0.671839443993694;-0.614892622335777;0
11.66;0.665604924272334;-0.633873068728498;0
11.67;0.659181597572792;-0.652630883910572;0
11.68;0.652571713851372;-0.671160827659623;0
11.69;0.645777575119864;-0.68945773706634;0
11.7;0.638801534666036;-0.707516527949232;0
11.71;0.631645996260081;-0.725332196243359;0
11.72;0.624313413347298;-0.74289981936266;0
11.73;0.616806288227275;-0.760214557535514;0
11.74;0.609127171219828;-0.777271655113183;0
11.75;0.601278659817992;-0.794066441850784;0
11.76;0.593263397828313;-0.810594334160468;0
11.77;0.585084074498748;-0.826850836336461;0
11.78;0.576743423634431;-0.842831541751658;0
11.79;0.568244222701611;-0.858532134025461;0
11.8;0.559589291920035;-0.873948388162555;0
11.81;0.550781493344081;-0.889076171662333;0
11.82;0.541823729932927;-0.903911445598688;0
11.83;0.532718944610054;-0.9184502656699;0
11.84;0.523470119312393;-0.932688783218356;0
11.85;0.514080274029403;-0.946623246219841;0
11.86;0.504552465832399;-0.960250000242171;0
11.87;0.494889787894432;-0.973565489372912;0
11.88;0.48509536850103;-0.986566257115987;0
11.89;0.475172370052117;-0.999248947256926;0
11.9;0.465123988055415;-1.01161030469658;0
11.91;0.454953450111659;-1.02364717625309;0
11.92;0.444664014891934;-1.0353565114319;0
11.93;0.43425897110745;-1.04673536316375;0
11.94;0.423741636472089;-1.05778088851025;0
11.95;0.413115356658043;-1.0684903493372;0
11.96;0.402383504244855;-1.07886111295518;0
11.97;0.391549477662217;-1.08889065272755;0
11.98;0.380616700126821;-1.09857654864555;0
11.99;0.369588618573615;-1.10791648787046;0
12;0.358468702581785;-1.1169082652427;0
12.01;0.347260443295793;-1.12554978375781;0
12.02;0.335967352341807;-1.13383905500916;0
12.03;0.324592960739854;-1.14177419959733;0
12.04;0.313140817812025;-1.14935344750615;0
12.05;0.301614490087077;-1.15657513844528;0
12.06;0.290017560201754;-1.16343772215934;0
12.07;0.27835362579917;-1.16993975870346;0
12.08;0.266626298424585;-1.17607991868537;0
12.09;0.254839202418918;-1.18185698347387;0
12.1;0.242995973810317;-1.18726984537379;0
12.11;0.231100259204136;-1.19231750776733;0
12.12;0.219155714671648;-1.19699908522197;0
12.13;0.207166004637833;-1.20131380356471;0
12.14;0.195134800768566;-1.20526099992299;0
12.15;0.183065780857558;-1.20884012273207;0
12.16;0.17096262771336;-1.21205073170908;0
12.17;0.15882902804679;-1.21489249779374;0
12.18;0.146668671359094;-1.21736520305581;0
12.19;0.134485248831182;-1.21946874056949;0
12.2;0.122282452214271;-1.22120311425464;0
12.21;0.110063972722267;-1.2225684386851;0
12.22;0.0978334999262053;-1.22356493886419;0
12.23;0.085594720651086;-1.22419294996747;0
12.24;0.0733513178754319;-1.2244529170529;0
12.25;0.0611069696338858;-1.22434539473857;0
12.26;0.0488653479231785;-1.22387104684819;0
12.27;0.0366301176117865;-1.22303064602439;0
12.28;0.0244049353536001;-1.22182507331007;0
12.29;0.0121934485059215;-1.22025531769803;0
12.3;-7.05947891062233e-07;-1.21832247564895;0
12.31;-0.012173902470818;-1.21602775057802;0
12.32;-0.0243225280392987;-1.2133724523104;0
12.33;-0.0364429832047664;-1.21035799650569;0
12.34;-0.04853168314929;-1.20698590405166;0
12.35;-0.0605850587350154;-1.20325780042754;0
12.36;-0.0725995575471035;-1.19917541503696;0
12.37;-0.084571644929862;-1.19474058051096;0
12.38;-0.0964978050157737;-1.18995523198121;0
12.39;-0.108374541747124;-1.18482140632379;0
12.4;-0.120198379889934;-1.17934124137372;0
12.41;-0.13196586603991;-1.17351697511064;0
12.42;-0.143673569620119;-1.1673509448158;0
12.43;-0.155318083870107;-1.16084558620082;0
12.44;-0.166896026826179;-1.15400343250833;0
12.45;-0.178404042292562;-1.14682711358502;0
12.46;-0.189838800803172;-1.13931935492729;0
12.47;-0.201197000573715;-1.13148297669981;0
12.48;-0.212475368443859;-1.12332089272753;0
12.49;-0.223670660809202;-1.11483610946118;0
12.5;-0.234779664542779;-1.1060317249169;0
12.51;-0.245799197905848;-1.0969109275902;0
12.52;-0.256726111447709;-1.08747699534467;0
12.53;-0.267557288894287;-1.07773329427581;0
12.54;-0.278289648025249;-1.06768327755038;0
12.55;-0.288920141539408;-1.05733048422159;0
12.56;-0.299445757908168;-1.04667853802069;0
12.57;-0.309863522216774;-1.03573114612511;0
12.58;-0.320170496993158;-1.02449209790383;0
12.59;-0.330363783024116;-1.0129652636402;0
12.6;-0.340440520158625;-1.0011545932327;0
12.61;-0.350397888098073;-0.989064114874133;0
12.62;-0.360233107173175;-0.976697933709507;0
12.63;-0.369943439107381;-0.964060230473266;0
12.64;-0.379526187766565;-0.95115526010614;0
12.65;-0.388978699894786;-0.937987350352146;0
12.66;-0.398298365835941;-0.924560900336182;0
12.67;-0.407482620241098;-0.910880379122655;0
12.68;-0.416528942761343;-0.896950324255638;0
12.69;-0.425434858725934;-0.882775340280995;0
12.7;-0.434197939805608;-0.868360097250965;0
12.71;-0.442815804660852;-0.853709329211683;0
12.72;-0.451286119574976;-0.838827832674116;0
12.73;-0.459606599071816;-0.823720465068904;0
12.74;-0.467775006517926;-0.808392143185587;0
12.75;-0.475789154709085;-0.792847841596734;0
12.76;-0.48364690644098;-0.77709259106745;0
12.77;-0.491346175063926;-0.761131476950775;0
12.78;-0.498884925021474;-0.744969637569477;0
12.79;-0.506261172372775;-0.728612262584752;0
12.8;-0.513472985298577;-0.712064591352329;0
12.81;-0.520518484590734;-0.695331911266514;0
12.82;-0.527395844125089;-0.678419556092676;0
12.83;-0.534103291317646;-0.661332904288694;0
12.84;-0.540639107563903;-0.644077377315902;0
12.85;-0.547001628661244;-0.626658437940035;0
12.86;-0.553189245214305;-0.609081588522722;0
12.87;-0.559200403023215;-0.591352369304045;0
12.88;-0.565033603454614;-0.573476356676688;0
12.89;-0.570687403795389;-0.555459161452225;0
12.9;-0.576160417589032;-0.537306427120065;0
12.91;-0.581451314954559;-0.519023828099593;0
12.92;-0.58655882288792;-0.500617067986044;0
12.93;-0.591481725545845;-0.482091877790652;0
12.94;-0.596218864512063;-0.463454014175593;0
12.95;-0.600769139045849;-0.444709257684285;0
12.96;-0.605131506312866;-0.425863410967565;0
12.97;-0.609304981598235;-0.406922297006286;0
12.98;-0.613288638501828;-0.387891757330878;0
12.99;-0.617081609115745;-0.368777650238407;0
13;-0.620683084183947;-0.349585849007674;0
13.01;-0.624092313244036;-0.330322240112889;0
13.02;-0.627308604751167;-0.310992721436457;0
13.03;-0.630331326184088;-0.291603200481424;0
13.04;-0.633159904133301;-0.272159592584104;0
13.05;-0.635793824371355;-0.252667819127432;0
13.06;-0.638232631905276;-0.233133805755573;0
13.07;-0.640475931011151;-0.213563480590328;0
13.08;-0.642523385250887;-0.19396277244986;0
13.09;-0.644374717471171;-0.174337609070267;0
13.1;-0.646029709784654;-0.154693915330543;0
13.11;-0.647488203533412;-0.135037611481444;0
13.12;-0.648750099234705;-0.115374611378787;0
13.13;-0.649815356509098;-0.0957108207216971;0
13.14;-0.650683993990986;-0.0760521352963325;0
13.15;-0.651356089221582;-0.0564044392255979;0
13.16;-0.651831778524431;-0.0367736032253623;0
13.17;-0.652111256863522;-0.0171654828676923;0
13.18;-0.652194777684057;0.00241408314838944;0
13.19;-0.652082652735971;0.0219592747181169;0
13.2;-0.651775251880275;0.0414642920436601;0
13.21;-0.651273002878314;0.0609233573377749;0
13.22;-0.650576391164025;0.080330716517926;0
13.23;-0.649685959599307;0.0996806408903934;0
13.24;-0.648602308212592;0.118967428823873;0
13.25;-0.64732609392073;0.138185407412089;0
13.26;-0.645858030234297;0.15732893412494;0
13.27;-0.644198886946448;0.176392398447695;0
13.28;-0.642349489805433;0.195370223507788;0
13.29;-0.640310720170902;0.214256867688716;0
13.3;-0.638083514654129;0.23304682623061;0
13.31;-0.635668864742296;0.251734632816995;0
13.32;-0.633067816406968;0.270314861147307;0
13.33;-0.630281469696913;0.288782126494711;0
13.34;-0.62731097831541;0.307131087248771;0
13.35;-0.624157549182202;0.325356446442559;0
13.36;-0.620822441980243;0.343452953263746;0
13.37;-0.617306968687416;0.36141540454926;0
13.38;-0.613612493093374;0.3792386462631;0
13.39;-0.609740430301684;0.396917574956878;0
13.4;-0.605692246217444;0.414447139212687;0
13.41;-0.601469457020548;0.431822341067894;0
13.42;-0.597073628624793;0.449038237421458;0
13.43;-0.592506376123003;0.46608994142139;0
13.44;-0.587769363218363;0.482972623832963;0
13.45;-0.582864301642164;0.499681514387303;0
13.46;-0.577792950558151;0.516211903109979;0
13.47;-0.572557115953668;0.532559141629248;0
13.48;-0.567158650017827;0.548718644463573;0
13.49;-0.561599450506885;0.564685890288084;0
13.5;-0.55588146009706;0.580456423179629;0
13.51;-0.550006665724985;0.596025853840079;0
13.52;-0.543977097916044;0.611389860797558;0
13.53;-0.537794830100774;0.626544191585282;0
13.54;-0.531461977919604;0.641484663897683;0
13.55;-0.524980698516115;0.65620716672351;0
13.56;-0.51835318981909;0.670707661455624;0
13.57;-0.511581689813565;0.68498218297717;0
13.58;-0.504668475801121;0.699026840723856;0
13.59;-0.497615863649673;0.712837819722061;0
13.6;-0.490426207032978;0.726411381602497;0
13.61;-0.483101896660121;0.739743865589168;0
13.62;-0.475645359495225;0.752831689463369;0
13.63;-0.468059057967631;0.765671350502478;0
13.64;-0.460345489172808;0.778259426393306;0
13.65;-0.45250718406424;0.790592576119778;0
13.66;-0.444546706636557;0.802667540824709;0
13.67;-0.436466653100166;0.814481144645481;0
13.68;-0.428269651047637;0.826030295523401;0
13.69;-0.419958358612122;0.837311985986541;0
13.7;-0.411535463618064;0.848323293905892;0
13.71;-0.403003682724457;0.859061383224617;0
13.72;-0.394365760560953;0.869523504660267;0
13.73;-0.385624468857046;0.879706996379765;0
13.74;-0.37678260556465;0.889609284647026;0
13.75;-0.367842993974315;0.899227884443048;0
13.76;-0.358808481825362;0.908560400058351;0
13.77;-0.34968194041023;0.91760452565762;0
13.78;-0.340466263673291;0.926358045816438;0
13.79;-0.331164367304433;0.934818836030002;0
13.8;-0.321779187827675;0.942984863193699;0
13.81;-0.312313681685109;0.950854186055465;0
13.82;-0.302770824316437;0.958424955639834;0
13.83;-0.29315360923441;0.965695415643592;0
13.84;-0.283465047096422;0.972663902802976;0
13.85;-0.273708164772571;0.979328847232351;0
13.86;-0.263886004410459;0.985688772734311;0
13.87;-0.254001622497018;0.991742297081169;0
13.88;-0.244058088917652;0.997488132267788;0
13.89;-0.234058486012982;1.00292508473574;0
13.9;-0.224005907633468;1.00805205556876;0
13.91;-0.213903458192223;1.01286804065951;0
13.92;-0.203754251716272;1.01737213084761;0
13.93;-0.193561410896568;1.021563512029;0
13.94;-0.183328066137044;1.02544146523659;0
13.95;-0.173057354602984;1.02900536669229;0
13.96;-0.162752419269006;1.03225468783037;0
13.97;-0.152416407966935;1.03518899529231;0
13.98;-0.142052472433863;1.037807950893;0
13.99;-0.131663767360667;1.04011131155861;0
14;-0.121253449441286;1.04209892923598;0
14.01;-0.110824676423021;1.04377075077363;0
14.02;-0.100380606158158;1.04512681777468;0
14.03;-0.0899243956571934;1.04616726642147;0
14.04;-0.0794592001439251;1.04689232727217;0
14.05;-0.0689881721127186;1.04730232502954;0
14.06;-0.058514460388202;1.04739767828172;0
14.07;-0.0480412091876801;1.04717889921543;0
14.08;-0.0375715571865412;1.04664659330157;0
14.09;-0.0271086365869305;1.04580145895341;0
14.1;-0.0166555721899655;1.04464428715746;0
14.11;-0.00621548047176344;1.04317596107729;0
14.12;0.0042085313364466;1.04139745563037;0
14.13;0.0146133661638604;1.03930983703813;0
14.14;0.0249959380110152;1.0369142623494;0
14.15;0.0353531728558229;1.03421197893752;0
14.16;0.045682009554455;1.03120432397116;0
14.17;0.055979400736819;1.02789272385917;0
14.18;0.0662423136963673;1.02427869366959;0
14.19;0.0764677312739809;1.02036383652318;0
14.2;0.0866526527356734;1.01614984296149;0
14.21;0.0967940946438634;1.01163849028986;0
14.22;0.106889091721964;1.00683164189554;0
14.23;0.116934697712044;1.00173124654119;0
14.24;0.126927986225312;0.996339337633948;0
14.25;0.136866051585181;0.990658032470464;0
14.26;0.146746009662683;0.984689531458007;0
14.27;0.156564998703982;0.978436117312041;0
14.28;0.166320180149756;0.971900154230498;0
14.29;0.176008739446225;0.965084087045043;0
14.3;0.185627886847585;0.957990440349625;0
14.31;0.195174858209624;0.95062181760662;0
14.32;0.204646915774306;0.942980900230866;0
14.33;0.214041348945092;0.93507044665191;0
14.34;0.223355475052789;0.92689329135477;0
14.35;0.232586640111706;0.918452343899563;0
14.36;0.241732219565926;0.909750587920296;0
14.37;0.250789619025452;0.900791080103188;0
14.38;0.259756274992069;0.891576949144841;0
14.39;0.268629655574678;0.882111394690619;0
14.4;0.277407261193939;0.872397686253583;0
14.41;0.286086625276012;0.86243916211434;0
14.42;0.294665314935214;0.852239228202172;0
14.43;0.303140931645399;0.841801356957804;0
14.44;0.311511111899896;0.831129086178197;0
14.45;0.319773527859799;0.820226017843724;0
14.46;0.327925887990469;0.809095816928134;0
14.47;0.335965937686043;0.797742210191673;0
14.48;0.343891459881812;0.786168984957753;0
14.49;0.351700275654287;0.774379987873577;0
14.5;0.359390244808802;0.762379123655111;0
14.51;0.366959266454499;0.750170353816799;0
14.52;0.37440527956654;0.737757695386441;0
14.53;0.381726263535405;0.725145219605639;0
14.54;0.38892023870313;0.712337050616223;0
14.55;0.39598526688635;0.699337364133078;0
14.56;0.402919451886005;0.686150386103792;0
14.57;0.409720939983592;0.672780391355554;0
14.58;0.416387920423826;0.659231702229719;0
14.59;0.422918625883589;0.645508687204477;0
14.6;0.429311332927066;0.631615759506067;0
14.61;0.435564362446926;0.617557375708959;0
14.62;0.441676080091475;0.603338034325443;0
14.63;0.447644896677642;0.588962274385078;0
14.64;0.453469268589731;0.574434674004438;0
14.65;0.459147698163813;0.559759848947589;0
14.66;0.464678734057695;0.544942451177769;0
14.67;0.470060971606366;0.529987167400692;0
14.68;0.475293053162829;0.514898717599953;0
14.69;0.48037366842427;0.499681853564968;0
14.7;0.485301554743462;0.484341357411912;0
14.71;0.490075497425352;0.468882040098105;0
14.72;0.494694330008767;0.453308739930315;0
14.73;0.499156934533173;0.437626321067414;0
14.74;0.50346224179044;0.421839672017866;0
14.75;0.507609231561558;0.405953704132498;0
14.76;0.511596932838262;0.389973350093012;0
14.77;0.515424424029528;0.373903562396699;0
14.78;0.519090833152894;0.357749311837823;0
14.79;0.522595338010586;0.341515585986123;0
14.8;0.525937166350418;0.325207387662911;0
14.81;0.529115596011444;0.308829733415204;0
14.82;0.532129955054339;0.292387651988377;0
14.83;0.534979621876508;0.275886182797776;0
14.84;0.537664025311909;0.259330374399766;0
14.85;0.540182644715573;0.242725282962656;0
14.86;0.542535010032854;0.226075970737987;0
14.87;0.54472070185338;0.209387504532602;0
14.88;0.546739351449733;0.192664954182;0
14.89;0.548590640800875;0.175913391025387;0
14.9;0.550274302600331;0.159137886382906;0
14.91;0.551790120249152;0.14234351003549;0
14.92;0.553137927833696;0.125535328707786;0
14.93;0.554317610088251;0.108718404554606;0
14.94;0.555329102342536;0.0918977936513432;0
14.95;0.556172390454139;0.0750785444888122;0
14.96;0.556847510725904;0.0582656964729448;0
14.97;0.55735454980836;0.0414642784297898;0
14.98;0.557693644587209;0.0246793071162527;0
14.99;0.55786498205596;0.00791578573701306;0
15;0.557868799173754;-0.00882129753194683;0
15.01;0.557705382708457;-0.0255269710127705;0
15.02;0.557375069065101;-0.042196280987685;0
15.03;0.556878244099725;-0.0588242931530626;0
15.04;0.556215342918724;-0.0754060940651632;0
15.05;0.555386849663777;-0.0919367925771397;0
15.06;0.554393297282445;-0.108411521266889;0
15.07;0.553235267284532;-0.124825437855339;0
15.08;0.551913389484307;-0.141173726614759;0
15.09;0.550428341728696;-0.157451599766691;0
15.1;0.548780849611536;-0.173654298869103;0
15.11;0.546971686174007;-0.189777096192359;0
15.12;0.545001671591361;-0.205815296083626;0
15.13;0.542871672846059;-0.221764236319311;0
15.14;0.540582603387435;-0.23761928944516;0
15.15;0.538135422778019;-0.253375864103628;0
15.16;0.535531136326648;-0.269029406348149;0
15.17;0.532770794708488;-0.284575400943932;0
15.18;0.529855493572116;-0.300009372654918;0
15.19;0.526786373133788;-0.315326887516531;0
15.2;0.52356461775906;-0.330523554093878;0
15.21;0.520191455531873;-0.345595024725029;0
15.22;0.516668157811292;-0.360536996749048;0
15.23;0.512996038776024;-0.375345213718413;0
15.24;0.509176454956888;-0.390015466595508;0
15.25;0.505210804757389;-0.404543594932848;0
15.26;0.501100527962569;-0.418925488036698;0
15.27;0.496847105236294;-0.433157086113793;0
15.28;0.492452057607153;-0.447234381400822;0
15.29;0.487916945943139;-0.461153419276372;0
15.3;0.483243370415292;-0.474910299355033;0
15.31;0.478432969950482;-0.488501176563373;0
15.32;0.473487421673518;-0.501922262197465;0
15.33;0.468408440338758;-0.515169824961722;0
15.34;0.46319777775142;-0.528240191988716;0
15.35;0.45785722217879;-0.541129749839745;0
15.36;0.452388597751495;-0.553834945485861;0
15.37;0.446793763855066;-0.566352287269102;0
15.38;0.441074614511979;-0.578678345843675;0
15.39;0.43523307775437;-0.590809755096848;0
15.4;0.429271114987636;-0.602743213049298;0
15.41;0.423190720345126;-0.614475482734692;0
15.42;0.416993920034129;-0.626003393058264;0
15.43;0.410682771673375;-0.637323839634172;0
15.44;0.404259363622253;-0.648433785601422;0
15.45;0.397725814301974;-0.659330262418144;0
15.46;0.391084271508883;-0.670010370634027;0
15.47;0.384336911720149;-0.680471280640714;0
15.48;0.377485939392051;-0.690710233399969;0
15.49;0.370533586251083;-0.700724541149443;0
15.5;0.363482110578098;-0.710511588085862;0
15.51;0.356333796485731;-0.720068831025462;0
15.52;0.349090953189316;-0.72939380004153;0
15.53;0.341755914271527;-0.738484099078885;0
15.54;0.334331036940986;-0.747337406545157;0
15.55;0.326818701285061;-0.755951475878739;0
15.56;0.319221309517084;-0.764324136093254;0
15.57;0.311541285218241;-0.772453292298452;0
15.58;0.30378107257435;-0.780336926197387;0
15.59;0.295943135607778;-0.78797309655978;0
15.6;0.288029957404733;-0.795359939671479;0
15.61;0.280044039338172;-0.802495669759897;0
15.62;0.271987900286553;-0.809378579395361;0
15.63;0.26386407584869;-0.816007039868289;0
15.64;0.25567511755495;-0.822379501542114;0
15.65;0.247423592075015;-0.82849449418191;0
15.66;0.239112080422483;-0.834350627258639;0
15.67;0.230743177156527;-0.839946590228991;0
15.68;0.222319489580868;-0.845281152790767;0
15.69;0.213843636940307;-0.850353165113761;0
15.7;0.205318249615052;-0.855161558046135;0
15.71;0.196745968313101;-0.859705343296245;0
15.72;0.188129443260907;-0.863983613589921;0
15.73;0.179471333392592;-0.86799554280319;0
15.74;0.170774305537929;-0.871740386070445;0
15.75;0.16204103360937;-0.875217479868071;0
15.76;0.153274197788338;-0.878426242073539;0
15.77;0.144476483711037;-0.881366172000007;0
15.78;0.135650581654032;-0.884036850406443;0
15.79;0.126799185719835;-0.886437939483318;0
15.8;0.117924993022744;-0.888569182813914;0
15.81;0.109030702875177;-0.890430405311301;0
15.82;0.100119015974749;-0.892021513131043;0
15.83;0.0911926335923277;-0.893342493559696;0
15.84;0.0822542567613146;-0.894393414879188;0
15.85;0.0733065854683892;-0.89517442620714;0
15.86;0.0643523178459591;-0.895685757313241;0
15.87;0.0553941493665538;-0.895927718411757;0
15.88;0.0464347720393992;-0.89590069993028;0
15.89;0.0374768736094127;-0.89560517225484;0
15.9;0.0285231367588517;-0.895041685451471;0
15.91;0.0195762383118529;-0.894210868964389;0
15.92;0.0106388484420943;-0.893113431290876;0
15.93;0.00171362988381262;-0.891750159633038;0
15.94;-0.00719676285359347;-0.890121919526567;0
15.95;-0.0160896842671444;-0.888229654446657;0
15.96;-0.024962498637818;-0.886074385391232;0
15.97;-0.0338125808038185;-0.88365721044166;0
15.98;-0.042637316929352;-0.880979304301108;0
15.99;-0.0514341052686852;-0.878041917810726;0
16;-0.0602003569252677;-0.874846377443835;0
16.01;-0.0689334966056968;-0.871394084778323;0
16.02;-0.07763096336831;-0.867686515947419;0
16.03;-0.0862902113661876;-0.863725221069076;0
16.04;-0.0949087105843546;-0.859511823654152;0
16.05;-0.103483947570969;-0.855048019993603;0
16.06;-0.112013426162289;-0.850335578524923;0
16.07;-0.120494668201212;-0.845376339178032;0
16.08;-0.128925214249181;-0.840172212700877;0
16.09;-0.137302624291253;-0.834725179964942;0
16.1;-0.145624478434143;-0.829037291250949;0
16.11;-0.153888377597021;-0.823110665514969;0
16.12;-0.1620919441949;-0.816947489635213;0
16.13;-0.170232822814394;-0.810550017639762;0
16.14;-0.178308680881671;-0.803920569915481;0
16.15;-0.186317209322416;-0.797061532398416;0
16.16;-0.194256123213611;-0.789975355745929;0
16.17;-0.202123162426956;-0.782664554490846;0
16.18;-0.209916092263751;-0.775131706177924;0
16.19;-0.217632704081069;-0.767379450482908;0
16.2;-0.225270815909036;-0.759410488314476;0
16.21;-0.232828273059058;-0.751227580899376;0
16.22;-0.240302948722822;-0.74283354885105;0
16.23;-0.247692744561915;-0.734231271222062;0
16.24;-0.254995591287893;-0.725423684540633;0
16.25;-0.262209449232641;-0.716413781831604;0
16.26;-0.269332308908879;-0.707204611622148;0
16.27;-0.276362191560658;-0.69779927693255;0
16.28;-0.283297149703693;-0.68820093425239;0
16.29;-0.290135267655399;-0.678412792502454;0
16.3;-0.296874662054477;-0.668438111982716;0
16.31;-0.303513482369925;-0.658280203306727;0
16.32;-0.310049911399327;-0.647942426322746;0
16.33;-0.3164821657563;-0.637428189021978;0
16.34;-0.322808496346961;-0.626740946434247;0
16.35;-0.329027188835302;-0.615884199511473;0
16.36;-0.335136564097343;-0.604861493999299;0
16.37;-0.341134978663946;-0.593676419297231;0
16.38;-0.347020825152184;-0.582332607307652;0
16.39;-0.352792532685155;-0.570833731274072;0
16.4;-0.358448567300122;-0.559183504608983;0
16.41;-0.363987432344891;-0.54738567971169;0
16.42;-0.369407668862329;-0.535444046776478;0
16.43;-0.374707855962911;-0.523362432591513;0
16.44;-0.379886611185224;-0.511144699328823;0
16.45;-0.384942590844326;-0.49879474332576;0
16.46;-0.38987449036789;-0.486316493858315;0
16.47;-0.394681044620037;-0.473713911906663;0
16.48;-0.3993610282128;-0.46099098891333;0
16.49;-0.40391325580513;-0.448151745534363;0
16.5;-0.408336582389388;-0.435200230383883;0
16.51;-0.412629903565254;-0.422140518772426;0
16.52;-0.416792155800991;-0.408976711439438;0
16.53;-0.420822316682011;-0.395712933280337;0
16.54;-0.424719405146687;-0.38235333206851;0
16.55;-0.428482481709366;-0.36890207717266;0
16.56;-0.43211064867053;-0.355363358269877;0
16.57;-0.435603050314081;-0.341741384054833;0
16.58;-0.438958873091691;-0.328040380945501;0
16.59;-0.442177345794197;-0.314264591785776;0
16.6;-0.445257739710019;-0.300418274545412;0
16.61;-0.448199368770553;-0.286505701017654;0
16.62;-0.451001589682541;-0.27253115551496;0
16.63;-0.453663802047388;-0.258498933563224;0
16.64;-0.456185448467416;-0.244413340594872;0
16.65;-0.458566014639046;-0.230278690641236;0
16.66;-0.460805029432899;-0.216099305024599;0
16.67;-0.462902064960822;-0.201879511050308;0
16.68;-0.464856736629836;-0.187623640699329;0
16.69;-0.466668703183007;-0.173336029321658;0
16.7;-0.468337666727266;-0.159021014330964;0
16.71;-0.469863372748174;-0.144682933900856;0
16.72;-0.471245610111664;-0.130326125663164;0
16.73;-0.472484211052772;-0.115954925408622;0
16.74;-0.47357905115139;-0.101573665790328;0
16.75;-0.47453004929507;-0.0871866750303862;0
16.76;-0.475337167628902;-0.0727982756300839;0
16.77;-0.476000411492517;-0.0584127830840149;0
16.78;-0.47651982934425;-0.0440345045985043;0
16.79;-0.476895512672511;-0.0296677378147233;0
16.8;-0.477127595894399;-0.0153167695368659;0
16.81;-0.477216256241632;-0.000985874465759445;0
16.82;-0.477161713633838;0.0133206860617203;0
16.83;-0.476964230539263;0.0275986653270613;0
16.84;-0.476624111822966;0.041843832477989;0
16.85;-0.476141704582566;0.0560519737694408;0
16.86;-0.475517397971617;0.0702188937972779;0
16.87;-0.474751623010667;0.0843404167243799;0
16.88;-0.473844852386105;0.0984123874987667;0
16.89;-0.472797600236859;0.112430673063396;0
16.9;-0.47161042192903;0.126391163557289;0
16.91;-0.470283913818562;0.140289773507635;0
16.92;-0.468818713002031;0.154122443012547;0
16.93;-0.467215497055648;0.167885138914101;0
16.94;-0.465474983762574;0.181573855961364;0
16.95;-0.463597930828662;0.195184617963038;0
16.96;-0.461585135586704;0.20871347892943;0
16.97;-0.459437434689324;0.22215652420339;0
16.98;-0.4571557037906;0.235509871579922;0
16.99;-0.45474085721655;0.248769672414144;0
17;-0.452193847624587;0.261932112717279;0
17.01;-0.44951566565207;0.274993414240375;0
17.02;-0.446707339554079;0.287949835545449;0
17.03;-0.443769934830529;0.300797673063761;0
17.04;-0.440704553842763;0.313533262140907;0
17.05;-0.437512335419759;0.326152978068462;0
17.06;-0.434194454454075;0.338653237101866;0
17.07;-0.430752121487681;0.351030497464288;0
17.08;-0.42718658228782;0.363281260336183;0
17.09;-0.423499117413032;0.375402070830266;0
17.1;-0.419691041769501;0.387389518951653;0
17.11;-0.415763704157863;0.39924024054288;0
17.12;-0.41171848681064;0.41095091821357;0
17.13;-0.407556804920438;0.422518282254476;0
17.14;-0.403280106159084;0.433939111535665;0
17.15;-0.398889870187848;0.445210234388591;0
17.16;-0.394387608158924;0.456328529471829;0
17.17;-0.389774862208316;0.467290926620235;0
17.18;-0.385053204940324;0.478094407677304;0
17.19;-0.380224238903769;0.488736007310509;0
17.2;-0.37528959606015;0.499212813809405;0
17.21;-0.370250937243893;0.509521969866281;0
17.22;-0.36510995161488;0.519660673339174;0
17.23;-0.35986835610342;0.529626177997026;0
17.24;-0.354527894847853;0.539415794246803;0
17.25;-0.349090338624967;0.549026889842385;0
17.26;-0.343557484273402;0.558456890575053;0
17.27;-0.337931154110245;0.567703280945386;0
17.28;-0.332213195340971;0.576763604816403;0
17.29;-0.326405479462961;0.585635466047799;0
17.3;-0.320509901662742;0.594316529111092;0
17.31;-0.314528380207175;0.602804519685553;0
17.32;-0.308462855828768;0.611097225234763;0
17.33;-0.302315291105307;0.619192495563652;0
17.34;-0.29608766983401;0.627088243355907;0
17.35;-0.289781996400393;0.634782444691591;0
17.36;-0.283400295142052;0.642273139544881;0
17.37;-0.276944609707551;0.649558432261791;0
17.38;-0.270417002410633;0.656636492017785;0
17.39;-0.263819553579937;0.663505553255159;0
17.4;-0.257154360904437;0.670163916100118;0
17.41;-0.250423538774801;0.676609946759441;0
17.42;-0.243629217620877;0.682842077896654;0
17.43;-0.236773543245505;0.688858808987645;0
17.44;-0.229858676154873;0.694658706655626;0
17.45;-0.222886790885609;0.700240404985404;0
17.46;-0.215860075328829;0.705602605816882;0
17.47;-0.208780730051342;0.710744079017747;0
17.48;-0.20165096761422;0.7156636627353;0
17.49;-0.194473011888947;0.720360263627381;0
17.5;-0.187249097371351;0.724832857072365;0
17.51;-0.179981468493528;0.729080487358193;0
17.52;-0.17267237893398;0.733102267850425;0
17.53;-0.165324090926151;0.736897381139299;0
17.54;-0.157938874565602;0.740465079165777;0
17.55;-0.15051900711601;0.743804683326599;0
17.56;-0.143066772314216;0.74691558455833;0
17.57;-0.135584459674528;0.749797243400412;0
17.58;-0.12807436379248;0.752449190037251;0
17.59;-0.120538783648275;0.754871024319357;0
17.6;-0.112980021910105;0.757062415763551;0
17.61;-0.105400384237561;0.759023103532308;0
17.62;-0.0978021785853483;0.760752896392238;0
17.63;-0.0901877145075086;0.76225167265179;0
17.64;-0.0825593024623568;0.763519380078209;0
17.65;-0.0749192531183433;0.764556035793816;0
17.66;-0.0672698766610463;0.76536172615168;0
17.67;-0.0596134821014987;0.765936606590743;0
17.68;-0.0519523765860568;0.766280901470493;0
17.69;-0.0442888647080134;0.766394903885259;0
17.7;-0.0366252478211603;0.766278975458218;0
17.71;-0.0289638233555002;0.765933546115217;0
17.72;-0.0213068841353125;0.76535911383851;0
17.73;-0.0136567176997701;0.764556244400515;0
17.74;-0.00601560562630951;0.763525571077708;0
17.75;0.00161417714305011;0.762267794344776;0
17.76;0.00923036297224025;0.76078368154915;0
17.77;0.0168306921983344;0.759074066566054;0
17.78;0.0244129137952025;0.7571398494342;0
17.79;0.0319747860334358;0.754981995972282;0
17.8;0.0395140771363508;0.752601537376406;0
17.81;0.0470285659318821;0.749999569798614;0
17.82;0.0545160425001766;0.747177253906668;0
17.83;0.0619743088167009;0.744135814425244;0
17.84;0.0694011793906782;0.740876539658712;0
17.85;0.0767944818986708;0.737400780995686;0
17.86;0.0841520578131265;0.733709952395508;0
17.87;0.0914717630257093;0.729805529856861;0
17.88;0.0987514684652362;0.725689050868696;0
17.89;0.105989060710045;0.721362113843673;0
17.9;0.113182442594619;0.716826377534314;0
17.91;0.120329533810294;0.71208356043207;0
17.92;0.127428271499881;0.707135440149509;0
17.93;0.134476610846039;0.701983852785857;0
17.94;0.141472525653223;0.696630692276079;0
17.95;0.148414008923051;0.691077909723759;0
17.96;0.155299073422936;0.68532751271798;0
17.97;0.162125752247802;0.679381564634446;0
17.98;0.168892099374751;0.67324218392109;0
17.99;0.175596190210514;0.666911543368389;0
18;0.182236122131538;0.660391869364657;0
18.01;0.188810015016558;0.65368544113654;0
18.02;0.19531601177151;0.646794589974986;0
18.03;0.201752278846637;0.639721698446931;0
18.04;0.208117006745649;0.632469199592977;0
18.05;0.214408410526803;0.625039576111313;0
18.06;0.220624730295752;0.617435359528154;0
18.07;0.226764231690047;0.609659129354972;0
18.08;0.232825206355144;0.60171351223279;0
18.09;0.238805972411812;0.593601181063818;0
18.1;0.24470487491478;0.585324854130714;0
18.11;0.250520286302544;0.576887294203756;0
18.12;0.256250606838175;0.568291307636217;0
18.13;0.261894265041038;0.559539743448222;0
18.14;0.267449718109297;0.550635492399395;0
18.15;0.272915452333097;0.541581486050588;0
18.16;0.278289983498313;0.532380695814993;0
18.17;0.283571857280767;0.523036131998932;0
18.18;0.288759649630805;0.513550842832645;0
18.19;0.293851967148142;0.503927913491372;0
18.2;0.298847447446865;0.494170465107043;0
18.21;0.303744759510529;0.484281653770888;0
18.22;0.308542604037219;0.474264669527282;0
18.23;0.313239713774531;0.464122735359141;0
18.24;0.317834853844357;0.453859106165191;0
18.25;0.322326822057414;0.443477067729421;0
18.26;0.326714449217431;0.432979935683058;0
18.27;0.330996599414921;0.422371054459372;0
18.28;0.33517217031048;0.411653796241644;0
18.29;0.33924009340752;0.400831559904629;0
18.3;0.343199334314404;0.389907769949833;0
18.31;0.347048892995899;0.378885875434935;0
18.32;0.350787804013897;0.3677693488977;0
18.33;0.354415136757357;0.356561685274685;0
18.34;0.35792999566141;0.345266400815106;0
18.35;0.361331520415579;0.333887031990175;0
18.36;0.364618886161075;0.322427134398248;0
18.37;0.367791303677129;0.310890281666127;0
18.38;0.37084801955632;0.299280064346839;0
18.39;0.373788316368863;0.287600088814245;0
18.4;0.376611512815833;0.275853976154797;0
18.41;0.379316963871298;0.264045361056791;0
18.42;0.381904060913324;0.252177890697462;0
18.43;0.384372231843857;0.240255223628232;0
18.44;0.386720941197439;0.228281028658477;0
18.45;0.388949690238757;0.216258983738129;0
18.46;0.391058017049026;0.204192774839467;0
18.47;0.393045496601169;0.192086094838418;0
18.48;0.394911740823825;0.179942642395713;0
18.49;0.396656398654159;0.167766120838234;0
18.5;0.398279156079496;0.155560237040881;0
18.51;0.399779736167768;0.143328700309304;0
18.52;0.401157899086797;0.131075221263815;0
18.53;0.402413442112433;0.118803510724839;0
18.54;0.403546199625536;0.106517278600209;0
18.55;0.404556043097858;0.0942202327746474;0
18.56;0.40544288106682;0.0819160780017728;0
18.57;0.406206659099227;0.0696085147989371;0
18.58;0.406847359743943;0.0573012383452395;0
18.59;0.407365002473563;0.044997937383032;0
18.6;0.407759643615114;0.0327022931232432;0
18.61;0.408031376269833;0.0204179781548405;0
18.62;0.408180330222054;0.00814865535875125;0
18.63;0.408206671837258;-0.0041020231734391;0
18.64;0.408110603949333;-0.0163304172156965;0
18.65;0.407892365737095;-0.0285328994783413;0
18.66;0.407552232590125;-0.0407058566731331;0
18.67;0.407090515963988;-0.0528456905723278;0
18.68;0.40650756322488;-0.0649488190614002;0
18.69;0.405803757483787;-0.0770116771851271;0
18.7;0.404979517420209;-0.0890307181867288;0
18.71;0.404035297095525;-0.10100241453977;0
18.72;0.402971585756074;-0.11292325897252;0
18.73;0.401788907626026;-0.124789765484488;0
18.74;0.400487821690129;-0.136598470354824;0
18.75;0.3990689214664;-0.148345933142318;0
18.76;0.397532834768863;-0.160028737676698;0
18.77;0.395880223460413;-0.171643493040947;0
18.78;0.394111783195895;-0.183186834544368;0
18.79;0.392228243155498;-0.194655424686105;0
18.8;0.390230365768555;-0.206045954108871;0
18.81;0.388118946427856;-0.217355142542584;0
18.82;0.385894813194563;-0.22857973973768;0
18.83;0.383558826493846;-0.239716526387809;0
18.84;0.38111187880134;-0.250762315041675;0
18.85;0.37855489432053;-0.261713951003761;0
18.86;0.375888828651181;-0.272568313223686;0
18.87;0.373114668448928;-0.283322315173945;0
18.88;0.370233431076143;-0.293972905715798;0
18.89;0.367246164244191;-0.304517069953057;0
18.9;0.364153945647212;-0.314951830073545;0
18.91;0.360957882587536;-0.32527424617799;0
18.92;0.357659111592875;-0.335481417096131;0
18.93;0.354258798025406;-0.345570481189815;0
18.94;0.350758135682883;-0.355538617142856;0
18.95;0.347158346391917;-0.365383044737456;0
18.96;0.343460679593542;-0.375101025616969;0
18.97;0.339666411921229;-0.384689864034811;0
18.98;0.33577684677146;-0.394146907589297;0
18.99;0.331793313867029;-0.40346954794424;0
19;0.327717168813196;-0.412655221535087;0
19.01;0.323549792646847;-0.421701410260429;0
19.02;0.319292591378806;-0.430605642158691;0
19.03;0.314946995529442;-0.439365492069832;0
19.04;0.310514459657738;-0.447978582281872;0
19.05;0.305996461883955;-0.456442583162091;0
19.06;0.301394503406054;-0.46475521377273;0
19.07;0.296710108010035;-0.47291424247103;0
19.08;0.291944821574343;-0.480917487493474;0
19.09;0.287100211568511;-0.488762817524065;0
19.1;0.282177866546176;-0.49644815224651;0
19.11;0.277179395632668;-0.503971462880159;0
19.12;0.272106428007294;-0.51133077269959;0
19.13;0.266960612380513;-0.518524157537678;0
19.14;0.261743616466146;-0.525549746272061;0
19.15;0.256457126448806;-0.532405721294858;0
19.16;0.251102846446695;-0.539090318965542;0
19.17;0.245682497969961;-0.545601830046864;0
19.18;0.240197819374761;-0.551938600123705;0
19.19;0.234650565313223;-0.558099030004787;0
19.2;0.229042506179458;-0.564081576107139;0
19.21;0.223375427551814;-0.569884750823223;0
19.22;0.217651129631532;-0.575507122870664;0
19.23;0.211871426677987;-0.580947317624481;0
19.24;0.206038146440678;-0.586204017431775;0
19.25;0.200153129588164;-0.591275961908791;0
19.26;0.194218229134095;-0.596161948220303;0
19.27;0.188235309860533;-0.600860831341273;0
19.28;0.182206247738745;-0.605371524300725;0
19.29;0.176132929347625;-0.609692998407802;0
19.3;0.170017251289941;-0.61382428345996;0
19.31;0.163861119606585;-0.617764467933277;0
19.32;0.157666449188991;-0.621512699154842;0
19.33;0.151435163189919;-0.625068183457206;0
19.34;0.14516919243277;-0.628430186314883;0
19.35;0.138870474819616;-0.631598032462887;0
19.36;0.132540954738131;-0.634571105997295;0
19.37;0.126182582467594;-0.637348850457856;0
19.38;0.119797313584143;-0.639930768892626;0
19.39;0.113387108365469;-0.642316423904665;0
19.4;0.106953931195124;-0.64450543768079;0
19.41;0.100499749966614;-0.646497492002427;0
19.42;0.094026535487476;-0.648292328238578;0
19.43;0.0875362608834975;-0.649889747320933;0
19.44;0.0810309010032651;-0.651289609701179;0
19.45;0.0745124318232241;-0.652491835290533;0
19.46;0.0679828298534194;-0.653496403381557;0
19.47;0.0614440715440996;-0.654303352552313;0
19.48;0.0548981326933574;-0.6549127805529;0
19.49;0.0483469878559846;-0.655324844174464;0
19.5;0.0417926097537154;-0.655539759100716;0
19.51;0.0352369686870324;-0.655557799742071;0
19.52;0.0286820319487105;-0.655379299052452;0
19.53;0.0221297632392686;-0.655004648328871;0
19.54;0.0155821220845044;-0.654434296993859;0
19.55;0.0090410632552804;-0.653668752360847;0
19.56;0.00250853618973356;-0.652708579382602;0
19.57;-0.00401351558192453;-0.651554400382812;0
19.58;-0.0105231550098472;-0.650206894770935;0
19.59;-0.0170184520940661;-0.648666798740427;0
19.6;-0.0234974844509126;-0.646934904950469;0
19.61;-0.0299583378761825;-0.645012062191314;0
19.62;-0.0363991069048811;-0.64289917503338;0
19.63;-0.0428178953673863;-0.640597203460229;0
19.64;-0.0492128169418699;-0.638107162485566;0
19.65;-0.0555819957028171;-0.635430121754398;0
19.66;-0.0619235666654871;-0.632567205128502;0
19.67;-0.0682356763261582;-0.62951959025636;0
19.68;-0.0745164831980028;-0.626288508127699;0
19.69;-0.0807641583424398;-0.622875242612819;0
19.7;-0.086976885895811;-0.619281129986849;0
19.71;-0.0931528635912346;-0.615507558439123;0
19.72;-0.099290303275485;-0.611555967567829;0
19.73;-0.105387431420753;-0.60742784786012;0
19.74;-0.111442489631146;-0.603124740157868;0
19.75;-0.117453735143772;-0.59864823510923;0
19.76;-0.123419441324294;-0.593999972606239;0
19.77;-0.129337898156775;-0.589181641208594;0
19.78;-0.135207412727721;-0.584194977553853;0
19.79;-0.141026309704152;-0.579041765754228;0
19.8;-0.146792931805586;-0.573723836780184;0
19.81;-0.152505640269799;-0.568243067831055;0
19.82;-0.158162815312237;-0.562601381692878;0
19.83;-0.163762856578945;-0.556800746083673;0
19.84;-0.169304183592896;-0.550843172986375;0
19.85;-0.174785236193592;-0.544730717969641;0
19.86;-0.180204474969826;-0.538465479496768;0
19.87;-0.185560381685467;-0.532049598222929;0
19.88;-0.190851459698182;-0.525485256280979;0
19.89;-0.196076234370956;-0.518774676556049;0
19.9;-0.201233253476306;-0.511920121949177;0
19.91;-0.206321087593091;-0.504923894630201;0
19.92;-0.211338330495799;-0.497788335280173;0
19.93;-0.216283599536209;-0.490515822323523;0
19.94;-0.221155536017338;-0.483108771150239;0
19.95;-0.225952805559556;-0.475569633328291;0
19.96;-0.230674098458788;-0.467900895806574;0
19.97;-0.235318130036703;-0.460105080108609;0
19.98;-0.239883640982798;-0.452184741517267;0
19.99;-0.244369397688293;-0.444142468250776;0
20;-0.248774192571741;-0.435980880630272;0
