0;0.686637814496303;0.359716376297999;0
0.01;0.690139365833762;0.338456673340135;0
0.02;0.693428022650171;0.317132052844609;0
0.03;0.696503165031446;0.295749018661819;0
0.04;0.699364238132122;0.274314080974312;0
0.05;0.702010752229841;0.2528337543344;0
0.06;0.704442282760227;0.231314555703851;0
0.07;0.706658470332169;0.209763002496217;0
0.08;0.70865902072354;0.188185610622396;0
0.09;0.710443704857389;0.166588892539998;0
0.1;0.712012358758649;0.144979355307108;0
0.11;0.713364883491397;0.123363498641005;0
0.12;0.714501245076736;0.101747812982417;0
0.13;0.715421474391335;0.0801387775658925;0
0.14;0.716125667046711;0.0585428584968356;0
0.15;0.716613983249314;0.0369665068357923;0
0.16;0.716886647641477;0.0154161566905326;0
0.17;0.716943949123344;-0.00610177668350414;0
0.18;0.716786240655823;-0.0275808987738487;0
0.19;0.716413939044686;-0.0490148376921733;0
0.2;0.7158275247059;-0.0703972460454491;0
0.21;0.715027541412291;-0.0917218027965442;0
0.22;0.714014596021653;-0.112982215113724;0
0.23;0.712789358186415;-0.134172220208516;0
0.24;0.711352560044978;-0.155285587161416;0
0.25;0.709704995894864;-0.176316118734895;0
0.26;0.707847521847778;-0.1972576531732;0
0.27;0.705781055466748;-0.218104065988424;0
0.28;0.703506575385455;-0.238849271732332;0
0.29;0.701025120909923;-0.259487225753444;0
0.3;0.698337791602696;-0.280011925938867;0
0.31;0.695445746849675;-0.300417414440378;0
0.32;0.69235020540976;-0.320697779384279;0
0.33;0.689052444947474;-0.340847156564525;0
0.34;0.68555380154873;-0.360859731118661;0
0.35;0.681855669219918;-0.380729739186075;0
0.36;0.677959499370491;-0.400451469548128;0
0.37;0.673866800279231;-0.420019265249675;0
0.38;0.669579136544389;-0.439427525201532;0
0.39;0.665098128517888;-0.458670705763452;0
0.4;0.660425451723779;-0.47774332230715;0
0.41;0.655562836261163;-0.496639950758955;0
0.42;0.650512066191782;-0.515355229121663;0
0.43;0.645274978912482;-0.53388385897516;0
0.44;0.639853464512769;-0.552220606955414;0
0.45;0.634249465117674;-0.570360306211416;0
0.46;0.628464974216147;-0.588297857839688;0
0.47;0.622502035975212;-0.606028232295954;0
0.48;0.616362744540107;-0.62354647078359;0
0.49;0.610049243320648;-0.640847686618483;0
0.5;0.603563724264045;-0.657927066569934;0
0.51;0.596908427114428;-0.674779872177226;0
0.52;0.590085638659311;-0.691401441041525;0
0.53;0.583097691963251;-0.707787188092757;0
0.54;0.575946965588954;-0.723932606831129;0
0.55;0.568635882806078;-0.739833270542966;0
0.56;0.561166910787997;-0.75548483349053;0
0.57;0.553542559796786;-0.770883032075541;0
0.58;0.545765382356682;-0.786023685976057;0
0.59;0.537837972416311;-0.800902699256445;0
0.6;0.529762964499925;-0.815516061450155;0
0.61;0.521543032847941;-0.829859848614998;0
0.62;0.513180890547051;-0.843930224360688;0
0.63;0.504679288650181;-0.857723440848365;0
0.64;0.496041015286585;-0.871235839761858;0
0.65;0.487268894762346;-0.884463853250447;0
0.66;0.478365786651593;-0.897404004842876;0
0.67;0.469334584878692;-0.910052910332421;0
0.68;0.460178216791732;-0.922407278632761;0
0.69;0.45089964222757;-0.934463912604475;0
0.7;0.441501852568758;-0.946219709851956;0
0.71;0.431987869792625;-0.957671663490553;0
0.72;0.422360745512824;-0.968816862883759;0
0.73;0.412623560013647;-0.979652494350297;0
0.74;0.4027794212774;-0.990175841840904;0
0.75;0.392831464005149;-1.00038428758471;0
0.76;0.382782848631142;-1.01027531270502;0
0.77;0.372636760331205;-1.01984649780443;0
0.78;0.362396408025434;-1.02909552351906;0
0.79;0.352065023375473;-1.03802017104192;0
0.8;0.341645859776713;-1.04661832261518;0
0.81;0.331142191345691;-1.0548879619913;0
0.82;0.32055731190303;-1.06282717486302;0
0.83;0.30989453395222;-1.0704341492619;0
0.84;0.299157187654543;-1.07770717592568;0
0.85;0.288348619800483;-1.08464464863407;0
0.86;0.277472192777903;-1.09124506451317;0
0.87;0.266531283537334;-1.09750702430835;0
0.88;0.255529282554663;-1.10342923262556;0
0.89;0.244469592791564;-1.10901049814122;0
0.9;0.233355628653958;-1.1142497337804;0
0.91;0.222190814948847;-1.11914595686352;0
0.92;0.210978585839814;-1.12369828922153;0
0.93;0.199722383801513;-1.12790595727951;0
0.94;0.188425658573469;-1.1317682921088;0
0.95;0.177091866113497;-1.13528472944767;0
0.96;0.165724467551057;-1.13845480969054;0
0.97;0.15432692814085;-1.14127817784594;0
0.98;0.142902716216987;-1.1437545834631;0
0.99;0.131455302148026;-1.14588388052732;0
1;0.119988157293193;-1.14766602732432;0
1.01;0.108504752960108;-1.14910108627341;0
1.02;0.0970085593643076;-1.15018922372987;0
1.03;0.0855030445908932;-1.15093070975642;0
1.04;0.0739916735585942;-1.15132591786402;0
1.05;0.0624779069865658;-1.15137532472213;0
1.06;0.0509652003642194;-1.15107950983854;0
1.07;0.0394570029243918;-1.15043915520888;0
1.08;0.0279567566201542;-1.14945504493605;0
1.09;0.0164678951055626;-1.14812806481972;0
1.1;0.00499384272064677;-1.14645920191598;0
1.11;-0.00646198651906356;-1.14444954406743;0
1.12;-0.0178961899281813;-1.14210027940392;0
1.13;-0.0293053771519799;-1.13941269581398;0
1.14;-0.0406861711614953;-1.13638818038733;0
1.15;-0.0520352092429233;-1.13302821882862;0
1.16;-0.0633491439810255;-1.12933439484253;0
1.17;-0.0746246442362583;-1.12530838949065;0
1.18;-0.085858396115345;-1.12095198052022;0
1.19;-0.0970471039350091;-1.1162670416651;0
1.2;-0.108187491178593;-1.11125554191906;0
1.21;-0.119276301445287;-1.1059195447819;0
1.22;-0.130310299391698;-1.10026120747843;0
1.23;-0.141286271665486;-1.09428278015075;0
1.24;-0.152201027830804;-1.08798660502405;0
1.25;-0.163051401285281;-1.08137511554625;0
1.26;-0.173834250168279;-1.07445083550177;0
1.27;-0.184546458260182;-1.0672163780997;0
1.28;-0.195184935872438;-1.05967444503683;0
1.29;-0.205746620728136;-1.05182782553567;0
1.3;-0.21622847883284;-1.04367939535795;0
1.31;-0.22662750533545;-1.03523211579381;0
1.32;-0.236940725378857;-1.02648903262715;0
1.33;-0.247165194940132;-1.01745327507743;0
1.34;-0.257298001660033;-1.00812805471821;0
1.35;-0.267336265661603;-0.998516664372934;0
1.36;-0.277277140357609;-0.988622476988227;0
1.37;-0.287117813246628;-0.978448944485114;0
1.38;-0.296855506697537;-0.967999596588538;0
1.39;-0.306487478722211;-0.957278039635566;0
1.4;-0.316011023736201;-0.946287955362685;0
1.41;-0.325423473307198;-0.935033099672573;0
1.42;-0.334722196891067;-0.923517301380765;0
1.43;-0.343904602555269;-0.911744460942606;0
1.44;-0.352968137689453;-0.89971854916093;0
1.45;-0.361910289703052;-0.88744360587486;0
1.46;-0.370728586709673;-0.874923738630179;0
1.47;-0.379420598198115;-0.86216312133168;0
1.48;-0.387983935689833;-0.84916599287795;0
1.49;-0.396416253382663;-0.835936655779006;0
1.5;-0.40471524878066;-0.822479474757253;0
1.51;-0.412878663309866;-0.808798875332185;0
1.52;-0.420904282919848;-0.7948993423893;0
1.53;-0.428789938670869;-0.780785418733681;0
1.54;-0.436533507306514;-0.766461703628693;0
1.55;-0.444132911811648;-0.751932851320277;0
1.56;-0.451586121955549;-0.737203569547291;0
1.57;-0.458891154820081;-0.722278618038382;0
1.58;-0.466046075312784;-0.707162806995851;0
1.59;-0.473048996664738;-0.691860995566998;0
1.6;-0.479898080913092;-0.676378090303424;0
1.61;-0.486591539368132;-0.660719043608765;0
1.62;-0.49312763306477;-0.644888852175354;0
1.63;-0.499504673198364;-0.628892555410293;0
1.64;-0.50572102154474;-0.612735233851423;0
1.65;-0.51177509086434;-0.596422007573692;0
1.66;-0.517665345290384;-0.579958034586407;0
1.67;-0.523390300700972;-0.563348509221869;0
1.68;-0.528948525075033;-0.546598660515892;0
1.69;-0.534338638832043;-0.529713750580697;0
1.7;-0.539559315155439;-0.512699072970697;0
1.71;-0.544609280299668;-0.495559951041654;0
1.72;-0.549487313880788;-0.478301736303734;0
1.73;-0.554192249150584;-0.460929806768943;0
1.74;-0.558722973254127;-0.443449565293466;0
1.75;-0.563078427470745;-0.425866437915405;0
1.76;-0.567257607438341;-0.408185872188425;0
1.77;-0.57125956336104;-0.390413335511815;0
1.78;-0.575083400200118;-0.372554313457468;0
1.79;-0.578728277848188;-0.354614308094292;0
1.8;-0.582193411286626;-0.336598836310555;0
1.81;-0.585478070726208;-0.318513428134668;0
1.82;-0.588581581730947;-0.30036362505492;0
1.83;-0.591503325325133;-0.28215497833866;0
1.84;-0.59424273808356;-0.263893047351443;0
1.85;-0.59679931220494;-0.245583397876632;0
1.86;-0.599172595568529;-0.227231600435963;0
1.87;-0.601362191773954;-0.208843228611586;0
1.88;-0.603367760164278;-0.190423857370057;0
1.89;-0.605189015832304;-0.171979061388813;0
1.9;-0.60682572961017;-0.153514413385592;0
1.91;-0.608277728042246;-0.135035482451328;0
1.92;-0.609544893341373;-0.116547832386986;0
1.93;-0.610627163328502;-0.0980570200448462;0
1.94;-0.611524531355757;-0.079568593674726;0
1.95;-0.612237046212989;-0.0610880912756142;0
1.96;-0.612764812017871;-0.0426210389532175;0
1.97;-0.6131079880896;-0.0241729492838927;0
1.98;-0.613266788806262;-0.00574931968544653;0
1.99;-0.613241483445944;0.0126443692047204;0
2;-0.613032396011663;0.0310026551436522;0
2.01;-0.612639905040183;0.0493200958885882;0
2.02;-0.612064443394823;0.0675912707939588;0
2.03;-0.611306498042332;0.0858107823991623;0
2.04;-0.610366609813928;0.103973258006663;0
2.05;-0.609245373150604;0.122073351249954;0
2.06;-0.607943435832802;0.140105743650932;0
2.07;-0.606461498694559;0.158065146166237;0
2.08;-0.604800315322243;0.17594630072211;0
2.09;-0.602960691737995;0.193743981737326;0
2.1;-0.600943486067995;0.211452997633778;0
2.11;-0.598749608195682;0.229068192334263;0
2.12;-0.59638001940005;0.246584446747056;0
2.13;-0.593835731979164;0.26399668023685;0
2.14;-0.591117808859029;0.281299852081629;0
2.15;-0.588227363187953;0.298488962915086;0
2.16;-0.585165557916555;0.315559056154152;0
2.17;-0.581933605363561;0.332505219411263;0
2.18;-0.578532766767557;0.349322585890931;0
2.19;-0.574964351824837;0.366006335770268;0
2.2;-0.571229718213529;0.382551697563044;0
2.21;-0.56733027110415;0.398953949466917;0
2.22;-0.563267462656767;0.415208420693449;0
2.23;-0.559042791504939;0.431310492780555;0
2.24;-0.554657802226612;0.447255600886997;0
2.25;-0.550114084802153;0.463039235068587;0
2.26;-0.545413274059706;0.478656941535745;0
2.27;-0.540557049108053;0.494104323892054;0
2.28;-0.535547132757184;0.509377044353488;0
2.29;-0.530385290926758;0.524470824947969;0
2.3;-0.525073332042654;0.539381448694943;0
2.31;-0.519613106421831;0.554104760764635;0
2.32;-0.514006505645669;0.568636669616691;0
2.33;-0.508255461922036;0.582973148117879;0
2.34;-0.502361947436263;0.597110234638578;0
2.35;-0.496327973691247;0.611044034127735;0
2.36;-0.490155590836916;0.62477071916602;0
2.37;-0.483846886989251;0.6382865309969;0
2.38;-0.477403987539096;0.651587780535358;0
2.39;-0.470829054450992;0.664670849353991;0
2.4;-0.464124285552247;0.677532190646234;0
2.41;-0.457291913812473;0.690168330166462;0
2.42;-0.450334206613837;0.702575867146722;0
2.43;-0.443253465012245;0.714751475189864;0
2.44;-0.4360520229897;0.726691903138848;0
2.45;-0.428732246698079;0.738393975921996;0
2.46;-0.421296533694563;0.749854595373989;0
2.47;-0.413747312168974;0.761070741032396;0
2.48;-0.406087040163243;0.77203947090955;0
2.49;-0.398318204783291;0.782757922239559;0
2.5;-0.390443321403533;0.793223312200299;0
2.51;-0.382464932864288;0.803432938610196;0
2.52;-0.374385608662331;0.813384180599641;0
2.53;-0.366207944134843;0.82307449925687;0
2.54;-0.357934559637025;0.832501438248177;0
2.55;-0.349568099713617;0.841662624412294;0
2.56;-0.341111232264597;0.850555768328833;0
2.57;-0.332566647705308;0.859178664860636;0
2.58;-0.323937058121284;0.867529193669935;0
2.59;-0.315225196418026;0.8756053197082;0
2.6;-0.306433815466006;0.883405093679586;0
2.61;-0.297565687241151;0.890926652477875;0
2.62;-0.288623601961078;0.898168219596826;0
2.63;-0.279610367217343;0.905128105513867;0
2.64;-0.270528807103982;0.911804708047051;0
2.65;-0.261381761342589;0.918196512685218;0
2.66;-0.25217208440423;0.924302092891306;0
2.67;-0.242902644628428;0.930120110378774;0
2.68;-0.233576323339517;0.935649315361095;0
2.69;-0.224196013960618;0.940888546774286;0
2.7;-0.214764621125508;0.945836732472469;0
2.71;-0.205285059788664;0.950492889396436;0
2.72;-0.195760254333732;0.954856123715219;0
2.73;-0.186193137680708;0.958925630940673;0
2.74;-0.176586650392094;0.962700696015078;0
2.75;-0.166943739778299;0.966180693371786;0
2.76;-0.157267359002554;0.969365086968932;0
2.77;-0.147560466185609;0.972253430296256;0
2.78;-0.137826023510488;0.974845366355078;0
2.79;-0.128066996327562;0.977140627611463;0
2.8;-0.118286352260207;0.979139035922665;0
2.81;-0.108487060311325;0.980840502436889;0
2.82;-0.0986720899709816;0.982245027466463;0
2.83;-0.0888444103254329;0.983352700334504;0
2.84;-0.0790069891678053;0.984163699195159;0
2.85;-0.0691627921106902;0.984678290827533;0
2.86;-0.0593147817009189;0.984896830403401;0
2.87;-0.0494659165367765;0.984819761228823;0
2.88;-0.0396191503879177;0.984447614459784;0
2.89;-0.029777431318242;0.983781008791994;0
2.9;-0.019943700811987;0.98282065012497;0
2.91;-0.0101208929032958;0.981567331200563;0
2.92;-0.000311933309513986;0.980021931216075;0
2.93;0.00948026143153123;0.978185415412116;0
2.94;0.0192527848200172;0.976058834635388;0
2.95;0.0290027412481274;0.973643324876553;0
2.96;0.0387272468493209;0.97094010678337;0
2.97;0.048423430342622;0.967950485149302;0
2.98;0.0580884338716863;0.964675848377766;0
2.99;0.0677194138384006;0.961117667922251;0
3;0.0773135417307765;0.957277497702494;0
3.01;0.0868680049448978;0.953156973496949;0
3.02;0.0963800076006878;0.948757812311754;0
3.03;0.105846771351261;0.944081811726437;0
3.04;0.115265536185627;0.939130849216597;0
3.05;0.124633561224521;0.933906881453791;0
3.06;0.133948125509128;0.928411943582893;0
3.07;0.143206528782485;0.922648148477169;0
3.08;0.152406092263329;0.916617685971327;0
3.09;0.161544159412179;0.910322822072825;0
3.1;0.170618096689441;0.903765898151693;0
3.11;0.179625294305304;0.896949330109161;0
3.12;0.188563166961235;0.88987560752537;0
3.13;0.197429154582862;0.882547292786467;0
3.14;0.206220723044023;0.874967020191374;0
3.15;0.214935364881806;0.867137495038533;0
3.16;0.223570600002363;0.859061492692941;0
3.17;0.2321239763773;0.850741857633782;0
3.18;0.240593070730468;0.842181502482983;0
3.19;0.248975489214949;0.83338340701501;0
3.2;0.257268868080055;0.824350617148232;0
3.21;0.265470874328164;0.815086243918201;0
3.22;0.273579206361208;0.805593462433169;0
3.23;0.28159159461663;0.795875510812196;0
3.24;0.289505802192655;0.785935689106197;0
3.25;0.297319625462692;0.775777358202273;0
3.26;0.305030894678703;0.765403938711696;0
3.27;0.312637474563382;0.754818909841899;0
3.28;0.320137264890984;0.744025808252837;0
3.29;0.327528201056647;0.733028226898096;0
3.3;0.33480825463406;0.721829813851116;0
3.31;0.341975433921322;0.710434271116912;0
3.32;0.349027784474863;0.698845353429668;0
3.33;0.355963389631273;0.68706686703659;0
3.34;0.362780371016908;0.675102668468412;0
3.35;0.369476889045147;0.662956663296938;0
3.36;0.376051143401164;0.650632804880024;0
3.37;0.382501373514099;0.638135093094383;0
3.38;0.388825859016497;0.625467573056635;0
3.39;0.39502292019091;0.612634333832986;0
3.4;0.401090918403551;0.599639507137955;0
3.41;0.407028256524876;0.586487266022545;0
3.42;0.412833379337011;0.573181823552291;0
3.43;0.418504773927916;0.559727431475572;0
3.44;0.424040970072179;0.546128378882626;0
3.45;0.429440540598374;0.532388990855668;0
3.46;0.434702101742872;0.518513627110545;0
3.47;0.439824313490036;0.504506680630344;0
3.48;0.444805879898714;0.490372576291368;0
3.49;0.449645549414965;0.476115769481925;0
3.5;0.454342115170938;0.461740744714334;0
3.51;0.458894415269839;0.447252014230595;0
3.52;0.463301333056936;0.432654116602134;0
3.53;0.467561797376529;0.417951615324074;0
3.54;0.471674782814843;0.403149097404436;0
3.55;0.475639309928791;0.388251171948729;0
3.56;0.479454445460565;0.373262468740346;0
3.57;0.483119302538013;0.358187636817192;0
3.58;0.486633040860763;0.343031343045003;0
3.59;0.489994866872076;0.327798270687756;0
3.6;0.493204033916379;0.312493117975634;0
3.61;0.496259842382484;0.297120596670957;0
3.62;0.499161639832442;0.281685430632526;0
3.63;0.501908821116048;0.266192354378808;0
3.64;0.504500828470965;0.250646111650391;0
3.65;0.506937151608481;0.235051453972149;0
3.66;0.509217327784874;0.219413139215548;0
3.67;0.511340941858419;0.20373593016151;0
3.68;0.513307626332012;0.188024593064287;0
3.69;0.515117061381448;0.172283896216755;0
3.7;0.516768974869358;0.156518608517562;0
3.71;0.518263142344828;0.140733498040564;0
3.72;0.519599387028723;0.124933330606961;0
3.73;0.520777579784744;0.10912286836056;0
3.74;0.521797639076258;0.0933081787289898;0.00262076478436172
3.75;0.522659819076465;0.0775765139577294;0.0157245887061703
3.76;0.523365284968278;0.0619795659638433;0.0288284126279789
3.77;0.52391540395684;0.0465217785624588;0.0419322365497875
3.78;0.524311587464387;0.0312075462164075;0.055036060471596
3.79;0.524555290631158;0.0160412128037593;0.0681398843934046
3.8;0.524648011804073;0.00102707040263772;0.0812437083152132
3.81;0.52459129201332;-0.0138306419063483;0.0943475322370218
3.82;0.524386714437065;-0.0285277392197282;0.10745135615883
3.83;0.524035903854434;-0.043060091972526;0.120555180080639
3.84;0.523540526086974;-0.057423627081032;0.133659004002448
3.85;0.522902287428764;-0.0716143290666798;0.146762827924256
3.86;0.522122934065378;-0.0856282411607239;0.159866651846065
3.87;0.521204251481888;-0.0994614663894196;0.172970475767873
3.88;0.520148063860101;-0.113110168639414;0.186074299689682
3.89;0.518956233465236;-0.126570573703064;0.19917812361149
3.9;0.517630660022239;-0.139838970303395;0.212281947533299
3.91;0.516173280081937;-0.152911711098443;0.225385771455108
3.92;0.514586066377247;-0.165785213664697;0.238489595376916
3.93;0.512871027169641;-0.178455961459397;0.251593419298725
3.94;0.511030205586091;-0.190920504761423;0.264697243220533
3.95;0.509065678946694;-0.203175461590549;0.277801067142342
3.96;0.506979558083209;-0.215217518604794;0.29090489106415
3.97;0.504773986648717;-0.227043431975669;0.304008714985959
3.98;0.50245114041863;-0.238650028241078;0.317112538907768
3.99;0.500013226583269;-0.250034205135659;0.330216362829576
4;0.497462483032249;-0.261192932398357;0.343320186751385
4.01;0.494801177630882;-0.272123252557026;0.356424010673193
4.02;0.492031607488842;-0.28282228168986;0.369527834595002
4.03;0.489156098221326;-0.293287210163471;0.382631658516811
4.04;0.486177003202928;-0.303515303347432;0.395735482438619
4.05;0.483096702814485;-0.313503902305101;0.408839306360428
4.06;0.479917603683119;-0.323250424460574;0.421943130282236
4.07;0.476642137915714;-0.332752364241603;0.435046954204045
4.08;0.473272762326075;-0.34200729369832;0.448150778125853
4.09;0.469811957656013;-0.351012863097637;0.461254602047662
4.1;0.466262227790588;-0.359766801493171;0.474358425969471
4.11;0.462626098967769;-0.368266917270577;0.487462249891279
4.12;0.458906118982753;-0.376511098668161;0.500566073813088
4.13;0.455104856387182;-0.384497314272666;0.513669897734896
4.14;0.451224899683524;-0.392223613490113;0.526773721656705
4.15;0.447268856514851;-0.39968812699161;0.539877545578514
4.16;0.443239352850273;-0.406889067134039;0.552981369500322
4.17;0.439139032166284;-0.413824728355528;0.566085193422131
4.18;0.434970554624259;-0.420493487545638;0.579189017343939
4.19;0.430736596244367;-0.426893804390206;0.592292841265748
4.2;0.426439848076152;-0.433024221690765;0.605396665187556
4.21;0.422083015366032;-0.43888336565851;0.618500489109365
4.22;0.417668816721972;-0.444469946182752;0.631604313031174
4.23;0.413199983275588;-0.449782757073825;0.644708136952982
4.24;0.408679257841941;-0.454820676280424;0.657811960874791
4.25;0.404109394077265;-0.459582666081341;0.670915784796599
4.26;0.3994931556349;-0.464067773251604;0.684019608718408
4.27;0.394833315319676;-0.468275129202991;0.697123432640217
4.28;0.390132654241009;-0.472203950098935;0.710227256562025
4.29;0.385393960964956;-0.47585353694383;0.723331080483834
4.3;0.380620030665502;-0.479223275646746;0.736434904405642
4.31;0.375813664275322;-0.48231263705959;0.749538728327451
4.32;0.37097766763627;-0.485121176989729;0.762642552249259
4.33;0.366114850649863;-0.487648536187138;0.775746376171068
4.34;0.361228026428007;-0.489894440306094;0.788850200092877
4.35;0.356320010444222;-0.491858699841498;0.801954024014685
4.36;0.351393619685611;-0.493541210039863;0.815057847936494
4.37;0.346451671805837;-0.494941950785058;0.828161671858302
4.38;0.341496984279362;-0.496060986458873;0.841265495780111
4.39;0.336532373557182;-0.496898465776495;0.854369319701919
4.4;0.331560654224326;-0.497454621596992;0.867473143623728
4.41;0.326584638159365;-0.49772977070889;0.880576967545537
4.42;0.321607133696169;-0.49772431359097;0.893680791467345
4.43;0.316630944788175;-0.49743873414838;0.906784615389154
4.44;0.3116588701754;-0.496873599424202;0.919888439310962
4.45;0.306693702554447;-0.496029559286584;0.932992263232771
4.46;0.301738227751756;-0.494907346091589;0.94609608715458
4.47;0.296795223900327;-0.493507774321892;0.959199911076388
4.48;0.291867460620172;-0.491831740201485;0.972303734998197
4.49;0.286957698202719;-0.489880221286534;0.985407558920005
4.5;0.28206868679942;-0.487654276032565;0.998511382841814
4.51;0.277203165614793;-0.485155043338145;1.01161520676362
4.52;0.27236386210413;-0.482383742065223;1.02471903068543
4.53;0.267553491176106;-0.47934167053634;1.03782285460724
4.54;0.262774754400522;-0.476030206008872;1.05092667852905
4.55;0.258030339221402;-0.472450804126523;1.06403050245086
4.56;0.253322918175686;-0.468604998348256;1.07713432637267
4.57;0.248655148117727;-0.464494399354888;1.09023815029447
4.58;0.244029669449825;-0.460120694433552;1.10334197421628
4.59;0.239449105359013;-0.455485646840252;1.11644579813809
4.6;0.234916061060319;-0.450591095140747;1.1295496220599
4.61;0.230433123046708;-0.445438952529983;1.14265344598171
4.62;0.226002858345939;-0.440031206130336;1.15575726990352
4.63;0.221627813784519;-0.434369916268891;1.16886109382533
4.64;0.217310515258986;-0.428457215734025;1.18196491774713
4.65;0.213053467014719;-0.422295309011539;1.19506874166894
4.66;0.208859150932473;-0.415886471500623;1.20817256559075
4.67;0.204730025822846;-0.409233048709903;1.22127638951256
4.68;0.200668526728878;-0.402337455433849;1.23438021343437
4.69;0.196677064236965;-0.395202174909845;1.24748403735618
4.7;0.1927580237963;-0.387829757956174;1.26058786127799
4.71;0.188913765047006;-0.38022282209124;1.27369168519979
4.72;0.185146621157167;-0.372384050634298;1.2867955091216
4.73;0.181458898168939;-0.364316191788018;1.29989933304341
4.74;0.177852874353903;-0.356022057703163;1.31300315696522
4.75;0.174330799577861;-0.347504523525716;1.32610698088703
4.76;0.170894894675235;-0.338766526426754;1.33921080480884
4.77;0.167547350833245;-0.329811064615403;1.35231462873065
4.78;0.164290327675645;-0.320646438897846;1.35886401586998
4.79;0.161125296173324;-0.311448696437609;1.34574756784035
4.8;0.158052003505434;-0.302304461603921;1.33263111981072
4.81;0.155069902657343;-0.293216383515147;1.31951467178109
4.82;0.152178420218854;-0.284187089903122;1.30639822375145
4.83;0.149376956601455;-0.275219186362218;1.29328177572182
4.84;0.14666488626304;-0.266315255606331;1.28016532769219
4.85;0.144041557940033;-0.257477856734014;1.26704887966255
4.86;0.141506294886813;-0.248709524501945;1.25393243163292
4.87;0.139058395122374;-0.240012768606946;1.24081598360329
4.88;0.13669713168412;-0.231390072976741;1.22769953557365
4.89;0.134421752888718;-0.222843895069662;1.21458308754402
4.9;0.132231482599905;-0.214376665183493;1.20146663951439
4.91;0.130125520503175;-0.205990785773644;1.18835019148476
4.92;0.128103042387232;-0.197688630780838;1.17523374345512
4.93;0.126163200432128;-0.18947254496851;1.16211729542549
4.94;0.124305123503981;-0.181344843270079;1.14900084739586
4.95;0.122527917456177;-0.173307810146296;1.13588439936622
4.96;0.120830665436949;-0.165363698952823;1.12276795133659
4.97;0.119212428203236;-0.157514731318226;1.10965150330696
4.98;0.117672244440716;-0.149763096532546;1.09653505527732
4.99;0.116209131089901;-0.142110950946616;1.08341860724769
5;0.114822083678193;-0.134560417382285;1.07030215921806
5.01;0.113510076657789;-0.127113584553703;1.05718571118842
5.02;0.112272063749317;-0.119772506499828;1.04406926315879
5.03;0.111106978291103;-0.112539202028304;1.03095281512916
5.04;0.110013733593945;-0.105415654170847;1.01783636709953
5.05;0.108991223301277;-0.0984038096503048;1.00471991906989
5.06;0.108038321754616;-0.0915055783595024;0.991603471040259
5.07;0.107153884364162;-0.0847228328520356;0.978487023010626
5.08;0.106336747984437;-0.0780574078451246;0.965370574980993
5.09;0.105585731294841;-0.071511099734667;0.95225412695136
5.1;0.104899635185005;-0.0650856661226112;0.939137678921727
5.11;0.104277243144809;-0.0587828253567703;0.926021230892094
5.12;0.103717321658947;-0.0526042560831946;0.912904782862461
5.13;0.103218620605916;-0.0465515968112141;0.899788334832828
5.14;0.102779873661292;-0.0406264454912594;0.886671886803195
5.15;0.102399798705169;-0.0348303591055672;0.873555438773562
5.16;0.102077098233641;-0.0291648532718688;0.860438990743929
5.17;0.101810459774174;-0.0236314018601604;0.847322542714296
5.18;0.101598556304769;-0.0182314366226448;0.834206094684663
5.19;0.101440046676748;-0.012966346836936;0.82108964665503
5.2;0.101333576041062;-0.00783747896260788;0.807973198625396
5.21;0.101277776277967;-0.00284613631116919;0.794856750595763
5.22;0.101271266429936;0.00200642127046057;0.78174030256613
5.23;0.101312653137685;0.00671897770290227;0.768623854536497
5.24;0.101400531079157;0.0112903609636277;0.755507406506864
5.25;0.101533483411347;0.0157194433625664;0.742390958477231
5.26;0.10171008221481;0.02000514180395;0.729274510447598
5.27;0.101928888940737;0.0241464180343384;0.716158062417965
5.28;0.102188454860441;0.0281422788767781;0.703041614388332
5.29;0.102487321517123;0.0319917764510457;0.689925166358699
5.3;0.102824021179784;0.0356940083799353;0.676808718329066
5.31;0.103197077299126;0.0392481179815503;0.663692270299433
5.32;0.103605004965325;0.0426532944475678;0.6505758222698
5.33;0.104046311367511;0.0459087730074459;0.637459374240167
5.34;0.104519496254838;0.0490138350785471;0.624342926210534
5.35;0.105023052398984;0.0519678084021601;0.611226478180901
5.36;0.105555466057952;0.0547700671654003;0.598110030151268
5.37;0.106115217441024;0.057420032108979;0.584993582121634
5.38;0.106700781174731;0.0599171706208322;0.571877134092001
5.39;0.107310626769691;0.0622609968156054;0.558760686062368
5.4;0.107943219088188;0.0644510715999952;0.545644238032735
5.41;0.10859701881233;0.0664870027239521;0.532527790003102
5.42;0.109270482912661;0.068368444817753;0.519411341973469
5.43;0.109962065117079;0.0700950994149585;0.506294893943836
5.44;0.110670216379921;0.0716667149612694;0.493178445914203
5.45;0.111393385351073;0.0730830868093063;0.48006199788457
5.46;0.112130018844962;0.074344057199338;0.466945549854937
5.47;0.112878562309298;0.0754495152259863;0.453829101825304
5.48;0.11363746029341;0.0763993967909447;0.440712653795671
5.49;0.11440515691606;0.0771936845417462;0.427596205766038
5.5;0.115180096332569;0.0778324077966246;0.414479757736405
5.51;0.115960723201139;0.0783156424555142;0.401363309706772
5.52;0.116745483148215;0.0786435108972395;0.388246861677139
5.53;0.117532823232762;0.0788161818629494;0.375130413647506
5.54;0.118321192409318;0.0788338703258535;0.362013965617872
5.55;0.119109041989669;0.0786968373473236;0.348897517588239
5.56;0.119894826103041;0.0784053899194284;0.335781069558606
5.57;0.120677002154646;0.0779598807939689;0.322664621528973
5.58;0.121454031282461;0.0773607082980921;0.30954817349934
5.59;0.122224378812101;0.0766083161365586;0.296431725469707
5.6;0.122986514709658;0.0757031931807494;0.283315277440074
5.61;0.123738914032372;0.074645873244494;0.270198829410441
5.62;0.124480057376991;0.0734369348468135;0.257082381380808
5.63;0.125208431325717;0.0720770009616699;0.243965933351175
5.64;0.125922528889574;0.0705667387548198;0.230849485321542
5.65;0.126620849949099;0.0689068593078732;0.217733037291909
5.66;0.12730190169221;0.0670981173296629;0.204616589262276
5.67;0.127964199049136;0.0651413108550314;0.191500141232643
5.68;0.128606265124271;0.0630372809311486;0.17838369320301
5.69;0.129226631624846;0.0607869112914756;0.165267245173377
5.7;0.129823839286274;0.0583911280174918;0.152150797143743
5.71;0.130396438294069;0.055850899188311;0.13903434911411
5.72;0.130942988702196;0.0531672345183089;0.125917901084477
5.73;0.131462060847753;0.0503411849828934;0.112801453054844
5.74;0.131952235761855;0.0473738424325498;0.0996850050252114
5.75;0.132412105576601;0.0442663391952964;0.0865685569955781
5.76;0.13284027392802;0.04101984766769;0.073452108965945
5.77;0.133235356354879;0.0376355798945224;0.0603356609363122
5.78;0.133595980693225;0.0341147871373562;0.0472192129066791
5.79;0.133920787466576;0.0304587594320445;0.034102764877046
5.8;0.134208430271632;0.026668825135389;0.0209863168474127
5.81;0.134457576159402;0.0227463504610907;0.00786986881777985
5.82;0.134666911258001;0.0187006079519206;0
5.83;0.134835592113693;0.0146287034902842;0
5.84;0.134963564680062;0.0105594121786852;0
5.85;0.135050860560078;0.00649394933872657;0
5.86;0.135097523495658;0.00243352705565098;0
5.87;0.135103609333694;-0.00162064617943258;0
5.88;0.135069185988505;-0.00566736582562931;0
5.89;0.134994333400741;-0.00970543164654337;0
5.9;0.134879143492748;-0.0137336480626633;0
5.91;0.134723720120426;-0.0177508245017457;0
5.92;0.13452817902158;-0.0217557757470964;0
5.93;0.134292647760812;-0.0257473222836464;0
5.94;0.134017265670953;-0.0297242906417254;0
5.95;0.133702183791069;-0.0336855137384313;0
5.96;0.133347564801069;-0.0376298312164987;0
5.97;0.132953582952933;-0.0415560897805691;0
5.98;0.132520423998589;-0.0454631435307663;0
5.99;0.132048285114466;-0.0493498542934813;0
6;0.131537374822756;-0.0532150919492731;0
6.01;0.130987912909406;-0.0570577347577914;0
6.02;0.130400130338876;-0.0608766696796289;0
6.03;0.129774269165693;-0.0646707926950126;0
6.04;0.129110582442834;-0.0684390091192437;0
6.05;0.128409334126967;-0.0721802339147967;0
6.06;0.127670798980585;-0.0758933919999907;0
6.07;0.126895262471075;-0.0795774185541454;0
6.08;0.126083020666747;-0.083231259319137;0
6.09;0.125234380129863;-0.0868538708972696;0
6.1;0.124349657806711;-0.0904442210453794;0
6.11;0.123429180914742;-0.094001288965089;0
6.12;0.12247328682684;-0.0975240655891331;0
6.13;0.121482322952728;-0.101011553863675;0
6.14;0.120456646617588;-0.104462769026535;0
6.15;0.119396624937897;-0.107876738881263;0
6.16;0.118302634694561;-0.111252504066961;0
6.17;0.117175062203357;-0.114589118323807;0
6.18;0.116014303182742;-0.11788564875419;0
6.19;0.114820762619075;-0.121141176079386;0
6.2;0.11359485462929;-0.124354794891718;0
6.21;0.112337002321065;-0.127525613902125;0
6.22;0.111047637650539;-0.130652756183063;0
6.23;0.109727201277625;-0.133735359406695;0
6.24;0.108376142418955;-0.136772576078291;0
6.25;0.106994918698516;-0.139763573764778;0
6.26;0.105583995996026;-0.142707535318387;0
6.27;0.10414384829309;-0.145603659095328;0
6.28;0.102674957517197;-0.148451159169449;0
6.29;0.101177813383598;-0.151249265540807;0
6.3;0.0996529132351269;-0.153997224339119;0
6.31;0.0981007618800057;-0.156694298022011;0
6.32;0.096521871427693;-0.159339765568054;0
6.33;0.0949167611228255;-0.161932922664491;0
6.34;0.0932859571773056;-0.164473081889655;0
6.35;0.09162999260059;-0.166959572889996;0
6.36;0.0899494070282311;-0.169391742551695;0
6.37;0.0882447465487281;-0.171768955166809;0
6.38;0.0865165635287404;-0.174090592593917;0
6.39;0.0847654164367201;-0.176356054413226;0
6.4;0.0829918696650179;-0.178564758076092;0
6.41;0.0811964933505196;-0.180716139048934;0
6.42;0.0793798631938688;-0.182809650951494;0
6.43;0.077542560277332;-0.18484476568942;0
6.44;0.0756851708813638;-0.186820973581146;0
6.45;0.0738082862999297;-0.18873778347902;0
6.46;0.0719125026546424;-0.190594722884686;0
6.47;0.0699984207077717;-0.192391338058662;0
6.48;0.068066645674183;-0.194127194124117;0
6.49;0.066117787032266;-0.195801875164809;0
6.5;0.0641524583339094;-0.197414984317171;0
6.51;0.0621712770135809;-0.198966143856535;0
6.52;0.0601748641965726;-0.200454995277464;0
6.53;0.0581638445064682;-0.201881199368183;0
6.54;0.0561388458718936;-0.203244436279105;0
6.55;0.0541004993326079;-0.20454440558543;0
6.56;0.0520494388449962;-0.205780826343818;0
6.57;0.0499863010870215;-0.206953437143121;0
6.58;0.0479117252626962;-0.208061996149176;0
6.59;0.045826352906133;-0.209106281143648;0
6.6;0.0437308276852332;-0.21008608955693;0
6.61;0.0416257952050731;-0.211001238495099;0
6.62;0.0395119028110485;-0.211851564760921;0
6.63;0.0373897993918342;-0.212636924868919;0
6.64;0.0352601351822212;-0.213357195054508;0
6.65;0.0331235615658879;-0.2140122712772;0
6.66;0.0309807308781667;-0.214602069217892;0
6.67;0.028832296208864;-0.215126524270248;0
6.68;0.0266789112051931;-0.215585591526184;0
6.69;0.0245212298748786;-0.215979245755476;0
6.7;0.0223599063894907;-0.216307481379504;0
6.71;0.0201955948880696;-0.216570312439148;0
6.72;0.0180289492810958;-0.216767772556861;0
6.73;0.0158606230548662;-0.216899914892934;0
6.74;0.0136912690763346;-0.216966812095984;0
6.75;0.0115215393984716;-0.216968556247683;0
6.76;0.00935208506620428;-0.216905258801754;0
6.77;0.00718355592299093;-0.216777050517268;0
6.78;0.00501660041808883;-0.216584081386272;0
6.79;0.00285186541457077;-0.216326520555767;0
6.8;0.000689995998147229;-0.216004556244085;0
6.81;-0.0014683647131501;-0.215618395651693;0
6.82;-0.00362257575836792;-0.215168264866457;0
6.83;-0.00577199852205881;-0.214654408763408;0
6.84;-0.0079159969216817;-0.214077090899052;0
6.85;-0.0100539375939211;-0.213436593400255;0
6.86;-0.012185190079871;-0.21273321684776;0
6.87;-0.0143091270090297;-0.211967280154364;0
6.88;-0.0164251242820526;-0.21113912043782;0
6.89;-0.0185325612522112;-0.210249092888489;0
6.9;-0.0206308209055035;-0.209297570631808;0
6.91;-0.0227192900393678;-0.20828494458562;0
6.92;-0.0247973594399457;-0.207211623312411;0
6.93;-0.026864424057845;-0.206078032866512;0
6.94;-0.0289198831823524;-0.204884616636326;0
6.95;-0.030963140614046;-0.203631835181624;0
6.96;-0.032993604835759;-0.202320166065975;0
6.97;-0.0350106891818458;-0.200950103684368;0
6.98;-0.0370138120057029;-0.199522159086084;0
6.99;-0.0390023968454982;-0.198036859792882;0
7;-0.0409758725880594;-0.196494749612557;0
7.01;-0.0429336736308797;-0.194896388447934;0
7.02;-0.0448752400421915;-0.193242352101377;0
7.03;-0.0468000177190657;-0.191533232074854;0
7.04;-0.0487074585434921;-0.189769635365646;0
7.05;-0.0505970205363975;-0.187952184257765;0
7.06;-0.0524681680095589;-0.186081516109143;0
7.07;-0.0543203717153694;-0.18415828313467;0
7.08;-0.0561531089944166;-0.182183152185153;0
7.09;-0.0579658639208327;-0.180156804522265;0
7.1;-0.0597581274453752;-0.178079935589561;0
7.11;-0.0615293975362019;-0.17595325477964;0
7.12;-0.0632791793172989;-0.173777485197523;0
7.13;-0.065006985204527;-0.171553363420326;0
7.14;-0.0667123350392473;-0.169281639253309;0
7.15;-0.0683947562194922;-0.166963075482382;0
7.16;-0.0700537838286453;-0.16459844762314;0
7.17;-0.0716889607615961;-0.162188543666516;0
7.18;-0.0732998378483373;-0.159734163821134;0
7.19;-0.0748859739749697;-0.157236120252436;0
7.2;-0.0764469362020855;-0.154695236818679;0
7.21;-0.077982299880497;-0.152112348803882;0
7.22;-0.0794916487642812;-0.149488302647797;0
7.23;-0.0809745751211118;-0.146823955673013;0
7.24;-0.0824306798398492;-0.144120175809255;0
7.25;-0.0838595725353612;-0.141377841314989;0
7.26;-0.0852608716505476;-0.138597840496398;0
7.27;-0.0866342045555439;-0.135781071423837;0
7.28;-0.087979207644078;-0.132928441645845;0
7.29;-0.0892955264269562;-0.130040867900805;0
7.3;-0.090582815622656;-0.127119275826355;0
7.31;-0.0918407392450027;-0.124164599666615;0
7.32;-0.0930689706879094;-0.121177781977351;0
7.33;-0.0942671928071593;-0.11815977332915;0
7.34;-0.095435097999211;-0.115111532008695;0
7.35;-0.0965723882770087;-0.112034023718256;0
7.36;-0.0976787753427795;-0.108928221273459;0
7.37;-0.0987539806578008;-0.105795104299451;0
7.38;-0.0997977355091228;-0.102635658925546;0
7.39;-0.100809781073231;-0.0994508774784388;0
7.4;-0.101789868476633;-0.0962417581740984;0
7.41;-0.102737758853364;-0.093009304808418;0
7.42;-0.103653223399385;-0.089754526446727;0
7.43;-0.104536043423878;-0.086478437112257;0
7.44;-0.105386010397422;-0.0831820554736566;0
7.45;-0.106202925997034;-0.0798664045316508;0
7.46;-0.106986602148079;-0.07653251130494;0
7.47;-0.107736861063034;-0.0731814065154358;0
7.48;-0.108453535277099;-0.0698141242729257;0
7.49;-0.10913646768066;-0.0664317017592658;0
7.5;-0.109785511548581;-0.0630351789121944;0
7.51;-0.110400530566343;-0.0596255981088637;0
7.52;-0.110981398853012;-0.0562040038491835;0
7.53;-0.111528000981044;-0.0527714424390732;0
7.54;-0.112040231992913;-0.0493289616737166;0
7.55;-0.112517997414585;-0.0458776105209149;0
7.56;-0.112961213265819;-0.042418438804632;0
7.57;-0.113369806067301;-0.0389524968888277;0
7.58;-0.113743712844629;-0.0354808353616715;0
7.59;-0.114082881129131;-0.032004504720233;0
7.6;-0.114387268955538;-0.0285245550557405;0
7.61;-0.114656844856516;-0.0250420357395029;0
7.62;-0.114891587854048;-0.0215579951095868;0
7.63;-0.115091487447703;-0.0180734801583421;0
7.64;-0.115256543599771;-0.0145895362208678;0
7.65;-0.115386766717294;-0.0111072066645103;0
7.66;-0.115482177630995;-0.0076275325794847;0
7.67;-0.115542807571119;-0.00415155247071095;0
7.68;-0.115568698140198;-0.000680301950954372;0
7.69;-0.115559901282754;0.00278518656463955;0
7.7;-0.115516479251953;0.00624388416252674;0
7.71;-0.115438504573229;0.00969476573317407;0
7.72;-0.115326060004885;0.0131368102718089;0
7.73;-0.115179238495701;0.0165690011774211;0
7.74;-0.11499814313956;0.0199903265499314;0
7.75;-0.114782887127101;0.0233997794854397;0
7.76;-0.114533593694446;0.0267963583694682;0
7.77;-0.114250396068983;0.0301790671681151;0
7.78;-0.113933437412269;0.033546915717035;0
7.79;-0.113582870760033;0.0368989200081636;0
7.8;-0.113198858959336;0.040234102474103;0
7.81;-0.112781574602895;0.0435514922700894;0
7.82;-0.11233119996059;0.0468501255534592;0
7.83;-0.111847926908205;0.0501290457605371;0
7.84;-0.111331956853393;0.0533873038808658;0
7.85;-0.110783500658923;0.0566239587287003;0
7.86;-0.110202778563223;0.0598380772116902;0
7.87;-0.109590020098247;0.0630287345966739;0
7.88;-0.108945464004696;0.0661950147725107;0
7.89;-0.108269358144625;0.0693360105098758;0
7.9;-0.107561959411475;0.0724508237179474;0
7.91;-0.106823533637533;0.0755385656979125;0
7.92;-0.106054355498893;0.0785983573932221;0
7.93;-0.105254708417914;0.0816293296365254;0
7.94;-0.10442488446323;0.0846306233932163;0
7.95;-0.103565184247343;0.0876013900015222;0
7.96;-0.10267591682182;0.0905407914090726;0
7.97;-0.101757399570155;0.0934480004058797;0
7.98;-0.100809958098304;0.096322200853669;0
7.99;-0.0998339261229545;0.0991625879114962;0
8;-0.0988296453575481;0.101968368257591;0
8.01;-0.0977974653961046;0.104738760307365;0
8.02;-0.0967377435948844;0.10747299442753;0
8.03;-0.0956508449519254;0.110170313146258;0
8.04;-0.0945371419844983;0.112829971359348;0
8.05;-0.0933970146045169;0.115451236532314;0
8.06;-0.0922308499919469;0.118033388898374;0
8.07;-0.0910390424662533;0.120575721652258;0
8.08;-0.0898219933559281;0.12307754113981;0
8.09;-0.0885801108661424;0.125538167043311;0
8.1;-0.0873138099445633;0.127956932562493;0
8.11;-0.0860235121453812;0.130333184591184;0
8.12;-0.0847096454915897;0.132666283889552;0
8.13;-0.083372644335564;0.134955605251891;0
8.14;-0.0820129492179808;0.137200537669911;0
8.15;-0.0806310067251259;0.139400484491495;0
8.16;-0.079227269344635;0.141554863574878;0
8.17;-0.0778021953197134;0.143663107438211;0
8.18;-0.0763562485018806;0.145724663404477;0
8.19;-0.0748898982022876;0.147738993741711;0
8.2;-0.073403619041652;0.149705575798513;0
8.21;-0.0718978907988606;0.151623902134792;0
8.22;-0.0703731982582852;0.153493480647741;0
8.23;-0.0688300310558607;0.155313834692982;0
8.24;-0.0672688835239734;0.157084503200884;0
8.25;-0.065690254535208;0.158805040788002;0
8.26;-0.0640946473450023;0.160475017863629;0
8.27;-0.0624825694332581;0.162094020731424;0
8.28;-0.0608545323449587;0.163661651686108;0
8.29;-0.0592110515298414;0.165177529105192;0
8.3;-0.0575526461811745;0.16664128753574;0
8.31;-0.0558798390736907;0.168052577776119;0
8.32;-0.0541931564007237;0.169411066952749;0
8.33;-0.0524931276106013;0.170716438591822;0
8.34;-0.050780285242343;0.171968392685983;0
8.35;-0.0490551647607145;0.173166645755959;0
8.36;-0.0473183043906878;0.174310930907131;0
8.37;-0.0455702449513588;0.175400997881032;0
8.38;-0.0438115296893727;0.176436613101773;0
8.39;-0.0420427041119078;0.17741755971739;0
8.4;-0.0402643158192692;0.178343637636103;0
8.41;-0.0384769143371422;0.179214663557491;0
8.42;-0.0366810509485573;0.18003047099858;0
8.43;-0.0348772785256169;0.180790910314842;0
8.44;-0.033066151361035;0.181495848716116;0
8.45;-0.0312482249995409;0.182145170277444;0
8.46;-0.0294240560691965;0.182738775944837;0
8.47;-0.0275942021126797;0.183276583535967;0
8.48;-0.0257592214185832;0.183758527735813;0
8.49;-0.0239196728527795;0.184184560087244;0
8.5;-0.0220761156899028;0.184554648976574;0
8.51;-0.0202291094449984;0.18486877961409;0
8.52;-0.0183792137053885;0.185126954009571;0
8.53;-0.0165269879628062;0.18532919094281;0
8.54;-0.0146729914458462;0.185475525929167;0
8.55;-0.0128177829527822;0.185566011180158;0
8.56;-0.0109619206848011;0.185600715559106;0
8.57;-0.00910596207970247;0.185579724531885;0
8.58;-0.00725046364611251;0.18550314011276;0
8.59;-0.00539598079826205;0.185371080805373;0
8.6;-0.00354306769137596;0.185183681538874;0
8.61;-0.00169227705772323;0.18494109359925;0
8.62;0.000155839956624757;0.184643484555859;0
8.63;0.0020007339542799;0.184291038183217;0
8.64;0.00384185744821959;0.183883954378055;0
8.65;0.00567866502261841;0.183422449071693;0
8.66;0.00751061349278251;0.18290675413775;0
8.67;0.00933716206414039;0.182337117295243;0
8.68;0.0111577724902439;0.181713802007093;0
8.69;0.0129719092297338;0.18103708737409;0
8.7;0.0147790396022248;0.180307268024361;0
8.71;0.0165786339430653;0.179524653998355;0
8.72;0.0183701657569261;0.178689570629426;0
8.73;0.0201531118701769;0.17780235842002;0
8.74;0.0219269525820034;0.176863372913541;0
8.75;0.0236911718142247;0.175872984561919;0
8.76;0.0254452572597671;0.174831578588942;0
8.77;0.0271887005297522;0.173739554849391;0
8.78;0.0289209972991578;0.172597327684038;0
8.79;0.0306416474510098;0.171405325770542;0
8.8;0.0323501552190658;0.17016399197031;0
8.81;0.0340460293289484;0.168873783171365;0
8.82;0.0357287831376901;0.167535170127288;0
8.83;0.0373979347716493;0.166148637292267;0
8.84;0.0390530072627605;0.164714682652334;0
8.85;0.0406935286830795;0.163233817552832;0
8.86;0.042319032277586;0.161706566522172;0
8.87;0.0439290565952082;0.160133467091944;0
8.88;0.0455231456180314;0.158515069613436;0
8.89;0.0471008488886569;0.15685193707063;0
8.9;0.0486617216356742;0.15514464488973;0
8.91;0.0502053248972139;0.153393780745287;0
8.92;0.0517312256425462;0.151599944362985;0
8.93;0.0532389968916926;0.149763747319159;0
8.94;0.0547282178330189;0.147885812837098;0
8.95;0.0561984739387761;0.145966775580212;0
8.96;0.0576493570785597;0.144007281442121;0
8.97;0.0590804656306561;0.142007987333742;0
8.98;0.0604914045912466;0.139969560967439;0
8.99;0.0618817856814401;0.137892680638302;0
9;0.0632512274521058;0.135778035002637;0
9.01;0.0645993553864784;0.133626322853722;0
9.02;0.0659258020005088;0.131438252894917;0
9.03;0.0672302069409348;0.129214543510191;0
9.04;0.0685122170810453;0.126955922532141;0
9.05;0.069771486614113;0.124663127007573;0
9.06;0.071007677144474;0.122336902960735;0
9.07;0.0722204577762272;0.119978005154256;0
9.08;0.0734095051995352;0.117587196847878;0
9.09;0.0745745037745011;0.115165249555061;0
9.1;0.0757151456126032;0.112712942797524;0
9.11;0.0768311306556657;0.110231063857815;0
9.12;0.0779221667523464;0.107720407529977;0
9.13;0.078987969732123;0.105181775868385;0
9.14;0.0800282634767597;0.10261597793485;0
9.15;0.0810427799892374;0.100023829544048;0
9.16;0.0820312594601311;0.0974061530073651;0
9.17;0.0829934503314182;0.0947637768752345;0
9.18;0.0839291093577049;0.0920975356780489;0
9.19;0.0848380016648543;0.0894082696657225;0
9.2;0.0857199008060055;0.0866968245459875;0
9.21;0.0865745888149692;0.0839640512215041;0
9.22;0.0874018562569903;0.0812108055258655;0
9.23;0.0882015022768652;0.0784379479585776;0
9.24;0.0889733346444049;0.0756463434190964;0
9.25;0.0897171697972345;0.0728368609400036;0
9.26;0.090432832880921;0.0700103734194006;0
9.27;0.0911201577864213;0.0671677573526055;0
9.28;0.0917789871848449;0.0643098925632315;0
9.29;0.0924091725595249;0.0614376619337305;0
9.3;0.0930105742353917;0.0585519511354825;0
9.31;0.0935830614056468;0.0556536483585135;0
9.32;0.0941265121557313;0.0527436440409217;0
9.33;0.0946408134845887;0.0498228305980968;0
9.34;0.0951258613232187;0.0468921021518097;0
9.35;0.0955815605505215;0.043952354259258;0
9.36;0.0960078250064333;0.0410044836421464;0
9.37;0.0964045775023521;0.0380493879158832;0
9.38;0.0967717498288572;0.0350879653189748;0
9.39;0.0971092827607233;0.0321211144426987;0
9.4;0.0974171260592329;0.0291497339611346;0
9.41;0.0976952384717914;0.0261747223616353;0
9.42;0.0979435877288485;0.0231969776758168;0
9.43;0.0981621505381326;0.0202173972111467;0
9.44;0.0983509125762039;0.0172368772832121;0
9.45;0.0985098684773335;0.0142563129487436;0
9.46;0.0986390218197166;0.0112765977394769;0
9.47;0.0987383851090279;0.00829862339692756;0
9.48;0.0988079797593302;0.00532327960815962;0
9.49;0.0988478360713441;0.00235145374262302;0
9.5;0.0988579932080921;-0.000615969409861316;0
9.51;0.0988384991679275;-0.00357810789989301;0
9.52;0.0987894107549618;-0.00653408287798406;0
9.53;0.0987107935469023;-0.00948301885267543;0
9.54;0.0986027218603161;-0.0124240439472035;0
9.55;0.0984652787133334;-0.0153562901546419;0
9.56;0.0982985557858071;-0.0182788935914444;0
9.57;0.0981026533769438;-0.0211909947493167;0
9.58;0.0978776803604247;-0.0240917387453432;0
9.59;0.0976237541370323;-0.0269802755702978;0
9.6;0.0973410005848038;-0.0298557603350667;0
9.61;0.0970295540067275;-0.032717353515113;0
9.62;0.0966895570760046;-0.0355642211929131;0
9.63;0.0963211607788962;-0.0383955352982955;0
9.64;0.0959245243551754;-0.041210473846614;0
9.65;0.0954998152362092;-0.0440082211746872;0
9.66;0.0950472089806901;-0.0467879681744375;0
9.67;0.0945668892080425;-0.0495489125241637;0
9.68;0.0940590475295272;-0.0522902589173819;0
9.69;0.0935238834770683;-0.05501121928917;0
9.7;0.0929616044298289;-0.0577110130399525;0
9.71;0.0923724255385596;-0.0603888672566633;0
9.72;0.0917565696477485;-0.0630440169312235;0
9.73;0.0911142672155982;-0.0656757051762747;0
9.74;0.0904457562318577;-0.0682831834381073;0
9.75;0.0897512821335388;-0.0708657117067242;0
9.76;0.0890310977185437;-0.073422558722983;0
9.77;0.0882854630572361;-0.0759530021827587;0
9.78;0.0875146454019825;-0.0784563289380709;0
9.79;0.0867189190946978;-0.0809318351951216;0
9.8;0.0858985654724234;-0.0833788267091877;0
9.81;0.0850538727709714;-0.0857966189763161;0
9.82;0.0841851360266659;-0.0881845374217707;0
9.83;0.0832926569762151;-0.090541917585177;0
9.84;0.082376743954747;-0.0928681053023189;0
9.85;0.0814377117920418;-0.0951624568835351;0
9.86;0.0804758817069966;-0.0974243392886694;0
9.87;0.0794915812003558;-0.0996531302985283;0
9.88;0.0784851439457427;-0.1018482186828;0
9.89;0.0774569096790282;-0.104009004364392;0
9.9;0.0764072240860728;-0.106134898580139;0
9.91;0.0753364386888771;-0.10822532403785;0
9.92;0.0742449107301794;-0.110279715069637;0
9.93;0.0731330030565359;-0.112297517781508;0
9.94;0.0720010839999231;-0.114278190199164;0
9.95;0.0708495272578984;-0.116221202409975;0
9.96;0.0696787117723589;-0.118126036701098;0
9.97;0.0684890216069361;-0.119992187693697;0
9.98;0.0672808458230664;-0.121819162473242;0
9.99;0.0660545783547761;-0.12360648071584;0
10;0.0648106178822215;-0.125353674810579;0
10.01;0.0635493677040231;-0.127060289977848;0
10.02;0.0622712356084347;-0.128725884383613;0
10.03;0.0609766337433892;-0.130350029249609;0
10.04;0.0596659784854591;-0.131932308959433;0
10.05;0.0583396903077764;-0.13347232116051;0
10.06;0.0569981936469505;-0.134969676861903;0
10.07;0.0556419167690267;-0.136424000527956;0
10.08;0.0542712916345279;-0.137834930167739;0
10.09;0.0528867537626199;-0.139202117420278;0
10.1;0.051488742094444;-0.140525227635558;0
10.11;0.0500776988556586;-0.141803939951267;0
10.12;0.0486540694182325;-0.143037947365288;0
10.13;0.0472183021615322;-0.144226956803902;0
10.14;0.0457708483327469;-0.145370689185701;0
10.15;0.0443121619066939;-0.146468879481198;0
10.16;0.0428426994450464;-0.147521276768124;0
10.17;0.0413629199550291;-0.148527644282394;0
10.18;0.0398732847476221;-0.149487759464751;0
10.19;0.0383742572953194;-0.150401414003066;0
10.2;0.0368663030894829;-0.151268413870293;0
10.21;0.0353498894973366;-0.152088579358082;0
10.22;0.0338254856186447;-0.15286174510604;0
10.23;0.0322935621421161;-0.153587760126636;0
10.24;0.0307545912015799;-0.154266487825764;0
10.25;0.0292090462319743;-0.154897806018948;0
10.26;0.0276574018251938;-0.155481606943203;0
10.27;0.0261001335858365;-0.156017797264552;0
10.28;0.024537717986896;-0.156506298081206;0
10.29;0.0229706322254419;-0.156947044922413;0
10.3;0.0213993540783297;-0.157339987742977;0
10.31;0.0198243617579859;-0.157685090913472;0
10.32;0.0182461337683108;-0.157982333206143;0
10.33;0.0166651487607401;-0.158231707776517;0
10.34;0.0150818853905111;-0.15843322214074;0
10.35;0.0134968221731744;-0.158586898148635;0
10.36;0.0119104373413933;-0.158692771952524;0
10.37;0.0103232087020751;-0.158750893971804;0
10.38;0.00873561349387545;-0.15876132885332;0
10.39;0.00714812824511715;-0.158724155427527;0
10.4;0.00556122863216702;-0.158639466660488;0
10.41;0.003975389338311;-0.158507369601707;0
10.42;0.00239108391316966;-0.15832798532784;0
10.43;0.000808784632695108;-0.158101448882292;0
10.44;-0.00077103764020962;-0.157827909210727;0
10.45;-0.00234791359440812;-0.157507529092536;0
10.46;-0.00392137560854458;-0.157140485068256;0
10.47;-0.005490957888314;-0.156726967363007;0
10.48;-0.00705619660294883;-0.156267179805948;0
10.49;-0.00861663002088243;-0.155761339745797;0
10.5;-0.0101717986445501;-0.15520967796244;0
10.51;-0.0117212453442889;-0.154612438574672;0
10.52;-0.0132645154912972;-0.153969878944093;0
10.53;-0.0148011570896164;-0.153282269575204;0
10.54;-0.0163307209070965;-0.152549894011725;0
10.55;-0.0178527606053083;-0.151773048729199;0
10.56;-0.0193668328683639;-0.150952043023887;0
10.57;-0.0208724975306115;-0.150087198898024;0
10.58;-0.0223693177031649;-0.149178850941454;0
10.59;-0.0238568598992338;-0.148227346209702;0
10.6;-0.0253346941582194;-0.147233044098517;0
10.61;-0.0268023941685386;-0.146196316214925;0
10.62;-0.0282595373891445;-0.145117546244856;0
10.63;-0.0297057051697069;-0.143997129817366;0
10.64;-0.0311404828694203;-0.142835474365517;0
10.65;-0.0325634599744058;-0.141632998983959;0
10.66;-0.0339742302136742;-0.140390134283259;0
10.67;-0.0353723916736177;-0.139107322241029;0
10.68;-0.0367575469109991;-0.137785016049902;0
10.69;-0.038129303064406;-0.136423679962406;0
10.7;-0.0394872719641411;-0.135023789132797;0
10.71;-0.0408310702405162;-0.133585829455882;0
10.72;-0.0421603194305217;-0.132110297402916;0
10.73;-0.0434746460828421;-0.130597699854595;0
10.74;-0.0447736818611884;-0.129048553931226;0
10.75;-0.0460570636459195;-0.127463386820116;0
10.76;-0.047324433633926;-0.12584273560024;0
10.77;-0.0485754394367472;-0.124187147064247;0
10.78;-0.0498097341768983;-0.122497177537855;0
10.79;-0.0510269765823781;-0.120773392696705;0
10.8;-0.0522268310793354;-0.119016367380726;0
10.81;-0.0534089678828673;-0.117226685406064;0
10.82;-0.0545730630859267;-0.115404939374658;0
10.83;-0.0557187987463143;-0.113551730481496;0
10.84;-0.0568458629717341;-0.111667668319632;0
10.85;-0.0579539500028878;-0.109753370683024;0
10.86;-0.0590427602945896;-0.107809463367247;0
10.87;-0.0601120005948775;-0.105836579968149;0
10.88;-0.0611613840221026;-0.103835361678526;0
10.89;-0.062190630139977;-0.101806457082853;0
10.9;-0.0631994650305594;-0.0997505219501639;0
10.91;-0.0641876213651625;-0.0976682190251293;0
10.92;-0.0651548384731623;-0.0955602178174036;0
10.93;-0.0661008624086947;-0.093427194389305;0
10.94;-0.0670254460152196;-0.091269831141897;0
10.95;-0.0679283489879413;-0.0890888165995376;0
10.96;-0.0688093379340656;-0.0868848451929626;0
10.97;-0.0696681864308826;-0.0846586170409717;0
10.98;-0.0705046750816603;-0.0824108377307852;0
10.99;-0.0713185915693352;-0.0801422180971373;0
11;-0.0721097307079893;-0.0778534740001783;0
11.01;-0.0728778944921007;-0.0755453261022504;0
11.02;-0.0736228921435566;-0.0732184996436084;0
11.03;-0.0743445401564204;-0.0708737242171533;0
11.04;-0.0750426623394402;-0.0685117335422484;0
11.05;-0.0757170898562929;-0.0661332652376876;0
11.06;-0.0763676612635539;-0.0637390605938839;0
11.07;-0.0769942225463854;-0.0613298643443502;0
11.08;-0.0775966271519369;-0.0589064244365396;0
11.09;-0.078174736020451;-0.056469491802117;0
11.1;-0.0787284176140701;-0.05401982012673;0
11.11;-0.0792575479433383;-0.0515581656193514;0
11.12;-0.0797620105913958;-0.0490852867812599;0
11.13;-0.0802416967358608;-0.0466019441747325;0
11.14;-0.0806965051683981;-0.0441089001915153;0
11.15;-0.0811263423119711;-0.0416069188211446;0
11.16;-0.0815311222357769;-0.0390967654191867;0
11.17;-0.0819107666678637;-0.036579206475467;0
11.18;-0.0822652050054305;-0.0340550093823571;0
11.19;-0.0825943743228104;-0.0315249422031898;0
11.2;-0.0828982193771386;-0.028989773440871;0
11.21;-0.083176692611708;-0.0264502718067569;0
11.22;-0.0834297541570147;-0.0239072059898672;0
11.23;-0.0836573718294978;-0.0213613444265003;0
11.24;-0.0838595211279767;-0.0188134550703212;0
11.25;-0.0840361852277928;-0.0162643051629884;0
11.26;-0.0841873549726588;-0.0137146610053894;0
11.27;-0.0843130288642244;-0.0111652877295504;0
11.28;-0.0844132130493638;-0.00861694907128895;0
11.29;-0.0844879213051936;-0.00607040714367602;0
11.3;-0.0845371750218291;-0.0035264222113732;0
11.31;-0.0845610031828879;-0.000985752465912385;0
11.32;-0.0845594423437516;0.00155084619801705;0
11.33;-0.084532536607594;0.00408262040520814;0
11.34;-0.0844803375991888;0.0066088195214383;0
11.35;-0.0844029044365076;0.00912869587376891;0
11.36;-0.0843003037001197;0.0116415049695787;0
11.37;-0.0841726094004091;0.0141465057142673;0
11.38;-0.0840199029426187;0.0166429606275661;0
11.39;-0.0838422730897397;0.0191301360583935;0
11.4;-0.0836398159232579;0.0216073023981941;0
11.41;-0.0834126348017746;0.0240737342926981;0
11.42;-0.0831608403175164;0.0265287108520423;0
11.43;-0.0828845502507523;0.028971515859192;0
11.44;-0.0825838895221334;0.0314014379766027;0
11.45;-0.0822589901429752;0.0338177709510656;0
11.46;-0.081909991163499;0.0362198138166756;0
11.47;-0.0815370386190527;0.038606871095866;0
11.48;-0.0811402854743299;0.040978252998453;0
11.49;-0.0807198915656081;0.0433332756186326;0
11.5;-0.0802760235410261;0.0456712611298749;0
11.51;-0.0798088547989218;0.0479915379776618;0
11.52;-0.0793185654242534;0.0502934410700132;0
11.53;-0.0788053421231245;0.0525763119657479;0
11.54;-0.0782693781554375;0.0548394990604276;0
11.55;-0.0777108732656986;0.0570823577699328;0
11.56;-0.0771300336119965;0.0593042507116174;0
11.57;-0.0765270716931824;0.061504547882994;0
11.58;-0.0759022062742731;0.0636826268378998;0
11.59;-0.0752556623101045;0.0658378728600946;0
11.6;-0.0745876708672608;0.0679696791342431;0
11.61;-0.0738984690443057;0.0700774469142352;0
11.62;-0.073188299890343;0.0721605856887981;0
11.63;-0.0724574123219325;0.0742185133443553;0
11.64;-0.071706061038391;0.0762506563250881;0
11.65;-0.0709345064355044;0.0782564497901578;0
11.66;-0.0701430145176812;0.0802353377680433;0
11.67;-0.0693318568085758;0.0821867733079572;0
11.68;-0.0685013102602099;0.0841102186282955;0
11.69;-0.0676516571606246;0.0860051452620848;0
11.7;-0.06678318504009;0.0878710341993872;0
11.71;-0.0658961865759057;0.0897073760266252;0
11.72;-0.0649909594958218;0.0915136710627909;0
11.73;-0.0640678064801113;0.0932894294925035;0
11.74;-0.0631270350623272;0.0950341714958809;0
11.75;-0.0621689575287749;0.0967474273751918;0
11.76;-0.0611938908167324;0.0984287376782557;0
11.77;-0.0602021564114519;0.10007765331856;0
11.78;-0.0591940802419746;0.101693735692064;0
11.79;-0.0581699925757924;0.103276556790657;0
11.8;-0.0571302279123909;0.104825699312249;0
11.81;-0.056075124875706;0.106340756767462;0
11.82;-0.055005026105529;0.107821333582893;0
11.83;-0.0539202781478954;0.109267045200935;0
11.84;-0.0528212313444901;0.110677518176114;0
11.85;-0.0517082397211052;0.11205239026794;0
11.86;-0.050581660875186;0.113391310530231;0
11.87;-0.0494418558624981;0.114693939396906;0
11.88;-0.0482891890829541;0.115959948764209;0
11.89;-0.047124028165633;0.117189022069367;0
11.9;-0.0459467438530297;0.118380854365646;0
11.91;-0.0447577098845704;0.119535152393796;0
11.92;-0.0435573028794293;0.120651634649873;0
11.93;-0.0423459022186837;0.121730031449421;0
11.94;-0.041123889926844;0.122770084987997;0
11.95;-0.0398916505527943;0.123771549398032;0
11.96;-0.0386495710501817;0.124734190802019;0
11.97;-0.0373980406572894;0.125657787362013;0
11.98;-0.0361374507764324;0.126542129325435;0
11.99;-0.0348681948529109;0.127387019067178;0
12;-0.0335906682535599;0.128192271128006;0
12.01;-0.0323052681449316;0.128957712249237;0
12.02;-0.0310123933711468;0.129683181403707;0
12.03;-0.0297124443314548;0.130368529823023;0
12.04;-0.0284058228575362;0.131013621021088;0
12.05;-0.0270929320905878;0.1316183308139;0
12.06;-0.0257741763582265;0.13218254733564;0
12.07;-0.0244499610512488;0.132706171051034;0
12.08;-0.0231206925002827;0.133189114763991;0
12.09;-0.0217867778523716;0.133631303622543;0
12.1;-0.0204486249475237;0.13403267512006;0
12.11;-0.0191066421952673;0.134393179092774;0
12.12;-0.0177612384512464;0.134712777713599;0
12.13;-0.0164128228938959;0.134991445482271;0
12.14;-0.0150618049012305;0.135229169211805;0
12.15;-0.0137085939277869;0.135425948011283;0
12.16;-0.012353599381754;0.135581793264994;0
12.17;-0.0109972305023277;0.135696728607917;0
12.18;-0.00963989623732803;0.135770789897587;0
12.19;-0.00828200512111344;0.135804025182337;0
12.2;-0.00692396515282882;0.135796494665946;0
12.21;-0.00556618367502345;0.135748270668695;0
12.22;-0.00420906725267421;0.135659437584873;0
12.23;-0.00285302155264988;0.135530091836719;0
12.24;-0.00149845122365181;0.13536034182485;0
12.25;-0.000145759776666084;0.135150307875182;0
12.26;0.00120465053403776;0.134900122182363;0
12.27;0.00255237882932679;0.134609928749747;0
12.28;0.00389702572300895;0.134279883325933;0
12.29;0.00523819343898748;0.133910153337894;0
12.3;0.00657548592773116;0.133500917820715;0
12.31;0.00790850898202698;0.133052367343974;0
12.32;0.00923687035198151;0.132564703934795;0
12.33;0.010560179859238;0.132038140997598;0
12.34;0.0118780495103759;0.13147290323057;0
12.35;0.0131900936094613;0.130869226538903;0
12.36;0.0144959288697141;0.130227357944817;0
12.37;0.0157951745242621;0.129547555494405;0
12.38;0.0170874524359489;0.128830088161337;0
12.39;0.0183723872061647;0.128075235747447;0
12.4;0.0196496062826695;0.127283288780255;0
12.41;0.0209187400663775;0.126454548407439;0
12.42;0.0221794220170729;0.125589326288316;0
12.43;0.0234312887580268;0.124687944482347;0
12.44;0.0246739801794863;0.123750735334726;0
12.45;0.0259071395410065;0.122778041359076;0
12.46;0.027130413572596;0.121770215117302;0
12.47;0.0283434525746492;0.120727619096638;0
12.48;0.0295459105166358;0.119650625583926;0
12.49;0.0307374451345216;0.11853961653718;0
12.5;0.0319177180268915;0.117394983454469;0
12.51;0.0330863947497514;0.116217127240162;0
12.52;0.0342431449099789;0.115006458068587;0
12.53;0.0353876422574005;0.113763395245148;0
12.54;0.0365195647754679;0.112488367064939;0
12.55;0.0376385947705098;0.111181810668904;0
12.56;0.0387444189595342;0.109844171897603;0
12.57;0.0398367285565579;0.10847590514261;0
12.58;0.0409152193574393;0.10707747319561;0
12.59;0.0419795918231921;0.105649347095234;0
12.6;0.0430295511617577;0.104192005971687;0
12.61;0.0440648074082134;0.102705936889218;0
12.62;0.0450850755033964;0.10119163468648;0
12.63;0.046090075370922;0.099649601814837;0
12.64;0.0470795319925753;0.0980803481746626;0
12.65;0.0480531754820579;0.0964843909496918;0
12.66;0.0490107411570689;0.0948622544394712;0
12.67;0.0499519696097022;0.0932144698899652;0
12.68;0.0508766067751417;0.0915415753223706;0
12.69;0.0517844039986373;0.0898441153601953;0
12.7;0.0526751181007432;0.0881226410546538;0
12.71;0.0535485114408035;0.0863777097084371;0
12.72;0.0544043519786681;0.0846098846979111;0
12.73;0.0552424133346236;0.0828197352937999;0
12.74;0.0560624748475248;0.0810078364804108;0
12.75;0.0568643216311118;0.0791747687734563;0
12.76;0.057647744628499;0.0773211180365326;0
12.77;0.0584125406648238;0.075447475296309;0
12.78;0.059158512498041;0.073554436556488;0
12.79;0.0598854688678512;0.0716426026105931;0
12.8;0.0605932245427531;0.0697125788536427;0
12.81;0.0612816003652066;0.0677649750927676;0
12.82;0.0619504232948982;0.0658004053568327;0
12.83;0.062599526450098;0.063819487705119;0
12.84;0.0632287491471002;0.0618228440351273;0
12.85;0.0638379369377365;0.0598110998895611;0
12.86;0.0644269416449575;0.0577848842625486;0
12.87;0.0649956213964719;0.0557448294051637;0
12.88;0.0655438406564389;0.053691570630304;0
12.89;0.0660714702552053;0.0516257461169871;0
12.9;0.0665783874170853;0.0495479967141236;0
12.91;0.0670644757861737;0.0474589657438276;0
12.92;0.0675296254501919;0.0453592988043235;0
12.93;0.0679737329623603;0.0432496435725088;0
12.94;0.068396701361296;0.0411306496062341;0
12.95;0.0687984401889315;0.0390029681463585;0
12.96;0.0691788655064535;0.0368672519186407;0
12.97;0.0695378999082597;0.0347241549355254;0
12.98;0.069875472533934;0.0325743322978852;0
12.99;0.0701915190782383;0.0304184399967763;0
13;0.0704859817991223;0.0282571347152686;0
13.01;0.0707588095237531;0.0260910736304084;0
13.02;0.0710099576525636;0.0239209142153739;0
13.03;0.0712393881613248;0.0217473140418819;0
13.04;0.0714470696012435;0.0195709305829042;0
13.05;0.0716329770970876;0.0173924210157531;0
13.06;0.0717970923433457;0.0152124420255933;0
13.07;0.0719394035984225;0.0130316496094403;0
13.08;0.0720599056768781;0.0108506988807002;0
13.09;0.0721585999397136;0.00867024387431173;0
13.1;0.0722354942827128;0.00649093735254606;0
13.11;0.0722906031228435;0.00431343061152135;0
13.12;0.0723239473827286;0.00213837328849;0
13.13;0.0723355544731932;-3.35868300459119e-05;0
13.14;0.0723254582738965;-0.00220180399933466;0
13.15;0.0722936991120587;-0.0043656347064345;0
13.16;0.0722403237392908;-0.00652443785927767;0
13.17;0.0721653853065394;-0.00867757497468382;0
13.18;0.0720689433371555;-0.0108244103652682;0
13.19;0.0719510636980995;-0.0129643113251905;0
13.2;0.0718118185692948;-0.0150966483146909;0
13.21;0.071651286411141;-0.0172207951433597;0
13.22;0.0714695519302004;-0.0193361291520882;0
13.23;0.0712667060430714;-0.0214420313936477;0
13.24;0.0710428458384621;-0.0235378868118465;0
13.25;0.0707980745374793;-0.0256230844192116;0
13.26;0.0705325014521474;-0.0276970174731462;0
13.27;0.0702462419421725;-0.0297590836505111;0
13.28;0.0699394173699681;-0.0318086852205823;0
13.29;0.069612155053959;-0.0338452292163342;0
13.3;0.0692645882201799;-0.0358681276039998;0
13.31;0.0688968559521859;-0.0378767974508623;0
13.32;0.068509103139294;-0.0398706610912275;0
13.33;0.0681014804231725;-0.0418491462905332;0
13.34;0.0676741441427985;-0.0438116864075483;0
13.35;0.0672272562778016;-0.0457577205546161;0
13.36;0.0667609843902146;-0.0476866937558981;0
13.37;0.0662755015646505;-0.0495980571035728;0
13.38;0.0657709863469273;-0.0514912679119485;0
13.39;0.0652476226811608;-0.0533657898694443;0
13.4;0.0647055998453478;-0.055221093188401;0
13.41;0.0641451123854606;-0.0570566547526773;0
13.42;0.063566360048076;-0.0588719582629938;0
13.43;0.0629695477115612;-0.0606664943799828;0
13.44;0.0623548853158391;-0.0624397608649067;0
13.45;0.0617225877907579;-0.0641912627180052;0
13.46;0.0610728749830875;-0.0659205123144357;0
13.47;0.0604059715821672;-0.0676270295377686;0
13.48;0.0597221070442306;-0.0693103419110032;0
13.49;0.0590215155154302;-0.0709699847250673;0
13.5;0.05830443575359;-0.0726055011647688;0
13.51;0.0575711110487086;-0.0742164424321635;0
13.52;0.0568217891422419;-0.0758023678673081;0
13.53;0.056056722145189;-0.077362845066366;0
13.54;0.0552761664550096;-0.0788974499970354;0
13.55;0.0544803826713989;-0.0804057671112698;0
13.56;0.0536696355109484;-0.0818873894552608;0
13.57;0.0528441937207183;-0.0833419187766564;0
13.58;0.0520043299907509;-0.0847689656289864;0
13.59;0.0511503208655521;-0.0861681494732687;0
13.6;0.0502824466545698;-0.0875390987767704;0
13.61;0.0494009913416976;-0.0888814511089006;0
13.62;0.0485062424938322;-0.0901948532342086;0
13.63;0.0475984911685147;-0.0914789612024666;0
13.64;0.0466780318206833;-0.0927334404358144;0
13.65;0.0457451622085686;-0.0939579658129447;0
13.66;0.04480018329876;-0.0951522217503084;0
13.67;0.0438433991704741;-0.0963159022803223;0
13.68;0.0428751169190537;-0.0974487111265594;0
13.69;0.0418956465587292;-0.0985503617759047;0
13.7;0.0409053009246722;-0.0996205775476608;0
13.71;0.0399043955743713;-0.100659091659587;0
13.72;0.0388932486883619;-0.101665647290859;0
13.73;0.0378721809703399;-0.10263999764193;0
13.74;0.036841515546691;-0.103581905991293;0
13.75;0.0358015778654665;-0.104491145749117;0
13.76;0.0347526955948366;-0.105367500507754;0
13.77;0.0336951985210526;-0.106210764089116;0
13.78;0.03262941844595;-0.107020740588892;0
13.79;0.0315556890840231;-0.10779724441762;0
13.8;0.0304743459591033;-0.108540100338586;0
13.81;0.029385726300673;-0.109249143502566;0
13.82;0.0282901689398457;-0.109924219479384;0
13.83;0.0271880142050455;-0.110565184286299;0
13.84;0.0260796038174163;-0.11117190441321;0
13.85;0.0249652807859939;-0.111744256844679;0
13.86;0.0238453893026721;-0.112282129078765;0
13.87;0.0227202746369944;-0.112785419142685;0
13.88;0.0215902830308038;-0.113254035605278;0
13.89;0.0204557615927823;-0.113687897586302;0
13.9;0.0193170581929112;-0.114086934762538;0
13.91;0.0181745213568854;-0.114451087370734;0
13.92;0.017028500160512;-0.114780306207362;0
13.93;0.0158793441241258;-0.115074552625227;0
13.94;0.014727403107053;-0.115333798526902;0
13.95;0.0135730272021542;-0.115558026355023;0
13.96;0.0124165666304796;-0.115747229079437;0
13.97;0.0112583716360657;-0.115901410181214;0
13.98;0.0100987923809069;-0.116020583633541;0
13.99;0.00893817884013144;-0.116104773879499;0
14;0.00777688069741414;-0.116154015806744;0
14.01;0.00661524724065576;-0.116168354719094;0
14.02;0.00545362725796055;-0.116147846305051;0
14.03;0.00429236893394237;-0.116092556603259;0
14.04;0.00313181974638987;-0.116002561964918;0
14.05;0.0019723263633212;-0.115877949013175;0
14.06;0.000814234540458354;-0.115718814599502;0
14.07;-0.000342110980848812;-0.115525265757087;0
14.08;-0.00149636657521902;-0.115297419651248;0
14.09;-0.00264818983432692;-0.115035403526899;0
14.1;-0.00379723966745183;-0.114739354653083;0
14.11;-0.00494317640145879;-0.1144094202646;0
14.12;-0.0060856618801827;-0.114045757500735;0
14.13;-0.00722435956318709;-0.11364853334114;0
14.14;-0.00835893462386868;-0.113217924538864;0
14.15;-0.0094890540468797;-0.112754117550574;0
14.16;-0.0106143867248397;-0.112257308463981;0
14.17;-0.0117346035543095;-0.111727702922513;0
14.18;-0.012849377530999;-0.111165516047246;0
14.19;-0.0139583838441826;-0.110570972356131;0
14.2;-0.0150612999702945;-0.109944305680541;0
14.21;-0.0161578057656778;-0.109285759079171;0
14.22;-0.0172475835584604;-0.108595584749323;0
14.23;-0.0183303182395326;-0.107874043935596;0
14.24;-0.0194056973525995;-0.107121406836029;0
14.25;-0.0204734111832841;-0.106337952505718;0
14.26;-0.0215331528472545;-0.105523968757945;0
14.27;-0.0225846183773524;-0.104679752062846;0
14.28;-0.0236275068096961;-0.103805607443669;0
14.29;-0.0246615202687365;-0.102901848370636;0
14.3;-0.0256863640512403;-0.101968796652458;0
14.31;-0.0267017467091785;-0.101006782325545;0
14.32;-0.0277073801314959;-0.100016143540926;0
14.33;-0.0287029796247408;-0.0989972264489433;0
14.34;-0.0296882639925307;-0.0979503850817398;0
14.35;-0.0306629556138337;-0.0968759812335884;0
14.36;-0.0316267805200437;-0.0957743843391002;0
14.37;-0.0325794684708278;-0.0946459713493512;0
14.38;-0.0335207530287257;-0.0934911266059688;0
14.39;-0.0344503716324822;-0.0923102417132195;0
14.4;-0.0353680656690895;-0.0911037154081396;0
14.41;-0.0362735805445247;-0.0898719534287503;0
14.42;-0.0371666657531587;-0.0886153683804016;0
14.43;-0.038047074945822;-0.0873343796002864;0
14.44;-0.0389145659965062;-0.0860294130201701;0
14.45;-0.0397689010676864;-0.0847009010273793;0
14.46;-0.0406098466742444;-0.0833492823240942;0
14.47;-0.041437173745978;-0.0819750017849895;0
14.48;-0.0422506576886798;-0.0805785103132708;0
14.49;-0.0430500784437685;-0.0791602646951498;0
14.5;-0.0438352205464588;-0.0777207274528075;0
14.51;-0.0446058731824538;-0.0762603666958897;0
14.52;-0.0453618302431463;-0.0747796559715835;0
14.53;-0.0461028903793147;-0.073279074113321;0
14.54;-0.046828857053299;-0.0717591050881587;0
14.55;-0.0475395385896463;-0.0702202378428805;0
14.56;-0.0482347482242107;-0.068662966148872;0
14.57;-0.048914304151697;-0.0670877884458157;0
14.58;-0.0495780295716358;-0.065495207684255;0
14.59;-0.0502257527327801;-0.0638857311670768;0
14.6;-0.0508573069759112;-0.0622598703899622;0
14.61;-0.0514725307750455;-0.0606181408808541;0
14.62;-0.0520712677770307;-0.0589610620384919;0
14.63;-0.0526533668395244;-0.0572891569700643;0
14.64;-0.0532186820673446;-0.0556029523280282;0
14.65;-0.0537670728471855;-0.0539029781461462;0
14.66;-0.0542984038806896;-0.0521897676747923;0
14.67;-0.0548125452158707;-0.0504638572155759;0
14.68;-0.0553093722768791;-0.0487257859553357;0
14.69;-0.0557887658921054;-0.0469760957995542;0
14.7;-0.0562506123206146;-0.0452153312052436;0
14.71;-0.0566948032769083;-0.0434440390133533;0
14.72;-0.0571212359540079;-0.0416627682807518;0
14.73;-0.0575298130448563;-0.0398720701118327;0
14.74;-0.0579204427620344;-0.0380724974897961;0
14.75;-0.0582930388557889;-0.0362646051076575;0
14.76;-0.0586475206303688;-0.0344489491990336;0
14.77;-0.0589838129586696;-0.0326260873687581;0
14.78;-0.0593018462951829;-0.0307965784233767;0
14.79;-0.0596015566872501;-0.0289609822015743;0
14.8;-0.0598828857846209;-0.0271198594045828;0
14.81;-0.0601457808473155;-0.025273771426623;0
14.82;-0.0603901947517922;-0.02342328018543;0
14.83;-0.0606160859954198;-0.0215689479529122;0
14.84;-0.0608234186992582;-0.019711337185996;0
14.85;-0.0610121626091484;-0.0178510103577054;0
14.86;-0.0611822930951143;-0.0159885297885271;0
14.87;-0.0613337911490793;-0.0141244574781115;0
14.88;-0.0614666433809025;-0.0122593549373582;0
14.89;-0.0615808420127369;-0.0103937830209377;0
14.9;-0.0616763848717152;-0.00852830176029726;0
14.91;-0.0617532753809682;-0.00666347019720002;0
14.92;-0.0618115225489809;-0.00479984621784761;0
14.93;-0.0618511409572926;-0.00293798638763387;0
14.94;-0.0618721507465479;-0.00107844578657855;0
14.95;-0.061874577600905;0.000778222154510848;0
14.96;-0.0618584527308091;0.00263146581710135;0
14.97;-0.0618238128541391;0.00448073555717321;0
14.98;-0.0617707001757351;0.00632548386658796;0
14.99;-0.0616991623653172;0.00816516553353882;0
15;-0.0616092525338037;0.00999923780203704;0
15.01;-0.0615010292080386;0.011827160530388;0
15.02;-0.0613745563039395;0.013648396348611;0
15.03;-0.0612299030980763;0.0154624108147584;0
15.04;-0.0610671441976915;0.0172686725700872;0
15.05;-0.0608863595091741;0.0190666534930411;0
15.06;-0.0606876342049996;0.0208558288519961;0
15.07;-0.0604710586891478;0.0226356774567288;0
15.08;-0.0602367285610119;0.0244056818085618;0
15.09;-0.059984744577813;0.0261653282491446;0
15.1;-0.0597152126155316;0.0279141071078283;0
15.11;-0.0594282436283735;0.0296515128475908;0
15.12;-0.0591239536067817;0.0313770442094729;0
15.13;-0.0588024635340118;0.0330902043554828;0
15.14;-0.0584638993412849;0.0347905010099308;0
15.15;-0.0581083918615346;0.0364774465991527;0
15.16;-0.0577360767817637;0.038150558389584;0
15.17;-0.0573470945940284;0.039809358624146;0
15.18;-0.0569415905450659;0.0414533746569051;0
15.19;-0.0565197145845834;0.0430821390859697;0
15.2;-0.0560816213122264;0.0446951898845853;0
15.21;-0.0556274699232438;0.0462920705303943;0
15.22;-0.0551574241528697;0.0478723301328228;0
15.23;-0.0546716522194387;0.0494355235585609;0
15.24;-0.0541703267662561;0.0509812115551011;0
15.25;-0.0536536248022411;0.0525089608723015;0
15.26;-0.0531217276413634;0.0540183443819414;0
15.27;-0.0525748208408938;0.0555089411952355;0
15.28;-0.052013094138488;0.0569803367782766;0
15.29;-0.0514367413881267;0.0584321230653742;0
15.3;-0.0508459604949308;0.0598638985702598;0
15.31;-0.0502409533488751;0.061275268495129;0
15.32;-0.0496219257574204;0.0626658448374909;0
15.33;-0.0489890873770884;0.0640352464947969;0
15.34;-0.0483426516439992;0.0653830993668214;0
15.35;-0.0476828357033958;0.0667090364557682;0
15.36;-0.0470098603381781;0.0680126979640742;0
15.37;-0.0463239498964685;0.0692937313898888;0
15.38;-0.0456253322182341;0.0705517916202;0
15.39;-0.0449142385609877;0.0717865410215876;0
15.4;-0.0441909035245926;0.0729976495285768;0
15.41;-0.0434555649751943;0.0741847947295724;0
15.42;-0.0427084639683037;0.0753476619503502;0
15.43;-0.0419498446710573;0.0764859443350863;0
15.44;-0.0411799542836771;0.0775993429249027;0
15.45;-0.0403990429601573;0.0786875667339116;0
15.46;-0.0396073637282011;0.0797503328227379;0
15.47;-0.0388051724084345;0.0807873663695047;0
15.48;-0.0379927275329206;0.0817984007382621;0
15.49;-0.0371702902630026;0.0827831775448455;0
15.5;-0.0363381243064985;0.083741446720147;0
15.51;-0.0354964958342757;0.0846729665707851;0
15.52;-0.0346456733962301;0.0855775038371601;0
15.53;-0.0337859278366969;0.0864548337488808;0
15.54;-0.0329175322093187;0.0873047400775519;0
15.55;-0.0320407616913976;0.0881270151869098;0
15.56;-0.0311558934977583;0.0889214600802968;0
15.57;-0.030263206794148;0.0896878844454637;0
15.58;-0.0293629826102008;0.0904261066966923;0
15.59;-0.0284555037519923;0.0911359540142296;0
15.6;-0.027541054714213;0.0918172623810264;0
15.61;-0.0266199215919852;0.0924698766167747;0
15.62;-0.0256923919923528;0.0930936504092364;0
15.63;-0.0247587549454697;0.0936884463428614;0
15.64;-0.0238193008155135;0.0942541359246884;0
15.65;-0.0228743212113537;0.0947905996075271;0
15.66;-0.0219241088969994;0.0952977268104192;0
15.67;-0.0209689577018549;0.095775415936376;0
15.68;-0.0200091624308102;0.0962235743873924;0
15.69;-0.0190450187741937;0.0966421185767385;0
15.7;-0.0180768232176139;0.0970309739385277;0
15.71;-0.0171048729517184;0.0973900749345649;0
15.72;-0.0161294657818955;0.0977193650584766;0
15.73;-0.0151509000379478;0.0980187968371266;0
15.74;-0.0141694744837636;0.0982883318293215;0
15.75;-0.0131854882270126;0.0985279406218109;0
15.76;-0.0121992406288951;0.0987376028225881;0
15.77;-0.011211031213969;0.0989173070514985;0
15.78;-0.0102211595800839;0.0990670509281625;0
15.79;-0.0092299253084471;0.0991868410572211;0
15.8;-0.00823762787385009;0.0992766930109145;0
15.81;-0.00724456655508029;0.099336631309001;0
15.82;-0.00625104034554619;0.0993666893960297;0
15.83;-0.00525734786414136;0.0993669096159761;0
15.84;-0.00426378726637397;0.0993373431842541;0
15.85;-0.00327065615578795;0.0992780501571162;0
15.86;-0.00227825149570187;0.099189099398457;0
15.87;-0.0012868695212914;0.0990705685440327;0
15.88;-0.000296805652041131;0.0989225439631134;0
15.89;0.000691645595408584;0.0987451207175826;0
15.9;0.00167819069399441;0.0985384025185019;0
15.91;0.0026625371925171;0.0983025016801576;0
15.92;0.00364439380145771;0.0980375390716068;0
15.93;0.00462347047829819;0.0977436440657432;0
15.94;0.00559947851232146;0.0974209544859005;0
15.95;0.00657213060886658;0.0970696165500156;0
15.96;0.00754114097301456;0.0966897848123699;0
15.97;0.00850622539268086;0.0962816221029332;0
15.98;0.00946710132109055;0.0958452994643302;0
15.99;0.0104234879586126;0.0953809960864539;0
16;0.0113751063339296;0.0948888992387493;0
16.01;0.0123216793845204;0.0943692042001912;0
16.02;0.0132629320364315;0.0938221141869814;0
16.03;0.0141985912833159;0.0932478402779913;0
16.04;0.0151283862647162;0.0926466013379751;0
16.05;0.0160520483435694;0.0920186239385821;0
16.06;0.0169693111829129;0.0913641422771931;0
16.07;0.0178799108217682;0.0906833980936116;0
16.08;0.0187835857501827;0.0899766405846369;0
16.09;0.0196800769834076;0.0892441263165483;0
16.1;0.0205691281351912;0.0884861191355312;0
16.11;0.0214504854901672;0.0877028900760747;0
16.12;0.0223238980753188;0.0868947172673717;0
16.13;0.0231891177304964;0.0860618858377535;0
16.14;0.0240458991779728;0.0852046878171903;0
16.15;0.0248940000910131;0.0843234220378903;0
16.16;0.0257331811614431;0.0834183940330312;0
16.17;0.0265632061661968;0.0824899159336565;0
16.18;0.0273838420328239;0.0815383063637713;0
16.19;0.0281948589039416;0.0805638903336724;0
16.2;0.0289960302006104;0.0795669991315468;0
16.21;0.0297871326846194;0.0785479702133753;0
16.22;0.0305679465196625;0.0775071470911758;0
16.23;0.03133825533139;0.0764448792196242;0
16.24;0.032097846266319;0.0753615218810874;0
16.25;0.0328465100495872;0.0742574360691086;0
16.26;0.0335840410415353;0.0731329883703798;0
16.27;0.0343102372931009;0.0719885508452405;0
16.28;0.0350249006000132;0.0708245009067417;0
16.29;0.0357278365557696;0.069641221198313;0
16.3;0.0364188546033848;0.0684390994700712;0
16.31;0.0370977680858957;0.0672185284538124;0
16.32;0.0377643942956111;0.0659799057367237;0
16.33;0.0384185545220931;0.0647236336338582;0
16.34;0.0390600740988567;0.0634501190594108;0
16.35;0.0396887824487786;0.0621597733968373;0
16.36;0.0403045131282003;0.0608530123678563;0
16.37;0.040907103869718;0.0595302559003766;0
16.38;0.0414963966236462;0.0581919279953902;0
16.39;0.0420722375981454;0.0568384565928733;0
16.4;0.0426344772980058;0.055470273436737;0
16.41;0.0431829705620749;0.0540878139388695;0
16.42;0.0437175765993225;0.0526915170423136;0
16.43;0.0442381590235335;0.0512818250836191;0
16.44;0.0447445858866207;0.0498591836544161;0
16.45;0.04523672971055;0.0484240414622496;0
16.46;0.0457144675178706;0.0469768501907193;0
16.47;0.0461776808608437;0.0455180643589684;0
16.48;0.0466262558491636;0.0440481411805625;0
16.49;0.0470600831762648;0.0425675404218053;0
16.5;0.0474790581442096;0.0410767242595305;0
16.51;0.0478830806871519;0.0395761571384172;0
16.52;0.0482720553933718;0.0380663056278697;0
16.53;0.0486458915258776;0.036547638278507;0
16.54;0.0490045030415706;0.0350206254783045;0
16.55;0.0493478086089704;0.0334857393084328;0
16.56;0.0496757316244969;0.0319434533988362;0
16.57;0.0499882002273075;0.030394242783595;0
16.58;0.0502851473126869;0.0288385837561165;0
16.59;0.0505665105439882;0.0272769537241962;0
16.6;0.0508322323631245;0.0257098310649946;0
16.61;0.0510822599996092;0.0241376949799727;0
16.62;0.0513165454781468;0.0225610253498296;0
16.63;0.0515350456247722;0.0209803025894859;0
16.64;0.0517377220715409;0.0193960075031561;0
16.65;0.0519245412597704;0.0178086211395533;0
16.66;0.0520954744418338;0.0162186246472699;0
16.67;0.0522504976815087;0.0146264991303762;0
16.68;0.0523895918528834;0.0130327255042813;0
16.69;0.0525127426378227;0.0114377843518977;0
16.7;0.0526199405219965;0.00984215578015307;0
16.71;0.0527111807894763;0.00824631927689112;0
16.72;0.0527864635159014;0.00665075356820421;0
16.73;0.0528457935602215;0.00505593647623932;0
16.74;0.0528891805550191;0.00346234477751946;0
16.75;0.0529166388954178;0.00187045406182196;0
16.76;0.052928187726582;0.000280738591655107;0
16.77;0.0529238509298139;-0.00130632883762592;0
16.78;0.0529036571072554;-0.00289027703702282;0
16.79;0.0528676395652004;-0.00447063656237727;0
16.8;0.0528158362960264;-0.00604693985209287;0
16.81;0.0527482899587514;-0.00761872136405619;0
16.82;0.0526650478582269;-0.00918551771171703;0
16.83;0.0525661619229721;-0.0107468677992887;0
16.84;0.0524516886816622;-0.0123023129560294;0
16.85;0.0523216892382766;-0.0138513970695654;0
16.86;0.052176229245919;-0.0153936667182189;0
16.87;0.0520153788793189;-0.0169286713023013;0
16.88;0.0518392128060246;-0.018455963174335;0
16.89;0.0516478101562993;-0.019975097768167;0
16.9;0.0514412544917311;-0.0214856337269359;0
16.91;0.0512196337725683;-0.0229871330298581;0
16.92;0.050983040323793;-0.0244791611177949;0
16.93;0.0507315707999436;-0.0259612870175675;0
16.94;0.050465326148701;-0.0274330834649819;0
16.95;0.0501844115732497;-0.0288941270265318;0
16.96;0.0498889364934283;-0.0303439982197433;0
16.97;0.0495790145056829;-0.0317822816321287;0
16.98;0.0492547633418368;-0.033208566038716;0
16.99;0.0489163048266924;-0.0346224445181205;0
17;0.0485637648344777;-0.0360235145671278;0
17.01;0.0481972732441551;-0.0374113782137548;0
17.02;0.0478169638936058;-0.0387856421287578;0
17.03;0.0474229745327067;-0.0401459177355588;0
17.04;0.0470154467753144;-0.0414918213185561;0
17.05;0.0465945260501747;-0.0428229741297932;0
17.06;0.0461603615507719;-0.0441390024939547;0
17.07;0.0457131061841362;-0.0454395379116609;0
17.08;0.0452529165186262;-0.0467242171610341;0
17.09;0.0447799527307025;-0.0479926823975076;0
17.1;0.0442943785507129;-0.0492445812518514;0
17.11;0.043796361207704;-0.0504795669263885;0
17.12;0.0432860713732795;-0.0516972982893757;0
17.13;0.042763683104523;-0.052897439967523;0
17.14;0.0422293737860045;-0.0540796624366288;0
17.15;0.0416833240708876;-0.0552436421103054;0
17.16;0.0411257178211604;-0.0563890614267725;0
17.17;0.0405567420470053;-0.0575156089336949;0
17.18;0.0399765868453301;-0.058622979371044;0
17.19;0.0393854453374796;-0.0597108737519601;0
17.2;0.0387835136061474;-0.0607789994415948;0
17.21;0.0381709906315083;-0.0618270702339152;0
17.22;0.0375480782265924;-0.0628548064264472;0
17.23;0.0369149809719205;-0.0638619348929429;0
17.24;0.0362719061494226;-0.0648481891539496;0
17.25;0.0356190636756602;-0.0658133094452668;0
17.26;0.0349566660343738;-0.066757042784272;0
17.27;0.0342849282083759;-0.0676791430340991;0
17.28;0.0336040676108132;-0.0685793709656554;0
17.29;0.0329143040158175;-0.0694574943174606;0
17.3;0.0322158594885683;-0.0703132878532948;0
17.31;0.031508958314789;-0.0711465334176411;0
17.32;0.0307938269296985;-0.0719570199889105;0
17.33;0.0300706938464406;-0.0727445437304376;0
17.34;0.0293397895840134;-0.0735089080392336;0
17.35;0.0286013465947217;-0.0742499235924879;0
17.36;0.0278555991911739;-0.0749674083918078;0
17.37;0.0271027834728475;-0.0756611878051857;0
17.38;0.0263431372522442;-0.076331094606687;0
17.39;0.0255768999806597;-0.0769769690138485;0
17.4;0.0248043126735886;-0.0775986587227829;0
17.41;0.0240256178357891;-0.0781960189409795;0
17.42;0.0232410593860308;-0.0787689124177982;0
17.43;0.0224508825815461;-0.0793172094726496;0
17.44;0.0216553339422126;-0.0798407880208577;0
17.45;0.0208546611744854;-0.0803395335972015;0
17.46;0.0200491130951052;-0.0808133393771313;0
17.47;0.019238939554605;-0.0812621061956592;0
17.48;0.0184243913606377;-0.0816857425639203;0
17.49;0.017605720201149;-0.0820841646834049;0
17.5;0.0167831785674186;-0.0824572964578606;0
17.51;0.0159570196769922;-0.0828050695028654;0
17.52;0.015127497396529;-0.0831274231530726;0
17.53;0.0142948661645868;-0.0834243044671296;0
17.54;0.0134593809143685;-0.0836956682302719;0
17.55;0.0126212969964528;-0.0839414769545981;0
17.56;0.0117808701015334;-0.0841617008770268;0
17.57;0.010938356183188;-0.0843563179549421;0
17.58;0.0100940113807019;-0.0845253138595324;0
17.59;0.00924809194196841;-0.0846686819668279;0
17.6;0.00840085414648922;-0.0847864233464442;0
17.61;0.00755255422849749;-0.084878546748039;0
17.62;0.00670344830022685;-0.0849450685854896;0
17.63;0.00585379227534871;-0.0849860129188009;0
17.64;0.00500384179260075;-0.0850014114337514;0
17.65;0.00415385213962902;-0.0849913034192894;0
17.66;0.00330407817706619;-0.084955735742688;0
17.67;0.00245477426286834;-0.0848947628224717;0
17.68;0.00160619417693238;-0.0848084465991259;0
17.69;0.000758591046016406;-0.0846968565036015;0
17.7;-8.77827310152078e-05;-0.0845600694236287;0
17.71;-0.000932675557599988;-0.0843981696678536;0
17.72;-0.00177583671351719;-0.0842112489278115;0
17.73;-0.00261701642853765;-0.0839994062377527;0
17.74;-0.00345596595566234;-0.0837627479323362;0
17.75;-0.00429243764392827;-0.0835013876022078;0
17.76;-0.00512618501076076;-0.0832154460474796;0
17.77;-0.00595696281385108;-0.0829050512291279;0
17.78;-0.00678452712253879;-0.0825703382183289;0
17.79;-0.00760863538867828;-0.082211449143749;0
17.8;-0.00842904651696895;-0.0818285331368112;0
17.81;-0.00924552093472919;-0.0814217462749558;0
17.82;-0.0100578206610938;-0.0809912515229168;0
17.83;-0.0108657093756157;-0.0805372186720344;0
17.84;-0.0116689524862512;-0.0800598242776253;0
17.85;-0.0124673171967117;-0.079559251594434;0
17.86;-0.0132605725731598;-0.0790356905101856;0
17.87;-0.0140484896102333;-0.0784893374772655;0
17.88;-0.0148308412963781;-0.0779203954425477;0
17.89;-0.0156074026784699;-0.0773290737753981;0
17.9;-0.0163779509257089;-0.0767155881938753;0
17.91;-0.017142265392768;-0.0760801606891556;0
17.92;-0.0179001276821773;-0.0754230194482076;0
17.93;-0.0186513217059281;-0.0747443987747418;0
17.94;-0.0193956337462779;-0.0740445390084636;0
17.95;-0.0201328525157409;-0.0733236864426545;0
17.96;-0.0208627692162474;-0.0725820932401112;0
17.97;-0.0215851775974539;-0.0718200173474691;0
17.98;-0.0222998740141905;-0.07103772240794;0
17.99;-0.0230066574830284;-0.0702354776724914;0
18;-0.0237053297379519;-0.0694135579094981;0
18.01;-0.0243956952851205;-0.0685722433128945;0
18.02;-0.0250775614567055;-0.0677118194088594;0
18.03;-0.0257507384637878;-0.0668325769610615;0
18.04;-0.0264150394483006;-0.0659348118744988;0
18.05;-0.0270702805340053;-0.0650188250979617;0
18.06;-0.0277162808764854;-0.064084922525152;0
18.07;-0.0283528627121458;-0.0631334148944887;0
18.08;-0.0289798514062045;-0.0621646176876355;0
18.09;-0.0295970754996637;-0.0611788510267787;0
18.1;-0.0302043667552483;-0.0601764395706925;0
18.11;-0.0308015602022998;-0.059157712409622;0
18.12;-0.0313884941806138;-0.0581230029590183;0
18.13;-0.0319650103832095;-0.0570726488521608;0
18.14;-0.0325309538980212;-0.0560069918316987;0
18.15;-0.0330861732484996;-0.0549263776401472;0
18.16;-0.0336305204331144;-0.0538311559093735;0
18.17;-0.0341638509637466;-0.0527216800491064;0
18.18;-0.0346860239029621;-0.0515983071345046;0
18.19;-0.0351969019001569;-0.050461397792821;0
18.2;-0.0356963512265641;-0.0493113160891951;0
18.21;-0.0361842418091167;-0.0481484294116125;0
18.22;-0.0366604472631548;-0.0469731083550658;0
18.23;-0.0371248449239717;-0.0457857266049524;0
18.24;-0.0375773158771906;-0.0445866608197478;0
18.25;-0.0380177449879651;-0.043376290512988;0
18.26;-0.0384460209289959;-0.0421549979345998;0
18.27;-0.0388620362073584;-0.040923167951614;0
18.28;-0.0392656871901354;-0.0396811879282999;0
18.29;-0.0396568741288474;-0.0384294476057567;0
18.3;-0.0400355011826776;-0.0371683389809997;0
18.31;-0.0404014764404849;-0.0358982561855775;0
18.32;-0.0407547119416019;-0.0346195953637588;0
18.33;-0.0410951236954118;-0.0333327545503249;0
18.34;-0.041422631699703;-0.0320381335480048;0
18.35;-0.0417371599577951;-0.0307361338045923;0
18.36;-0.0420386364944363;-0.0294271582897801;0
18.37;-0.0423269933704665;-0.0281116113717498;0
18.38;-0.0426021666962465;-0.0267898986935551;0
18.39;-0.0428640966438499;-0.0254624270493344;0
18.4;-0.0431127274580159;-0.024129604260392;0
18.41;-0.0433480074658634;-0.0227918390511842;0
18.42;-0.0435698890853642;-0.0214495409252472;0
18.43;-0.0437783288325752;-0.0201031200411054;0
18.44;-0.0439732873276298;-0.0187529870881964;0
18.45;-0.0441547292994895;-0.0173995531628498;0
18.46;-0.0443226235894543;-0.016043229644358;0
18.47;-0.0444769431534354;-0.0146844280711739;0
18.48;-0.0446176650629906;-0.013323560017275;0
18.49;-0.0447447705051232;-0.0119610369687285;0
18.5;-0.0448582447808492;-0.0105972702004949;0
18.51;-0.044958077302532;-0.00923267065350738;0
18.52;-0.0450442615899907;-0.00786764881206137;0
18.53;-0.0451167952653828;-0.00650261458155295;0
18.54;-0.0451756800468668;-0.00513797716660004;0
18.55;-0.0452209217410474;-0.00377414494958351;0
18.56;-0.0452525302342079;-0.00241152536964346;0
18.57;-0.0452705194823356;-0.00105052480216612;0
18.58;-0.0452749074999434;0.000308451561203123;0
18.59;-0.0452657163476948;0.00166499983198578;0
18.6;-0.0452429721188368;0.00301871754370028;0
18.61;-0.0452067049244477;0.00436920377006165;0
18.62;-0.0451569488775053;0.00571605924251622;0
18.63;-0.0450937420757838;0.00705888646707752;0
18.64;-0.0450171265835844;0.00839728984042934;0
18.65;-0.0449271484123095;0.00973087576526254;0
18.66;-0.0448238574998862;0.0110592527648123;0
18.67;-0.0447073076890486;0.012382031596563;0
18.68;-0.0445775567044867;0.0136988253650875;0
18.69;-0.0444346661288713;0.0150092496339896;0
18.7;-0.0442787013777629;0.0163129225369164;0
18.71;-0.0441097316734158;0.0176094648876097;0
18.72;-0.043927830017485;0.0188985002889649;0
18.73;-0.0437330731626479;0.0201796552410665;0
18.74;-0.0435255415831503;0.0214525592481688;0
18.75;-0.0433053194442868;0.0227168449245936;0
18.76;-0.0430724945708283;0.0239721480995116;0
18.77;-0.0428271584144053;0.0252181079205822;0
18.78;-0.0425694060198621;0.0264543669564187;0
18.79;-0.0422993359905893;0.0276805712978531;0
18.8;-0.0420170504528515;0.0288963706579701;0
18.81;-0.0417226550191186;0.0301014184708841;0
18.82;-0.0414162587504158;0.0312953719892307;0
18.83;-0.0410979741177049;0.032477892380346;0
18.84;-0.0407679169623088;0.0336486448211073;0
18.85;-0.0404262064553946;0.0348072985914084;0
18.86;-0.0400729650565282;0.0359535271662453;0
18.87;-0.0397083184713135;0.0370870083063849;0
18.88;-0.0393323956081323;0.0382074241475941;0
18.89;-0.0389453285339982;0.0393144612884036;0
18.9;-0.0385472524295391;0.0404078108763834;0
18.91;-0.0381383055431247;0.0414871686929063;0
18.92;-0.0377186291441523;0.0425522352363763;0
18.93;-0.0372883674755075;0.0436027158039007;0
18.94;-0.0368476677052159;0.044638320571383;0
18.95;-0.0363966798773002;0.0456587646720153;0
18.96;-0.0359355568618604;0.0466637682731506;0
18.97;-0.0354644543043919;0.0476530566515332;0
18.98;-0.0349835305743594;0.0486263602668689;0
18.99;-0.0344929467130424;0.0495834148337141;0
19;-0.0339928663806692;0.0505239613916675;0
19.01;-0.0334834558028571;0.0514477463738438;0
19.02;-0.0329648837163756;0.0523545216736133;0
19.03;-0.0324373213142496;0.0532440447095905;0
19.04;-0.0319009421902214;0.0541160784888537;0
19.05;-0.0313559222825876;0.054970391668382;0
19.06;-0.0308024398174308;0.0558067586146924;0
19.07;-0.0302406752512621;0.0566249594616626;0
19.08;-0.0296708112130944;0.0574247801665263;0
19.09;-0.0290930324459631;0.0582060125640263;0
19.1;-0.0285075257479146;0.0589684544187128;0
19.11;-0.0279144799124795;0.0597119094753739;0
19.12;-0.0273140856686501;0.0604361875075876;0
19.13;-0.0267065356203815;0.0611411043643821;0
19.14;-0.0260920241856332;0.061826482014996;0
19.15;-0.0254707475349735;0.0624921485917254;0
19.16;-0.0248429035297626;0.0631379384308515;0
19.17;-0.0242086916599359;0.0637636921116372;0
19.18;-0.0235683129814058;0.0643692564933855;0
19.19;-0.0229219700531016;0.0649544847505517;0
19.2;-0.0222698668736672;0.0655192364059021;0
19.21;-0.0216122088178358;0.0660633773617133;0
19.22;-0.0209492025725022;0.0665867799290048;0
19.23;-0.0202810560725103;0.0670893228548006;0
19.24;-0.0196079784361781;0.0675708913474147;0
19.25;-0.0189301799005783;0.0680313770997565;0
19.26;-0.0182478717565944;0.0684706783106519;0
19.27;-0.0175612662837735;0.0688886997041778;0
19.28;-0.0168705766849935;0.0692853525470073;0
19.29;-0.0161760170209666;0.0696605546637639;0
19.3;-0.0154778021445982;0.0700142304503836;0
19.31;-0.0147761476352207;0.0703463108854837;0
19.32;-0.0140712697327232;0.0706567335397399;0
19.33;-0.0133633852715955;0.0709454425832699;0
19.34;-0.0126527116149084;0.0712123887910272;0
19.35;-0.0119394665882478;0.0714575295462049;0
19.36;-0.0112238684136249;0.0716808288416536;0
19.37;-0.0105061356433798;0.0718822572793148;0
19.38;-0.00978648709410119;0.0720617920676745;0
19.39;-0.00906514178057898;0.0722194170172408;0
19.4;-0.00834231884981208;0.07235512253405;0
19.41;-0.00761823751508944;0.0724689056112072;0
19.42;-0.0068931169901646;0.0725607698184664;0
19.43;-0.00616717642354331;0.0726307252898578;0
19.44;-0.00544063483290363;0.0726787887093675;0
19.45;-0.00471371103966788;0.0727049832946796;0
19.46;-0.00398662360374595;0.0727093387789872;0
19.47;-0.00325959075846914;0.0726918913908813;0
19.48;-0.00253283034573368;0.0726526838323274;0
19.49;-0.00180655975137314;0.0725917652547401;0
19.5;-0.00108099584077848;0.0725091912331643;0
19.51;-0.000356354894784932;0.0724050237385764;0
19.52;0.000367147454155843;0.0722793311083151;0
19.53;0.00108929628549947;0.0721321880146547;0
19.54;0.00180987745381001;0.0719636754315344;0
19.55;0.00252867765162017;0.0717738805994541;0
19.56;0.00324548447193222;0.0715628969885537;0
19.57;0.00396008647034164;0.0713308242598873;0
19.58;0.00467227322676541;0.071077768224909;0
19.59;0.00538183540675716;0.0708038408031839;0
19.6;0.00608856482239155;0.0705091599783415;0
19.61;0.00679225449270022;0.0701938497522869;0
19.62;0.00749269870364222;0.0698580400976858;0
19.63;0.00818969306759148;0.0695018669087431;0
19.64;0.00888303458232451;0.0691254719502889;0
19.65;0.00957252168949134;0.0687290028051944;0
19.66;0.0102579543325533;0.0683126128201323;0
19.67;0.0109391340141707;0.0678764610497038;0
19.68;0.0116158638530253;0.0674207121989504;0
19.69;0.0122879486400594;0.0669455365642702;0
19.7;0.0129551948941184;0.0664511099727605;0
19.71;0.0136174109169785;0.065937613720006;0
19.72;0.0142744068477467;0.0654052345063353;0
19.73;0.0149259947166152;0.0648541643715663;0
19.74;0.0155719884979574;0.0642846006282637;0
19.75;0.0162122041627498;0.0636967457935301;0
19.76;0.0168464597303047;0.0630908075193548;0
19.77;0.017474575319301;0.0624669985215423;0
19.78;0.0180963731980968;0.0618255365072463;0
19.79;0.0187116778343122;0.0611666441011301;0
19.8;0.0193203159436668;0.060490548770182;0
19.81;0.0199221165380601;0.0597974827472066;0
19.82;0.0205169109728802;0.0590876829530203;0
19.83;0.0211045329935296;0.0583613909173741;0
19.84;0.0216848187811536;0.0576188526986316;0
19.85;0.0222576069975608;0.0568603188022273;0
19.86;0.0228227388293224;0.0560860440979317;0
19.87;0.0233800580310389;0.0552962877359508;0
19.88;0.023929410967763;0.0544913130618861;0
19.89;0.0244706466565663;0.053671387530584;0
19.9;0.0250036168072403;0.0528367826189005;0
19.91;0.0255281758621202;0.0519877737374111;0
19.92;0.0260441810350208;0.0511246401410922;0
19.93;0.026551492349275;0.0502476648390049;0
19.94;0.0270499726748645;0.0493571345030079;0
19.95;0.0275394877646339;0.0484533393755289;0
19.96;0.0280199062895772;0.0475365731764256;0
19.97;0.0284910998731908;0.046607133008963;0
19.98;0.0289529431248804;0.0456653192649385;0
19.99;0.0294053136724169;0.0447114355289851;0
20;0.0298480921934308;0.0437457884820806;0
