0;0.1161185127794;0.0288271806074361;0
0.01;0.116390878839342;0.0252921967330048;0
0.02;0.116627887405607;0.0217557067257409;0
0.03;0.116829528200234;0.0182187732741544;0
0.04;0.116995801564782;0.0146824573732722;0
0.05;0.117126718441985;0.011147818009504;0
0.06;0.117222300354248;0.00761591184665297;0
0.07;0.117282579379008;0.00408779291316053;0
0.08;0.117307598120988;0.000564512290680227;0
0.09;0.117297409681323;-0.0029528821959307;0
0.1;0.117252077623608;-0.00646334628711039;0
0.11;0.117171675936861;-0.0099658395954926;0
0.12;0.117056288995428;-0.0134593259111187;0
0.13;0.116906011515837;-0.0169427735048727;0
0.14;0.116720948510637;-0.0204151554300522;0
0.15;0.116501215239221;-0.0238754498219866;0
0.16;0.116246937155664;-0.0273226401956178;0
0.17;0.115958249853598;-0.0307557157409562;0
0.18;0.115635299008137;-0.0341736716163279;0
0.19;0.115278240314884;-0.0375755092393297;0
0.2;0.114887239426041;-0.0409602365754061;0
0.21;0.114462471883633;-0.044326868423969;0
0.22;0.114004123049898;-0.0476744267019765;0
0.23;0.113512388034841;-0.051001940724891;0
0.24;0.112987471620995;-0.0543084474849361;0
0.25;0.112429588185412;-0.0575929919265746;0
0.26;0.111838961618912;-0.0608546272191294;0
0.27;0.111215825242616;-0.0640924150264698;0
0.28;0.110560421721801;-0.0673054257736885;0
0.29;0.109873002977097;-0.0704927389106937;0
0.3;0.109153830093065;-0.0736534431726428;0
0.31;0.108403173224184;-0.0767866368371455;0
0.32;0.107621311498281;-0.0798914279781644;0
0.33;0.106808532917439;-0.0829669347165421;0
0.34;0.105965134256411;-0.0860122854670867;0
0.35;0.105091420958582;-0.0890266191821466;0
0.36;0.104187707029512;-0.092009085591608;0
0.37;0.103254314928094;-0.0949588454392495;0
0.38;0.102291575455363;-0.0978750707153883;0
0.39;0.101299827640998;-0.100756944885756;0
0.4;0.100279418627554;-0.103603663116541;0
0.41;0.0992307035524574;-0.106414432495536;0
0.42;0.0981540454278094;-0.109188472249333;0
0.43;0.0970498150180357;-0.111925013956506;0
0.44;0.0959183907154221;-0.114623301756723;0
0.45;0.0947601584135778;-0.117282592555738;0
0.46;0.0935755113788672;-0.119902156226196;0
0.47;0.0923648501198533;-0.122481275804214;0
0.48;0.0911285822547937;-0.125019247681674;0
0.49;0.0898671223772337;-0.127515381794181;0
0.5;0.0885808919197393;-0.129969001804642;0
0.51;0.0872703190158146;-0.132379445282412;0
0.52;0.085935838360047;-0.134746063877965;0
0.53;0.0845778910665272;-0.137068223493038;0
0.54;0.0831969245255873;-0.139345304446223;0
0.55;0.0817933922589043;-0.141576701633937;0
0.56;0.0803677537730141;-0.143761824686761;0
0.57;0.0789204744112842;-0.145900098121081;0
0.58;0.0774520252043897;-0.147990961486015;0
0.59;0.0759628827193433;-0.150033869505575;0
0.6;0.0744535289071235;-0.15202829221604;0
0.61;0.0729244509489516;-0.153973715098502;0
0.62;0.0713761411012652;-0.155869639206552;0
0.63;0.0698090965394364;-0.157715581289083;0
0.64;0.0682238192002844;-0.159511073908171;0
0.65;0.066620815623431;-0.161255665552021;0
0.66;0.0650005967915494;-0.162948920742939;0
0.67;0.0633636779695562;-0.16459042014031;0
0.68;0.0617105785427947;-0.166179760638572;0
0.69;0.0600418218542629;-0.167716555460145;0
0.7;0.0583579350409332;-0.169200434243306;0
0.71;0.056659448869218;-0.170631043125003;0
0.72;0.054946897569628;-0.172008044818567;0
0.73;0.053220818670678;-0.17333111868633;0
0.74;0.0514817528320891;-0.174599960807126;0
0.75;0.0497302436773381;-0.175814284038663;0
0.76;0.0479668376256075;-0.176973818074762;0
0.77;0.0461920837231855;-0.178078309497445;0
0.78;0.0444065334743684;-0.179127521823879;0
0.79;0.0426107406719173;-0.180121235548151;0
0.8;0.0408052612271194;-0.181059248177899;0
0.81;0.0389906529995067;-0.181941374265763;0
0.82;0.0371674756262837;-0.182767445435682;0
0.83;0.0353362903515147;-0.18353731040403;0
0.84;0.0334976598551238;-0.184250834995583;0
0.85;0.0316521480817572;-0.184907902154341;0
0.86;0.029800320069562;-0.18550841194919;0
0.87;0.0279427417789303;-0.186052281574429;0
0.88;0.0260799799212616;-0.186539445345156;0
0.89;0.0242126017877946;-0.186969854687536;0
0.9;0.022341175078559;-0.18734347812395;0
0.91;0.0204662677314989;-0.18766030125305;0
0.92;0.0185884477518185;-0.187920326724726;0
0.93;0.0167082830416011;-0.18812357421001;0
0.94;0.0148263412297518;-0.188270080365918;0
0.95;0.0129431895023138;-0.188359898795278;0
0.96;0.0110593944332104;-0.188393100001531;0
0.97;0.00917552181545971;-0.18836977133855;0
0.98;0.00729213649291494;-0.188290016955501;0
0.99;0.00540980219257758;-0.188153957736751;0
1;0.00352908135753392;-0.187961731236871;0
1.01;0.00165053498056339;-0.187713491610754;0
1.02;-0.000225277561532255;-0.187409409538874;0
1.03;-0.00209779867283069;-0.187049672147718;0
1.04;-0.00396647270237349;-0.186634482925433;0
1.05;-0.00583074610738561;-0.186164061632704;0
1.06;-0.00769006761558232;-0.185638644208912;0
1.07;-0.00954388838651668;-0.185058482673603;0
1.08;-0.0113916621719207;-0.184423845023307;0
1.09;-0.0132328454749937;-0.183735015123742;0
1.1;-0.0150668977085928;-0.182992292597452;0
1.11;-0.0168932813522781;-0.182195992706907;0
1.12;-0.0187114621081702;-0.181346446233123;0
1.13;-0.0205209090555725;-0.180443999349833;0
1.14;-0.0223210948043163;-0.179489013493266;0
1.15;-0.0241114956467837;-0.178481865227569;0
1.16;-0.025891591708565;-0.177422946105929;0
1.17;-0.027660867097709;-0.176312662527439;0
1.18;-0.0294188100525223;-0.175151435589762;0
1.19;-0.0311649130878766;-0.17393970093764;0
1.2;-0.0328986731399827;-0.1726779086073;0
1.21;-0.0346195917095903;-0.171366522866822;0
1.22;-0.0363271750035738;-0.170006022052506;0
1.23;-0.0380209340748632;-0.168596898401311;0
1.24;-0.0397003849606825;-0.167139657879406;0
1.25;-0.0413650488190564;-0.165634820006909;0
1.26;-0.0430144520635472;-0.164082917678859;0
1.27;-0.0446481264961848;-0.16248449698249;0
1.28;-0.0462656094385527;-0.160840117010861;0
1.29;-0.0478664438609946;-0.159150349672909;0
1.3;-0.0494501785099057;-0.157415779499988;0
1.31;-0.0510163680330732;-0.155637003448956;0
1.32;-0.052564573103033;-0.153814630701874;0
1.33;-0.054094360538408;-0.151949282462389;0
1.34;-0.0556053034231959;-0.150041591748856;0
1.35;-0.0570969812239732;-0.148092203184285;0
1.36;-0.0585689799049857;-0.146101772783157;0
1.37;-0.0600208920410919;-0.144070967735204;0
1.38;-0.0614523169285319;-0.142000466186203;0
1.39;-0.062862860693491;-0.139890957015865;0
1.4;-0.0642521363984284;-0.137743139612888;0
1.41;-0.0656197641461453;-0.135557723647245;0
1.42;-0.0669653711815625;-0.133335428839788;0
1.43;-0.0682885919911832;-0.131076984729223;0
1.44;-0.0695890684002132;-0.128783130436554;0
1.45;-0.070866449667315;-0.126454614427055;0
1.46;-0.0721203925769705;-0.124092194269847;0
1.47;-0.0733505615294289;-0.121696636395165;0
1.48;-0.0745566286282175;-0.119268715849383;0
1.49;-0.0757382737651926;-0.116809216047875;0
1.5;-0.0768951847031095;-0.114318928525796;0
1.51;-0.0780270571556919;-0.111798652686857;0
1.52;-0.0791335948651794;-0.109249195550171;0
1.53;-0.0802145096773356;-0.106671371495251;0
1.54;-0.0812695216138982;-0.104066002005242;0
1.55;-0.0822983589424536;-0.101433915408466;0
1.56;-0.0833007582437194;-0.0987759466183529;0
1.57;-0.0842764644762201;-0.0960929368718535;0
1.58;-0.085225231038339;-0.0933857334663984;0
1.59;-0.0861468198277351;-0.0906551894954976;0
1.6;-0.0870410012981089;-0.0879021635830547;0
1.61;-0.0879075545133062;-0.0851275196164803;0
1.62;-0.0887462671987484;-0.0823321264786868;0
1.63;-0.0895569357901775;-0.0795168577790456;0
1.64;-0.0903393654797061;-0.0766825915833908;0
1.65;-0.0910933702591644;-0.0738302101431503;0
1.66;-0.0918187729607339;-0.070960599623688;0
1.67;-0.092515405294862;-0.0680746498319397;0
1.68;-0.0931831078854491;-0.0651732539434257;0
1.69;-0.0938217303023048;-0.0622573082287221;0
1.7;-0.0944311310908653;-0.0593277117794756;0
1.71;-0.0950111777991701;-0.0563853662340421;0
1.72;-0.095561747002093;-0.053431175502835;0
1.73;-0.0960827243228263;-0.050466045493463;0
1.74;-0.0965740044516151;-0.0474908838357424;0
1.75;-0.0970354911617419;-0.0445065996066661;0
1.76;-0.0974670973227608;-0.0415141030554105;0
1.77;-0.0978687449109823;-0.0385143053284643;0
1.78;-0.0982403650172101;-0.0355081181949607;0
1.79;-0.0985818978517327;-0.0324964537722948;0
1.8;-0.0988932927465726;-0.0294802242521087;0
1.81;-0.0991745081549971;-0.0264603416267241;0
1.82;-0.0994255116482963;-0.0234377174161064;0
1.83;-0.0996462799098327;-0.0204132623954383;0
1.84;-0.0998367987263705;-0.0173878863233857;0
1.85;-0.0999970629766898;-0.0143624976711352;0
1.86;-0.100127076617496;-0.0113380033522825;0
1.87;-0.100226852666632;-0.00831530845365315;0
1.88;-0.100296413183601;-0.00529531596713265;0
1.89;-0.100335789247419;-0.0022789265225856;0
1.9;-0.10034502093179;0.000732961878057924;0
1.91;-0.100324157277642;0.00373945412547132;0
1.92;-0.100273256263007;0.00673965826627846;0
1.93;-0.10019238477029;0.00973268576500203;0
1.94;-0.100081618550911;0.0127176517645371;0
1.95;-0.0999410421873535;0.0156936753450744;0
1.96;-0.0997707490526389;0.0186598797813985;0
1.97;-0.0995708412672229;0.021615392798486;0
1.98;-0.0993414296533523;0.024559346825331;0
1.99;-0.0990826336868893;0.0274908792469238;0
2;-0.0987945814466244;0.0304091326543109;0
2.01;-0.0984774095610977;0.0333132550926654;0
2.02;-0.0981312631529493;0.0362024003072948;0
2.03;-0.0977562957808183;0.0390757279875187;0
2.04;-0.0973526693788135;0.0419324040083447;0
2.05;-0.0969205541935772;0.0447716006698749;0
2.06;-0.0964601287189658;0.047592496934375;0
2.07;-0.0959715796283696;0.0503942786609391;0
2.08;-0.095455101704698;0.0531761388376836;0
2.09;-0.0949108977680537;0.0559372778114046;0
2.1;-0.0943391786011216;0.058676903514636;0
2.11;-0.0937401628722998;0.0613942316900418;0
2.12;-0.0931140770565986;0.064088486112083;0
2.13;-0.0924611553543347;0.0667588988058952;0
2.14;-0.0917816396076507;0.0694047102633168;0
2.15;-0.0910757792148858;0.0720251696560082;0
2.16;-0.0903438310428302;0.0746195350456028;0
2.17;-0.0895860593368904;0.0771870735908316;0
2.18;-0.0888027356291973;0.0797270617515655;0
2.19;-0.0879941386446885;0.0822387854897182;0
2.2;-0.0871605542051954;0.0847215404669559;0
2.21;-0.0863022751315676;0.0871746322391593;0
2.22;-0.0854196011438684;0.0895973764475857;0
2.23;-0.0845128387596724;0.0919890990066793;0
2.24;-0.0835823011905016;0.0943491362884791;0
2.25;-0.0826283082364316;0.0966768353035753;0
2.26;-0.0816511861789054;0.0989715538785656;0
2.27;-0.0806512676717872;0.101232660829964;0
2.28;-0.0796288916306939;0.103459536134517;0
2.29;-0.0785844031206403;0.105651571095882;0
2.3;-0.0775181532420324;0.10780816850762;0
2.31;-0.0764304990150495;0.109928742812473;0
2.32;-0.0753218032624492;0.112012720257862;0
2.33;-0.0741924344908345;0.114059539047596;0
2.34;-0.0730427667704217;0.116068649489719;0
2.35;-0.0718731796133469;0.118039514140488;0
2.36;-0.0706840578505505;0.119971607944424;0
2.37;-0.0694757915072783;0.121864418370415;0
2.38;-0.0682487756772408;0.123717445543823;0
2.39;-0.0670034103954683;0.125530202374577;0
2.4;-0.0657401005099034;0.127302214681209;0
2.41;-0.0644592555517726;0.129033021310812;0
2.42;-0.0631612896047751;0.130722174254882;0
2.43;-0.0618466211731334;0.132369238761022;0
2.44;-0.0605156730485445;0.133973793440483;0
2.45;-0.0591688721760749;0.135535430371506;0
2.46;-0.057806649519041;0.137053755198465;0
2.47;-0.0564294399229177;0.138528387226755;0
2.48;-0.0550376819783162;0.139958959513435;0
2.49;-0.0536318178830757;0.141345118953586;0
2.5;-0.05221229330351;0.142686526362378;0
2.51;-0.0507795572348533;0.143982856552815;0
2.52;-0.0493340618609479;0.145233798409163;0
2.53;-0.0478762624132171;0.14643905495602;0
2.54;-0.0464066170289672;0.147598343423036;0
2.55;-0.0449255866090615;0.148711395305266;0
2.56;-0.0434336346750111;0.149777956419136;0
2.57;-0.0419312272255251;0.150797786954025;0
2.58;-0.0404188325925654;0.151770661519448;0
2.59;-0.0388969212969493;0.152696369187838;0
2.6;-0.0373659659035435;0.153574713532912;0
2.61;-0.0358264408760952;0.154405512663633;0
2.62;-0.0342788224317432;0.155188599253751;0
2.63;-0.0327235883952528;0.155923820566929;0
2.64;-0.0311612180530203;0.156611038477452;0
2.65;-0.0295921920068897;0.157250129486521;0
2.66;-0.0280169920278263;0.157840984734132;0
2.67;-0.0264361009094914;0.158383510006553;0
2.68;-0.0248500023217627;0.158877625739392;0
2.69;-0.0232591806642426;0.159323267016265;0
2.7;-0.0216641209198005;0.159720383563088;0
2.71;-0.0200653085081917;0.160068939737978;0
2.72;-0.0184632291397966;0.160368914516786;0
2.73;-0.0168583686695249;0.160620301474283;0
2.74;-0.0152512129509266;0.160823108760991;0
2.75;-0.0136422476905549;0.160977359075689;0
2.76;-0.0120319583026232;0.161083089633606;0
2.77;-0.0104208297639996;0.161140352130316;0
2.78;-0.00880934646958135;0.161149212701357;0
2.79;-0.00719799208809295;0.161109751877583;0
2.8;-0.00558724941834925;0.16102206453629;0
2.81;-0.00397760024602658;0.160886259848115;0
2.82;-0.00236952520098369;0.160702461219745;0
2.83;-0.00076350361517438;0.16047080623246;0
2.84;0.000839986618806636;0.160191446576528;0
2.85;0.00244046918850323;0.159864547981486;0
2.86;0.00403746950166181;0.159490290142333;0
2.87;0.00563051482553883;0.15906886664166;0
2.88;0.00721913442541153;0.158600484867759;0
2.89;0.00880285970225167;0.158085365928721;0
2.9;0.0103812243295224;0.157523744562582;0
2.91;0.0119537643890591;0.156915869043531;0
2.92;0.0135200185059939;0.156262001084225;0
2.93;0.0150795279826875;0.155562415734236;0
2.94;0.0166318369316265;0.154817401274689;0
2.95;0.0181764924072511;0.154027259109095;0
2.96;0.0197130445366741;0.153192303650461;0
2.97;0.0212410466492541;0.152312862204673;0
2.98;0.0227600554049858;0.151389274850228;0
2.99;0.024269630921672;0.150421894314341;0
3;0.0257693369008399;0.14941108584547;0
3.01;0.0272587407523668;0.14835722708231;0
3.02;0.02873741371778;0.147260707919296;0
3.03;0.0302049309921968;0.146121930368668;0
3.04;0.0316608718448688;0.144941308419133;0
3.05;0.0331048197382985;0.143719267891187;0
3.06;0.0345363624458938;0.142456246289132;0
3.07;0.0359550921681286;0.141152692649855;0
3.08;0.0373606056471758;0.139809067388399;0
3.09;0.0387525042799828;0.138425842140392;0
3.1;0.0401303942297567;0.137003499601391;0
3.11;0.0414938865358295;0.135542533363177;0
3.12;0.0428425972218727;0.134043447747067;0
3.13;0.0441761474024317;0.1325067576343;0
3.14;0.0454941633877511;0.130932988293547;0
3.15;0.0467962767868629;0.129322675205605;0
3.16;0.0480821246089078;0.127676363885325;0
3.17;0.0493513493626656;0.125994609700848;0
3.18;0.050603599154264;0.124277977690189;0
3.19;0.0518385277830429;0.122527042375248;0
3.2;0.0530557948355468;0.120742387573281;0
3.21;0.0542550657776213;0.11892460620593;0
3.22;0.0554360120445882;0.117074300105834;0
3.23;0.0565983111294768;0.115192079820911;0
3.24;0.0577416466692878;0.113278564416359;0
3.25;0.0588657085292666;0.111334381274449;0
3.26;0.0599701928851656;0.109360165892168;0
3.27;0.0610548023034725;0.107356561676767;0
3.28;0.062119245819586;0.105324219739309;0
3.29;0.0631632390139173;0.103263798686243;0
3.3;0.0641865040858992;0.101175964409101;0
3.31;0.065188769925884;0.0990613898723694;0
3.32;0.0661697721849117;0.0969207548996053;0
3.33;0.0671292533423321;0.0947547459578615;0
3.34;0.068066962771264;0.0925640559404947;0
3.35;0.0689826568018745;0.0903493839484184;0
3.36;0.0698760987824654;0.0881114350698711;0
3.37;0.0707470591383495;0.0858509201587687;0
3.38;0.0715953154285058;0.0835685556117089;0
3.39;0.0724206523999972;0.0812650631436984;0
3.4;0.0732228620401417;0.0789411695626701;0
3.41;0.0740017436264221;0.076597606542862;0
3.42;0.0747571037741259;0.0742351103971267;0
3.43;0.0754887564817027;0.0718544218482412;0
3.44;0.0761965231738311;0.069456285799289;0
3.45;0.076880232742185;0.0670414511031823;0
3.46;0.0775397215838926;0.0646106703313976;0
3.47;0.0781748336376775;0.0621646995419932;0
3.48;0.0787854204176794;0.0597042980469805;0
3.49;0.0793713410449437;0.0572302281791204;0
3.5;0.0799324622765784;0.0547432550582135;0
3.51;0.0804686585325705;0.0522441463569582;0
3.52;0.0809798119202608;0.0497336720664447;0
3.53;0.0814658122564706;0.0472126042613577;0
3.54;0.0819265570872807;0.0446817168649579;0
3.55;0.0823619517054592;0.0421417854139133;0
3.56;0.0827719091655362;0.0395935868230512;0
3.57;0.0831563502965275;0.0370378991501008;0
3.58;0.0835152037123049;0.0344755013604984;0
3.59;0.0838484058196151;0.0319071730923241;0
3.6;0.0841559008237496;0.029333694421441;0
3.61;0.0844376407318659;0.0267558456269072;0
3.62;0.0846935853539657;0.0241744069567292;0
3.63;0.0849237023015316;0.0215901583940282;0
3.64;0.0851279669838274;0.0190038794236872;0
3.65;0.085306362601868;0.0164163487995482;0
3.66;0.0854588801400635;0.0138283443122293;0
3.67;0.0855855183555446;0.0112406425576292;0
3.68;0.0856862837651763;0.00865401870618767;0
3.69;0.0857611906302685;0.00606924627297018;0
3.7;0.0858102609389901;0.00348709688864343;0
3.71;0.0858335243864986;0.000908340071409789;0
3.72;0.0858310183527925;-0.00166625700003329;0
3.73;0.0858027878782988;-0.00423592971244225;0
3.74;0.0857488856372056;-0.00679991624281914;0
3.75;0.0856693719085529;-0.00935745778198053;0
3.76;0.0855643145450928;-0.0119077987568387;0
3.77;0.0854337889399334;-0.0144501870513311;0
3.78;0.0852778779909796;-0.0169838742259329;0
3.79;0.0850966720631852;-0.0195081157356918;0
3.8;0.0848902689486316;-0.0220221711467187;0
3.81;0.0846587738244489;-0.0245253043510757;0
3.82;0.0844022992085957;-0.0270167837799969;0
3.83;0.0841209649135138;-0.0294958826153826;0
3.84;0.0838148979976767;-0.031961878999506;0
3.85;0.0834842327150487;-0.0344140562428719;0
3.86;0.0831291104624745;-0.03685170303017;0
3.87;0.0827496797250175;-0.0392741136242622;0
3.88;0.0823460960192676;-0.041680588068148;0
3.89;0.0819185218346387;-0.0440704323848494;0
3.9;0.0814671265726769;-0.0464429587751608;0
3.91;0.0809920864844004;-0.0487974858132057;0
3.92;0.0804935846056951;-0.0511333386397481;0
3.93;0.0799718106907864;-0.0534498491532025;0
3.94;0.079426961143812;-0.0557463561982904;0
3.95;0.0788592389485181;-0.0580222057522899;0
3.96;0.0782688535961056;-0.0602767511088276;0
3.97;0.0776560210112481;-0.062509353059161;0
3.98;0.0770209634763094;-0.0647193800709022;0
3.99;0.0763639095537852;-0.0669062084641333;0
4;0.075685094006996;-0.069069222584865;0
4.01;0.0749847577190565;-0.0712078149757917;0
4.02;0.074263147610151;-0.0733213865442956;0
4.03;0.0735205165531405;-0.0754093467276547;0
4.04;0.072757123287531;-0.0774711136554107;0
4.05;0.0719732323318304;-0.0795061143088509;0
4.06;0.0711691138943242;-0.0815137846775638;0
4.07;0.0703450437822994;-0.083493569913025;0
4.08;0.0695013033097448;-0.0854449244791721;0
4.09;0.0686381792035604;-0.08736731229993;0
4.1;0.0677559635083049;-0.0892602069036471;0
4.11;0.0668549534895131;-0.0911230915644032;0
4.12;0.0659354515356142;-0.0929554594401545;0
4.13;0.0649977650584831;-0.0947568137076774;0
4.14;0.0640422063926568;-0.0965266676942772;0
4.15;0.0630690926932485;-0.0982645450062283;0
4.16;0.0620787458325923;-0.0999699796539119;0
4.17;0.0610714922956507;-0.10164251617362;0
4.18;0.0600476630742201;-0.103281709745996;0
4.19;0.0590075935599668;-0.104887126311077;0
4.2;0.0579516234363277;-0.106458342679918;0
4.21;0.0568800965693106;-0.107994946642766;0
4.22;0.0557933608972283;-0.109496537073749;0
4.23;0.0546917683194017;-0.110962724032071;0
4.24;0.0535756745838661;-0.11239312885968;0
4.25;0.052445439174118;-0.113787384275378;0
4.26;0.0513014251949354;-0.11514513446537;0
4.27;0.0501439992573102;-0.11646603517021;0
4.28;0.0489735313625265;-0.117749753768139;0
4.29;0.0477903947854216;-0.118995969354793;0
4.3;0.0465949659568675;-0.120204372819255;0
4.31;0.0453876243455072;-0.121374666916451;0
4.32;0.0441687523387841;-0.122506566335853;0
4.33;0.042938735123301;-0.123599797766496;0
4.34;0.0416979605645453;-0.124654099958279;0
4.35;0.0404468190860188;-0.125669223779554;0
4.36;0.0391857035478068;-0.126644932270974;0
4.37;0.0379150091246273;-0.127581000695606;0
4.38;0.0366351331833948;-0.128477216585289;0
4.39;0.0353464751603378;-0.129333379783242;0
4.4;0.0340494364377071;-0.130149302482902;0
4.41;0.0327444202201127;-0.130924809262992;0
4.42;0.0314318314105269;-0.131659737118825;0
4.43;0.0301120764859918;-0.132353935489821;0
4.44;0.0287855633730678;-0.133007266283256;0
4.45;0.0274527013230622;-0.133619603894225;0
4.46;0.0261139007870753;-0.134190835221832;0
4.47;0.0247695732909009;-0.134720859681607;0
4.48;0.0234201313098205;-0.135209589214138;0
4.49;0.0220659881433273;-0.135656948289949;0
4.5;0.0207075577898192;-0.136062873910599;0
4.51;0.0193452548212969;-0.136427315606037;0
4.52;0.0179794942581057;-0.136750235428192;0
4.53;0.0166106914437587;-0.137031607940831;0
4.54;0.0152392619198774;-0.13727142020568;0
4.55;0.0138656213012883;-0.13746967176482;0
4.56;0.0124901851513126;-0.137626374619379;0
4.57;0.0111133688572844;-0.137741553204516;0
4.58;0.00973558750633748;-0.13781524436073;0
4.59;0.00835725576149376;-0.137847497301498;0
4.6;0.00697878773809295;-0.137838373577251;0
4.61;0.00560059688059836;-0.137787947035727;0
4.62;0.00422309583981557;-0.137696303778695;0
4.63;0.0028466963505601;-0.137563542115089;0
4.64;0.00147180910980986;-0.137389772510552;0
4.65;9.88436553780809e-05;-0.137175117533437;0
4.66;-0.00127179175485766;-0.13691971179726;0
4.67;-0.00263969026313528;-0.136623701899648;0
4.68;-0.00400444653136171;-0.1362872463578;0
4.69;-0.00536565686000542;-0.135910515540481;0
4.7;-0.00672291930629349;-0.135493691596584;0
4.71;-0.00807583380167883;-0.135036968380285;0
4.72;-0.00942400226854377;-0.134540551372813;0
4.73;-0.0107670287361063;-0.134004657600873;0
4.74;-0.0121045194554953;-0.133429515551749;0
4.75;-0.0134360830139626;-0.132815365085109;0
4.76;-0.0147613304481975;-0.132162457341569;0
4.77;-0.0160798753567133;-0.131471054648013;0
4.78;-0.0173913340112718;-0.130741430419741;0
4.79;-0.0186953254673159;-0.129973869059445;0
4.8;-0.0199914716733772;-0.129168665853077;0
4.81;-0.0212793975794288;-0.128326126862629;0
4.82;-0.0225587312441519;-0.127446568815866;0
4.83;-0.023829103941086;-0.126530318993052;0
4.84;-0.025090150263634;-0.12557771511071;0
4.85;-0.02634150822889;-0.124589105202451;0
4.86;-0.027582819380264;-0.123564847496915;0
4.87;-0.0288137288888721;-0.122505310292866;0
4.88;-0.0300338856536653;-0.121410871831483;0
4.89;-0.0312429424002691;-0.120281920165893;0
4.9;-0.0324405557785056;-0.119118853027982;0
4.91;-0.0336263864585718;-0.117922077692538;0
4.92;-0.0348000992258481;-0.116692010838763;0
4.93;-0.0359613630743092;-0.115429078409207;0
4.94;-0.0371098512985137;-0.114133715466166;0
4.95;-0.0382452415841462;-0.112806366045597;0
4.96;-0.0393672160970875;-0.111447483008584;0
4.97;-0.0404754615709887;-0.110057527890429;0
4.98;-0.0415696693933254;-0.108636970747386;0
4.99;-0.0426495356899096;-0.107186290001117;0
5;-0.0437147614078352;-0.105705972280903;0
5.01;-0.0447650523968361;-0.104196512263661;0
5.02;-0.0458001194890349;-0.102658412511833;0
5.03;-0.0468196785770607;-0.101092183309183;0
5.04;-0.0478234506905165;-0.0994983424945627;0
5.05;-0.048811162070774;-0.0978774152937012;0
5.06;-0.0497825442440786;-0.0962299341490664;0
5.07;-0.0507373340929448;-0.0945564385478566;0
5.08;-0.0516752739258217;-0.0928574748481764;0
5.09;-0.0525961115450144;-0.091133596103451;0
5.1;-0.0534996003128401;-0.0893853618851356;0
5.11;-0.054385499216005;-0.0876133381037757;0
5.12;-0.0552535729281835;-0.0858180968284747;0
5.13;-0.0561035918707863;-0.0840002161048258;0
5.14;-0.0569353322719003;-0.0821602797713649;0
5.15;-0.0577485762233868;-0.0802988772746028;0
5.16;-0.0585431117361237;-0.0784166034826944;0
5.17;-0.059318732793379;-0.0765140584978024;0
5.18;-0.0600752394023016;-0.0745918474672149;0
5.19;-0.0608124376435185;-0.0726505803932755;0
5.2;-0.0615301397188256;-0.0706908719421843;0
5.21;-0.0622281639969617;-0.0687133412517297;0
5.22;-0.0629063350574561;-0.0667186117380098;0
5.23;-0.0635644837325381;-0.0647073109012046;0
5.24;-0.0642024471471001;-0.0626800701304565;0
5.25;-0.0648200687567067;-0.060637524507921;0
5.26;-0.0654171983836401;-0.0585803126120474;0
5.27;-0.0659936922509747;-0.0565090763201487;0
5.28;-0.0665494130146754;-0.0544244606103233;0
5.29;-0.0670842297937119;-0.052327113362786;0
5.3;-0.0675980181981834;-0.0502176851606717;0
5.31;-0.0680906603554503;-0.0480968290903711;0
5.32;-0.0685620449342663;-0.0459652005414584;0
5.33;-0.0690120671669088;-0.0438234570062734;0
5.34;-0.0694406288693035;-0.0416722578792171;0
5.35;-0.069847638459141;-0.0395122642558226;0
5.36;-0.0702330109719836;-0.0373441387316606;0
5.37;-0.0705966680753599;-0.0351685452011419;0
5.38;-0.0709385380808477;-0.0329861486562753;0
5.39;-0.071258555954145;-0.0307976149854434;0
5.4;-0.0715566633231275;-0.0286036107722545;0
5.41;-0.0718328084838971;-0.0264048030945327;0
5.42;-0.0720869464048197;-0.0242018593235047;0
5.43;-0.0723190387285567;-0.0219954469232439;0
5.44;-0.0725290537720918;-0.019786233250432;0
5.45;-0.0727169665247578;-0.0175748853544959;0
5.46;-0.072882758644266;-0.0153620697781807;0
5.47;-0.0730264184507437;-0.0131484523586179;0
5.48;-0.073147940918785;-0.0109346980289456;0
5.49;-0.0732473276675204;-0.00872147062054241;0
5.5;-0.0733245869487116;-0.00650943266592977;0
5.51;-0.0733797336328788;-0.00429924520240373;0
5.52;-0.0734127891934672;-0.00209156757645165;0
5.53;-0.0734237816890627;0.000112942750987792;0
5.54;-0.0734127457436625;0.00231363039836485;0
5.55;-0.0733797225250128;0.00450984225640237;0
5.56;-0.073324759721022;0.00670092767996687;0
5.57;-0.0732479115142595;0.0088862386788712;0
5.58;-0.0731492385545515;0.0110651301075534;0
5.59;-0.073028807929686;0.0132369598535769;0
5.6;-0.0728866931342376;0.0154010890248976;0
5.61;-0.0727229740365255;0.0175568821358434;0
5.62;-0.0725377368437177;0.0197037072917536;0
5.63;-0.0723310740650955;0.0218409363722241;0
5.64;-0.072103084473491;0.023967945212906;0
5.65;-0.0718538730649147;0.0260841137858069;0
5.66;-0.0715835510163856;0.0281888263780413;0
5.67;-0.0712922356419819;0.030281471768981;0
5.68;-0.0709800503471275;0.0323614434057539;0
5.69;-0.0706471245811304;0.0344281395770425;0
5.7;-0.0702935937879919;0.0364809635851323;0
5.71;-0.0699195993555028;0.0385193239161609;0
5.72;-0.0695252885626455;0.0405426344085217;0
5.73;-0.0691108145253207;0.0425503144193731;0
5.74;-0.0686763361404172;0.0445417889892071;0
5.75;-0.068222018028246;0.046516489004432;0
5.76;-0.0677480304733562;0.0484738513579229;0
5.77;-0.0672545493637559;0.0504133191074955;0
5.78;-0.0667417561285572;0.0523343416322603;0
5.79;-0.0662098376740678;0.0542363747868127;0
5.8;-0.0656589863183504;0.0561188810532167;0
5.81;-0.065089399724272;0.0579813296907417;0
5.82;-0.064501280831067;0.0598231968833092;0
5.83;-0.0638948377844349;0.0616439658846116;0
5.84;-0.0632702838651992;0.0634431271608611;0
5.85;-0.0626278374165479;0.0652201785311325;0
5.86;-0.0619677217698826;0.0669746253052594;0
5.87;-0.0612901651692996;0.0687059804192491;0
5.88;-0.0605954006947277;0.0704137645681782;0
5.89;-0.0598836661837493;0.0720975063365339;0
5.9;-0.0591552041521288;0.0737567423259664;0
5.91;-0.058410261713076;0.0753910172804187;0
5.92;-0.0576490904952698;0.0769998842086004;0
5.93;-0.0568719465596691;0.0785829045037737;0
5.94;-0.0560790903151386;0.08013964806082;0
5.95;-0.0552707864329153;0.0816696933905569;-0.00070319043509602
5.96;-0.0544474197447937;0.0831339732506795;-0.00773509478605623
5.97;-0.0536098496954438;0.0845005533152931;-0.0147669991370164
5.98;-0.052759054395176;0.0857691918513347;-0.0217989034879766
5.99;-0.0518960142376601;0.0869396769002007;-0.0288308078389368
6;-0.0510217116021177;0.0880118262901112;-0.035862712189897
6.01;-0.0501371305554314;0.0889854876395246;-0.0428946165408573
6.02;-0.0492432565542596;0.0898605383516155;-0.0499265208918174
6.03;-0.0483410761472473;0.0906368855998347;-0.0569584252427777
6.04;-0.0474315766774206;0.0913144663045693;-0.0639903295937379
6.05;-0.0465157459848556;0.0918932471009268;-0.0710222339446981
6.06;-0.045594572109708;0.0923732242976663;-0.0780541382956583
6.07;-0.0446690429956944;0.0927544238273062;-0.0850860426466185
6.08;-0.0437401461941113;0.0930369011874369;-0.0921179469975787
6.09;-0.0428088685684809;0.0932207413732725;-0.0991498513485389
6.1;-0.04187619599991;0.0933060588014756;-0.106181755699499
6.11;-0.0409431130932509;0.0932929972252945;-0.113213660050459
6.12;-0.0400106028841485;0.093181729641051;-0.120245564401419
6.13;-0.0390796465470628;0.0929724581860246;-0.12727746875238
6.14;-0.0381512231043496;0.0926654140277753;-0.13430937310334
6.15;-0.0372263091364874;0.092260857244956;-0.1413412774543
6.16;-0.0363058784935341;0.0917590766996618;-0.14837318180526
6.17;-0.0353909020078976;0.091160389901372;-0.155405086156221
6.18;-0.0344823472085048;0.0904651428625375;-0.162436990507181
6.19;-0.033581178036453;0.0896737099458729;-0.169468894858141
6.2;-0.0326883545622238;0.0887864937034129;-0.176500799209101
6.21;-0.0318048327045451;0.0878039247073943;-0.183532703560061
6.22;-0.0309315639509791;0.0867264613730308;-0.190564607911022
6.23;-0.0300694950803202;0.0855545897732446;-0.197596512261982
6.24;-0.0292195678868808;0.0842888234454273;-0.204628416612942
6.25;-0.0283827189067453;0.0829297031902985;-0.211660320963902
6.26;-0.0275598791460705;0.081477796862939;-0.218692225314862
6.27;-0.026751973811511;0.0799336991560729;-0.225724129665823
6.28;-0.0259599220428465;0.0782980313756765;-0.232756034016783
6.29;-0.0251846366478865;0.0765714412089968;-0.239787938367743
6.3;-0.0244270238397295;0.074754602485059;-0.246819842718703
6.31;-0.02368798297645;0.0728482149277507;-0.253851747069663
6.32;-0.0229684063032882;0.0708530039015673;-0.260883651420624
6.33;-0.0222691786974148;0.0687697201501087;-0.267915555771584
6.34;-0.0215911774153427;0.066599139527418;-0.274947460122544
6.35;-0.0209352718430579;0.064342062722254;-0.281979364473504
6.36;-0.0203023232489386;0.0619993149753944;-0.289011268824464
6.37;-0.0196931845395325;0.0595717457900638;-0.296043173175425
6.38;-0.0191087000182606;0.0570602286355874;-0.303075077526385
6.39;-0.0185497051471136;0.0544656606443697;-0.310106981877345
6.4;-0.0180170263114097;0.0517889623023002;-0.317138886228305
6.41;-0.0175114805876765;0.0490310771326918;-0.324170790579265
6.42;-0.017033875514722;0.0461929713738555;-0.331202694930226
6.43;-0.0165850088679593;0.043275633650421;-0.338234599281186
6.44;-0.0161656684370446;0.0402800746385118;-0.345266503632146
6.45;-0.0157766318068913;0.0372073267248843;-0.352298407983106
6.46;-0.0154186661421195;0.0340584436601467;-0.359330312334066
6.47;-0.0150925279749992;0.0308345002061679;-0.366362216685027
6.48;-0.0147989629969454;0.0275365917777956;-0.373394121035987
6.49;-0.0145387058536214;0.0241658340789982;-0.380426025386947
6.5;-0.0143124799437043;0.0207233627335507;-0.387457929737907
6.51;-0.0141209972213694;0.017210332910384;-0.394489834088868
6.52;-0.0139649580025431;0.013627918943719;-0.401521738439828
6.53;-0.0138450507749788;0.0099773139481093;-0.408553642790788
6.54;-0.0137619520122033;0.00625972942851499;-0.415585547141748
6.55;-0.0137163259913863;0.00247639488553444;-0.422617451492708
6.56;-0.013708824615177;-0.00137144258407993;-0.429649355843669
6.57;-0.0137400872375577;-0.00528251869149394;-0.436681260194629
6.58;-0.0138107404937573;-0.00925555236432304;-0.443713164545589
6.59;-0.0139213981342705;-0.0132892461594925;-0.450745068896549
6.6;-0.0140726608630243;-0.0173822866802955;-0.457776973247509
6.61;-0.0142651161797331;-0.0215333449975164;-0.46480887759847
6.62;-0.0144993382264834;-0.0257410770744866;-0.47184078194943
6.63;-0.0147758876385859;-0.0300041241959384;-0.47887268630039
6.64;-0.015095311399733;-0.0343211134005214;-0.48590459065135
6.65;-0.0154581427014973;-0.0386906579168471;-0.49293649500231
6.66;-0.0158649008072059;-0.0431113576029222;-0.499968399353271
6.67;-0.0163160909202239;-0.0475817993888364;-0.507000303704231
6.68;-0.0168122040566784;-0.0521005577225628;-0.514032208055191
6.69;-0.0173537169226552;-0.0566661950187354;-0.521064112406151
6.7;-0.0179410917958947;-0.0612772621102614;-0.528096016757111
6.71;-0.0185747764120172;-0.0659322987026296;-0.535127921108072
6.72;-0.0192552038553023;-0.0706298338307731;-0.542159825459032
6.73;-0.0199827924540487;-0.0753683863183459;-0.549191729809992
6.74;-0.0207579456805357;-0.0801464652392705;-0.556223634160952
6.75;-0.0215810520556115;-0.0849625703814156;-0.563255538511912
6.76;-0.0224524850579262;-0.08981519271226;-0.570287442862873
6.77;-0.0233726030378303;-0.0947028148464;-0.577319347213833
6.78;-0.024341749135956;-0.0996239115147575;-0.584351251564793
6.79;-0.0253602512064975;-0.104576950035345;-0.591383155915753
6.8;-0.026428421745206;-0.109560390785444;-0.598415060266713
6.81;-0.0275465578221115;-0.11457268767505;-0.605446964617674
6.82;-0.0287149410189846;-0.119612288621446;-0.612478868968634
6.83;-0.0299338373715493;-0.124677636024755;-0.619510773319594
6.84;-0.0312034973164536;-0.129767167244329;-0.626542677670554
6.85;-0.0325241556430086;-0.134879315075829;-0.633574582021514
6.86;-0.0338960314497009;-0.140012508228856;-0.640606486372475
6.87;-0.035319328105482;-0.145165171804984;-0.647638390723435
6.88;-0.0367942332158409;-0.150335727776052;-0.654670295074395
6.89;-0.0383209185936594;-0.155522595462577;-0.661702199425355
6.9;-0.0398995402348515;-0.160724192012131;-0.668734103776315
6.91;-0.0415302382987862;-0.165938932877555;-0.675766008127276
6.92;-0.0432131370934912;-0.171165232294858;-0.682797912478236
6.93;-0.0449483450656331;-0.176401503760655;-0.689829816829196
6.94;-0.0467359547952703;-0.181646160509009;-0.696861721180156
6.95;-0.0485760429953703;-0.186897615987532;-0.703893625531116
6.96;-0.0504686705160845;-0.192154284332605;-0.710925529882077
6.97;-0.0524138823537706;-0.197414580843575;-0.717957434233037
6.98;-0.0544117076647522;-0.20267692245578;-0.724989338583997
6.99;-0.0564621597838024;-0.207939728212286;-0.732021242934957
7;-0.0585652362473385;-0.213201419734168;-0.739053147285917
7.01;-0.0607209188213128;-0.218460421689215;-0.746085051636878
7.02;-0.0629291735337829;-0.223715162258917;-0.753116955987838
7.03;-0.0651899507121427;-0.228964073603598;-0.760148860338798
7.04;-0.0675031850249973;-0.234205592325547;-0.767180764689758
7.05;-0.0698687955286586;-0.239438159930036;-0.774212669040719
7.06;-0.0722866857182413;-0.244660223284065;-0.781244573391679
7.07;-0.0747567435833363;-0.249870235072715;-0.788276477742639
7.08;-0.0772788416682353;-0.255066654252971;-0.795308382093599
7.09;-0.0798528371366827;-0.260247946504891;-0.802340286444559
7.1;-0.0824785718411264;-0.265412584679976;-0.809372190795519
7.11;-0.0851558723964387;-0.270559049246624;-0.81640409514648
7.12;-0.0878845502580795;-0.275685828732535;-0.82343599949744
7.13;-0.0906644018046678;-0.280791420163941;-0.8304679038484
7.14;-0.0934952084249317;-0.285874329501529;-0.83749980819936
7.15;-0.0963767366090023;-0.29093307207294;-0.844531712550321
7.16;-0.099308738044016;-0.295966173001721;-0.851563616901281
7.17;-0.102290949713991;-0.300972167632591;-0.858595521252241
7.18;-0.105323094003938;-0.305949601952928;-0.865627425603201
7.19;-0.108404878808171;-0.310897033010326;-0.872659329954161
7.2;-0.11153599764277;-0.315813029326133;-0.879691234305122
7.21;-0.114716129762169;-0.320696171304826;-0.886723138656082
7.22;-0.117944940279809;-0.325545051639131;-0.893755043007042
7.23;-0.121222080292832;-0.330358275710757;-0.900786947358002
7.24;-0.124547187010756;-0.335134461986638;-0.907818851708962
7.25;-0.12791988388809;-0.339872242410577;-0.914850756059923
7.26;-0.131339780760854;-0.344570262790167;-0.921882660410883
7.27;-0.134806473986935;-0.349227183178903;-0.928914564761843
7.28;-0.138319546590252;-0.353841678253355;-0.935946469112803
7.29;-0.141878568408661;-0.358412437685321;-0.942978373463763
7.3;-0.145483096245567;-0.362938166508836;-0.950010277814724
7.31;-0.149132674025176;-0.367417585481953;-0.957042182165684
7.32;-0.152826832951346;-0.371849431443179;-0.964074086516644
7.33;-0.156565091669973;-0.376232457662489;-0.971105990867604
7.34;-0.160346956434868;-0.380565434186802;-0.978137895218564
7.35;-0.164171921277056;-0.384847148179844;-0.985169799569525
7.36;-0.168039468177458;-0.389076404256285;-0.992201703920485
7.37;-0.171949067242879;-0.393252024810077;-0.999233608271445
7.38;-0.175900176885258;-0.397372850336899;-1.00626551262241
7.39;-0.179892244004113;-0.401437739750618;-1.01329741697337
7.4;-0.183924704172127;-0.405445570693686;-1.02032932132433
7.41;-0.187996981823806;-0.409395239841394;-1.02736122567529
7.42;-0.192108490447155;-0.413285663199891;-1.03439313002625
7.43;-0.196258632778303;-0.417115776397896;-1.04142503437721
7.44;-0.200446800999021;-0.420884534972038;-1.04845693872817
7.45;-0.204672376937059;-0.424590914645723;-1.05548884307913
7.46;-0.208934732269242;-0.428233911601478;-1.06252074743009
7.47;-0.21323322872727;-0.431812542746697;-1.06955265178105
7.48;-0.217567218306131;-0.435325845972712;-1.07658455613201
7.49;-0.221936043475085;-0.438772880407127;-1.08361646048297
7.5;-0.226339037391136;-0.442152726659364;-1.09064836483393
7.51;-0.230775524114932;-0.445464487059332;-1.09768026918489
7.52;-0.235244818829015;-0.44870728588919;-1.10471217353585
7.53;-0.239746228058363;-0.451880269608117;-1.11174407788681
7.54;-0.244279049893145;-0.45498260707006;-1.11877598223777
7.55;-0.248842574213626;-0.458013489734386;-1.12580788658873
7.56;-0.253436082917136;-0.460972131869402;-1.13283979093969
7.57;-0.258058850147055;-0.463857770748683;-1.13987169529065
7.58;-0.26271014252372;-0.466669666840173;-1.14690359964161
7.59;-0.267389219377193;-0.469407103987998;-1.15393550399257
7.6;-0.272095332981815;-0.472069389586969;-1.16096740834353
7.61;-0.27682772879247;-0.474655854749721;-1.16799931269449
7.62;-0.281585645682489;-0.477165854466457;-1.17503121704545
7.63;-0.286368316183116;-0.479598767757258;-1.18206312139641
7.64;-0.291174966724467;-0.481953997816926;-1.18909502574737
7.65;-0.296004817877899;-0.484230972152341;-1.19612693009833
7.66;-0.300857084599723;-0.486429142712281;-1.20315883444929
7.67;-0.305730976476179;-0.488547986009701;-1.21019073880025
7.68;-0.310625697969598;-0.490587003236435;-1.21722264315121
7.69;-0.315540448665685;-0.492545720370308;-1.22425454750217
7.7;-0.320474423521826;-0.494423688274625;-1.23128645185313
7.71;-0.325426813116365;-0.496220482790038;-1.23831835620409
7.72;-0.330396803898766;-0.497935704818761;-1.24535026055505
7.73;-0.335383578440574;-0.499568980401136;-1.25238216490601
7.74;-0.340386315687116;-0.501119960784523;-1.25941406925697
7.75;-0.345404191209855;-0.502588322484524;-1.26644597360793
7.76;-0.350436377459312;-0.503973767338516;-1.27347787795889
7.77;-0.355482044018506;-0.505276022551518;-1.28050978230985
7.78;-0.360540357856802;-0.506494840734356;-1.28754168666081
7.79;-0.365610473738657;-0.507618748323556;-1.28824334425572
7.8;-0.370691007954597;-0.508543549206689;-1.2812076078043
7.81;-0.375779780568687;-0.509244018208363;-1.27417187135288
7.82;-0.380874548996962;-0.509720330907971;-1.26713613490145
7.83;-0.385973072712409;-0.509972729776351;-1.26010039845003
7.84;-0.391073113913053;-0.510001523988127;-1.2530646619986
7.85;-0.396172438188079;-0.5098070892144;-1.24602892554718
7.86;-0.401268815181792;-0.509389867395841;-1.23899318909576
7.87;-0.406360019255218;-0.508750366496329;-1.23195745264433
7.88;-0.411443830145159;-0.507889160237202;-1.22492171619291
7.89;-0.416518033620498;-0.50680688781227;-1.21788597974148
7.9;-0.421580422135573;-0.505504253583682;-1.21085024329006
7.91;-0.426628795480423;-0.50398202675878;-1.20381450683864
7.92;-0.431660961427711;-0.50224104104808;-1.19677877038721
7.93;-0.436674736376155;-0.500282194304492;-1.18974303393579
7.94;-0.441667945990253;-0.498106448143946;-1.18270729748436
7.95;-0.446638425836145;-0.495714827547545;-1.17567156103294
7.96;-0.4515840220134;-0.493108420445416;-1.16863582458152
7.97;-0.456502591782572;-0.490288377282398;-1.16160008813009
7.98;-0.461392004188324;-0.48725591056575;-1.15456435167867
7.99;-0.466250140677954;-0.484012294395017;-1.14752861522725
8;-0.471074895715133;-0.48055886397425;-1.14049287877582
8.01;-0.475864177388694;-0.476897015106752;-1.1334571423244
8.02;-0.480615908016287;-0.473028203672511;-1.12642140587297
8.03;-0.48532802474273;-0.468953945088543;-1.11938566942155
8.04;-0.489998480132889;-0.464675813752298;-1.11234993297013
8.05;-0.494625242758917;-0.460195442468355;-1.1053141965187
8.06;-0.499206297781684;-0.455514521858586;-1.09827846006728
8.07;-0.503739647526235;-0.450634799756005;-1.09124272361585
8.08;-0.508223312051115;-0.445558080582514;-1.08420698716443
8.09;-0.512655329711401;-0.440286224710747;-1.07717125071301
8.1;-0.517033757715276;-0.434821147810244;-1.07013551426158
8.11;-0.521356672674002;-0.429164820178172;-1.06309977781016
8.12;-0.525622171145129;-0.423319266054822;-1.05606404135873
8.13;-0.529828370168787;-0.417286562924109;-1.04902830490731
8.14;-0.533973407796925;-0.41106884079932;-1.04199256845589
8.15;-0.538055443615332;-0.404668281494333;-1.03495683200446
8.16;-0.542072659258317;-0.398087117880577;-1.02792109555304
8.17;-0.546023258915883;-0.391327633129944;-1.02088535910161
8.18;-0.549905469833277;-0.384392159943942;-1.01384962265019
8.19;-0.553717542802769;-0.377283079769315;-1.00681388619877
8.2;-0.557457752647522;-0.370002822000402;-0.999778149747342
8.21;-0.561124398697434;-0.362553863168497;-0.992742413295918
8.22;-0.564715805256812;-0.354938726118467;-0.985706676844494
8.23;-0.568230322063754;-0.347159979172906;-0.97867094039307
8.24;-0.571666324741124;-0.339220235284095;-0.971635203941646
8.25;-0.575022215238987;-0.331122151174033;-0.964599467490223
8.26;-0.578296422268392;-0.322868426462838;-0.957563731038799
8.27;-0.58148740172639;-0.314461802785772;-0.950527994587375
8.28;-0.584593637112174;-0.305905062899203;-0.943492258135951
8.29;-0.587613639934223;-0.29720102977577;-0.936456521684527
8.3;-0.590545950108357;-0.288352565689045;-0.929420785233103
8.31;-0.593389136346587;-0.279362571287997;-0.922385048781679
8.32;-0.596141796536671;-0.270233984661532;-0.915349312330255
8.33;-0.598802558112265;-0.260969780393428;-0.908313575878831
8.34;-0.601370078413589;-0.251572968607946;-0.901277839427407
8.35;-0.603843045038497;-0.242046594006432;-0.894242102975983
8.36;-0.606220176183886;-0.232393734895212;-0.887206366524559
8.37;-0.608500220977341;-0.222617502205077;-0.880170630073135
8.38;-0.610681959798931;-0.212721038502683;-0.873134893621711
8.39;-0.612764204593097;-0.202707516994158;-0.866099157170287
8.4;-0.614745799170533;-0.192580140521245;-0.859063420718863
8.41;-0.616625619499997;-0.182342140550279;-0.852027684267439
8.42;-0.618402573989982;-0.171996776154326;-0.844991947816016
8.43;-0.620075603760182;-0.161547332988798;-0.837956211364592
8.44;-0.62164368290268;-0.150997122260851;-0.830920474913168
8.45;-0.623105818732807;-0.140349479692906;-0.823884738461744
8.46;-0.624461052029609;-0.129607764480598;-0.81684900201032
8.47;-0.625708457265871;-0.118775358245473;-0.809813265558896
8.48;-0.626847142827646;-0.107855663982777;-0.802777529107472
8.49;-0.627876251223237;-0.0968521050046302;-0.795741792656048
8.5;-0.6287949592816;-0.0857681238789425;-0.788706056204624
8.51;-0.629602478340105;-0.0746071813643682;-0.7816703197532
8.52;-0.630298054421642;-0.0633727553416456;-0.774634583301776
8.53;-0.630880968401022;-0.0520683397416382;-0.767598846850352
8.54;-0.631350536160637;-0.0406974434704075;-0.760563110398928
8.55;-0.631706108735373;-0.0292635893316441;-0.753527373947504
8.56;-0.63194707244672;-0.0177703129467849;-0.74649163749608
8.57;-0.632072849026091;-0.0062211616731441;-0.739455901044656
8.58;-0.632082895727301;0.0053803064796144;-0.732420164593233
8.59;-0.63197670542821;0.0170305239343357;-0.725384428141808
8.6;-0.631753806721514;0.0287259146322359;-0.718348691690385
8.61;-0.631413763994672;0.0404628951194402;-0.711312955238961
8.62;-0.630956177498962;0.0522378756338706;-0.704277218787537
8.63;-0.63038068340768;0.0640472611921566;-0.697241482336113
8.64;-0.629686953863454;0.0758874526762424;-0.690205745884689
8.65;-0.62887469701471;0.0877548479193669;-0.683170009433265
8.66;-0.627943657041272;0.0996458427910905;-0.676134272981841
8.67;-0.626893614169121;0.111556832281046;-0.669098536530417
8.68;-0.625724384674323;0.12348421158109;-0.662062800078993
8.69;-0.624435820876147;0.135424377165535;-0.655027063627569
8.7;-0.623027811119384;0.14737372786914;-0.647991327176145
8.71;-0.621500279745902;0.159328665962541;-0.640955590724721
8.72;-0.619853187055458;0.171285598224802;-0.633919854273297
8.73;-0.618086529255799;0.18324093701277;-0.626884117821873
8.74;-0.616200338402086;0.19519110132693;-0.619848381370449
8.75;-0.614194682325674;0.20713251787342;-0.612812644919025
8.76;-0.612069664552291;0.219061622121925;-0.605776908467601
8.77;-0.609825424209659;0.230974859359119;-0.598741172016177
8.78;-0.607462135924601;0.242868685737355;-0.591705435564754
8.79;-0.604980009709683;0.2547395693183;-0.58466969911333
8.8;-0.602379290839446;0.266583991111194;-0.577633962661906
8.81;-0.599660259716275;0.278398446105462;-0.570598226210482
8.82;-0.596823231725976;0.290179444297343;-0.563562489759058
8.83;-0.59386855708311;0.301923511710265;-0.556526753307634
8.84;-0.590796620666151;0.313627191408663;-0.54949101685621
8.85;-0.587607841842541;0.325287044504941;-0.542455280404786
8.86;-0.584302674283707;0.336899651159297;-0.535419543953362
8.87;-0.580881605770105;0.348461611572121;-0.528383807501938
8.88;-0.577345157986388;0.359969546968674;-0.521348071050514
8.89;-0.573693886306749;0.37142010057578;-0.51431233459909
8.9;-0.569928379570544;0.382809938590239;-0.507276598147666
8.91;-0.566049259848267;0.394135751138692;-0.500240861696242
8.92;-0.562057182197959;0.405394253228663;-0.493205125244818
8.93;-0.55795283441216;0.416582185690506;-0.486169388793395
8.94;-0.553736936755469;0.427696316109998;-0.47913365234197
8.95;-0.549410241692834;0.438733439751303;-0.472097915890547
8.96;-0.54497353360865;0.449690380470054;-0.465062179439123
8.97;-0.540427628516768;0.4605639916163;-0.458026442987699
8.98;-0.535773373761532;0.471351156927051;-0.450990706536275
8.99;-0.531011647709928;0.482048791408192;-0.443954970084851
9;-0.526143359434969;0.492653842205494;-0.436919233633427
9.01;-0.521169448390414;0.503163289464509;-0.429883497182003
9.02;-0.516090884076946;0.51357414717908;-0.422847760730579
9.03;-0.51090866569991;0.523883464028258;-0.415812024279155
9.04;-0.505623821818742;0.53408832420138;-0.408776287827731
9.05;-0.500237409988195;0.544185848211079;-0.401740551376307
9.06;-0.494750516391492;0.554173193694016;-0.394704814924883
9.07;-0.489164255465529;0.564047556199103;-0.387669078473459
9.08;-0.483479769518256;0.57380616996301;-0.380633342022035
9.09;-0.477698228338348;0.583446308672737;-0.373597605570611
9.1;-0.47182082879733;0.592965286215056;-0.366561869119188
9.11;-0.465848794444243;0.602360457412608;-0.359526132667763
9.12;-0.459783375093035;0.61162921874647;-0.352490396216339
9.13;-0.453625846402767;0.62076900906499;-0.345454659764916
9.14;-0.447377509450803;0.629777310278704;-0.338418923313492
9.15;-0.441039690299115;0.638651648041147;-0.331383186862068
9.16;-0.434613739553843;0.647389592415388;-0.324347450410644
9.17;-0.428101031918247;0.655988758526102;-0.31731171395922
9.18;-0.421502965739218;0.664446807197016;-0.310275977507796
9.19;-0.414820962547467;0.672761445573561;-0.303240241056372
9.2;-0.408056466591564;0.680930427730564;-0.296204504604948
9.21;-0.401210944365965;0.688951555264837;-0.289168768153524
9.22;-0.394285884133182;0.696822677872492;-0.2821330317021
9.23;-0.387282795440245;0.704541693910852;-0.275097295250676
9.24;-0.380203208629623;0.712106550944809;-0.268061558799252
9.25;-0.373048674344746;0.719515246277489;-0.261025822347828
9.26;-0.365820763030289;0.726765827465102;-0.253990085896404
9.27;-0.358521064427388;0.733856392815833;-0.24695434944498
9.28;-0.351151187063933;0.740785091872673;-0.239918612993556
9.29;-0.343712757740105;0.747550125880057;-0.232882876542132
9.3;-0.336207421009321;0.754149748234198;-0.225847140090708
9.31;-0.328636838654754;0.760582264917025;-0.218811403639285
9.32;-0.32100268916158;0.766846034913597;-0.211775667187861
9.33;-0.313306667185128;0.772939470612927;-0.204739930736437
9.34;-0.305550483015105;0.778861038192097;-0.197704194285013
9.35;-0.297735862036041;0.784609257983594;-0.190668457833589
9.36;-0.289864544184148;0.790182704825783;-0.183632721382165
9.37;-0.281938283400744;0.795580008396433;-0.176596984930741
9.38;-0.273958847082423;0.800799853529239;-0.169561248479317
9.39;-0.265928015528132;0.805840980513257;-0.162525512027893
9.4;-0.257847581383335;0.810702185375211;-0.155489775576469
9.41;-0.249719349081426;0.815382320144598;-0.148454039125045
9.42;-0.241545134282575;0.819880293101558;-0.141418302673621
9.43;-0.233326763310168;0.824195069007448;-0.134382566222197
9.44;-0.225066072585021;0.828325669318095;-0.127346829770773
9.45;-0.216764908057539;0.832271172379688;-0.120311093319349
9.46;-0.208425124637996;0.836030713607274;-0.113275356867925
9.47;-0.200048585625105;0.839603485645845;-0.106239620416501
9.48;-0.191637162133063;0.842988738513994;-0.0992038839650777
9.49;-0.183192732517223;0.84618577973012;-0.0921681475136535
9.5;-0.174717181798604;0.849193974421186;-0.0851324110622298
9.51;-0.16621240108737;0.85201274541402;-0.0780966746108058
9.52;-0.157680287005491;0.854641573309157;-0.0710609381593819
9.53;-0.149122741108733;0.857079996537244;-0.0640252017079579
9.54;-0.140541669308173;0.859327611398009;-0.0569894652565339
9.55;-0.131938981291391;0.861384072081817;-0.04995372880511
9.56;-0.123316589943533;0.863249090673834;-0.0429179923536862
9.57;-0.11467641076841;0.864922437140832;-0.035882255902262
9.58;-0.106020361309802;0.86640393930066;-0.028846519450838
9.59;-0.0973503605731478;0.867693482774438;-0.0218107829994143
9.6;-0.0886683284477945;0.868791010921494;-0.0147750465479903
9.61;-0.0799761851299682;0.869696524757108;-0.00773931009656614
9.62;-0.0712758505466487;0.87041008285312;-0.000703573645142397
9.63;-0.0625693028649231;0.870906483175902;0
9.64;-0.0538589637574813;0.871141669484714;0
9.65;-0.0451474500535348;0.871115317735245;0
9.66;-0.0364373751394139;0.870827885324149;0
9.67;-0.0277313474786096;0.870279907123632;0
9.68;-0.0190319698383203;0.869471995187961;0
9.69;-0.0103418385190346;0.868404838437352;0
9.7;-0.0016635425873774;0.867079202319343;0
9.71;0.0070003368875572;0.865495928447824;0
9.72;0.0156472275941636;0.863655934219846;0
9.73;0.0242745667343506;0.861560212410377;0
9.74;0.0328798017754167;0.859209830745159;0
9.75;0.0414603911975555;0.856605931451826;0
9.76;0.0500138052367754;0.853749730789471;0
9.77;0.0585375266230188;0.850642518556819;0
9.78;0.0670290513132668;0.847285657579207;0
9.79;0.0754858892194199;0.843680583174559;0
9.8;0.0839055649307438;0.839828802598536;0
9.81;0.0922856184306743;0.835731894469088;0
9.82;0.100623605807776;0.831391508170598;0
9.83;0.108917099960649;0.826809363237838;0
9.84;0.117163691296592;0.821987248719951;0
9.85;0.125360988423804;0.8169270225247;0
9.86;0.133506618836955;0.811630610743187;0
9.87;0.141598229595904;0.80610000695531;0
9.88;0.149633487997396;0.80033727151617;0
9.89;0.15761008223953;0.794344530823695;0
9.9;0.165525722078826;0.788123976567729;0
9.91;0.173378139479697;0.781677864960825;0
9.92;0.181165089256146;0.775008515951038;0
9.93;0.188884349705518;0.76811831241695;0
9.94;0.196533723234114;0.761009699345223;0
9.95;0.20411103697451;0.753685182990944;0
9.96;0.2116141433944;0.746147330021051;0
9.97;0.219040920896797;0.738398766641117;0
9.98;0.226389274411433;0.730442177705789;0
9.99;0.233657135977185;0.722280305813182;0
10;0.240842465315376;0.713915950383509;0
10.01;0.247943250393797;0.705351966722269;0
10.02;0.254957507981282;0.696591265068291;0
10.03;0.261883284192709;0.687636809626947;0
10.04;0.268718655024257;0.67849161758885;0
10.05;0.275461726878793;0.669158758134354;0
10.06;0.282110637081238;0.659641351424185;0
10.07;0.288663554383777;0.649942567576518;0
10.08;0.295118679460784;0.640065625630842;0
10.09;0.301474245393322;0.630013792498941;0
10.1;0.307728518143104;0.619790381903323;0
10.11;0.313879797015773;0.60939875330345;0
10.12;0.319926415113398;0.598842310810091;0
10.13;0.325866739776059;0.58812450208817;0
10.14;0.331699173012413;0.577248817248433;0
10.15;0.337422151919118;0.566218787728302;0
10.16;0.343034149089032;0.555037985162263;0
10.17;0.34853367300806;0.543710020242143;0
10.18;0.353919268440563;0.532238541567644;0
10.19;0.359189516803227;0.520627234487484;0
10.2;0.364343036527311;0.508879819931517;0
10.21;0.369378483409166;0.497000053234191;0
10.22;0.374294550948955;0.484991722949719;0
10.23;0.379089970677495;0.472858649659325;0
10.24;0.383763512471127;0.460604684770941;0
10.25;0.388313984854559;0.448233709311727;0
10.26;0.392740235291593;0.435749632713787;0
10.27;0.397041150463695;0.423156391593456;0
10.28;0.401215656536316;0.410457948524537;0
10.29;0.405262719412926;0.397658290805867;0
10.3;0.4091813449767;0.384761429223585;0
10.31;0.412970579319802;0.371771396808497;0
10.32;0.416629508960225;0.358692247588893;0
10.33;0.420157261046135;0.345528055339226;0
10.34;0.42355300354769;0.332282912325019;0
10.35;0.426815945436288;0.318960928044385;0
10.36;0.429945336851222;0.305566227966542;0
10.37;0.432940469253702;0.292102952267715;0
10.38;0.435800675568228;0.278575254564795;0
10.39;0.438525330311293;0.264987300647152;0
10.4;0.441113849707393;0.251343267206973;0
10.41;0.44356569179234;0.237647340568518;0
10.42;0.44588035650386;0.223903715416668;0
10.43;0.448057385759479;0.21011659352516;0
10.44;0.450096363521682;0.196290182484874;0
10.45;0.451996915850373;0.182428694432567;0
10.46;0.453758710942606;0.168536344780428;0
10.47;0.455381459159635;0.154617350946834;0
10.48;0.456864913041265;0.140675931088688;0
10.49;0.458208867307539;0.126716302835712;0
10.5;0.459413158847783;0.112742682027075;0
10.51;0.460477666697024;0.0987592814507263;0
10.52;0.461402311999812;0.0847703095858145;0
10.53;0.462187057961491;0.0707799693485563;0
10.54;0.462831909786937;0.0567924568419294;0
10.55;0.463336914606814;0.0428119601095557;0
10.56;0.46370216139139;0.0288426578941433;0
10.57;0.463927780851961;0.0148887184008495;0
10.58;0.464013945329928;0.000954298065928047;0
10.59;0.463960868673584;-0.0129564596689791;0
10.6;0.463768806102684;-0.0268394255765486;0
10.61;0.463438054060823;-0.0406904858571251;0
10.62;0.462968950055737;-0.0545055433453611;0
10.63;0.462361872487545;-0.0682805187097956;0
10.64;0.461617240465046;-0.0820113516450268;0
10.65;0.46073551361012;-0.0956940020561312;0
10.66;0.459717191850321;-0.109324451234989;0
10.67;0.45856281519975;-0.122898703028179;0
10.68;0.457272963528281;-0.1364127849961;0
10.69;0.455848256319243;-0.149862749562999;0
10.7;0.454289352415637;-0.163244675157561;0
10.71;0.452596949755;-0.176554667343754;0
10.72;0.450771785092997;-0.189788859941586;0
10.73;0.448814633715855;-0.20294341613747;0
10.74;0.446726309141742;-0.216014529583881;0
10.75;0.4445076628112;-0.228998425487987;0
10.76;0.442159583766738;-0.241891361688946;0
10.77;0.439682998321709;-0.254689629723582;0
10.78;0.437078869718581;-0.267389555880114;0
10.79;0.434348197776725;-0.279987502239667;0
10.8;0.431492018529847;-0.292479867705258;0
10.81;0.428511403853184;-0.304863089017981;0
10.82;0.425407461080597;-0.317133641760097;0
10.83;0.4221813326117;-0.329288041344761;0
10.84;0.418834195509141;-0.341322843992108;0
10.85;0.415367261086195;-0.353234647691428;0
10.86;0.41178177448479;-0.365020093149168;0
10.87;0.40807901424413;-0.376675864722494;0
10.88;0.404260291860033;-0.388198691338178;0
10.89;0.400326951335158;-0.399585347396525;0
10.9;0.396280368720259;-0.410832653660136;0
10.91;0.392121951646616;-0.421937478127229;0
10.92;0.38785313884981;-0.432896736889312;0
10.93;0.383475399684986;-0.443707394972959;0
10.94;0.378990233633773;-0.454366467165469;0
10.95;0.374399169803026;-0.464871018824197;0
10.96;0.369703766415538;-0.475218166669327;0
10.97;0.36490561029291;-0.485405079559894;0
10.98;0.36000631633073;-0.495428979252834;0
10.99;0.355007526966244;-0.505287141144879;0
11;0.349910911638681;-0.5149768949971;0
11.01;0.344718166242414;-0.524495625641899;0
11.02;0.339431012573131;-0.533840773672287;0
11.03;0.334051197767192;-0.543009836113257;0
11.04;0.328580493734356;-0.552000367075094;0
11.05;0.323020696584052;-0.560809978388438;0
11.06;0.317373626045388;-0.569436340220966;0
11.07;0.311641124881073;-0.577877181675519;0
11.08;0.305825058295441;-0.58613029136954;0
11.09;0.299927313336771;-0.594193517995668;0
11.1;0.293949798294074;-0.602064770863372;0
11.11;0.287894442088567;-0.609742020421473;0
11.12;0.281763193659992;-0.617223298761445;0
11.13;0.275558021347997;-0.624506700101374;0
11.14;0.269280912268765;-0.631590381250462;0
11.15;0.262933871687085;-0.638472562053966;0
11.16;0.256518922384058;-0.645151525818484;0
11.17;0.250038104020647;-0.65162561971748;0
11.18;0.243493472497251;-0.65789325517697;0
11.19;0.236887099309522;-0.663952908241288;0
11.2;0.230221070900606;-0.669803119918844;0
11.21;0.223497488010023;-0.675442496507829;0
11.22;0.216718465019373;-0.680869709901772;0
11.23;0.209886129295088;-0.686083497874921;0
11.24;0.20300262052841;-0.69108266434738;0
11.25;0.196070090072814;-0.695866079629967;0
11.26;0.189090700279077;-0.700432680648741;0
11.27;0.182066623828188;-0.704781471149184;0
11.28;0.175000043062307;-0.708911521879998;0
11.29;0.167893149313989;-0.712821970756498;0
11.3;0.160748142233847;-0.716512023003598;0
11.31;0.153567229116896;-0.719980951278369;0
11.32;0.14635262422775;-0.723228095772171;0
11.33;0.139106548124897;-0.726252864292375;0
11.34;0.131831226984246;-0.729054732323661;0
11.35;0.124528891922153;-0.73163324306894;0
11.36;0.117201778318127;-0.733988007469892;0
11.37;0.109852125137428;-0.736118704207175;0
11.38;0.10248217425375;-0.738025079680319;0
11.39;0.0950941697721953;-0.739706947967362;0
11.4;0.0876903573527476;-0.741164190764262;0
11.41;0.0802729835344391;-0.74239675730415;0
11.42;0.0728442950604155;-0.743404664256473;0
11.43;0.0654065382041006;-0.744187995606096;0
11.44;0.0579619580966599;-0.744746902512431;0
11.45;0.0505127980559616;-0.745081603148681;0
11.46;0.0430612989172355;-0.745192382521261;0
11.47;0.0356096983656258;-0.745079592269499;0
11.48;0.0281602302708352;-0.744743650445713;0
11.49;0.0207151240240571;-0.744185041275751;0
11.5;0.0132766038773886;-0.743404314900108;0
11.51;0.00584688828592074;-0.742402087095731;0
11.52;-0.00157181074730425;-0.741179038978628;0
11.53;-0.0089772883232746;-0.739735916687395;0
11.54;-0.0163673472957414;-0.738073531047807;0
11.55;-0.0237397989165116;-0.736192757218584;0
11.56;-0.031092463477115;-0.734094534318488;0
11.57;-0.0384231709466582;-0.731779865034887;0
11.58;-0.0457297616056815;-0.72924981521393;0
11.59;-0.053010086675836;-0.726505513432509;0
11.6;-0.0602620089451976;-0.723548150552134;0
11.61;-0.0674834033890404;-0.720378979254917;0
11.62;-0.074672157785889;-0.716999313561819;0
11.63;-0.0818261733286749;-0.713410528333336;0
11.64;-0.0889433652308203;-0.709614058752805;0
11.65;-0.0960216633270791;-0.705611399792522;0
11.66;-0.103059012668961;-0.701404105662847;0
11.67;-0.110053374114569;-0.696993789244508;0
11.68;-0.117002724912694;-0.692382121504279;0
11.69;-0.123905059280976;-0.687570830894269;0
11.7;-0.130758388978003;-0.682561702734996;0
11.71;-0.137560743869155;-0.677356578582483;0
11.72;-0.144310172486055;-0.671957355579583;0
11.73;-0.151004742579461;-0.66636598579175;0
11.74;-0.157642541665444;-0.660584475527499;0
11.75;-0.164221677564711;-0.654614884643768;0
11.76;-0.170740278934903;-0.648459325836415;0
11.77;-0.177196495795738;-0.642119963916112;0
11.78;-0.183588500046851;-0.635599015069846;0
11.79;-0.189914485978182;-0.628898746108297;0
11.8;-0.196172670772769;-0.622021473699332;0
11.81;-0.202361295001827;-0.614969563587872;0
11.82;-0.208478623111957;-0.607745429802386;0
11.83;-0.21452294390436;-0.60035153384828;0
11.84;-0.220492571005932;-0.592790383888437;0
11.85;-0.226385843332103;-0.585064533911178;0
11.86;-0.232201125541304;-0.57717658288592;0
11.87;-0.237936808480932;-0.569129173906802;0
11.88;-0.2435913096247;-0.56092499332455;0
11.89;-0.249163073501258;-0.552566769866873;0
11.9;-0.254650572113957;-0.54405727374767;0
11.91;-0.260052305351667;-0.53539931576532;0
11.92;-0.265366801390525;-0.526595746390374;0
11.93;-0.270592617086509;-0.517649454842907;0
11.94;-0.275728338358748;-0.508563368159846;0
11.95;-0.280772580563458;-0.49934045025257;0
11.96;-0.285723988858408;-0.489983700955068;0
11.97;-0.290581238557832;-0.480496155062968;0
11.98;-0.295343035477687;-0.470880881363739;0
11.99;-0.300008116271174;-0.46114098165837;0
12;-0.304575248754446;-0.451279589774831;0
12.01;-0.309043232222404;-0.441299870573632;0
12.02;-0.31341089775452;-0.431205018945789;0
12.03;-0.317677108510608;-0.420998258803511;0
12.04;-0.321840760016469;-0.410682842063915;0
12.05;-0.325900780439338;-0.400262047626104;0
12.06;-0.329856130853082;-0.38973918034191;0
12.07;-0.333705805493071;-0.37911756998062;0
12.08;-0.337448832000672;-0.368400570188023;0
12.09;-0.341084271657312;-0.357591557440083;0
12.1;-0.344611219608051;-0.346693929991566;0
12.11;-0.348028805074623;-0.335711106819947;0
12.12;-0.351336191557893;-0.324646526564921;0
12.13;-0.354532577029692;-0.313503646463841;0
12.14;-0.357617194113989;-0.302285941283414;0
12.15;-0.360589310257366;-0.290996902247973;0
12.16;-0.363448227888758;-0.27964003596466;0
12.17;-0.366193284568435;-0.268218863345852;0
12.18;-0.368823853126197;-0.256736918529136;0
12.19;-0.371339341788757;-0.245197747795191;0
12.2;-0.373739194296295;-0.233604908483882;0
12.21;-0.376022890008169;-0.221961967908899;0
12.22;-0.378189943997764;-0.21027250227128;0
12.23;-0.38023990713647;-0.198540095572132;0
12.24;-0.382172366166796;-0.186768338524883;0
12.25;-0.383986943764588;-0.174960827467389;0
12.26;-0.385683298590386;-0.163121163274232;0
12.27;-0.387261125329894;-0.151252950269521;0
12.28;-0.388720154723587;-0.139359795140528;0
12.29;-0.390060153585459;-0.127445305852488;0
12.3;-0.391280924810923;-0.11551309056487;0
12.31;-0.392382307373886;-0.10356675654947;0
12.32;-0.393364176313006;-0.0916099091106096;0
12.33;-0.394226442707172;-0.0796461505077939;0
12.34;-0.394969053640216;-0.0676790788811298;0
12.35;-0.395591992154895;-0.0557122871798241;0
12.36;-0.396095277196171;-0.0437493620940818;0
12.37;-0.396478963543832;-0.0317938829907147;0
12.38;-0.396743141734476;-0.0198494208527755;0
12.39;-0.396887937972926;-0.00791953722352668;0
12.4;-0.39691351403309;0.00399221684494508;0
12.41;-0.396820067148341;0.0158823018381635;0
12.42;-0.396607829891445;0.0277471908204397;0
12.43;-0.396277070044118;0.0395833704704897;0
12.44;-0.395828090456231;0.0513873421111903;0
12.45;-0.395261228894769;0.063155622733176;0
12.46;-0.39457685788256;0.0748847460119796;0
12.47;-0.393775384526881;0.0865712633184241;0
12.48;-0.392857250337982;0.0982117447219724;0
12.49;-0.39182293103761;0.109802779986749;0
12.5;-0.39067293635761;0.121340979559943;0
12.51;-0.389407809828674;0.13282297555232;0
12.52;-0.388028128559323;0.144245422710542;0
12.53;-0.386534503005205;0.155604999381047;0
12.54;-0.384927576728792;0.166898408465182;0
12.55;-0.383208026149561;0.178122378365346;0
12.56;-0.381376560284767;0.189273663921855;0
12.57;-0.379433920480878;0.200349047340277;0
12.58;-0.377380880135785;0.211345339108964;0
12.59;-0.375218244411886;0.222259378906538;0
12.6;-0.372946849940135;0.233088036499057;0
12.61;-0.370567564515167;0.24382821262663;0
12.62;-0.368081286781613;0.254476839879213;0
12.63;-0.365488945911695;0.265030883561364;0
12.64;-0.362791501274233;0.275487342545692;0
12.65;-0.359989942095166;0.285843250114793;0
12.66;-0.357085287109706;0.296095674791406;0
12.67;-0.354078584206247;0.306241721156595;0
12.68;-0.35097091006214;0.316278530655705;0
12.69;-0.347763369771474;0.326203282391888;0
12.7;-0.344457096464971;0.336013193906974;0
12.71;-0.341053250922132;0.345705521949479;0
12.72;-0.337553021175763;0.35527756322954;0
12.73;-0.333957622109012;0.364726655160574;0
12.74;-0.330268295045044;0.374050176587462;0
12.75;-0.326486307329504;0.383245548501058;0
12.76;-0.322612951905889;0.392310234738839;0
12.77;-0.318649546883985;0.401241742671511;0
12.78;-0.314597435101491;0.410037623875378;0
12.79;-0.310457983678998;0.418695474790308;0
12.8;-0.306232583568438;0.427212937363124;0
12.81;-0.301922649095178;0.435587699676235;0
12.82;-0.297529617493891;0.443817496561377;0
12.83;-0.293054948438353;0.451900110198265;0
12.84;-0.288500123565325;0.459833370698035;0
12.85;-0.283866645992675;0.467615156671317;0
12.86;-0.279156039831875;0.475243395780783;0
12.87;-0.274369849695062;0.48271606527805;0
12.88;-0.26950964019678;0.490031192524796;0
12.89;-0.2645769954506;0.49718685549795;0
12.9;-0.259573518560752;0.504181183278855;0
12.91;-0.254500831108934;0.511012356526256;0
12.92;-0.249360572636478;0.517678607933031;0
12.93;-0.244154400122004;0.524178222666523;0
12.94;-0.238883987454762;0.530509538792397;0
12.95;-0.233551024903797;0.536670947681903;0
12.96;-0.228157218583128;0.542660894402472;0
12.97;-0.222704289913081;0.54847787809153;0
12.98;-0.217193975077977;0.554120452313474;0
12.99;-0.211628024480315;0.55958722539971;0
13;-0.206008202191633;0.564876860771699;0
13.01;-0.200336285400219;0.569988077246924;0
13.02;-0.194614063855834;0.574919649327733;0
13.03;-0.188843339311629;0.579670407472989;0
13.04;-0.183025924963421;0.584239238352485;0
13.05;-0.177163644886499;0.588625085084065;0
13.06;-0.171258333470144;0.592826947453422;0
13.07;-0.165311834850023;0.596843882116527;0
13.08;-0.159326002338641;0.600675002784668;0
13.09;-0.153302697854017;0.604319480392063;0
13.1;-0.147243791346764;0.607776543246035;0
13.11;-0.141151160225752;0.611045477159731;0
13.12;-0.135026688782509;0.614125625567368;0
13.13;-0.128872267614561;0.617016389622021;0
13.14;-0.122689793047865;0.619717228275928;0
13.15;-0.116481166558522;0.622227658343343;0
13.16;-0.110248294193937;0.624547254545923;0
13.17;-0.103993085993606;0.626675649540693;0
13.18;-0.0977174554096996;0.628612533930586;0
13.19;-0.0914233187276187;0.630357656257598;0
13.2;-0.0851125944867022;0.631910822978586;0
13.21;-0.078787202901248;0.633271898423751;0
13.22;-0.0724490652820314;0.63444080473784;0
13.23;-0.0661001034584869;0.63541752180412;0
13.24;-0.0597422392017284;0.636202087151172;0
13.25;-0.0533773936485784;0.636794595842574;0
13.26;-0.0470074867267774;0.637195200349515;0
13.27;-0.0406344365815434;0.637404110406429;0
13.28;-0.0342601590036508;0.63742159284971;0
13.29;-0.0278865668591995;0.637247971439578;0
13.3;-0.0215155695212388;0.636883626665204;0
13.31;-0.015149072303417;0.636328995533153;0
13.32;-0.0087889758958197;0.635584571339249;0
13.33;-0.00243717580316509;0.634650903423965;0
13.34;0.00390443821448206;0.633528596911429;0
13.35;0.0102339826983124;0.632218312432161;0
13.36;0.0165495810445288;0.630720765829638;0
13.37;0.0228493640550965;0.629036727850829;0
13.38;0.0291314704853268;0.627167023820784;0
13.39;0.0353940475881355;0.625112533301443;0
13.4;0.0416352516548187;0.622874189734754;0
13.41;0.0478532485521898;0.620452980070269;0
13.42;0.0540462142559229;0.617849944377329;0
13.43;0.0602123353799498;0.615066175441999;0
13.44;0.0663498097017574;0.612102818348889;0
13.45;0.0724568466834366;0.608961070048023;0
13.46;0.0785316679883328;0.605642178906898;0
13.47;0.0845725079931509;0.602147444247905;0
13.48;0.0905776142953697;0.598478215871267;0
13.49;0.0965452482158202;0.594635893563668;0
13.5;0.102473685296288;0.590621926592744;0
13.51;0.108361215791995;0.586437813187606;0
13.52;0.114206145158827;0.582085100005582;0
13.53;0.120006794535167;0.57756538158536;0
13.54;0.125761501218196;0.572880299786713;0
13.55;0.131468619134537;0.568031543217009;0
13.56;0.137126519305099;0.563020846644687;0
13.57;0.142733590304004;0.557849990399904;0
13.58;0.148288238711459;0.552520799762562;0
13.59;0.153788889560455;0.547035144337904;0
13.6;0.159233986777164;0.541394937419901;0
13.61;0.164621993614917;0.535602135342636;0
13.62;0.169951393081647;0.529658736819899;0
13.63;0.175220688360668;0.523566782273214;0
13.64;0.180428403224686;0.517328353148524;0
13.65;0.185573082442929;0.510945571221744;0
13.66;0.190653292181284;0.504420597893424;0
13.67;0.195667620395323;0.497755633472746;0
13.68;0.200614677216138;0.490952916451084;0
13.69;0.205493095328847;0.484014722765374;0
13.7;0.210301530343707;0.47694336505152;0
13.71;0.2150386611597;0.469741191888081;0
13.72;0.219703190320529;0.462410587030492;0
13.73;0.224293844362899;0.454953968636045;0
13.74;0.228809374157021;0.447373788479901;0
13.75;0.233248555239229;0.439672531162362;0
13.76;0.23761018813663;0.431852713307673;0
13.77;0.241893098683711;0.423916882754599;0
13.78;0.246096138330812;0.415867617739036;0
13.79;0.250218184444389;0.407707526068913;0
13.8;0.254258140598994;0.399439244291652;0
13.81;0.2582149368609;0.391065436854441;0
13.82;0.26208753006329;0.382588795257589;0
13.83;0.265874904072958;0.374012037201223;0
13.84;0.26957607004844;0.365337905725598;0
13.85;0.273190066689527;0.356569168345298;0
13.86;0.276715960478089;0.347708616177572;0
13.87;0.280152845910157;0.338759063065111;0
13.88;0.283499845719216;0.329723344693504;0
13.89;0.286756111090636;0.320604317703677;0
13.9;0.28992082186722;0.311404858799564;0
13.91;0.292993186745801;0.302127863851308;0
13.92;0.29597244346485;0.29277624699425;0
13.93;0.29885785898306;0.283352939723996;0
13.94;0.301648729648867;0.273860889987833;0
13.95;0.304344381360859;0.264303061272779;0
13.96;0.306944169719062;0.254682431690533;0
13.97;0.30944748016706;0.245001993059625;0
13.98;0.311853728124919;0.235264749985027;0
13.99;0.314162359112906;0.225473718935519;0
14;0.316372848865964;0.215631927319074;0
14.01;0.318484703438941;0.205742412556566;0
14.02;0.320497459302539;0.195808221154062;0
14.03;0.322410683429995;0.185832407773981;0
14.04;0.324223973374456;0.175818034305413;0
14.05;0.32593695733706;0.165768168933864;0
14.06;0.327549294225716;0.155685885210713;0
14.07;0.329060673704573;0.145574261122663;0
14.08;0.330470816234186;0.135436378161457;0
14.09;0.331779473102385;0.125275320394144;0
14.1;0.332986426445844;0.115094173534174;0
14.11;0.334091489262369;0.104896024013592;0
14.12;0.335094505413916;0.0946839580566123;0
14.13;0.335995349620351;0.0844610607548484;0
14.14;0.336793927443962;0.0742304151444705;0
14.15;0.337490175264769;0.0639951012855658;0
14.16;0.338084060246625;0.0537581953439733;0
14.17;0.338575580294148;0.0435227686758635;0
14.18;0.338964764000524;0.0332918869153334;0
14.19;0.339251670586187;0.0230686090652853;0
14.2;0.339436389828429;0.0128559865918548;0
14.21;0.339519041981974;0.00265706252265558;0
14.22;0.339499777690547;-0.00752512945089741;0
14.23;0.339378777889489;-0.0176875658669226;0
14.24;0.33915625369946;-0.0278272343818053;0
14.25;0.338832446311272;-0.0379411346540703;0
14.26;0.338407626861914;-0.0480262792231385;0
14.27;0.3378820963018;-0.058079694382711;0
14.28;0.337256185253325;-0.0680984210485302;0
14.29;0.336530253860757;-0.0780795156202653;0
14.3;0.335704691631539;-0.0880200508372764;0
14.31;0.334779917269071;-0.0979171166280081;0
14.32;0.333756378497018;-0.107767820952772;0
14.33;0.33263455187522;-0.117569290639677;0
14.34;0.331414942607285;-0.12731867221346;0
14.35;0.330098084339916;-0.137013132717;0
14.36;0.328684538954059;-0.146649860525257;0
14.37;0.327174896347954;-0.156226066151426;0
14.38;0.325569774212148;-0.165738983045067;0
14.39;0.323869817796573;-0.175185868381986;0
14.4;0.322075699669758;-0.184564003845648;0
14.41;0.320188119470273;-0.193870696399901;0
14.42;0.318207803650474;-0.203103279052794;0
14.43;0.316135505212661;-0.212259111611272;0
14.44;0.313972003437728;-0.221335581426546;0
14.45;0.311718103606397;-0.230330104129918;0
14.46;0.309374636713147;-0.239240124358874;0
14.47;0.306942459172914;-0.248063116473226;0
14.48;0.304422452520692;-0.256796585261115;0
14.49;0.301815523104101;-0.265438066634682;0
14.5;0.299122601769061;-0.273985128315214;0
14.51;0.296344643538656;-0.282435370507572;0
14.52;0.293482627285299;-0.290786426563729;0
14.53;0.290537555396323;-0.299035963635228;0
14.54;0.287510453433083;-0.307181683314388;0
14.55;0.284402369783709;-0.315221322264081;0
14.56;0.28121437530961;-0.32315265283592;0
14.57;0.277947562985844;-0.33097348367668;0
14.58;0.274603047535484;-0.338681660322801;0
14.59;0.271181965058089;-0.346275065782809;0
14.6;0.267685472652409;-0.353751621107507;0
14.61;0.26411474803344;-0.361109285947775;0
14.62;0.260470989143959;-0.368346059099849;0
14.63;0.256755413760665;-0.375459979037926;0
14.64;0.25296925909505;-0.382449124433952;0
14.65;0.249113781389125;-0.389311614664481;0
14.66;0.245190255506147;-0.396045610304452;0
14.67;0.24119997451646;-0.402649313607765;0
14.68;0.237144249278588;-0.409120968974547;0
14.69;0.233024408015727;-0.415458863404976;0
14.7;0.228841795887742;-0.421661326939552;0
14.71;0.224597774558842;-0.427726733085713;0
14.72;0.220293721761036;-0.433653499230692;0
14.73;0.215931030853529;-0.439440087040503;0
14.74;0.211511110378193;-0.445085002844973;0
14.75;0.207035383611241;-0.450586798008725;0
14.76;0.202505288111271;-0.455944069288018;0
14.77;0.197922275263787;-0.461155459173375;0
14.78;0.193287809822374;-0.466219656217904;0
14.79;0.188603369446642;-0.471135395351258;0
14.8;0.183870444237106;-0.475901458179138;0
14.81;0.179090536267125;-0.480516673268309;0
14.82;0.17426515911207;-0.484979916417032;0
14.83;0.169395837375837;-0.48929011091088;0
14.84;0.164484106214884;-0.493446227763885;0
14.85;0.159531510859913;-0.497447285944952;0
14.86;0.154539606135352;-0.501292352589518;0
14.87;0.149509955976801;-0.504980543196403;0
14.88;0.144444132946558;-0.50851102180983;0
14.89;0.139343717747404;-0.511883001186579;0
14.9;0.134210298734783;-0.515095742948248;0
14.91;0.129045471427517;-0.518148557718608;0
14.92;0.123850838017226;-0.521040805246033;0
14.93;0.118628006876584;-0.523771894510992;0
14.94;0.11337859206657;-0.526341283818602;0
14.95;0.108104212842859;-0.52874848087623;0
14.96;0.102806493161507;-0.530993042856162;0
14.97;0.0974870611840721;-0.533074576443324;0
14.98;0.0921475487823294;-0.534992737868096;0
14.99;0.0867895910427246;-0.536747232924199;0
15;0.0814148257707136;-0.538337816971711;0
15.01;0.0760248929951404;-0.539764294925207;0
15.02;0.0706214344728001;-0.541026521227071;0
15.03;0.0652060931933351;-0.542124399806009;0
15.04;0.0597805128846128;-0.543057884020796;0
15.05;0.0543463375187326;-0.5438269765893;0
15.06;0.0489052108188077;-0.54443172950284;0
15.07;0.0434587757666703;-0.544872243925912;0
15.08;0.0380086741116442;-0.545148670081355;0
15.09;0.0325565458805318;-0.545261207121003;0
15.1;0.027104028888959;-0.545210102981897;0
15.11;0.0216527582542235;-0.544995654228111;0
15.12;0.0162043659097881;-0.544618205878289;0
15.13;0.0107604801215643;-0.544078151218938;0
15.14;0.00532272500612536;-0.543375931603583;0
15.15;-0.000107279949008461;-0.542512036237853;0
15.16;-0.00552792036287209;-0.541487001950598;0
15.17;-0.010937587436207;-0.540301412951117;0
15.18;-0.0163346784241225;-0.538955900572605;0
15.19;-0.0217175971061299;-0.537451143001914;0
15.2;-0.0270847542534129;-0.535787864995734;0
15.21;-0.0324345680931995;-0.5339668375833;0
15.22;-0.0377654647701004;-0.531988877755741;0
15.23;-0.043075878804281;-0.529854848142187;0
15.24;-0.048364253546336;-0.527565656672748;0
15.25;-0.0536290416287346;-0.525122256228497;0
15.26;-0.0588687054137077;-0.522525644278574;0
15.27;-0.0640817174374486;-0.519776862504557;0
15.28;-0.0692665608505008;-0.516876996412219;0
15.29;-0.0744217298542069;-0.513827174930814;0
15.3;-0.079545730133095;-0.510628570000042;0
15.31;-0.0846370792830791;-0.507282396144825;0
15.32;-0.0896943072353542;-0.503789910038051;0
15.33;-0.0947159566758643;-0.500152410051434;0
15.34;-0.0997005834602263;-0.496371235794648;0
15.35;-0.104646757023993;-0.492447767642891;0
15.36;-0.109553060788142;-0.488383426253037;0
15.37;-0.114418092559669;-0.484179672068554;0
15.38;-0.119240464927192;-0.479838004813337;0
15.39;-0.124018805651433;-0.475359962974638;0
15.4;-0.128751758050484;-0.470747123275274;0
15.41;-0.133437981379755;-0.466001100135266;0
15.42;-0.138076151206479;-0.461123545123115;0
15.43;-0.142664959778692;-0.45611614639688;0
15.44;-0.147203116388578;-0.45098062813525;0
15.45;-0.151689347730077;-0.445718749958792;0
15.46;-0.156122398250665;-0.440332306341581;0
15.47;-0.160501030497207;-0.434823126013379;0
15.48;-0.164824025455789;-0.429193071352583;0
15.49;-0.169090182885437;-0.423444037770127;0
15.5;-0.173298321645643;-0.417577953084539;0
15.51;-0.177447280017592;-0.411596776888359;0
15.52;-0.181535916019021;-0.405502499906124;0
15.53;-0.185563107712622;-0.399297143344121;0
15.54;-0.189527753507899;-0.39298275823212;0
15.55;-0.193428772456417;-0.386561424757299;0
15.56;-0.197265104540347;-0.380035251590577;0
15.57;-0.201035710954248;-0.373406375205562;0
15.58;-0.204739574379998;-0.366676959190335;0
15.59;-0.208375699254823;-0.359849193552296;0
15.6;-0.211943112032329;-0.352925294016276;0
15.61;-0.215440861436501;-0.34590750131615;0
15.62;-0.218868018708578;-0.338798080480176;0
15.63;-0.222223677846762;-0.331599320110269;0
15.64;-0.225506955838685;-0.324313531655458;0
15.65;-0.228716992886595;-0.316943048679738;0
15.66;-0.231852952625189;-0.309490226124546;0
15.67;-0.23491402233205;-0.301957439566108;0
15.68;-0.237899413130632;-0.294347084467871;0
15.69;-0.240808360185756;-0.28666157542825;0
15.7;-0.243640122891554;-0.278903345423951;0
15.71;-0.246393985051834;-0.271074845049067;0
15.72;-0.249069255052812;-0.263178541750211;0
15.73;-0.251665266028186;-0.255216919057907;0
15.74;-0.254181376016497;-0.247192475814488;0
15.75;-0.256616968110768;-0.239107725398719;0
15.76;-0.258971450600362;-0.230965194947407;0
15.77;-0.261244257105052;-0.222767424574217;0
15.78;-0.263434846701265;-0.214516966585946;0
15.79;-0.265542704040476;-0.206216384696483;0
15.8;-0.267567339459736;-0.197868253238707;0
15.81;-0.269508289084308;-0.189475156374551;0
15.82;-0.271365114922397;-0.18103968730348;0
15.83;-0.273137404951957;-0.172564447469621;0
15.84;-0.274824773199569;-0.16405204576778;0
15.85;-0.276426859811367;-0.155505097748598;0
15.86;-0.277943331116021;-0.146926224823068;0
15.87;-0.279373879679757;-0.13831805346667;0
15.88;-0.280718224353422;-0.129683214423354;0
15.89;-0.281976110311583;-0.121024341909609;0
15.9;-0.283147309083677;-0.112344072818863;0
15.91;-0.284231618577197;-0.103645045926443;0
15.92;-0.285228863092941;-0.0949299010953413;0
15.93;-0.286138893332313;-0.0862012784830216;0
15.94;-0.286961586396709;-0.0774618177494948;0
15.95;-0.28769684577898;-0.0687141572669101;0
15.96;-0.288344601347002;-0.0599609333308877;0
15.97;-0.288904809319374;-0.0512047793738315;0
15.98;-0.289377452233248;-0.04244832518045;0
15.99;-0.289762538904336;-0.0336941961057205;0
16;-0.290060104379098;-0.0249450122955245;0
16.01;-0.290270209879159;-0.0162033879101842;0
16.02;-0.290392942737968;-0.00747193035112784;0
16.03;-0.290428416329743;0.00124676050909009;0
16.04;-0.290376769990728;0.00995009309318812;0
16.05;-0.290238168932808;0.0186354848817535;0
16.06;-0.290012804149512;0.0273003631718121;0
16.07;-0.289700892314451;0.0359421658311515;0
16.08;-0.289302675672233;0.0445583420481801;0
16.09;-0.288818421921896;0.0531463530771022;0
16.1;-0.28824842409292;0.0617036729781975;0
16.11;-0.287593000413849;0.0702277893529883;0
16.12;-0.286852494173593;0.078716204074084;0
16.13;-0.286027273575452;0.0871664340094942;0
16.14;-0.285117731583922;0.0955760117412013;0
16.15;-0.284124285764346;0.103942486277788;0
16.16;-0.283047378115462;0.112263423760914;0
16.17;-0.281887474894918;0.120536408165448;0
16.18;-0.28064506643781;0.128759041993045;0
16.19;-0.279320666968323;0.136928946958979;0
16.2;-0.277914814404524;0.145043764672038;0
16.21;-0.276428070156397;0.153101157307289;0
16.22;-0.274861018917178;0.161098808271513;0
16.23;-0.273214268448072;0.169034422861144;0
16.24;-0.271488449356422;0.176905728912505;0
16.25;-0.269684214867417;0.184710477444174;0
16.26;-0.267802240589403;0.192446443291303;0
16.27;-0.265843224272897;0.200111425731695;0
16.28;-0.263807885563372;0.207703249103487;0
16.29;-0.261696965747906;0.215219763414258;0
16.3;-0.259511227495778;0.222658844941394;0
16.31;-0.257251454593105;0.230018396823546;0
16.32;-0.254918451671593;0.237296349643024;0
16.33;-0.252513043931521;0.244490661998953;0
16.34;-0.250036076859025;0.251599321071061;0
16.35;-0.247488415937791;0.258620343173916;0
16.36;-0.244870946355245;0.265551774301488;0
16.37;-0.242184572703348;0.272391690661871;0
16.38;-0.239430218674085;0.27913819920203;0
16.39;-0.236608826749749;0.285789438122439;0
16.4;-0.23372135788813;0.292343577381455;0
16.41;-0.230768791202706;0.298798819189316;0
16.42;-0.227752123637937;0.305153398491611;0
16.43;-0.224672369639774;0.311405583442116;0
16.44;-0.221530560821493;0.317553675864862;0
16.45;-0.218327745624951;0.323596011705306;0
16.46;-0.215064988977381;0.329530961470511;0
16.47;-0.211743371943838;0.3353569306582;0
16.48;-0.208363991375398;0.341072360174592;0
16.49;-0.204927959553243;0.346675726740895;0
16.5;-0.201436403828716;0.352165543288377;0
16.51;-0.197890466259487;0.357540359341892;0
16.52;-0.194291303241937;0.362798761391787;0
16.53;-0.19064008513987;0.367939373254081;0
16.54;-0.186937995909677;0.372960856418844;0
16.55;-0.183186232722075;0.377861910386678;0
16.56;-0.179386005580532;0.382641272993227;0
16.57;-0.175538536936494;0.387297720721641;0
16.58;-0.171645061301557;0.391830069002914;0
16.59;-0.167706824856676;0.396237172504034;0
16.6;-0.163725085058555;0.400517925403873;0
16.61;-0.159701110243334;0.404671261656761;0
16.62;-0.155636179227689;0.408696155243685;0
16.63;-0.151531580907486;0.412591620411057;0
16.64;-0.147388613854094;0.416356711896996;0
16.65;-0.143208585908499;0.419990525145094;0
16.66;-0.138992813773329;0.423492196505606;0
16.67;-0.134742622602936;0.426860903424028;0
16.68;-0.130459345591631;0.430095864617046;0
16.69;-0.126144323560238;0.433196340235792;0
16.7;-0.121798904541051;0.43616163201642;0
16.71;-0.117424443361362;0.438991083417938;0
16.72;-0.113022301225654;0.441684079747311;0
16.73;-0.108593845296604;0.444240048271796;0
16.74;-0.104140448275029;0.446658458318509;0
16.75;-0.0996634879788752;0.448938821361216;0
16.76;-0.0951643469214188;0.451080691094333;0
16.77;-0.0906444118887665;0.45308366349415;0
16.78;-0.0861050735168105;0.454947376867272;0
16.79;-0.0815477258677547;0.45667151188629;0
16.8;-0.0769737660063401;0.458255791612687;0
16.81;-0.0723845935759008;0.459699981507005;0
16.82;-0.0677816103743737;0.461003889426276;0
16.83;-0.0631662199303918;0.462167365608755;0
16.84;-0.058539827079588;0.463190302645975;0
16.85;-0.0539038375412336;0.46407263544215;0
16.86;-0.0492596574953415;0.464814341160969;0
16.87;-0.0446086931603563;0.465415439159809;0
16.88;-0.0399523503715601;0.465875990911418;0
16.89;-0.0352920341603168;0.466196099913103;0
16.9;-0.0306291483342812;0.466375911583481;0
16.91;-0.0259650950586958;0.466415613146839;0
16.92;-0.0213012744389;0.46631543350516;0
16.93;-0.016639084104174;0.46607564309788;0
16.94;-0.0119799187930405;0.465696553749429;0
16.95;-0.00732516994014527;0.465178518504632;0
16.96;-0.0026762252648383;0.464521931452037;0
16.97;0.00196553163842413;0.463727227535241;0
16.98;0.00659872170773714;0.462794882352296;0
16.99;0.0112219708193456;0.461725411943271;0
17;0.0158339101910651;0.460519372566055;0
17.01;0.0204331767834081;0.459177360460496;0
17.02;0.0250184136983001;0.457700011600955;0
17.03;0.0295882705752683;0.456088001437373;0
17.04;0.0341414039849909;0.454342044624955;0
17.05;0.0386764778200915;0.45246289474256;0
17.06;0.0431921636830672;0.450451343999917;0
17.07;0.0476871412712394;0.448308222933754;0
17.08;0.0521600987586155;0.446034400092964;0
17.09;0.0566097331745542;0.443630781712919;0
17.1;0.0610347507791252;0.441098311379047;0
17.11;0.0654338674350566;0.43843796967979;0
17.12;0.0698058089761649;0.435650773849064;0
17.13;0.0741493115721625;0.432737777398352;0
17.14;0.0784631220897402;0.429700069738556;0
17.15;0.0827459984498225;0.426538775791732;0
17.16;0.0869967099808951;0.423255055592853;0
17.17;0.0912140377683062;0.419850103881729;0
17.18;0.0953967749994421;0.416325149685223;0
17.19;0.0995437273046831;0.412681455889913;0
17.2;0.103653713094043;0.40892031880533;0
17.21;0.107725563889398;0.405043067717936;0
17.22;0.111758124652217;0.40105106443598;0
17.23;0.115750254106697;0.396945702825386;0
17.24;0.11970082505822;0.39272840833683;0
17.25;0.123608724707039;0.388400637524166;0
17.26;0.127472854957114;0.383963877554348;0
17.27;0.131292132720002;0.379419645709025;0
17.28;0.135065490213738;0.374769488877964;0
17.29;0.1387918752566;0.370014983044463;0
17.3;0.142470251555707;0.365157732762935;0
17.31;0.146099598990343;0.360199370628819;0
17.32;0.149678913889961;0.355141556741003;0
17.33;0.153207209306769;0.349985978156917;0
17.34;0.156683515282835;0.344734348340491;0
17.35;0.160106879111646;0.339388406603144;0
17.36;0.16347636559404;0.333949917537976;0
17.37;0.166791057288451;0.328420670447371;0
17.38;0.170050054755405;0.322802478764162;0
17.39;0.173252476796197;0.317097179466567;0
17.4;0.176397460685687;0.311306632487063;0
17.41;0.179484162399163;0.305432720115409;0
17.42;0.182511756833206;0.299477346395977;0
17.43;0.185479438020502;0.293442436519612;0
17.44;0.188386419338555;0.287329936210189;0
17.45;0.191231933712234;0.281141811106073;0
17.46;0.194015233810117;0.274880046136673;0
17.47;0.19673559223458;0.26854664489428;0
17.48;0.199392301705582;0.262143629001398;0
17.49;0.201984675238104;0.255673037473752;0
17.5;0.204512046313197;0.249136926079179;0
17.51;0.206973769042608;0.242537366692596;0
17.52;0.209369218326933;0.235876446647256;0
17.53;0.211697790007266;0.229156268082474;0
17.54;0.213958901010312;0.222378947288047;0
17.55;0.216151989486936;0.215546614045553;0
17.56;0.218276514944098;0.208661410966736;0
17.57;0.220331958370171;0.201725492829189;0
17.58;0.222317822353602;0.194741025909523;0
17.59;0.22423363119489;0.187710187314244;0
17.6;0.226078931011871;0.180635164308528;0
17.61;0.22785328983827;0.173518153643106;0
17.62;0.229556297715526;0.16636136087946;0
17.63;0.231187566777858;0.159166999713544;0
17.64;0.232746731330558;0.151937291298224;0
17.65;0.234233447921512;0.144674463564645;0
17.66;0.235647395405919;0.137380750542741;0
17.67;0.236988275004225;0.130058391681074;0
17.68;0.238255810353245;0.122709631166226;0
17.69;0.239449747550477;0.115336717241936;0
17.7;0.240569855191612;0.107941901528195;0
17.71;0.241615924401233;0.100527438340494;0
17.72;0.242587768856705;0.0930955840094367;0
17.73;0.24348522480527;0.0856485962009189;0
17.74;0.244308151074341;0.0781887332370737;0
17.75;0.245056429075015;0.0707182534181882;0
17.76;0.245729962798802;0.0632394143457914;0
17.77;0.246328678807603;0.055754472247116;0
17.78;0.246852526216927;0.048265681301132;0
17.79;0.247301476672386;0.0407752929663536;0
17.8;0.24767552431947;0.0332855553106164;0
17.81;0.247974685766633;0.0257987123430228;0
17.82;0.248199000041711;0.0183170033482525;0
17.83;0.248348528541686;0.0108426622234331;0
17.84;0.24842335497584;0.00337791681776552;0
17.85;0.248423585302314;-0.00407501172490307;0
17.86;0.248349347658108;-0.0115139096203657;0
17.87;0.248200792282552;-0.0189365710950122;0
17.88;0.247978091434282;-0.0263407990332652;0
17.89;0.247681439301764;-0.0337244056213083;0
17.9;0.247311051907389;-0.0410852129869196;0
17.91;0.246867167005195;-0.0484210538352254;0
17.92;0.246350043972251;-0.0557297720801906;0
17.93;0.245759963693736;-0.063009223471664;0
17.94;0.245097228441783;-0.0702572762177972;0
17.95;0.244362161748108;-0.0774718116026607;0
17.96;0.243555108270491;-0.0846507245988774;0
17.97;0.242676433653153;-0.0917919244751008;0
17.98;0.241726524381082;-0.0988933353981635;0
17.99;0.240705787628359;-0.105952897029725;0
18;0.239614651100549;-0.112968565117248;0
18.01;0.238453562871202;-0.119938312079141;0
18.02;0.237222991212536;-0.126860127583894;0
18.03;0.235923424420349;-0.133732019123047;0
18.04;0.234555370633234;-0.140552012577836;0
18.05;0.233119357646159;-0.147318152779352;0
18.06;0.231615932718468;-0.154028504062048;0
18.07;0.230045662376383;-0.160681150810464;0
18.08;0.22840913221007;-0.167274197998984;0
18.09;0.226706946665337;-0.173805771724511;0
18.1;0.224939728830035;-0.180274019731883;0
18.11;0.223108120215246;-0.186677111931898;0
18.12;0.221212780531317;-0.19301324091181;0
18.13;0.21925438745883;-0.199280622438145;0
18.14;0.217233636414568;-0.205477495951708;0
18.15;0.215151240312583;-0.211602125054636;0
18.16;0.213007929320413;-0.217652797989382;0
18.17;0.210804450610558;-0.223627828109482;0
18.18;0.208541568107279;-0.229525554341984;0
18.19;0.206220062228815;-0.235344341641423;0
18.2;0.203840729625094;-0.241082581435209;0
18.21;0.201404382911035;-0.246738692060318;0
18.22;0.198911850395517;-0.252311119191159;0
18.23;0.196363975806114;-0.257798336258519;0
18.24;0.193761618009678;-0.263198844859462;0
18.25;0.191105650728865;-0.268511175158084;0
18.26;0.188396962254697;-0.273733886277012;0
18.27;0.185636455155246;-0.278865566679556;0
18.28;0.182825045980547;-0.283904834542401;0
18.29;0.179963664963816;-0.288850338118758;0
18.3;0.177053255719094;-0.293700756091873;0
18.31;0.174094774935382;-0.298454797918801;0
18.32;0.171089192067401;-0.30311120416438;0
18.33;0.16803748902304;-0.307668746825286;0
18.34;0.164940659847623;-0.312126229644124;0
18.35;0.161799710405067;-0.316482488413456;0
18.36;0.158615658056055;-0.320736391269703;0
18.37;0.155389531333314;-0.324886838976844;0
18.38;0.152122369614094;-0.328932765199846;0
18.39;0.148815222789974;-0.332873136767764;0
18.4;0.145469150934067;-0.336706953926449;0
18.41;0.14208522396576;-0.340433250580797;0
18.42;0.138664521313068;-0.344051094526505;0
18.43;0.135208131572724;-0.347559587671253;0
18.44;0.131717152168102;-0.350957866245298;0
18.45;0.128192689005082;-0.354245101001403;0
18.46;0.124635856125966;-0.357420497404082;0
18.47;0.121047775361546;-0.360483295808112;0
18.48;0.117429575981442;-0.363432771626279;0
18.49;0.1137823943428;-0.36626823548633;0
18.5;0.110107373537482;-0.368989033377095;0
18.51;0.106405663037837;-0.371594546783757;0
18.52;0.102678418341163;-0.374084192812257;0
18.53;0.0989268006129858;-0.3764574243028;0
18.54;0.0951519763292433;-0.378713729932455;0
18.55;0.0913551169174951;-0.380852634306839;0
18.56;0.0875373983972648;-0.382873698040873;0
18.57;0.083700001019624;-0.384776517828604;0
18.58;0.0798441089061267;-0.386560726502088;0
18.59;0.0759709096872047;-0.388225993079351;0
18.6;0.0720815941401319;-0.389772022801406;0
18.61;0.0681773558266684;-0.391198557158356;0
18.62;0.064259390730492;-0.392505373904589;0
18.63;0.0603288968945269;-0.393692287063066;0
18.64;0.0563870740582792;-0.39475914691874;0
18.65;0.0524351232952857;-0.395705840001111;0
18.66;0.0484742466507875;-0.396532289055947;0
18.67;0.0445056467797338;-0.397238453006201;0
18.68;0.0405305265852261;-0.397824326902143;0
18.69;0.0365500888575081;-0.398289941860756;0
18.7;0.0325655359136114;-0.39863536499442;0
18.71;0.0285780692377615;-0.398860699328932;0
18.72;0.0245888891226513;-0.398966083710899;0
18.73;0.0205991943116889;-0.398951692704552;0
18.74;0.0166101816423245;-0.398817736478032;0
18.75;0.0126230456905613;-0.398564460679199;0
18.76;0.00863897841675534;-0.39819214630102;0
18.77;0.00465916881280894;-0.397701109536589;0
18.78;0.000684802550859077;-0.39709170162385;0
18.79;-0.00328293836643438;-0.396364308680078;0
18.8;-0.00724287595389983;-0.39551935152619;0
18.81;-0.0111938365900626;-0.394557285500955;0
18.82;-0.0151346513614506;-0.39347860026518;0
18.83;-0.0190641564048967;-0.392283819595935;0
18.84;-0.0229811932477394;-0.390973501170916;0
18.85;-0.0268846091458225;-0.389548236343011;0
18.86;-0.0307732574191967;-0.388008649905153;0
18.87;-0.0346459977854269;-0.386355399845569;0
18.88;-0.0385016966904084;-0.384589177093481;0
18.89;-0.0423392276365978;-0.382710705255383;0
18.9;-0.0461574715085648;-0.380720740341967;0
18.91;-0.0499553168957711;-0.378620070485816;0
18.92;-0.0537316604124853;-0.376409515649936;0
18.93;-0.0574854070147425;-0.374089927327265;0
18.94;-0.0612154703142583;-0.371662188231238;0
18.95;-0.0649207728892089;-0.369127211977524;0
18.96;-0.0686002465917891;-0.366485942757054;0
18.97;-0.0722528328524621;-0.363739355000436;0
18.98;-0.0758774829808145;-0.36088845303389;0
18.99;-0.0794731584629338;-0.357934270726811;0
19;-0.0830388312552234;-0.354877871131079;0
19.01;-0.0865734840745749;-0.351720346112243;0
19.02;-0.090076110684815;-0.348462815972702;0
19.03;-0.0935457161793499;-0.34510642906701;0
19.04;-0.0969813172599268;-0.341652361409431;0
19.05;-0.100381942511437;-0.33810181627388;0
19.06;-0.103746632672686;-0.334456023786377;0
19.07;-0.10707444090305;-0.330716240510154;0
19.08;-0.110364433044958;-0.326883749023554;0
19.09;-0.113615687882117;-0.322959857490845;0
19.1;-0.116827297393411;-0.318945899226121;0
19.11;-0.119998367002416;-0.314843232250393;0
19.12;-0.123128015822449;-0.310653238842053;0
19.13;-0.126215376897098;-0.306377325080823;0
19.14;-0.129259597436155;-0.302016920385371;0
19.15;-0.132259839046905;-0.297573477044706;0
19.16;-0.135215277960698;-0.29304846974354;0
19.17;-0.138125105254748;-0.288443395081741;0
19.18;-0.140988527069101;-0.283759771088047;0
19.19;-0.143804764818716;-0.278999136728193;0
19.2;-0.146573055400599;-0.274163051407607;0
19.21;-0.149292651395945;-0.269253094468831;0
19.22;-0.151962821267227;-0.264270864683829;0
19.23;-0.154582849550189;-0.259217979741351;0
19.24;-0.157152037040687;-0.254096075729499;0
19.25;-0.159669700976341;-0.248906806613669;0
19.26;-0.162135175212936;-0.243651843710036;0
19.27;-0.164547810395551;-0.238332875154734;0
19.28;-0.166906974124351;-0.232951605368917;0
19.29;-0.169212051115016;-0.227509754519849;0
19.3;-0.171462443353765;-0.222009057978204;0
19.31;-0.173657570246929;-0.216451265771741;0
19.32;-0.175796868765059;-0.210838142035525;0
19.33;-0.177879793581504;-0.205171464458862;0
19.34;-0.179905817205462;-0.199453023729123;0
19.35;-0.181874430109437;-0.193684622972627;0
19.36;-0.183785140851113;-0.187868077192759;0
19.37;-0.185637476189577;-0.182005212705487;0
19.38;-0.187430981195903;-0.176097866572464;0
19.39;-0.189165219358044;-0.170147886031883;0
19.4;-0.190839772680032;-0.164157127927254;0
19.41;-0.192454241775454;-0.158127458134292;0
19.42;-0.194008245955184;-0.152060750986073;0
19.43;-0.19550142330937;-0.14595888869665;0
19.44;-0.19693343078364;-0.139823760783297;0
19.45;-0.198303944249535;-0.133657263487549;0
19.46;-0.199612658569136;-0.127461299195232;0
19.47;-0.200859287653901;-0.121237775855642;0
19.48;-0.202043564517675;-0.114988606400051;0
19.49;-0.203165241323902;-0.108715708159732;0
19.5;-0.204224089426993;-0.102421002283646;0
19.51;-0.205219899407893;-0.0961064131560065;0
19.52;-0.206152481103803;-0.0897738678138571;0
19.53;-0.207021663632094;-0.0834252953648667;0
19.54;-0.207827295408395;-0.0770626264054991;0
19.55;-0.208569244158859;-0.0706877924397379;0
19.56;-0.209247396926633;-0.0643027252985383;0
19.57;-0.209861660072511;-0.0579093565601789;0
19.58;-0.210411959269806;-0.0515096169716842;0
19.59;-0.210898239493442;-0.0451054358714925;0
19.6;-0.211320465003268;-0.0386987406135369;0
19.61;-0.211678619321631;-0.0322914559929116;0
19.62;-0.211972705205211;-0.025885503673292;0
19.63;-0.212202744611133;-0.0194828016162782;0
19.64;-0.212368778657392;-0.0130852635128278;0
19.65;-0.212470867577588;-0.00669479821694764;0
19.66;-0.212509090670024;-0.000313309181807119;0
19.67;-0.212483546241167;0.00605730610155904;0
19.68;-0.212394351543511;0.0124151566627969;0
19.69;-0.212241642707865;0.0187583586078647;0
19.7;-0.212025574670107;0.0250850356715878;0
19.71;-0.211746321092414;0.0313933197669773;0
19.72;-0.211404074279024;0.0376813515311537;0
19.73;-0.21099904508655;0.0439472808677157;0
19.74;-0.21053146282889;0.0501892674854005;0
19.75;-0.210001575176763;0.0564054814328785;0
19.76;-0.20940964805192;0.0625941036295298;0
19.77;-0.208755965516064;0.0687533263920487;0
19.78;-0.20804082965452;0.0748813539567285;0
19.79;-0.207264560454709;0.0809764029972738;0
19.8;-0.206427495679457;0.0870367031379963;0
19.81;-0.205529990735199;0.0930604974622447;0
19.82;-0.204572418535119;0.0990460430159283;0
19.83;-0.203555169357276;0.104991611305988;0
19.84;-0.202478650697771;0.110895488793676;0
19.85;-0.201343287119;0.116755977382508;0
19.86;-0.20014952009306;0.122571394900742;0
19.87;-0.198897807840351;0.128340075578258;0
19.88;-0.197588625163429;0.134060370517706;0
19.89;-0.196222463276186;0.139730648159773;0
19.9;-0.194799829628397;0.14534929474247;0
19.91;-0.193321247725698;0.150914714754281;0
19.92;-0.19178725694507;0.156425331381069;0
19.93;-0.190198412345876;0.16187958694661;0
19.94;-0.18855528447652;0.167275943346629;0
19.95;-0.186858459176805;0.172612882476225;0
19.96;-0.185108537376034;0.177888906650568;0
19.97;-0.183306134886946;0.183102539018749;0
19.98;-0.181451882195538;0.188252323970676;0
19.99;-0.179546424246851;0.193336827536901;0
20;-0.177590420226793;0.198354637781278;0
