0;0.543663232841362;0.492388118485305;0
0.01;0.548509701859637;0.475164235939858;0
0.02;0.553183419865089;0.457827520090491;0
0.03;0.557683282763602;0.44038336172272;0
0.04;0.562008240473522;0.42283717456411;0
0.05;0.566157297147608;0.405194393622015;0
0.06;0.570129511378324;0.387460473517809;0
0.07;0.573923996386485;0.369640886818096;0
0.08;0.577539920193182;0.351741122363408;0
0.09;0.580976505774995;0.333766683594895;0
0.1;0.584233031202465;0.315723086879525;0
0.11;0.58730882976181;0.29761585983427;0
0.12;0.590203290059883;0.27945053964982;0
0.13;0.592915856112363;0.261232671414288;0
0.14;0.595446027415192;0.242967806437447;0
0.15;0.597793358999252;0.224661500575969;0
0.16;0.599957461468301;0.206319312560184;0
0.17;0.601938001020191;0.187946802322857;0
0.18;0.603734699451378;0.16954952933047;0
0.19;0.605347334144761;0.151133050917516;0
0.2;0.606775738040881;0.132702920624292;0
0.21;0.608019799592511;0.114264686538694;0
0.22;0.609079462702691;0.0958238896424818;0
0.23;0.609954726646235;0.0773860621625323;0
0.24;0.61064564597479;0.0589567259275388;0
0.25;0.611152330405479;0.0405413907306573;0
0.26;0.611474944693198;0.0221455526985735;0
0.27;0.61161370848664;0.00377469266746897;0
0.28;0.61156889616811;-0.0145657254336374;0
0.29;0.611340836677204;-0.0328702561917018;0
0.3;0.610929913318439;-0.0511334743101521;0
0.31;0.610336563552924;-0.0693499762006041;0
0.32;0.609561278774144;-0.0875143815653343;0
0.33;0.608604604067968;-0.105621334970052;0
0.34;0.607467137956977;-0.123665507406514;0
0.35;0.606149532129209;-0.141641597844535;0
0.36;0.604652491151434;-0.15954433477294;0
0.37;0.602976772167073;-0.177368477729021;0
0.38;0.601123184578875;-0.195108818816063;0
0.39;0.599092589716471;-0.212760184208489;0
0.4;0.596885900488939;-0.230317435644218;0
0.41;0.5945040810225;-0.247775471903785;0
0.42;0.591948146283487;-0.265129230275826;0
0.43;0.58921916168672;-0.282373688008493;0
0.44;0.586318242689433;-0.2995038637464;0
0.45;0.583246554370898;-0.316514818952693;0
0.46;0.580005310997894;-0.333401659315831;0
0.47;0.576595775576185;-0.350159536140703;0
0.48;0.57301925938815;-0.366783647723674;0
0.49;0.569277121516744;-0.383269240711186;0
0.5;0.565370768355945;-0.399611611441524;0
0.51;0.561301653107857;-0.415806107269385;0
0.52;0.557071275266657;-0.431848127872879;0
0.53;0.552681180089537;-0.447733126542594;0
0.54;0.54813295805485;-0.463456611452381;0
0.55;0.543428244307628;-0.479014146911496;0
0.56;0.53856871809266;-0.494401354597771;0
0.57;0.533556102175329;-0.509613914771461;0
0.58;0.528392162250398;-0.524647567469449;0
0.59;0.523078706338944;-0.539498113679477;0
0.6;0.517617584173635;-0.554161416494091;0
0.61;0.512010686572572;-0.568633402243985;0
0.62;0.506259944801879;-0.58291006161044;0
0.63;0.50036732992727;-0.596987450716559;0
0.64;0.4943348521548;-0.61086169219702;0
0.65;0.488164560161015;-0.624528976246038;0
0.66;0.481858540412722;-0.637985561643285;0
0.67;0.475418916476597;-0.651227776757485;0
0.68;0.468847848318866;-0.664252020527421;0
0.69;0.46214753159527;-0.677054763420108;0
0.7;0.455320196931557;-0.689632548365869;0
0.71;0.448368109194726;-0.701981991670093;0
0.72;0.44129356675526;-0.714099783901421;0
0.73;0.434098900740588;-0.725982690756151;0
0.74;0.426786474279998;-0.737627553898633;0
0.75;0.419358681741271;-0.749031291777454;0
0.76;0.411817947959255;-0.760190900417193;0
0.77;0.404166727456629;-0.771103454185568;0
0.78;0.396407503657111;-0.781766106535782;0
0.79;0.388542788091358;-0.792176090723881;0
0.8;0.380575119595798;-0.802330720500959;0
0.81;0.372507063504661;-0.812227390780047;0
0.82;0.364341210835448;-0.821863578277524;0
0.83;0.356080177468108;-0.831236842128903;0
0.84;0.347726603318171;-0.840344824478859;0
0.85;0.339283151504093;-0.84918525104535;0
0.86;0.330752507509085;-0.857755931657726;0
0.87;0.322137378337669;-0.866054760768693;0
0.88;0.313440491667239;-0.874079717940036;0
0.89;0.304664594994883;-0.881828868301992;0
0.9;0.295812454779725;-0.889300362986182;0
0.91;0.286886855581061;-0.89649243953202;0
0.92;0.277890599192554;-0.903403422266527;0
0.93;0.268826503772742;-0.910031722657466;0
0.94;0.259697402972141;-0.916375839639761;0
0.95;0.250506145057204;-0.922434359915127;0
0.96;0.241255592031403;-0.928205958224879;0
0.97;0.231948618753703;-0.933689397595882;0
0.98;0.2225881120547;-0.93888352955961;0
0.99;0.213176969850686;-0.943787294344307;0
1;0.203718100255918;-0.948399721040221;0
1.01;0.194214420693351;-0.952719927737917;0
1.02;0.184668857004113;-0.956747121639683;0
1.03;0.175084342555985;-0.96048059914402;0
1.04;0.165463817351157;-0.96391974590326;0
1.05;0.15581022713353;-0.967064036854319;0
1.06;0.146126522495828;-0.969913036222648;0
1.07;0.136415657986796;-0.972466397499395;0
1.08;0.126680591218743;-0.974723863391863;0
1.09;0.116924281975702;-0.976685265747299;0
1.1;0.107149691322468;-0.9783505254501;0
1.11;0.0973597807147933;-0.979719652292501;0
1.12;0.0875575111109802;-0.980792744818839;0
1.13;0.0777458420851635;-0.981569990143476;0
1.14;0.0679277309425235;-0.982051663742485;0
1.15;0.0581061318367028;-0.982238129219216;0
1.16;0.0482839948896845;-0.982129838043832;0
1.17;0.0384642653143909;-0.981727329266966;0
1.18;0.0286498825402622;-0.981031229207613;0
1.19;0.0188437793420719;-0.980042251115399;0
1.2;0.0090488809722334;-0.97876119480737;0
1.21;-0.000731895703145998;-0.977188946279461;0
1.22;-0.0104956430642135;-0.975326477292792;0
1.23;-0.0202394635930688;-0.973174844934976;0
1.24;-0.0299604707249639;-0.970735191156592;0
1.25;-0.0396557896947557;-0.968008742283026;0
1.26;-0.0493225583783681;-0.964996808501854;0
1.27;-0.0589579281290174;-0.961700783325966;0
1.28;-0.0685590646079611;-0.958122143032641;0
1.29;-0.0781231486095302;-0.954262446078768;0
1.3;-0.0876473768802065;-0.950123332492449;0
1.31;-0.0971289629315109;-0.945706523241181;0
1.32;-0.106565137846469;-0.941013819576879;0
1.33;-0.115953151079424;-0.936047102357943;0
1.34;-0.125290271248965;-0.930808331348635;0
1.35;-0.134573786923755;-0.92529954449601;0
1.36;-0.143801007401018;-0.919522857184642;0
1.37;-0.152969263477482;-0.913480461469434;0
1.38;-0.162075908212552;-0.90717462528675;0
1.39;-0.171118317683493;-0.900607691644165;0
1.4;-0.18009389173242;-0.893782077789101;0
1.41;-0.189000054704877;-0.886700274356635;0
1.42;-0.197834256179808;-0.879364844496781;0
1.43;-0.206593971690696;-0.871778422981524;0
1.44;-0.2152767034377;-0.863943715291931;0
1.45;-0.22387998099056;-0.855863496685625;0
1.46;-0.232401361982096;-0.84754061124495;0
1.47;-0.240838432792103;-0.838977970906141;0
1.48;-0.249188809221453;-0.830178554469825;0
1.49;-0.257450137156217;-0.82114540659317;0
1.5;-0.265620093221629;-0.811881636764039;0
1.51;-0.273696385425713;-0.80239041825746;0
1.52;-0.281676753792394;-0.792674987074779;0
1.53;-0.289558970983922;-0.782738640865823;0
1.54;-0.297340842912452;-0.772584737834449;0
1.55;-0.305020209340594;-0.76221669562781;0
1.56;-0.312594944470789;-0.751637990209714;0
1.57;-0.320062957523351;-0.740852154718448;0
1.58;-0.327422193303016;-0.729862778309411;0
1.59;-0.334670632753846;-0.718673504982957;0
1.6;-0.341806293502358;-0.707288032397803;0
1.61;-0.348827230388709;-0.695710110670403;0
1.62;-0.355731535985825;-0.683943541160644;0
1.63;-0.362517341106321;-0.671992175244288;0
1.64;-0.369182815297085;-0.659859913072515;0
1.65;-0.375726167321409;-0.647550702318982;0
1.66;-0.382145645628528;-0.635068536914797;0
1.67;-0.388439538810459;-0.622417455771789;0
1.68;-0.394606176046022;-0.609601541494498;0
1.69;-0.400643927531931;-0.596624919081277;0
1.7;-0.406551204900846;-0.583491754614919;0
1.71;-0.412326461626293;-0.570206253943223;0
1.72;-0.417968193414335;-0.5567726613499;0
1.73;-0.423474938581921;-0.543195258216245;0
1.74;-0.428845278421805;-0.529478361673995;0
1.75;-0.434077837553955;-0.515626323249775;0
1.76;-0.439171284263377;-0.501643527501573;0
1.77;-0.444124330824261;-0.48753439064765;0
1.78;-0.448935733810388;-0.473303359188318;0
1.79;-0.453604294391726;-0.458954908521013;0
1.8;-0.458128858617142;-0.444493541549082;0
1.81;-0.462508317683185;-0.429923787284714;0
1.82;-0.466741608188859;-0.415250199446455;0
1.83;-0.470827712376364;-0.400477355051713;0
1.84;-0.474765658357733;-0.385609853004715;0
1.85;-0.478554520327325;-0.370652312680311;0
1.86;-0.482193418760151;-0.355609372504096;0
1.87;-0.485681520595979;-0.340485688529242;0
1.88;-0.48901803940919;-0.325285933010509;0
1.89;-0.492202235564373;-0.310014792975837;0
1.9;-0.495233416357621;-0.294676968795972;0
1.91;-0.498110936143512;-0.279277172752551;0
1.92;-0.500834196447776;-0.26382012760507;0
1.93;-0.50340264606562;-0.248310565157185;0
1.94;-0.505815781145714;-0.232753224822757;0
1.95;-0.508073145259845;-0.217152852192082;0
1.96;-0.510174329458229;-0.201514197598741;0
1.97;-0.5121189723105;-0.185842014687479;0
1.98;-0.513906759932381;-0.170141058983566;0
1.99;-0.515537425998058;-0.15441608646404;0
2;-0.517010751738277;-0.13867185213128;0
2.01;-0.51832656592419;-0.12291310858932;0
2.02;-0.519484744836972;-0.107144604623325;0
2.03;-0.520485212223259;-0.0913710837826601;0
2.04;-0.521327939236424;-0.0755972829679564;0
2.05;-0.522012944363749;-0.0598279310226054;0
2.06;-0.522540293339531;-0.0440677473290853;0
2.07;-0.522910099044177;-0.0283214404105363;0
2.08;-0.523122521389338;-0.0125937065379956;0
2.09;-0.523177767189141;0.00311077165630161;0
2.1;-0.523076090017586;0.0187873265591504;0
2.11;-0.522817790052169;0.0344313069497286;0
2.12;-0.522403213903807;0.0500380793656766;0
2.13;-0.52183275443313;0.0656030294615046;0
2.14;-0.521106850553232;0.0811215633589363;0
2.15;-0.520225987018951;0.0965891089887952;0
2.16;-0.519190694202775;0.112001117424048;0
2.17;-0.518001547857453;0.127353064203618;0
2.18;-0.516659168865413;0.142640450646594;0
2.19;-0.515164222975087;0.157858805156446;0
2.2;-0.51351742052423;0.173003684514888;0
2.21;-0.511719516150361;0.188070675165;0
2.22;-0.509771308488409;0.203055394483269;0
2.23;-0.507673639855703;0.217953492040154;0
2.24;-0.5054273959244;0.232760650848845;0
2.25;-0.503033505381483;0.24747258860185;0
2.26;-0.500492939576449;0.262085058895057;0
2.27;-0.497806712156815;0.27659385243893;0
2.28;-0.494975878691568;0.290994798256508;0
2.29;-0.492001536282703;0.305283764867842;0
2.3;-0.488884823164965;0.319456661460576;0
2.31;-0.485626918293968;0.333509439046309;0
2.32;-0.482229040922797;0.347438091602449;0
2.33;-0.47869245016727;0.361238657199207;0
2.34;-0.475018444559991;0.374907219111453;0
2.35;-0.471208361593362;0.388439906915101;0
2.36;-0.467263577251689;0.401832897567732;0
2.37;-0.46318550553257;0.415082416473159;0
2.38;-0.458975597957696;0.42818473852964;0
2.39;-0.45463534307325;0.441136189161448;0
2.4;-0.450166265940074;0.453933145333529;0
2.41;-0.445569927613751;0.466572036548963;0
2.42;-0.440847924614804;0.479049345828963;0
2.43;-0.436001888389169;0.491361610675142;0
2.44;-0.431033484759127;0.503505424013806;0
2.45;-0.425944413364872;0.515477435121998;0
2.46;-0.420736407096907;0.527274350535067;0
2.47;-0.415411231519445;0.538892934935508;0
2.48;-0.409970684285008;0.550330012022849;0
2.49;-0.404416594540412;0.56158246536435;0
2.5;-0.398750822324329;0.572647239226289;0
2.51;-0.392975257956636;0.583521339385636;0
2.52;-0.387091821419723;0.594201833921879;0
2.53;-0.381102461731976;0.604685853988825;0
2.54;-0.375009156313642;0.614970594566162;0
2.55;-0.368813910345258;0.625053315190596;0
2.56;-0.362518756118866;0.634931340666382;0
2.57;-0.35612575238222;0.644602061755072;0
2.58;-0.349636983676184;0.654062935844297;0
2.59;-0.343054559665537;0.663311487595439;0
2.6;-0.336380614463406;0.672345309570014;0
2.61;-0.329617305949516;0.681162062834633;0
2.62;-0.322766815082502;0.68975947754438;0
2.63;-0.315831345206477;0.698135353504486;0
2.64;-0.308813121352081;0.706287560710151;0
2.65;-0.301714389532239;0.714214039864404;0
2.66;-0.294537416032825;0.721912802873876;0
2.67;-0.287284486698484;0.729381933322375;0
2.68;-0.279957906213807;0.736619586922161;0
2.69;-0.272559997380098;0.743623991942831;0
2.7;-0.265093100387955;0.750393449617706;0
2.71;-0.257559572085886;0.756926334527656;0
2.72;-0.249961785245191;0.763221094962278;0
2.73;-0.24230212782133;0.769276253258352;0
2.74;-0.234583002212013;0.775090406115529;0
2.75;-0.226806824512236;0.780662224889173;0
2.76;-0.218976023766489;0.785990455860336;0
2.77;-0.211093041218368;0.791073920482795;0
2.78;-0.20316032955782;0.795911515607135;0
2.79;-0.195180352166256;0.800502213681856;0
2.8;-0.187155582359742;0.804845062931453;0
2.81;-0.179088502630531;0.808939187511499;0
2.82;-0.170981603887135;0.812783787640676;0
2.83;-0.162837384693185;0.8163781397098;0
2.84;-0.154658350505304;0.819721596367812;0
2.85;-0.146447012910223;0.822813586584765;0
2.86;-0.13820588886137;0.825653615691827;0
2.87;-0.129937499915165;0.828241265398323;0
2.88;-0.121644371467246;0.830576193785852;0
2.89;-0.113329031988855;0.832658135279526;0
2.9;-0.104994012263617;0.834486900596363;0
2.91;-0.0966418446249374;0.836062376670913;0
2.92;-0.0882750621942461;0.837384526558155;0
2.93;-0.0798961981203107;0.838453389313742;0
2.94;-0.071507784819853;0.83926907985168;0
2.95;-0.063112353219689;0.839831788779502;0
2.96;-0.0547124320006174;0.840141782211041;0
2.97;-0.0463105468432808;0.840199401556888;0
2.98;-0.0379092196762232;0.84000506329264;0
2.99;-0.0295109679263639;0.839559258705047;0
3;-0.0211183037721093;0.838862553616167;0
3.01;-0.0127337333993213;0.837915588085652;0
3.02;-0.00435975626036123;0.836719076091297;0
3.03;0.00400113566357468;0.835273805187974;0
3.04;0.0123464585966122;0.833580636145098;0
3.05;0.0206737376986349;0.831640502562776;0
3.06;0.0289805077917857;0.829454410466775;0
3.07;0.0372643140828234;0.827023437882478;0
3.08;0.0455227128811254;0.824348734387997;0
3.09;0.0537532723121276;0.821431520646591;0
3.1;0.0619535730259961;0.818273087918596;0
3.11;0.0701212089013276;0.814874797553017;0
3.12;0.0782537877436735;0.811238080458994;0
3.13;0.0863489319786895;0.807364436557317;0
3.14;0.094404279339712;0.803255434212207;0
3.15;0.102417483549563;0.798912709643543;0
3.16;0.110386214996389;0.794337966319775;0
3.17;0.118308161403349;0.789532974331704;0
3.18;0.126181028491945;0.784499569747385;0
3.19;0.134002540638827;0.779239653948351;0
3.2;0.141770441525871;0.773755192947398;0
3.21;0.149482494783354;0.768048216688177;0
3.22;0.157136484626047;0.762120818326818;0
3.23;0.16473021648204;0.755975153495846;0
3.24;0.172261517614131;0.749613439550628;0
3.25;0.179728237733597;0.743037954798619;0
3.26;0.187128249606187;0.736251037711657;0
3.27;0.19445944965016;0.729255086121582;0
3.28;0.201719758526201;0.722052556399435;0
3.29;0.208907121719065;0.714645962618531;0
3.3;0.216019510110772;0.707037875701666;0
3.31;0.223054920545208;0.699230922552748;0
3.32;0.230011376383972;0.691227785173149;0
3.33;0.236886928053317;0.683031199763042;0
3.34;0.243679653582045;0.674643955808057;0
3.35;0.250387659130192;0.666068895151518;0
3.36;0.257009079508384;0.657308911052583;0
3.37;0.263542078687701;0.6483669472306;0
3.38;0.269984850299934;0.639245996895962;0
3.39;0.27633561812808;0.629949101767812;0
3.4;0.282592636586967;0.620479351078877;0
3.41;0.288754191193862;0.610839880567783;0
3.42;0.294818599028953;0.601033871459156;0
3.43;0.300784209185572;0.591064549431836;0
3.44;0.306649403210057;0.580935183575552;0
3.45;0.312412595531118;0.570649085336362;0
3.46;0.318072233878619;0.56020960745122;0
3.47;0.323626799691656;0.549620142871991;0
3.48;0.329074808515817;0.53888412367926;0
3.49;0.334414810389556;0.528005019986286;0
3.5;0.339645390219545;0.516986338833428;0
3.51;0.344765168144941;0.50583162307341;0
3.52;0.349772799890454;0.494544450247763;0
3.53;0.354666977108158;0.483128431454804;0
3.54;0.359446427707923;0.471587210209494;0
3.55;0.364109916176433;0.459924461295544;0
3.56;0.368656243884672;0.448143889610122;0
3.57;0.373084249383841;0.436249229001512;0
3.58;0.377392808689607;0.424244241100102;0
3.59;0.381580835554646;0.412132714143039;0
3.6;0.385647281729395;0.399918461792947;0
3.61;0.389591137210974;0.387605321951037;0
3.62;0.393411430480209;0.375197155564999;0
3.63;0.397107228726716;0.362697845432034;0
3.64;0.40067763806199;0.350111294997394;0
3.65;0.404121803720468;0.337441427148792;0
3.66;0.407438910248511;0.324692183007064;0
3.67;0.410628181681284;0.31186752071344;0
3.68;0.413688881707486;0.298971414213795;0
3.69;0.416620313821922;0.286007852040253;0
3.7;0.41942182146587;0.27298083609052;0
3.71;0.422092788155238;0.259894380405295;0
3.72;0.424632637596486;0.246752509944152;0
3.73;0.427040833790303;0.233559259360253;0
3.74;0.429316881123025;0.220318671774254;0
3.75;0.431460324445789;0.207034797547787;0
3.76;0.433470749141428;0.193711693056877;0
3.77;0.435347781179091;0.180353419465661;0
3.78;0.437091087156611;0.166964041500786;0
3.79;0.438700374330618;0.153547626226839;0
3.8;0.440175390634414;0.140108241823188;0
3.81;0.441515924683619;0.126649956362578;0
3.82;0.442721805769621;0.113176836591876;0
3.83;0.443792903840837;0.0996929467152952;0
3.84;0.444729129471823;0.0862023471804774;0
3.85;0.445530433820252;0.0727090934677883;0
3.86;0.446196808571816;0.0592172348831812;0
3.87;0.446728285873053;0.0457308133549874;0
3.88;0.447124938252179;0.0322538622349853;0
3.89;0.447386878527944;0.018790405104101;0
3.9;0.447514259706563;0.00534445458309077;0
3.91;0.447507274866785;-0.00807998885144722;0
3.92;0.447366157033145;-0.021478938045386;0
3.93;0.447091179037455;-0.0348484203393639;0
3.94;0.446682653368608;-0.0481844787347196;0
3.95;0.446140932010748;-0.061483173052728;0
3.96;0.445466406269879;-0.0747405810868023;0
3.97;0.444659506588983;-0.0879527997473285;0
3.98;0.443720702351735;-0.101115946198802;0
3.99;0.442650501674863;-0.114226158988936;0
4;0.441449451189275;-0.127279599169426;0
4.01;0.440118135810002;-0.140272451408034;0
4.02;0.438657178495067;-0.153200925091688;0
4.03;0.437067239993365;-0.166061255420271;0
4.04;0.435349018581645;-0.178849704490802;0
4.05;0.433503249790696;-0.191562562371676;0
4.06;0.431530706120838;-0.204196148166688;0
4.07;0.429432196746819;-0.216746811068514;0
4.08;0.427208567212221;-0.22921093140137;0
4.09;0.424860699113498;-0.241584921652536;0
4.1;0.422389509773745;-0.253865227492482;0
4.11;0.419795951906315;-0.266048328783276;0
4.12;0.417081013268412;-0.278130740575024;0
4.13;0.41424571630477;-0.290109014090041;0
4.14;0.411291117781552;-0.301979737694491;0
4.15;0.408218308410579;-0.313739537857224;0
4.16;0.405028412464042;-0.325385080095536;0
4.17;0.401722587379809;-0.33691306990761;0
4.18;0.39830202335747;-0.348320253691358;0
4.19;0.394767942945254;-0.359603419649434;0
4.2;0.391121600617963;-0.370759398680154;0
4.21;0.387364282346059;-0.381785065254085;0
4.22;0.383497305156047;-0.392677338276073;0
4.23;0.379522016682312;-0.403433181932461;0
4.24;0.375439794710541;-0.414049606523288;0
4.25;0.371252046712904;-0.424523669279225;0
4.26;0.366960209375122;-0.434852475163041;0
4.27;0.362565748115601;-0.445033177655389;0
4.28;0.358070156596773;-0.455062979524693;0
4.29;0.353474956228815;-0.464939133580936;0
4.3;0.3487816956659;-0.474658943413156;0
4.31;0.343991950295147;-0.48421976411045;0
4.32;0.33910732171844;-0.493619002966304;0
4.33;0.334129437227274;-0.502854120166059;0
4.34;0.32906055819344;-0.511618209466346;0.087008238886845
4.35;0.323909403657044;-0.51915971805529;0.195768537495401
4.36;0.318688483043085;-0.525445907047021;0.304528836103957
4.37;0.313410348628762;-0.53047704956976;0.413289134712514
4.38;0.308087548268501;-0.53425379449565;0.52204943332107
4.39;0.302732621640199;-0.536777165600472;0.630809731929626
4.4;0.297358096500378;-0.538048560612422;0.739570030538182
4.41;0.291976484949351;-0.538069750150425;0.848330329146739
4.42;0.286600279707493;-0.5368428765525;0.957090627755295
4.43;0.281241950403724;-0.534370452594708;1.06585092636385
4.44;0.275913939877298;-0.53065536010126;1.17461122497241
4.45;0.27062866049397;-0.525700848446391;1.28337152358096
4.46;0.265398490477634;-0.519510532948625;1.39213182218952
4.47;0.260235770258501;-0.512088393158113;1.50089212079808
4.48;0.255152798838878;-0.503438771037721;1.60965241940663
4.49;0.250161830177614;-0.493566369038621;1.71841271801519
4.5;0.245275069594265;-0.482476248071114;1.82717301662374
4.51;0.240504670194015;-0.470173825371504;1.9359333152323
4.52;0.23586272931439;-0.456664872265812;2.03381758398
4.53;0.231358179362534;-0.443045184977328;1.92447255258323
4.54;0.22698540383853;-0.430408675314889;1.81512752118645
4.55;0.222734561277754;-0.418757441447549;1.70578248978968
4.56;0.218595790579123;-0.408093282591551;1.5964374583929
4.57;0.214559213994807;-0.398417698984794;1.48709242699613
4.58;0.210614940119804;-0.389731891950968;1.37774739559936
4.59;0.20675306688046;-0.382036764053177;1.26840236420258
4.6;0.202963684521056;-0.375332919336855;1.15905733280581
4.61;0.199236878587566;-0.369620663661756;1.04971230140903
4.62;0.195562732907691;-0.364900005122747;0.940367270012259
4.63;0.19193133256629;-0.361170654559144;0.831022238615484
4.64;0.188332766875321;-0.358432026152271;0.72167720721871
4.65;0.184757132337404;-0.356683238110928;0.612332175821936
4.66;0.181194535602145;-0.35592311344439;0.502987144425162
4.67;0.177635096414329;-0.356150180822577;0.393642113028387
4.68;0.174068950553123;-0.35736267552297;0.284297081631613
4.69;0.170486252761427;-0.359558540463852;0.174952050234839
4.7;0.166877179664494;-0.362735427323406;0.0656070188380644
4.71;0.163231976413084;-0.366825098411982;0
4.72;0.159544719076317;-0.371027113842619;0
4.73;0.155815973713016;-0.375110688130005;0
4.74;0.152046929357904;-0.379074800741084;0
4.75;0.148238785082192;-0.382918468706649;0
4.76;0.144392749616897;-0.38664074685144;0
4.77;0.140510040973906;-0.39024072801251;0
4.78;0.136591886064917;-0.393717543245829;0
4.79;0.132639520318363;-0.397070362021074;0
4.8;0.128654187294441;-0.400298392404566;0
4.81;0.124637138298366;-0.403400881230329;0
4.82;0.120589631991969;-0.406377114259227;0
4.83;0.116512934003754;-0.409226416326165;0
4.84;0.112408316537544;-0.411948151475321;0
4.85;0.108277057979817;-0.41454172308339;0
4.86;0.104120442505877;-0.417006573970832;0
4.87;0.0999397596849546;-0.419342186501101;0
4.88;0.0957363040843781;-0.421548082667849;0
4.89;0.0915113748729219;-0.423623824170103;0
4.9;0.087266275423459;-0.42556901247541;0
4.91;0.0830023129150355;-0.427383288870953;0
4.92;0.0787207979344891;-0.429066334502641;0
4.93;0.0744230440777293;-0.430617870402185;0
4.94;0.0701103675508023;-0.432037657502172;0
4.95;0.0657840867708581;-0.433325496639151;0
4.96;0.0614455219671411;-0.434481228544754;0
4.97;0.057095994782123;-0.435504733824868;0
4.98;0.0527368278728982;-0.436395932926899;0
4.99;0.0483693445129591;-0.43715478609514;0
5;0.0439948681944717;-0.437781293314295;0
5.01;0.0396147222311697;-0.438275494241177;0
5.02;0.0352302293619831;-0.438637468124643;0
5.03;0.030842711355522;-0.438867333713791;0
5.04;0.0264534886155299;-0.438965249154472;0
5.05;0.0220638797874245;-0.43893141187418;0
5.06;0.0176752013660421;-0.438766058455356;0
5.07;0.0132887673047005;-0.438469464497173;0
5.08;0.00890588862569599;-0.438041944465873;0
5.09;0.00452787303234755;-0.437483851533693;0
5.1;0.000156024522703891;-0.436795577406482;0
5.11;-0.00420835699497581;-0.435977552140056;0
5.12;-0.00856397608485399;-0.435030243945369;0
5.13;-0.0129095421641485;-0.433954158982591;0
5.14;-0.0172437698816577;-0.432749841144157;0
5.15;-0.0215653794940663;-0.431417871826877;0
5.16;-0.025873097239924;-0.429958869693204;0
5.17;-0.0301656557111881;-0.428373490421733;0
5.18;-0.0344417942222225;-0.426662426447038;0
5.19;-0.0387002591761482;-0.424826406688932;0
5.2;-0.0429398044284389;-0.422866196271264;0
5.21;-0.0471591916476574;-0.420782596230341;0
5.22;-0.0513571906732308;-0.418576443213086;0
5.23;-0.0555325798701607;-0.416248609165042;0
5.24;-0.0596841464805685;-0.413800001008334;0
5.25;-0.0638106869719755;-0.41123156030969;0
5.26;-0.0679110073822192;-0.408544262938658;0
5.27;-0.0719839236609071;-0.405739118716123;0
5.28;-0.076028262007314;-0.402817171053253;0
5.29;-0.0800428592046248;-0.399779496580991;0
5.3;-0.0840265629504306;-0.396627204770233;0
5.31;-0.0879782321833856;-0.393361437542811;0
5.32;-0.0918967374059322;-0.389983368873416;0
5.33;-0.0957809610030055;-0.386494204382602;0
5.34;-0.099629797556628;-0.382895180920994;0
5.35;-0.103442154156308;-0.379187566144861;0
5.36;-0.107216950705153;-0.375372658083175;0
5.37;-0.110953120221621;-0.371451784696311;0
5.38;-0.114649609136815;-0.367426303426539;0
5.39;-0.118305377587252;-0.363297600740443;0
5.4;-0.121919399703014;-0.359067091663431;0
5.41;-0.12549066389122;-0.354736219306487;0
5.42;-0.129018173114717;-0.350306454385305;0
5.43;-0.13250094516594;-0.345779294731991;0
5.44;-0.135938012935849;-0.341156264799466;0
5.45;-0.139328424677884;-0.336438915158741;0
5.46;-0.142671244266854;-0.331628821989228;0
5.47;-0.145965551452708;-0.326727586562257;0
5.48;-0.149210442109099;-0.321736834717945;0
5.49;-0.152405028476699;-0.316658216335617;0
5.5;-0.155548439401181;-0.311493404797913;0
5.51;-0.158639820565823;-0.306244096448787;0
5.52;-0.161678334718653;-0.300912010045541;0
5.53;-0.164663161894104;-0.295498886205095;0
5.54;-0.167593499629089;-0.290006486844642;0
5.55;-0.170468563173472;-0.284436594616893;0
5.56;-0.173287585694865;-0.278791012340067;0
5.57;-0.176049818477689;-0.27307156242282;0
5.58;-0.178754531116486;-0.267280086284291;0
5.59;-0.181401011703384;-0.261418443769443;0
5.6;-0.183988567009718;-0.255488512559889;0
5.61;-0.186516522661721;-0.249492187580378;0
5.62;-0.188984223310275;-0.24343138040114;0
5.63;-0.19139103279466;-0.237308018636265;0
5.64;-0.193736334300269;-0.231124045338302;0
5.65;-0.196019530510258;-0.224881418389279;0
5.66;-0.198240043751088;-0.218582109888321;0
5.67;-0.200397316131925;-0.212228105536054;0
5.68;-0.202490809677876;-0.205821404015996;0
5.69;-0.204520006457027;-0.19936401637312;0
5.7;-0.206484408701242;-0.192857965389772;0
5.71;-0.20838353892073;-0.186305284959153;0
5.72;-0.21021694001232;-0.179708019456537;0
5.73;-0.211984175361443;-0.173068223108438;0
5.74;-0.213684828937803;-0.1663879593599;0
5.75;-0.215318505384709;-0.159669300240117;0
5.76;-0.216884830102051;-0.152914325726561;0
5.77;-0.218383449322922;-0.146125123107834;0
5.78;-0.219814030183855;-0.139303786345412;0
5.79;-0.221176260788677;-0.132452415434489;0
5.8;-0.22246985026597;-0.125573115764114;0
5.81;-0.223694528820121;-0.118667997476806;0
5.82;-0.224850047775981;-0.111739174827848;0
5.83;-0.225936179617108;-0.104788765544449;0
5.84;-0.226952718017597;-0.0978188901849636;0
5.85;-0.227899477867514;-0.0908316714983708;0
5.86;-0.228776295291922;-0.0838292337841881;0
5.87;-0.229583027663504;-0.0768137022530286;0
5.88;-0.230319553608802;-0.0697872023879798;0
5.89;-0.230985773008073;-0.0627518593069996;0
5.9;-0.231581606988769;-0.0557097971265178;0
5.91;-0.232106997912667;-0.0486631383264309;0
5.92;-0.232561909356649;-0.0416140031166792;0
5.93;-0.232946326087159;-0.0345645088055928;0
5.94;-0.233260254028354;-0.0275167691701937;0
5.95;-0.233503720223961;-0.0204728938286373;0
5.96;-0.233676772792876;-0.0134349876149807;0
5.97;-0.233779480878518;-0.00640514995645835;0
5.98;-0.233811934591966;0.000614525746550404;0
5.99;-0.233774244948915;0.00762195273768199;0
6;-0.233666543800466;0.0146150515186968;0
6.01;-0.233488983757794;0.0215917504603564;0
6.02;-0.233241738110724;0.0285499864098918;0
6.03;-0.232925000740242;0.0354877052948868;0
6.04;-0.23253898602499;0.0424028627234017;0
6.05;-0.232083928741775;0.0492934245801639;0
6.06;-0.231560083960133;0.0561573676186528;0
6.07;-0.230967726930995;0.0629926800489094;0
6.08;-0.230307152969491;0.0697973621209014;0
6.09;-0.229578677331942;0.0765694267032769;0
6.1;-0.228782635087088;0.08330689985734;0
6.11;-0.227919380981596;0.0900078214060863;0
6.12;-0.2269892892999;0.0966702454981343;0
6.13;-0.225992753718427;0.103292241166394;0
6.14;-0.224930187154262;0.109871892881313;0
6.15;-0.223802021608298;0.116407301098546;0
6.16;-0.222608708002948;0.122896582800888;0
6.17;-0.221350716014449;0.129337872034323;0
6.18;-0.220028533899847;0.135729320438042;0
6.19;-0.218642668318696;0.142069097768265;0
6.2;-0.217193644149559;0.148355392415744;0
6.21;-0.215682004301353;0.154586411916783;0
6.22;-0.214108309519622;0.160760383457643;0
6.23;-0.21247313818779;0.16687555437219;0
6.24;-0.210777086123474;0.172930192632647;0
6.25;-0.209020766369913;0.178922587333319;0
6.26;-0.2072048089826;0.184851049167153;0
6.27;-0.205329860811178;0.190713910895;0
6.28;-0.203396585276674;0.196509527807466;0
6.29;-0.201405662144153;0.202236278179207;0
6.3;-0.199357787290862;0.207892563715557;0
6.31;-0.197253672469938;0.213476809991361;0
6.32;-0.195094045069771;0.218987466881906;0
6.33;-0.19287964786909;0.224423008985821;0
6.34;-0.190611238787854;0.229781936039839;0
6.35;-0.188289590634035;0.235062773325314;0
6.36;-0.185915490846374;0.240264072066383;0
6.37;-0.183489741233195;0.245384409819661;0
6.38;-0.181013157707351;0.250422390855378;0
6.39;-0.178486570017414;0.255376646529851;0
6.4;-0.175910821475162;0.260245835649198;0
6.41;-0.17328676867948;0.2650286448242;0
6.42;-0.17061528123675;0.269723788816211;0
6.43;-0.167897241477822;0.274330010874045;0
6.44;-0.165133544171654;0.278846083061737;0
6.45;-0.162325096235722;0.283270806577108;0
6.46;-0.159472816443281;0.287603012061045;0
6.47;-0.156577635127576;0.291841559897426;0
6.48;-0.153640493883101;0.295985340503616;0
6.49;-0.150662345263986;0.300033274611456;0
6.5;-0.147644152479629;0.303984313538686;0
6.51;-0.144586889087646;0.307837439450728;0
6.52;-0.141491538684253;0.31159166561278;0
6.53;-0.138359094592173;0.315246036632149;0
6.54;-0.135190559546157;0.31879962869077;0
6.55;-0.131986945376226;0.322251549767867;0
6.56;-0.128749272688739;0.325600939852697;0
6.57;-0.125478570545365;0.328846971147329;0
6.58;-0.122175876140083;0.331988848259425;0
6.59;-0.118842234474295;0.335025808384972;0
6.6;-0.115478698030156;0.337957121480933;0
6.61;-0.112086326442227;0.340782090427777;0
6.62;-0.108666186167542;0.343500051181865;0
6.63;-0.105219350154205;0.346110372917657;0
6.64;-0.101746897508605;0.34861245815972;0
6.65;-0.0982499131613553;0.351005742904505;0
6.66;-0.0947294875320702;0.353289696731892;0
6.67;-0.0911867161930616;0.355463822906463;0
6.68;-0.0876226995320762;0.357527658468517;0
6.69;-0.084038542414166;0.359480774314795;0
6.7;-0.0804353538427986;0.361322775268919;0
6.71;-0.0768142466203089;0.363053300141546;0
6.72;-0.0731763370077962;0.364672021780219;0
6.73;-0.0695227443845689;0.366178647108941;0
6.74;-0.0658545909072392;0.367572917157461;0
6.75;-0.0621730011685719;0.368854607080284;0
6.76;-0.058479101856189;0.370023526165425;0
6.77;-0.0547740214112329;0.37107951783291;0
6.78;-0.0510588896870903;0.372022459623052;0
6.79;-0.0473348376082802;0.372852263174518;0
6.8;-0.0436029968296061;0.373568874192213;0
6.81;-0.0398644993956753;0.374172272405006;0
6.82;-0.0361204774008873;0.37466247151333;0
6.83;-0.0323720626499905;0.375039519126691;0
6.84;-0.0286203863193101;0.375303496691117;0
6.85;-0.0248665786187458;0.37545451940659;0
6.86;-0.0211117684546407;0.375492736134503;0
6.87;-0.0173570830936203;0.37541832929518;0
6.88;-0.0136036478275004;0.375231514755525;0
6.89;-0.00985258563936309;0.37493254170682;0
6.9;-0.00610501687089912;0.374521692532762;0
6.91;-0.00236205889111297;0.373999282667766;0
6.92;0.00137517423351092;0.373365660445604;0
6.93;0.0051055720672854;0.372621206938449;0
6.94;0.00882802813194516;0.371766335786378;0
6.95;0.0125414402315237;0.370801493017402;0
6.96;0.0162447107753884;0.369727156858105;0
6.97;0.0199367470993396;0.36854383753495;0
6.98;0.0236164617846814;0.367252077066332;0
6.99;0.0272827729751712;0.36585244904547;0
7;0.0309346046917579;0.364345558414194;0
7.01;0.0345708871450168;0.362732041227732;0
7.02;0.038190557045192;0.361012564410572;0
7.03;0.0417925579097583;0.359187825503487;0
7.04;0.0453758403684132;0.357258552401827;0
7.05;0.0489393624654132;0.35522550308515;0
7.06;0.052482089959168;0.353089465338306;0
7.07;0.0560029966190066;0.350851256464066;0
7.08;0.0595010645190334;0.348511722987395;0
7.09;0.0629752843289884;0.346071740351472;0
7.1;0.0664246556020316;0.34353221260557;0
7.11;0.0698481870593698;0.340894072084888;0
7.12;0.0732448968716461;0.338158279082464;0
7.13;0.076613812937013;0.335325821513267;0
7.14;0.0799539731558116;0.332397714570581;0
7.15;0.0832644257017807;0.329375000374813;0
7.16;0.0865442292897204;0.326258747614826;0
7.17;0.0897924534395352;0.323050051181925;0
7.18;0.093008178736585;0.31975003179662;0
7.19;0.0961904970882713;0.316359835628285;0
7.2;0.0993385119767888;0.312880633907845;0
7.21;0.102451338707973;0.309313622533614;0
7.22;0.105528104656174;0.305660021670415;0
7.23;0.108567949505096;0.30192107534212;0
7.24;0.111570025484529;0.298098051017734;0
7.25;0.114533497602914;0.294192239191162;0
7.26;0.117457543875679;0.290204952954799;0
7.27;0.120341355549281;0.286137527567076;0
7.28;0.123184137320902;0.28199132001411;0
7.29;0.125985107553728;0.277767708565584;0
7.3;0.128743498487768;0.273468092325023;0
7.31;0.13145855644615;0.26909389077459;0
7.32;0.134129542036834;0.264646543314554;0
7.33;0.136755730349706;0.260127508797586;0
7.34;0.139336411148987;0.255538265058017;0
7.35;0.141870889060914;0.250880308436223;0
7.36;0.144358483756638;0.246155153298269;0
7.37;0.146798530130309;0.241364331550989;0
7.38;0.149190378472282;0.236509392152628;0
7.39;0.151533394637413;0.231591900619224;0
7.4;0.1538269602084;0.226613438526868;0
7.41;0.156070472654131;0.221575603010008;0
7.42;0.158263345482995;0.216480006255956;0
7.43;0.160405008391122;0.21132827499574;0
7.44;0.162494907405517;0.206122049991485;0
7.45;0.16453250502205;0.200862985520457;0
7.46;0.166517280338277;0.195552748855953;0
7.47;0.16844872918105;0.190193019745179;0
7.48;0.1703263642289;0.184785489884292;0
7.49;0.172149715129149;0.179331862390756;0
7.5;0.173918328609744;0.173833851273192;0
7.51;0.175631768585771;0.16829318089886;0
7.52;0.177289616260639;0.162711585458964;0
7.53;0.178891470221907;0.157090808431926;0
7.54;0.180436946531728;0.151432602044794;0
7.55;0.181925678811913;0.145738726732961;0
7.56;0.183357318323572;0.140010950598348;0
7.57;0.18473153404134;0.134251048866223;0
7.58;0.186048012722156;0.12846080334081;0
7.59;0.187306458968606;0.122642001859872;0
7.6;0.188506595286795;0.116796437748418;0
7.61;0.189648162138763;0.110925909271704;0
7.62;0.190730917989418;0.105032219087691;0
7.63;0.191754639348006;0.0991171736991321;0
7.64;0.192719120804083;0.0931825829054479;0
7.65;0.193624175058024;0.0872302592545505;0
7.66;0.194469632946034;0.0812620174947922;0
7.67;0.195255343459691;0.0752796740271927;0
7.68;0.19598117376001;0.0692850463581139;0
7.69;0.196647009186032;0.0632799525525436;0
7.7;0.197252753257957;0.057266210688151;0
7.71;0.197798327674814;0.0512456383102776;0
7.72;0.198283672306692;0.0452200518880231;0
7.73;0.198708745181531;0.0391912662715902;0
7.74;0.199073522466499;0.0331610941510461;0
7.75;0.199377998443963;0.0271313455166623;0
7.76;0.199622185482062;0.0211038271209911;0
7.77;0.199806113999921;0.0150803419428372;0
7.78;0.19992983242751;0.0090626886532817;0
7.79;0.199993407160168;0.00305266108391507;0
7.8;0.199996922507826;-0.00294795230256513;0
7.81;0.199940480638944;-0.0089373689392374;0
7.82;0.199824201519195;-0.0149138126791665;0
7.83;0.199648222844911;-0.0208755143167882;0
7.84;0.199412699971339;-0.0268207121063175;0
7.85;0.199117805835719;-0.0327476522770294;0
7.86;0.198763730875228;-0.0386545895452635;0
7.87;0.198350682939818;-0.0445397876230046;0
7.88;0.197878887199981;-0.0504015197228929;0
7.89;0.197348586049487;-0.0562380690595179;0
7.9;0.196760039003124;-0.0620477293468532;0
7.91;0.196113522589474;-0.067828805291688;0
7.92;0.195409330238786;-0.0735796130829165;0
7.93;0.194647772165966;-0.0792984808765438;0
7.94;0.193829175248739;-0.0849837492762715;0
7.95;0.192953882901029;-0.0906337718095251;0
7.96;0.192022254941593;-0.0962469153987902;0
7.97;0.19103466745797;-0.101821560828123;0
7.98;0.189991512665782;-0.107356103204703;0
7.99;0.188893198763447;-0.112848952415301;0
8;0.187740149782345;-0.11829853357753;0
8.01;0.186532805432501;-0.123703287485758;0
8.02;0.18527162094383;-0.129061671051548;0
8.03;0.183957066903004;-0.134372157738521;0
8.04;0.182589629085993;-0.139633237991499;0
8.05;0.181169808286349;-0.144843419659829;0
8.06;0.179698120139269;-0.150001228414755;0
8.07;0.178175094941529;-0.155105208160734;0
8.08;0.176601277467318;-0.160153921440581;0
8.09;0.174977226780055;-0.165145949834326;0
8.1;0.173303516040247;-0.170079894351684;0
8.11;0.17158073230945;-0.174954375818021;0
8.12;0.169809476350397;-0.179768035253724;0
8.13;0.167990362423369;-0.184519534246857;0
8.14;0.166124018078864;-0.189207555319015;0
8.15;0.164211083946641;-0.193830802284275;0
8.16;0.162252213521205;-0.198388000601149;0
8.17;0.160248072943806;-0.202877897717438;0
8.18;0.158199340781022;-0.207299263407906;0
8.19;0.156106707799992;-0.211650890104683;0
8.2;0.153970876740388;-0.215931593220301;0
8.21;0.151792562083179;-0.220140211463295;0
8.22;0.149572489816284;-0.224275607146273;0
8.23;0.147311397197169;-0.228336666486379;0
8.24;0.145010032512479;-0.232322299898083;0
8.25;0.142669154834776;-0.236231442278203;0
8.26;0.140289533776461;-0.240063053283108;0
8.27;0.13787194924096;-0.243816117598014;0
8.28;0.135417191171255;-0.247489645198322;0
8.29;0.132926059295831;-0.251082671602925;0
8.3;0.130399362872138;-0.254594258119414;0
8.31;0.127837920427622;-0.258023492081144;0
8.32;0.125242559498437;-0.261369487076084;0
8.33;0.122614116365898;-0.264631383167406;0
8.34;0.119953435790767;-0.267808347105756;0
8.35;0.11726137074545;-0.270899572533165;0
8.36;0.114538782144203;-0.273904280178542;0
8.37;0.111786538571408;-0.276821718044722;0
8.38;0.109005516008028;-0.279651161587001;0
8.39;0.10619659755631;-0.282391913883153;0
8.4;0.103360673162823;-0.28504330579486;0
8.41;0.100498639339926;-0.287604696120545;0
8.42;0.0976113988857476;-0.290075471739562;0
8.43;0.0946998606027548;-0.292455047747728;0
8.44;0.0917649390150137;-0.294742867584153;0
8.45;0.0888075540842162;-0.296938403149368;0
8.46;0.0858286309245672;-0.299041154914711;0
8.47;0.0828290995166162;-0.301050652022961;0
8.48;0.0798098944201219;-0.302966452380205;0
8.49;0.0767719544860385;-0.304788142738928;0
8.5;0.0737162225677099;-0.30651533877231;0
8.51;0.0706436452313606;-0.308147685139726;0
8.52;0.0675551724659715;-0.309684855543447;0
8.53;0.0644517573926281;-0.311126552776534;0
8.54;0.0613343559734295;-0.312472508761933;0
8.55;0.0582039267200459;-0.31372248458277;0
8.56;0.0550614304020127;-0.314876270503848;0
8.57;0.0519078297548495;-0.31593368598437;0
8.58;0.0487440891880908;-0.316894579681877;0
8.59;0.0455711744933174;-0.317758829447434;0
8.6;0.0423900525522747;-0.318526342312074;0
8.61;0.0392016910451663;-0.319197054464511;0
8.62;0.0360070581592095;-0.319770931220159;0
8.63;0.0328071222975391;-0.320247966981469;0
8.64;0.029602851788548;-0.320628185189616;0
8.65;0.0263952145957489;-0.320911638267564;0
8.66;0.0231851780282438;-0.321098407554543;0
8.67;0.019973708451888;-0.321188603231965;0
8.68;0.0167617710012331;-0.321182364240833;0
8.69;0.0135503292923334;-0.321079858190656;0
8.7;0.0103403451365023;-0.320881281259939;0
8.71;0.00713277825510082;-0.320586858088275;0
8.72;0.0039285859954428;-0.320196841660094;0
8.73;0.000728723047900411;-0.319711513180107;0
8.74;-0.00246585883570792;-0.319131181940516;0
8.75;-0.00565421112236476;-0.318456185180024;0
8.76;-0.00883538877665425;-0.317686887934718;0
8.77;-0.0120084505380353;-0.316823682880863;0
8.78;-0.0151724591965062;-0.315866990169699;0
8.79;-0.0183264818665823;-0.314817257254267;0
8.8;-0.021469590259505;-0.313674958708361;0
8.81;-0.0246008609536061;-0.312440596037662;0
8.82;-0.0277193756627487;-0.31111469748311;0
8.83;-0.0308242215027659;-0.309697817816617;0
8.84;-0.0339144912558239;-0.308190538129171;0
8.85;-0.0369892836326314;-0.306593465611405;0
8.86;-0.0400477035324209;-0.304907233326739;0
8.87;-0.043088862300629;-0.303132499977141;0
8.88;-0.0461118779842009;-0.301269949661608;0
8.89;-0.0491158755844472;-0.299320291627455;0
8.9;-0.0520999873073819;-0.297284260014489;0
8.91;-0.0550633528114703;-0.295162613592157;0
8.92;-0.0580051194527166;-0.292956135489771;0
8.93;-0.0609244425270242;-0.290665632919886;0
8.94;-0.0638204855097576;-0.288291936894943;0
8.95;-0.0666924202924425;-0.285835901937258;0
8.96;-0.0695394274165348;-0.283298405782463;0
8.97;-0.0723606963041958;-0.280680349076501;0
8.98;-0.0751554254860083;-0.277982655066274;0
8.99;-0.0779228228255712;-0.275206269284042;0
9;-0.0806621057409103;-0.272352159225695;0
9.01;-0.0833725014226445;-0.269421314022981;0
9.02;-0.0860532470488477;-0.266414744109824;0
9.03;-0.0887035899965474;-0.263333480882823;0
9.04;-0.091322788049803;-0.260178576356048;0
9.05;-0.0939101096043062;-0.25695110281026;0
9.06;-0.0964648338684496;-0.253652152436647;0
9.07;-0.0989862510608077;-0.25028283697521;0
9.08;-0.101473662603979;-0.24684428734791;0
9.09;-0.103926381314734;-0.243337653286693;0
9.1;-0.106343731590426;-0.239764102956522;0
9.11;-0.108725049591606;-0.23612482257352;0
9.12;-0.111069683420794;-0.232421016018374;0
9.13;-0.113376993297375;-0.228653904445091;0
9.14;-0.115646351728549;-0.224824725885262;0
9.15;-0.117877143676315;-0.220934734847943;0
9.16;-0.120068766720425;-0.21698520191528;0
9.17;-0.122220631217281;-0.212977413334017;0
9.18;-0.124332160454732;-0.208912670603005;0
9.19;-0.126402790802717;-0.204792290056854;0
9.2;-0.128431971859745;-0.200617602445848;0
9.21;-0.130419166595138;-0.196389952512263;0
9.22;-0.132363851487038;-0.192110698563222;0
9.23;-0.134265516656122;-0.187781212040208;0
9.24;-0.136123665994989;-0.183402877085394;0
9.25;-0.137937817293214;-0.178977090104896;0
9.26;-0.139707502358002;-0.174505259329117;0
9.27;-0.14143226713045;-0.169988804370283;0
9.28;-0.143111671797359;-0.165429155777347;0
9.29;-0.14474529089859;-0.160827754588363;0
9.3;-0.146332713429934;-0.156186051880498;0
9.31;-0.147873542941469;-0.151505508317799;0
9.32;-0.149367397631385;-0.146787593696867;0
9.33;-0.150813910435257;-0.142033786490577;0
9.34;-0.152212729110753;-0.137245573389977;0
9.35;-0.153563516317739;-0.132424448844511;0
9.36;-0.154865949693798;-0.127571914600709;0
9.37;-0.156119721925113;-0.122689479239483;0
9.38;-0.157324540812728;-0.117778657712168;0
9.39;-0.158480129334155;-0.112840970875446;0
9.4;-0.159586225700339;-0.10787794502531;0
9.41;-0.160642583407944;-0.102891111430189;0
9.42;-0.161648971286976;-0.0978820058633906;0
9.43;-0.162605173543727;-0.0928521681349907;0
9.44;-0.163510989799032;-0.0878031416233251;0
9.45;-0.164366235121846;-0.0827364728062115;0
9.46;-0.165170740058124;-0.0776537107920493;0
9.47;-0.165924350655023;-0.0725564068509376;0
9.48;-0.166626928480403;-0.0674461139459504;0
9.49;-0.167278350637652;-0.0623243862647095;0
9.5;-0.167878509775825;-0.0571927787513964;0
9.51;-0.168427314095106;-0.052052846639341;0
9.52;-0.168924687347597;-0.0469061449843271;0
9.53;-0.169370568833447;-0.0417542281987532;0
9.54;-0.169764913392325;-0.0365986495867871;0
9.55;-0.17010769139025;-0.0314409608806512;0
9.56;-0.170398888701789;-0.0262827117781762;0
9.57;-0.170638506687637;-0.0211254494817593;0
9.58;-0.170826562167597;-0.0159707182388629;0
9.59;-0.170963087388964;-0.0108200588841888;0
9.6;-0.171048129990344;-0.00567500838366248;0
9.61;-0.171081752960928;-0.000537099380360077;0
9.62;-0.17106403459522;0.00459214025748744;0
9.63;-0.170995068443265;0.00971118788628262;0
9.64;-0.170874963256389;0.0148185265345105;0
9.65;-0.170703842928472;0.0199126453477181;0
9.66;-0.170481846432786;0.024992040030896;0
9.67;-0.170209127754417;0.0300552132881328;0
9.68;-0.169885855818309;0.0351006752594161;0
9.69;-0.169512214412948;0.0401269439544542;0
9.7;-0.169088402109726;0.045132545683392;0
9.71;-0.168614632178009;0.0501160154843003;0
9.72;-0.168091132495945;0.0550758975473122;0
9.73;-0.167518145457051;0.0600107456352884;0
9.74;-0.166895927872602;0.0649191235008898;0
9.75;-0.166224750869874;0.069799605299938;0
9.76;-0.165504899786263;0.074650776000948;0
9.77;-0.164736674059329;0.0794712317907146;0
9.78;-0.163920387112805;0.0842595804758407;0
9.79;-0.163056366238609;0.08901444188009;0
9.8;-0.162144952474896;0.0937344482374566;0
9.81;-0.161186500480204;0.0984182445808381;0
9.82;-0.160181378403735;0.103064489126204;0
9.83;-0.15912996775181;0.107671853652151;0
9.84;-0.158032663250552;0.112239023874744;0
9.85;-0.156889872704845;0.116764699817531;0
9.86;-0.155702016853608;0.121247596176635;0
9.87;-0.154469529221446;0.125686442680821;0
9.88;-0.153192855966727;0.130079984446434;0
9.89;-0.15187245572612;0.134426982327122;0
9.9;-0.150508799455673;0.138726213258231;0
9.91;-0.149102370268467;0.142976470595798;0
9.92;-0.147653663268897;0.147176564450028;0
9.93;-0.14616318538366;0.151325322013182;0
9.94;-0.144631455189471;0.155421587881785;0
9.95;-0.143059002737596;0.15946422437305;0
9.96;-0.141446369375245;0.163452111835463;0
9.97;-0.139794107563876;0.167384148953414;0
9.98;-0.138102780694494;0.171259253045817;0
9.99;-0.136372962899982;0.175076360358627;0
10;-0.134605238864536;0.178834426351187;0
10.01;-0.132800203630267;0.182532425976311;0
10.02;-0.130958462401029;0.186169353954055;0
10.03;-0.129080630343535;0.189744225039087;0
10.04;-0.127167332385838;0.193256074281589;0
10.05;-0.125219203013219;0.196703957281629;0
10.06;-0.123236886061572;0.200086950436943;0
10.07;-0.121221034508333;0.20340415118404;0
10.08;-0.119172310261038;0.206654678232606;0
10.09;-0.117091383943554;0.20983767179311;0
10.1;-0.114978934680078;0.212952293797589;0
10.11;-0.112835649876949;0.215997728113531;0
10.12;-0.110662225002359;0.218973180750823;0
10.13;-0.108459363364023;0.221877880061698;0
10.14;-0.10622777588488;0.224711076933649;0
10.15;-0.103968180876901;0.227472044975253;0
10.16;-0.101681303813066;0.23016008069486;0
10.17;-0.0993678770975887;0.232774503672121;0
10.18;-0.0970286398344597;0.235314656722295;0
10.19;-0.0946643375943758;0.237779906053312;0
10.2;-0.0922757221801344;0.240169641415558;0
10.21;-0.0898635513905611;0.24248327624434;0
10.22;-0.0874285887830468;0.24472024779501;0
10.23;-0.0849716034347662;0.24688001727071;0
10.24;-0.0824933697026522;0.248962069942731;0
10.25;-0.0799946669821998;0.250965915263437;0
10.26;-0.0774762794651751;0.252891086971756;0
10.27;-0.0749389958963019;0.254737143191205;0
10.28;-0.0723836093290023;0.256503666520436;0
10.29;-0.0698109168802655;0.258190264116297;0
10.3;-0.0672217194847197;0.259796567769378;0
10.31;-0.0646168216479819;0.261322233972051;0
10.32;-0.0619970311993621;0.262766943978986;0
10.33;-0.0593631590439955;0.264130403860138;0
10.34;-0.0567160189144786;0.265412344546209;0
10.35;-0.0540564271220851;0.266612521866576;0
10.36;-0.051385202307636;0.267730716579691;0
10.37;-0.0487031651921;0.268766734395953;0
10.38;-0.0460111383269983;0.269720405993072;0
10.39;-0.0433099458446902;0.270591587023907;0
10.4;-0.0406004132086138;0.271380158116813;0
10.41;-0.0378833669635574;0.272086024868503;0
10.42;-0.0351596344860349;0.272709117829431;0
10.43;-0.0324300437348419;0.273249392481723;0
10.44;-0.0296954230018655;0.273706829209673;0
10.45;-0.0269566006632231;0.274081433262826;0
10.46;-0.0242144049308024;0.274373234711665;0
10.47;-0.021469663604279;0.274582288395944;0
10.48;-0.0187232038236834;0.274708673865672;0
10.49;-0.0159758518225901;0.274752495314805;0
10.5;-0.013228432682004;0.274713881507654;0
10.51;-0.0104817700850144;0.27459298569806;0
10.52;-0.00773668607228958;0.274389985541362;0
10.53;-0.00499400079848484;0.274105082999211;0
10.54;-0.00225453228963354;0.273738504237249;0
10.55;0.000480903798406226;0.273290499515717;0
10.56;0.00321149442037949;0.272761343073029;0
10.57;0.00593642938086648;0.272151333002352;0
10.58;0.0086549015722493;0.271460791121252;0
10.59;0.011366107211344;0.270690062834452;0
10.6;0.0140692460746293;0.269839516989754;0
10.61;0.0167635217320043;0.268909545727184;0
10.62;0.0194481417790069;0.26790056432141;0
10.63;0.0221223180674268;0.266813011017498;0
10.64;0.0247852669342459;0.265647346860068;0
10.65;0.0274362094288413;0.264404055515904;0
10.66;0.0300743715383842;0.263083643090089;0
10.67;0.0326989844113728;0.261686637935731;0
10.68;0.0353092845792323;0.26021359045735;0
10.69;0.0379045141759214;0.258665072907984;0
10.7;0.0404839211554818;0.257041679180104;0
10.71;0.0430467595074686;0.255344024590396;0
10.72;0.0455922894702025;0.253572745658491;0
10.73;0.0481197777417807;0.251728499879722;0
10.74;0.0506284976887903;0.249811965491984;0
10.75;0.0531177295526629;0.247823841236772;0
10.76;0.0555867606536143;0.245764846114491;0
10.77;0.058034885592112;0.243635719134106;0
10.78;0.0604614064478131;0.24143721905723;0
10.79;0.0628656329759196;0.239170124136729;0
10.8;0.0652468828008946;0.236835231849935;0
10.81;0.0676044816074866;0.234433358626548;0
10.82;0.06993776332901;0.231965339571339;0
10.83;0.0722460703328288;0.22943202818171;0
10.84;0.0745287536029936;0.226834296060252;0
10.85;0.0767851729199815;0.224173032622343;0
10.86;0.0790146970374909;0.221449144798933;0
10.87;0.0812167038562417;0.218663556734572;0
10.88;0.0833905805947358;0.215817209480806;0
10.89;0.0855357239569304;0.212911060685027;0
10.9;0.0876515402967799;0.20994608427489;0
10.91;0.0897374457796025;0.206923270138382;0
10.92;0.0917928665402281;0.203843623799666;0
10.93;0.0938172388378863;0.200708166090791;0
10.94;0.0958100092077932;0.197517932819376;0
10.95;0.0977706346093968;0.194273974432377;0
10.96;0.0996985825712438;0.190977355676049;0
10.97;0.101593331332428;0.187629155252195;0
10.98;0.103454369980588;0.184230465470833;0
10.99;0.105281198586409;0.180782391899378;0
11;0.10707332833461;0.177286053008446;0
11.01;0.108830281651368;0.173742579814408;0
11.02;0.110551592328155;0.170153115518796;0
11.03;0.112236805641959;0.166518815144669;0
11.04;0.113885478471845;0.162840845170068;0
11.05;0.115497179411854;0.159120383158667;0
11.06;0.117071488880181;0.155358617387728;0
11.07;0.118607999224628;0.151556746473495;0
11.08;0.120106314824303;0.147715978994123;0
11.09;0.121566052187528;0.143837533110274;0
11.1;0.122986840045952;0.139922636183492;0
11.11;0.124368319444836;0.135972524392474;0
11.12;0.125710143829486;0.131988442347361;0
11.13;0.127011979127828;0.127971642702158;0
11.14;0.128273503829096;0.123923385765419;0
11.15;0.129494409058619;0.119844939109294;0
11.16;0.130674398648691;0.115737577177084;0
11.17;0.131813189205512;0.111602580889397;0
11.18;0.132910510172187;0.107441237249052;0
11.19;0.133966103887761;0.103254838944832;0
11.2;0.134979725642295;0.0990446839542116;0
11.21;0.135951143727961;0.0948120751451877;0
11.22;0.136880139486151;0.0905583198773259;0
11.23;0.137766507350599;0.0862847296021456;0
11.24;0.138610054886496;0.0819926194629663;0
11.25;0.139410602825607;0.0776833078943343;0
11.26;0.14016798509738;0.0733581162211517;0
11.27;0.140882048856047;0.0690183682576279;0
11.28;0.141552654503706;0.0646653899061743;0
11.29;0.142179675709405;0.0603005087563618;0
11.3;0.142762999424206;0.0559250536840626;0
11.31;0.143302525892247;0.0515403544508946;0
11.32;0.143798168657794;0.0471477413040896;0
11.33;0.144249854568306;0.0427485445769028;0
11.34;0.144657523773491;0.0383440942896836;0
11.35;0.145021129720393;0.0339357197517261;0
11.36;0.145340639144487;0.0295247491640166;0
11.37;0.145616032056813;0.025112509222996;0
11.38;0.145847301727154;0.0207003247254549;0
11.39;0.146034454663263;0.0162895181746764;0
11.4;0.146177510586163;0.0118814093879439;0
11.41;0.146276502401526;0.00747731510552819;0
11.42;0.146331476167147;0.00307854860126912;0
11.43;0.146342491056535;-0.00131358070513424;0
11.44;0.146309619318634;-0.00569776763401198;0
11.45;0.146232946233692;-0.0100727116296774;0
11.46;0.146112570065304;-0.0144371171423352;0
11.47;0.145948602008635;-0.0187896940078324;0
11.48;0.145741166134873;-0.0231291578251428;0
11.49;0.1454903993319;-0.0274542303314744;0
11.5;0.145196451241234;-0.0317636397748928;0
11.51;0.144859484191253;-0.0360561212843519;0
11.52;0.144479673126729;-0.0403304172370264;0
11.53;0.144057205534706;-0.0445852776228401;0
11.54;0.14359228136674;-0.048819460406086;0
11.55;0.143085112957541;-0.0530317318840336;0
11.56;0.14253592494004;-0.0572208670424233;0
11.57;0.141944954156916;-0.0613856499077441;0
11.58;0.141312449568617;-0.0655248738961969;0
11.59;0.140638672157904;-0.0696373421592423;0
11.6;0.139923894830954;-0.073721867925637;0
11.61;0.139168402315066;-0.0777772748398617;0
11.62;0.13837249105299;-0.0818023972968444;0
11.63;0.137536469093933;-0.0857960807728863;0
11.64;0.13666065598127;-0.0897571821526975;0
11.65;0.135745382637;-0.0936845700524502;0
11.66;0.134790991242996;-0.0975771251387606;0
11.67;0.133797835119079;-0.10143374044351;0
11.68;0.132766278597965;-0.105253321674418;0
11.69;0.131696696897124;-0.109034787521282;0
11.7;0.130589475987596;-0.112777069957803;0
11.71;0.129445012459815;-0.116479114538901;0
11.72;0.128263713386469;-0.120139880693459;0
11.73;0.127045996182467;-0.123758342012399;0
11.74;0.125792288462034;-0.127333486532018;0
11.75;0.124503027893003;-0.13086431701251;0
11.76;0.123178662048341;-0.134349851211591;0
11.77;0.121819648254958;-0.137789122153164;0
11.78;0.120426453439858;-0.14118117839094;0
11.79;0.118999553973669;-0.144525084266952;0
11.8;0.11753943551162;-0.147819920164899;0
11.81;0.116046592832001;-0.151064782758234;0
11.82;0.11452152967217;-0.154258785252954;0
11.83;0.112964758562152;-0.157401057625007;0
11.84;0.111376800655895;-0.160490746852275;0
11.85;0.109758185560223;-0.163527017141047;0
11.86;0.108109451161557;-0.166509050146958;0
11.87;0.106431143450444;-0.169436045190295;0
11.88;0.104723816343967;-0.172307219465659;0
11.89;0.102988031506073;-0.175121808245893;0
11.9;0.101224358165901;-0.177879065080251;0
11.91;0.0994333729341439;-0.180578261986738;0
11.92;0.0976156596175157;-0.183218689638595;0
11.93;0.0957718090313849;-0.185799657544857;0
11.94;0.0939024188106239;-0.188320494224972;0
11.95;0.0920080932187418;-0.190780547377403;0
11.96;0.0900894429553575;-0.193179184042204;0
11.97;0.0881470849620745;-0.195515790757517;0
11.98;0.0861816422268185;-0.197789773709945;0
11.99;0.0841937435866982;-0.200000558878794;0
12;0.0821840235294524;-0.202147592174118;0
12.01;0.0801531219935439;-0.20423033956856;0
12.02;0.0781016841669631;-0.206248287222956;0
12.03;0.0760303602848042;-0.208200941605659;0
12.04;0.073939805425676;-0.210087829605585;0
12.05;0.0718306793070107;-0.211908498638934;0
12.06;0.0697036460793342;-0.213662516749579;0
12.07;0.067559374119561;-0.215349472703091;0
12.08;0.0653985358233774;-0.216968976074408;0
12.09;0.0632218073967771;-0.218520657329095;0
12.1;0.0610298686468121;-0.220004167898215;0
12.11;0.0588234027716253;-0.221419180246784;0
12.12;0.0566030961498257;-0.222765387935804;0
12.13;0.0543696381292734;-0.224042505677861;0
12.14;0.0521237208153374;-0.225250269386291;0
12.15;0.04986603885869;-0.226388436217908;0
12.16;0.0475972892427038;-0.227456784609286;0
12.17;0.0453181710705145;-0.228455114306604;0
12.18;0.0430293853518141;-0.229383246389048;0
12.19;0.0407316347894392;-0.23024102328578;0
12.2;0.0384256235658183;-0.231028308786482;0
12.21;0.0361120571293432;-0.231744988045467;0
12.22;0.0337916419807274;-0.232390967579396;0
12.23;0.0314650854594167;-0.232966175258577;0
12.24;0.0291330955301149;-0.233470560291894;0
12.25;0.0267963805694898;-0.233904093205351;0
12.26;0.0244556491531215;-0.234266765814279;0
12.27;0.0221116098427579;-0.23455859118919;0
12.28;0.0197649709739394;-0.234779603615338;0
12.29;0.0174164404440565;-0.234929858545972;0
12.3;0.0150667255009037;-0.23500943254934;0
12.31;0.0127165325317906;-0.23501842324944;0
12.32;0.0103665668532739;-0.234956949260575;0
12.33;0.00801753250157165;-0.234825150115718;0
12.34;0.0056701320237214;-0.234623186188733;0
12.35;0.00332506626954387;-0.234351238610484;0
12.36;0.000983034184472802;-0.234009509178865;0
12.37;-0.00135526739668831;-0.233598220262788;0
12.38;-0.00368914395502221;-0.233117614700171;0
12.39;-0.00601790349170702;-0.232567955689965;0
12.4;-0.00834085673111891;-0.231949526678266;0
12.41;-0.0106573173227694;-0.231262631238548;0
12.42;-0.0129666020420189;-0.230507592946071;0
12.43;-0.0152680309895078;-0.229684755246513;0
12.44;-0.017560927789249;-0.228794481318866;0
12.45;-0.0198446197853225;-0.22783715393265;0
12.46;-0.022118438237118;-0.226813175299514;0
12.47;-0.0243817185130676;-0.225722966919243;0
12.48;-0.026633800282814;-0.224566969420267;0
12.49;-0.028874027707759;-0.223345642394701;0
12.5;-0.0311017496299384;-0.222059464227981;0
12.51;-0.0333163197591687;-0.220708931923168;0
12.52;-0.0355170968584135;-0.219294560919965;0
12.53;-0.0377034449273161;-0.217816884908528;0
12.54;-0.0398747333838474;-0.216276455638111;0
12.55;-0.0420303372440168;-0.214673842720644;0
12.56;-0.0441696372995968;-0.213009633429283;0
12.57;-0.0462920202938108;-0.211284432492012;0
12.58;-0.048396879094934;-0.209498861880376;0
12.59;-0.0504836128677611;-0.207653560593398;0
12.6;-0.052551627242891;-0.20574918443677;0
12.61;-0.0546003344837831;-0.203786405797382;0
12.62;-0.0566291536515372;-0.201765913413269;0
12.63;-0.0586375107673536;-0.199688412139056;0
12.64;-0.060624838972627;-0.197554622706966;0
12.65;-0.0625905786866312;-0.195365281483488;0
12.66;-0.0645341777617505;-0.193121140221773;0
12.67;-0.0664550916362176;-0.190822965809843;0
12.68;-0.068352783484313;-0.188471540014696;0
12.69;-0.0702267243639896;-0.186067659222391;0
12.7;-0.0720763933618781;-0.1836121341742;0
12.71;-0.0739012777356385;-0.181105789698906;0
12.72;-0.0757008730536163;-0.178549464441337;0
12.73;-0.0774746833317675;-0.175944010587236;0
12.74;-0.0792222211678173;-0.173290293584529;0
12.75;-0.0809430078726138;-0.170589191861109;0
12.76;-0.082636573598646;-0.167841596539211;0
12.77;-0.0843024574656888;-0.165048411146467;0
12.78;-0.0859402076835459;-0.162210551323746;0
12.79;-0.0875493816718547;-0.159328944529862;0
12.8;-0.0891295461769267;-0.156404529743247;0
12.81;-0.0906802773855901;-0.153438257160686;0
12.82;-0.092201161036007;-0.150431087893202;0
12.83;-0.0936917925254371;-0.147383993659194;0
12.84;-0.095151777014921;-0.144297956474931;0
12.85;-0.0965807295308564;-0.141173968342473;0
12.86;-0.0979782750634431;-0.138013030935155;0
12.87;-0.0993440486619711;-0.134816155280697;0
12.88;-0.10067769552693;-0.131584361442065;0
12.89;-0.10197887109892;-0.128318678196164;0
12.9;-0.103247241144331;-0.125020142710479;0
12.91;-0.104482481837796;-0.121689800217748;0
12.92;-0.105684279841363;-0.118328703688787;0
12.93;-0.106852332380403;-0.114937913503544;0
12.94;-0.107986347316215;-0.111518497120512;0
12.95;-0.109086043215313;-0.108071528744579;0
12.96;-0.110151149415396;-0.104598088993427;0
12.97;-0.111181406087966;-0.101099264562587;0
12.98;-0.112176564297595;-0.0975761478892445;0
12.99;-0.113136386057825;-0.094029836814899;0
13;-0.114060644383692;-0.0904614342469902;0
13.01;-0.114949123340852;-0.0868720478195807;0
13.02;-0.115801618091326;-0.0832627895532085;0
13.03;-0.116617934935824;-0.0796347755140081;0
13.04;-0.117397891352669;-0.0759891254722052;0
13.05;-0.118141316033298;-0.072326962560087;0
13.06;-0.118848048914341;-0.0686494129295541;0
13.07;-0.119517941206278;-0.0649576054093545;0
13.08;-0.120150855418658;-0.0612526711621047;0
13.09;-0.120746665381901;-0.0575357433412009;0
13.1;-0.121305256265658;-0.0538079567477226;0
13.11;-0.121826524593743;-0.0500704474874327;0
13.12;-0.122310378255641;-0.0463243526279752;0
13.13;-0.122756736514582;-0.042570809856374;0
13.14;-0.123165530012196;-0.0388109571369353;0
13.15;-0.123536700769749;-0.0350459323696538;0
13.16;-0.123870202185962;-0.031276873049226;0
13.17;-0.124165999031431;-0.0275049159247706;0
13.18;-0.124424067439639;-0.023731196660358;0
13.19;-0.124644394894582;-0.0199568494964471;0
13.2;-0.124826980215015;-0.0161830069123322;0
13.21;-0.12497183353532;-0.012410799289697;0
13.22;-0.125078976283029;-0.00864135457737609;0
13.23;-0.125148441152984;-0.00487579795742158;0
13.24;-0.125180272078173;-0.00111525151257326;0
13.25;-0.125174524197251;0.00263916610477078;0
13.26;-0.125131263818746;0.00638634000198636;0
13.27;-0.12505056838199;0.0101251593739621;0
13.28;-0.124932526414772;0.0138545178290499;0
13.29;-0.124777237487746;0.017573313713132;0
13.3;-0.124584812165605;0.0212804504317114;0
13.31;-0.12435537195504;0.0249748367699313;0
13.32;-0.124089049249513;0.0286553872104329;0
13.33;-0.123785987270861;0.0323210222489579;0
13.34;-0.123446340007753;0.0359706687076075;0
13.35;-0.123070272151024;0.0396032600456647;0
13.36;-0.122657959025914;0.0432177366678951;0
13.37;-0.122209586521238;0.046813046230234;0
13.38;-0.121725351015505;0.0503881439427751;0
13.39;-0.121205459300027;0.0539419928699749;0
13.4;-0.120650128499032;0.057473564227985;0
13.41;-0.120059585986819;0.0609818376790315;0
13.42;-0.119434069301989;0.0644658016227556;0
13.43;-0.118773826058763;0.0679244534844347;0
13.44;-0.118079113855451;0.0713568000000026;0
13.45;-0.117350200180063;0.0747618574977892;0
13.46;-0.116587362313139;0.0781386521768998;0
13.47;-0.115790887227797;0.0814862203821576;0
13.48;-0.114961071487053;0.0848036088755326;0
13.49;-0.114098221138437;0.088089875103981;0
13.5;-0.113202651605957;0.0913440874636209;0
13.51;-0.112274687579432;0.094565325560173;0
13.52;-0.111314662901231;0.0977526804655927;0
13.53;-0.110322920450479;0.100905254970824;0
13.54;-0.109299812024738;0.104022163834605;0
13.55;-0.108245698219227;0.107102534028264;0
13.56;-0.107160948303609;0.110145504976422;0
13.57;-0.106045940096388;0.113150228793565;0
13.58;-0.104901059836966;0.116115870516389;0
13.59;-0.103726702055387;0.119041608331886;0
13.6;-0.102523269439823;0.121926633801085;0
13.61;-0.101291172701846;0.12477015207841;0
13.62;-0.100030830439523;0.127571382126574;0
13.63;-0.0987426689983798;0.130329556926978;0
13.64;-0.0974271223302861;0.133043923685536;0
13.65;-0.0960846318503012;0.135713744033885;0
13.66;-0.0947156462915277;0.138338294225928;0
13.67;-0.0933206215580224;0.140916865329649;0
13.68;-0.0919000205758092;0.14344876341417;0
13.69;-0.0904543131420442;0.145933309731976;0
13.7;-0.0889839757723794;0.148369840896281;0
13.71;-0.0874894915465759;0.150757709053491;0
13.72;-0.0859713499524135;0.153096282050702;0
13.73;-0.0844300467279487;0.155384943598215;0
13.74;-0.0828660837021697;0.157623093427007;0
13.75;-0.0812799686340999;0.159810147441138;0
13.76;-0.0796722150503996;0.161945537865044;0
13.77;-0.0780433420815187;0.164028713385678;0
13.78;-0.0763938742964506;0.166059139289487;0
13.79;-0.0747243415361401;0.168036297594161;0
13.8;-0.0730352787455976;0.169959687175154;0
13.81;-0.0713272258047711;0.171828823886925;0
13.82;-0.0696007273582303;0.173643240678887;0
13.83;-0.0678563326437146;0.175402487706028;0
13.84;-0.0660945953195995;0.177106132434183;0
13.85;-0.0643160732913338;0.178753759739948;0
13.86;-0.0625213285369024;0.180344972005185;0
13.87;-0.0607109269313683;0.18187938920613;0
13.88;-0.0588854380705476;0.183356648997072;0
13.89;-0.0570454350938726;0.184776406788585;0
13.9;-0.0551914945064966;0.186138335820305;0
13.91;-0.0533241960006965;0.187442127228238;0
13.92;-0.0514441222766258;0.18868749010659;0
13.93;-0.0495518588624748;0.189874151564098;0
13.94;-0.0476479939340918;0.191001856774878;0
13.95;-0.045733118134121;0.192070369023762;0
13.96;-0.0438078243907114;0.193079469746125;0
13.97;-0.0418727077358523;0.194028958562212;0
13.98;-0.0399283651233906;0.19491865330595;0
13.99;-0.0379753952467843;0.195748390048245;0
14;-0.0360143983566483;0.196518023114788;0
14.01;-0.0340459760781468;0.19722742509834;0
14.02;-0.032070731228287;0.197876486865532;0
14.03;-0.0300892676331706;0.198465117558172;0
14.04;-0.0281021899452559;0.198993244589072;0
14.05;-0.0261101034606868;0.199460813632404;0
14.06;-0.0241136139367424;0.199867788608599;0
14.07;-0.0221133274094629;0.200214151663805;0
14.08;-0.0201098500115042;0.200499903143915;0
14.09;-0.0181037877902776;0.200725061563181;0
14.1;-0.0160957465264275;0.20088966356744;0
14.11;-0.0140863315527001;0.20099376389197;0
14.12;-0.0120761475732587;0.201037435313986;0
14.13;-0.010065798483498;0.201020768599825;0
14.14;-0.00805588719040938;0.200943872446813;0
14.15;-0.0060470154335525;0.200806873419866;0
14.16;-0.00403978360668377;0.200609915882847;0
14.17;-0.00203479058009504;0.200353161924695;0
14.18;-3.26335237143263e-05;0.200036791280376;0
14.19;0.00196609226897983;0.199661001246679;0
14.2;0.00396079355617881;0.199226006592889;0
14.21;0.00595087932204819;0.19873203946638;0
14.22;0.00793576095006529;0.198179349293159;0
14.23;0.00991485239533946;0.197568202673399;0
14.24;0.0118875703558654;0.196898883272012;0
14.25;0.0138533344426602;0.196171691704283;0
14.26;0.0158115673487338;0.195386945416626;0
14.27;0.0177616950168468;0.194544978562504;0
14.28;0.0197031468060043;0.193646141873541;0
14.29;0.0216353556566401;0.192690802525904;0
14.3;0.023557758254444;0.191679344001966;0
14.31;0.0254697951927835;0.190612165947334;0
14.32;0.0273709111336767;0.189489684023268;0
14.33;0.0292605549672672;0.188312329754562;0
14.34;0.031138179969759;0.18708055037292;0
14.35;0.0330032439597638;0.1857948086559;0
14.36;0.0348552094530193;0.184455582761477;0
14.37;0.0366935438154328;0.183063366058272;0
14.38;0.0385177194144075;0.181618666951519;0
14.39;0.0403272137684107;0.180122008704822;0
14.4;0.0421215096947397;0.178573929257767;0
14.41;0.0439000954554459;0.176974981039441;0
14.42;0.0456624649013761;0.175325730777939;0
14.43;0.0474081176142903;0.173626759305899;0
14.44;0.0491365590470181;0.171878661362157;0
14.45;0.0508473006616138;0.170082045389562;0
14.46;0.0525398600654732;0.168237533329043;0
14.47;0.0542137611453736;0.166345760409968;0
14.48;0.0558685341994018;0.164407374936897;0
14.49;0.0575037160667334;0.162423038072769;0
14.5;0.0591188502552276;0.160393423618616;0
14.51;0.0607134870668049;0.158319217789858;0
14.52;0.0622871837205718;0.156201118989273;0
14.53;0.0638395044736604;0.154039837576692;0
14.54;0.0653700207397513;0.151836095635515;0
14.55;0.0668783112052468;0.149590626736105;0
14.56;0.0683639619430647;0.147304175696156;0
14.57;0.0698265665240227;0.144977498338094;0
14.58;0.0712657261257825;0.142611361243593;0
14.59;0.0726810496393284;0.140206541505301;0
14.6;0.074072153772949;0.137763826475825;0
14.61;0.0754386631536976;0.135284013514087;0
14.62;0.0767802104263048;0.132767909729104;0
14.63;0.0780964363495168;0.130216331721297;0
14.64;0.0793869898898371;0.12763010532139;0
14.65;0.0806515283126455;0.125010065326996;0
14.66;0.0818897172706734;0.122357055236967;0
14.67;0.0831012308898135;0.11967192698359;0
14.68;0.0842857518522403;0.116955540662719;0
14.69;0.085442971476825;0.114208764261923;0
14.7;0.0865725897968218;0.111432473386729;0
14.71;0.0876743156348091;0.108627550985064;0
14.72;0.0887478666748669;0.105794887069959;0
14.73;0.089792969531974;0.102935378440615;0
14.74;0.0908093598186089;0.100049928401917;0
14.75;0.0917967822085391;0.097139446482479;0
14.76;0.0927549904977839;0.0942048481513021;0
14.77;0.0936837476627391;0.0912470545331476;0
14.78;0.0945828259154492;0.0882669921226983;0
14.79;0.0954520067560157;0.085265592497603;0
14.8;0.0962910810221321;0.0822437920304903;0
14.81;0.0970998489357344;0.0792025316000402;0
14.82;0.0978781201467577;0.0761427563012016;0
14.83;0.0986257137739925;0.0730654151546436;0
14.84;0.0993424584430316;0.0699714608155294;0
14.85;0.100028192321303;0.0668618492817022;0
14.86;0.100682763150179;0.0637375396013688;0
14.87;0.101306028274169;0.0605994935803731;0
14.88;0.101897854667169;0.0574486754891449;0
14.89;0.102458118955796;0.0542860517694139;0
14.9;0.102986707439773;0.0511125907407771;0
14.91;0.103483516109394;0.0479292623072073;0
14.92;0.103948450660043;0.044737037663591;0
14.93;0.104381426503782;0.0415368890023843;0
14.94;0.104782368778013;0.0383297892204732;0
14.95;0.105151212351196;0.0351167116263271;0
14.96;0.105487901825656;0.0318986296475317;0
14.97;0.105792391537456;0.0286765165387896;0
14.98;0.106064645553356;0.0254513450904735;0
14.99;0.106304637664861;0.0222240873378209;0
15;0.106512351379365;0.0189957142708535;0
15.01;0.106687779908395;0.0157671955451094;0
15.02;0.106830926152968;0.0125394991932723;0
15.03;0.106941802686068;0.00931359133778256;0
15.04;0.107020431732255;0.00609043590451496;0
15.05;0.107066845144415;0.00287099433760709;0
15.06;0.107081084377662;-0.000343774684478435;0
15.07;0.107063200460411;-0.00355291553157457;0
15.08;0.107013253962629;-0.006755475903031;0
15.09;0.106931314961275;-0.00995050710745392;0
15.1;0.106817463002958;-0.0131370643408831;0
15.11;0.106671787063819;-0.0163142069633256;0
15.12;0.106494385506646;-0.0194809987735659;0
15.13;0.106285366035264;-0.0226365082821733;0
15.14;0.106044845646191;-0.0257798089826277;0
15.15;0.105772950577596;-0.0289099796204856;0
15.16;0.105469816255578;-0.0320261044605092;0
15.17;0.105135587237774;-0.0351272735516819;0
15.18;0.104770417154338;-0.0382125829900347;0
15.19;0.104374468646292;-0.0412811351792077;0
15.2;0.103947913301288;-0.0443320390886736;0
15.21;0.103490931586797;-0.047364410509549;0
15.22;0.103003712780746;-0.0503773723079206;0
15.23;0.102486454899645;-0.0533700546756165;0
15.24;0.101939364624205;-0.0563415953783494;0
15.25;0.101362657222493;-0.0592911400011632;0
15.26;0.100756556470649;-0.0622178421911144;0
15.27;0.100121294571177;-0.065120863897119;0
15.28;0.0994571120688645;-0.0679993756068992;0
15.29;0.0987642577643338;-0.0708525565809628;0
15.3;0.0980429886252759;-0.0736795950835511;0
15.31;0.0972935696953836;-0.0764796886104908;0
15.32;0.0965162740010221;-0.0792520441138868;0
15.33;0.0957113824556672;-0.0819958782235947;0
15.34;0.0948791837621429;-0.084710417465411;0
15.35;0.0940199743126927;-0.0873948984759225;0
15.36;0.093134058086917;-0.0900485682139554;0
15.37;0.0922217465476123;-0.0926706841685667;0
15.38;0.0912833585345452;-0.0952605145635216;0
15.39;0.0903192201561992;-0.0978173385582018;0
15.4;0.0893296646795265;-0.10034044644489;0
15.41;0.088315032417746;-0.102829139842379;0
15.42;0.0872756706162195;-0.105282731885853;0
15.43;0.0862119333364481;-0.107700547412986;0
15.44;0.0851241813382232;-0.110081923146221;0
15.45;0.0840127819599733;-0.112426207871166;0
15.46;0.0828781089973437;-0.114732762611069;0
15.47;0.0817205425800496;-0.117000960797327;0
15.48;0.0805404690470417;-0.119230188435979;0
15.49;0.0793382808200264;-0.12141984427015;0
15.5;0.0781143762753777;-0.123569339938388;0
15.51;0.0768691596144869;-0.125678100128869;0
15.52;0.0756030407325865;-0.127745562729431;0
15.53;0.0743164350860951;-0.129771178973378;0
15.54;0.0730097635585213;-0.131754413581049;0
15.55;0.0716834523249725;-0.133694744897092;0
15.56;0.0703379327153099;-0.135591665023419;0
15.57;0.0689736410759933;-0.13744467994781;0
15.58;0.0675910186306601;-0.139253309668132;0
15.59;0.0661905113394815;-0.141017088312151;0
15.6;0.0647725697573407;-0.142735564252891;0
15.61;0.0633376488908776;-0.144408300219533;0
15.62;0.0618862080544446;-0.146034873403822;0
15.63;0.0604187107250189;-0.147614875561947;0
15.64;0.0589356243961161;-0.149147913111885;0
15.65;0.0574374204307513;-0.150633607226187;0
15.66;0.0559245739134924;-0.152071593920172;0
15.67;0.0543975635016525;-0.15346152413553;0
15.68;0.0528568712756669;-0.154803063819299;0
15.69;0.0513029825887014;-0.156095893998213;0
15.7;0.0497363859155379;-0.1573397108484;0
15.71;0.0481575727007835;-0.158534225760421;0
15.72;0.0465670372064512;-0.159679165399634;0
15.73;0.0449652763589572;-0.160774271761875;0
15.74;0.0433527895955828;-0.161819302224455;0
15.75;0.0417300787104477;-0.162814029592445;0
15.76;0.0400976477000409;-0.163758242140272;0
15.77;0.0384560026083577;-0.164651743648595;0
15.78;0.0368056513716886;-0.165494353436476;0
15.79;0.0351471036631078;-0.166285906388833;0
15.8;0.0334808707367085;-0.167026252979185;0
15.81;0.0318074652716317;-0.167715259287683;0
15.82;0.0301274012159362;-0.168352807014427;0
15.83;0.0284411936303565;-0.168938793488087;0
15.84;0.0267493585319954;-0.169473131669818;0
15.85;0.0250524127379989;-0.16995575015248;0
15.86;0.0233508737092599;-0.170386593155183;0
15.87;0.0216452593941974;-0.170765620513149;0
15.88;0.019936088072658;-0.171092807662912;0
15.89;0.018223878199987;-0.171368145622868;0
15.9;0.0165091482513135;-0.171591640969189;0
15.91;0.0147924165660988;-0.171763315807111;0
15.92;0.0130742011929915;-0.171883207737619;0
15.93;0.0113550197350369;-0.171951369819546;0
15.94;0.00963538919528582;-0.171967870527096;0
15.95;0.00791582582284888;-0.171932793702828;0
15.96;0.00619684495944101;-0.171846238506112;0
15.97;0.00447896088646194;-0.171708319357075;0
15.98;0.00276268667265733;-0.171519165876077;0
15.99;0.00104853402240515;-0.171278922818733;0
16;-0.000662986875328196;-0.170987750006507;0
16.01;-0.00237136749731783;-0.17064582225291;0
16.02;-0.00407610113565272;-0.170253329285334;0
16.03;-0.00577668304650682;-0.169810475662543;0
16.04;-0.0074726105980656;-0.169317480687869;0
16.05;-0.00916338341756549;-0.16877457831813;0
16.06;-0.0108485035374032;-0.168182017068311;0
16.07;-0.012527475540273;-0.167540059912058;0
16.08;-0.0141998067032905;-0.166848984177988;0
16.09;-0.0158650071410601;-0.166109081441894;0
16.1;-0.0175225899476469;-0.165320657414849;0
16.11;-0.0191720713374114;-0.16448403182728;0
16.12;-0.0208129707846661;-0.163599538309023;0
16.13;-0.0224448111621154;-0.162667524265429;0
16.14;-0.0240671188780391;-0.161688350749553;0
16.15;-0.0256794240121799;-0.160662392330461;0
16.16;-0.0272812604502966;-0.159590036957727;0
16.17;-0.0288721660173458;-0.158471685822141;0
16.18;-0.0304516826092534;-0.15730775321269;0
16.19;-0.0320193563232393;-0.156098666369862;0
16.2;-0.0335747375866593;-0.154844865335312;0
16.21;-0.0351173812843266;-0.153546802797958;0
16.22;-0.0366468468842794;-0.152204943936547;0
16.23;-0.0381626985619574;-0.150819766258741;0
16.24;-0.0396645053227548;-0.149391759436798;0
16.25;-0.041151841122914;-0.147921425139873;0
16.26;-0.0426242849887279;-0.146409276863025;0
16.27;-0.0440814211340176;-0.14485583975296;0
16.28;-0.0455228390758529;-0.143261650430595;0
16.29;-0.0469481337484842;-0.141627256810475;0
16.3;-0.0483569056154552;-0.139953217917119;0
16.31;-0.0497487607798648;-0.138240103698356;0
16.32;-0.0511233110927493;-0.136488494835701;0
16.33;-0.0524801742595558;-0.134698982551844;0
16.34;-0.0538189739446765;-0.132872168415305;0
16.35;-0.0551393398740181;-0.131008664142328;0
16.36;-0.056440907935578;-0.129109091396075;0
16.37;-0.0577233202779994;-0.127174081583173;0
16.38;-0.0589862254070814;-0.125204275647707;0
16.39;-0.0602292782802173;-0.12320032386269;0
16.4;-0.0614521403987363;-0.121162885619109;0
16.41;-0.0626544798981253;-0.119092629212594;0
16.42;-0.063835971636107;-0.116990231627781;0
16.43;-0.0649962972785512;-0.114856378320452;0
16.44;-0.0661351453831978;-0.112691762997498;0
16.45;-0.0672522114811704;-0.110497087394795;0
16.46;-0.0683471981562586;-0.108273061053049;0
16.47;-0.0694198151219507;-0.106020401091695;0
16.48;-0.0704697792961966;-0.103739831980902;0
16.49;-0.0714968148738823;-0.101432085311777;0
16.5;-0.072500653396999;-0.0990978995648194;0
16.51;-0.0734810338224888;-0.0967380198767173;0
16.52;-0.074437702587751;-0.0943531978055431;0
16.53;-0.0753704136737944;-0.0919441910944302;0
16.54;-0.0762789286660183;-0.0895117634338014;0
16.55;-0.0771630168126109;-0.0870566842222239;0
16.56;-0.0780224550805495;-0.0845797283259626;0
16.57;-0.0788570282091913;-0.0820816758373096;0
16.58;-0.0796665287614412;-0.0795633118317606;0
16.59;-0.0804507571724879;-0.0770254261241169;0
16.6;-0.0812095217960952;-0.0744688130235838;0
16.61;-0.0819426389484409;-0.0718942710879442;0
16.62;-0.0826499329494928;-0.0693026028768809;0
16.63;-0.0833312361619152;-0.0666946147045221;0
16.64;-0.0839863890274967;-0.0640711163912887;0
16.65;-0.0846152401010947;-0.0614329210151152;0
16.66;-0.0852176460820886;-0.0587808446621226;0
16.67;-0.0857934718433379;-0.0561157061768184;0
16.68;-0.0863425904576406;-0.0534383269118981;0
16.69;-0.0868648832216882;-0.0507495304777255;0
16.7;-0.0873602396775135;-0.048050142491567;0
16.71;-0.0878285576314311;-0.0453409903266544;0
16.72;-0.0882697431704672;-0.0426229028611537;0
16.73;-0.0886837106762793;-0.0398967102271133;0
16.74;-0.0890703828365652;-0.0371632435594686;0
16.75;-0.0894296906539634;-0.0344233347451765;0
16.76;-0.0897615734524443;-0.0316778161725565;0
16.77;-0.0900659788811978;-0.0289275204809115;0
16.78;-0.090342862916017;-0.0261732803105044;0
16.79;-0.0905921898581846;-0.0234159280529638;0
16.8;-0.090813932330865;-0.020656295602193;0
16.81;-0.0910080712730084;-0.0178952141058565;0
16.82;-0.0911745959307725;-0.0151335137175175;0
16.83;-0.0913135038464683;-0.0123720233494992;0
16.84;-0.0914248008450391;-0.00961157042654257;0
16.85;-0.0915085010180788;-0.00685298064033421;0
16.86;-0.0915646267054006;-0.00409707770497491;0
16.87;-0.091593208474164;-0.00134468311346157;0
16.88;-0.0915942850955721;0.00140338410474657;0
16.89;-0.0915679035191495;0.00414630762500662;0
16.9;-0.0915141188446131;0.00688327406754522;0
16.91;-0.0914329942913471;0.00961347323621639;0
16.92;-0.0913246011654983;0.0123360983558947;0
16.93;-0.0911890188247023;0.0150503463084351;0
16.94;-0.0910263346404572;0.0177554178671307;0
16.95;-0.0908366439581605;0.0204505179296012;0
16.96;-0.0906200500548234;0.0231348557490451;0
16.97;-0.0903766640944805;0.0258076451637883;0
16.98;-0.0901066050813126;0.0284681048250642;0
16.99;-0.0898099998104987;0.0311154584229591;0
17;-0.0894869828168178;0.0337489349104594;0
17.01;-0.0891376963210194;0.0363677687255355;0
17.02;-0.0887622901739809;0.0389712000112007;0
17.03;-0.0883609217986753;0.0415584748334808;0
17.04;-0.0879337561299674;0.0441288453972339;0
17.05;-0.0874809655522631;0.0466815702597599;0
17.06;-0.0870027298350313;0.0492159145421369;0
17.07;-0.0864992360662244;0.0517311501382292;0
17.08;-0.0859706785836182;0.0542265559213033;0
17.09;-0.0854172589040969;0.0567014179481988;0
17.1;-0.0848391856509085;0.0591550296609939;0
17.11;-0.0842366744789135;0.0615866920861106;0
17.12;-0.0836099479978557;0.0639957140308044;0
17.13;-0.082959235693679;0.0663814122769844;0
17.14;-0.0822847738479188;0.0687431117723083;0
17.15;-0.0815868054551952;0.0710801458185035;0
17.16;-0.0808655801388344;0.0733918562568577;0
17.17;-0.0801213540646497;0.0756775936508331;0
17.18;-0.0793543898529082;0.0779367174657509;0
17.19;-0.0785649564885151;0.0801685962454991;0
17.2;-0.0777533292294432;0.0823726077862148;0
17.21;-0.0769197895134409;0.0845481393068951;0
17.22;-0.0760646248630468;0.0866945876168896;0
17.23;-0.0751881287889441;0.0888113592802306;0
17.24;-0.0742906006916863;0.0908978707767565;0
17.25;-0.0733723457618258;0.0929535486599865;0
17.26;-0.0724336748784786;0.0949778297117033;0
17.27;-0.0714749045063587;0.0969701610932051;0
17.28;-0.0704963565913143;0.0989300004931859;0
17.29;-0.0694983584544012;0.100856816272205;0
17.3;-0.0684812426845263;0.102750087603713;0
17.31;-0.0674453470296971;0.104609304611585;0
17.32;-0.0663910142869117;0.106433968504149;0
17.33;-0.0653185921907236;0.108223591704648;0
17.34;-0.0642284333005193;0.109977697978123;0
17.35;-0.063120894886542;0.111695822554677;0
17.36;-0.0619963388147003;0.11337751224909;0
17.37;-0.0608551314301961;0.115022325576755;0
17.38;-0.0596976434400107;0.116629832865909;0
17.39;-0.0585242497942851;0.118199616366129;0
17.4;-0.0573353295666319;0.119731270353069;0
17.41;-0.0561312658334173;0.121224401229408;0
17.42;-0.0549124455520504;0.122678627621998;0
17.43;-0.0536792594383186;0.12409358047517;0
17.44;-0.0524321018428072;0.125468903140196;0
17.45;-0.0511713706264409;0.126804251460874;0
17.46;-0.0498974670351887;0.12809929385522;0
17.47;-0.0486107955739677;0.129353711393256;0
17.48;-0.0473117638797879;0.130567197870866;0
17.49;-0.0460007825941753;0.131739459879709;0
17.5;-0.0446782652349145;0.132870216873186;0
17.51;-0.0433446280671485;0.133959201228428;0
17.52;-0.0420002899738777;0.135006158304305;0
17.53;-0.0406456723258957;0.136010846495452;0
17.54;-0.0392811988512031;0.136973037282283;0
17.55;-0.0379072955039399;0.137892515277006;0
17.56;-0.0365243903328748;0.138769078265615;0
17.57;-0.0351329133494935;0.139602537245866;0
17.58;-0.0337332963957244;0.140392716461227;0
17.59;-0.0323259730113443;0.141139453430798;0
17.6;-0.0309113783011017;0.141842598975195;0
17.61;-0.0294899488016001;0.142502017238414;0
17.62;-0.0280621223479806;0.143117585705652;0
17.63;-0.0266283379404448;0.143689195217106;0
17.64;-0.025189035610657;0.144216749977739;0
17.65;-0.0237446562880677;0.144700167563028;0
17.66;-0.0222956416661975;0.145139378920694;0
17.67;-0.0208424340689212;0.145534328368412;0
17.68;-0.0193854763167937;0.145884973587532;0
17.69;-0.0179252115934559;0.14619128561279;0
17.7;-0.0164620833121619;0.146453248818046;0
17.71;-0.0149965349824665;0.146670860898039;0
17.72;-0.0135290100771132;0.146844132846184;0
17.73;-0.0120599518991619;0.146973088928422;0
17.74;-0.0105898034493953;0.147057766653136;0
17.75;-0.00911900729404506;0.147098216737144;0
17.76;-0.00764800543287411;0.147094503067798;0
17.77;-0.00617723916765652;0.1470467026612;0
17.78;-0.00470714897109214;0.146954905616544;0
17.79;-0.00323817435619527;0.146819215066631;0
17.8;-0.00177075374619533;0.146639747124547;0
17.81;-0.000305324344987953;0.146416630826551;0
17.82;0.0011576779918259;0.146150008071183;0
17.83;0.00261781888527491;0.145840033554625;0
17.84;0.00407466556068924;0.14548687470233;0
17.85;0.00552778697467199;0.145090711596962;0
17.86;0.00697675394133353;0.144651736902656;0
17.87;0.00842113925775198;0.144170155785646;0
17.88;0.00986051782862374;0.143646185831273;0
17.89;0.011294466790068;0.143080056957422;0
17.9;0.0127225656325493;0.142472011324399;0
17.91;0.0141443963228838;0.141822303241309;0
17.92;0.0155595434252927;0.141131199068938;0
17.93;0.0169675942214695;0.140398977119198;0
17.94;0.0183681388296261;0.13962592755116;0
17.95;0.0197607703224844;0.138812352263715;0
17.96;0.0211450848441789;0.137958564784896;0
17.97;0.0225206817260382;0.137064890157914;0
17.98;0.0238871636012117;0.13613166482393;0
17.99;0.0252441365181101;0.135159236501609;0
18;0.0265912100526263;0.134147964063513;0
18.01;0.0279279974191069;0.133098217409351;0
18.02;0.029254115580042;0.132010377336146;0
18.03;0.0305691853544427;0.130884835405357;0
18.04;0.0318728315248764;0.12972199380701;0
18.05;0.0331646829431305;0.128522265220861;0
18.06;0.0344443726344741;0.12728607267467;0
18.07;0.0357115379004894;0.126013849399606;0
18.08;0.0369658204204455;0.124706038682846;0
18.09;0.0382068663511842;0.123363093717412;0
18.1;0.0394343264254934;0.121985477449295;0
18.11;0.0406478560489386;0.120573662421923;0
18.12;0.0418471153951279;0.119128130618014;0
18.13;0.0430317694993841;0.117649373298875;0
18.14;0.0442014883507977;0.116137890841194;0
18.15;0.0453559469826375;0.114594192571379;0
18.16;0.0464948255610936;0.113018796597504;0
18.17;0.047617809472329;0.111412229638904;0
18.18;0.0487245894078171;0.109775026853488;0
18.19;0.0498148614479419;0.108107731662815;0
18.2;0.0508883271438396;0.106410895574998;0
18.21;0.0519446935974591;0.104685078005482;0
18.22;0.0529836735398215;0.102930846095764;0
18.23;0.0540049854074573;0.101148774530111;0
18.24;0.0550083534170023;0.0993394453503262;0
18.25;0.0559935076379321;0.0975034477686294;0
18.26;0.056960184063418;0.0956413779787141;0
18.27;0.0579081246792846;0.0937538389650312;0
18.28;0.0588370775310528;0.0918414403103678;0
18.29;0.0597467967890516;0.0899047980017778;0
18.3;0.0606370428115813;0.0879445342349266;0
18.31;0.0615075822061134;0.0859612772169108;0
18.32;0.0623581878885125;0.0839556609676147;0
18.33;0.063188639140265;0.0819283251196663;0
18.34;0.0639987216637014;0.0798799147170543;0
18.35;0.064788227635199;0.0778110800124683;0
18.36;0.0655569557563521;0.0757224762634276;0
18.37;0.0663047113030992;0.0736147635272589;0
18.38;0.0670313061727942;0.0714886064549878;0
18.39;0.0677365589292119;0.0693446740842078;0
18.4;0.0684202948454786;0.0671836396309899;0
18.41;0.0690823459449163;0.0650061802808983;0
18.42;0.0697225510397951;0.0628129769791738;0
18.43;0.070340755767982;0.0606047142201522;0
18.44;0.0709368126274825;0.0583820798359803;0
18.45;0.0715105810088648;0.0561457647846941;0
18.46;0.0720619272255636;0.0538964629377246;0
18.47;0.0725907245420554;0.0516348708668956;0
18.48;0.0730968531999025;0.0493616876309775;0
18.49;0.0735802004416604;0.0470776145618634;0
18.5;0.0740406605326459;0.0447833550504304;0
18.51;0.0744781347805621;0.0424796143321521;0
18.52;0.074892531552979;0.0401670992725267;0
18.53;0.075283766292668;0.0378465181523853;0
18.54;0.0756517615307883;0.0355185804531446;0
18.55;0.0759964468979268;0.0331839966420689;0
18.56;0.0763177591329905;0.0308434779576064;0
18.57;0.0766156420899527;0.0284977361948616;0
18.58;0.076890046742455;0.0261474834912715;0
18.59;0.077140931186267;0.0237934321125458;0
18.6;0.0773682606396071;0.0214362942389378;0
18.61;0.0775720074413273;0.0190767817519079;0
18.62;0.0777521510469673;0.0167156060212425;0
18.63;0.0779086780226815;0.0143534776926937;0
18.64;0.0780415820370449;0.0119911064761994;0
18.65;0.0781508638507448;0.0096292009347492;0
18.66;0.0782365313041632;0.00726846827395626;0
18.67;0.0782985993028594;0.00490961413239778;0
18.68;0.0783370898009589;0.00255334237278577;0
18.69;0.0783520317824585;0.000200354874028917;0
18.7;0.0783434612404558;-0.00214864867575348;0
18.71;0.0783114211543137;-0.00449297098520511;0
18.72;0.0782559614647696;-0.00683191736463382;0
18.73;0.0781771390470012;-0.00916479592978072;0
18.74;0.0780750176816592;-0.0114909178043982;0
18.75;0.0779496680238806;-0.0138095973215778;0
18.76;0.0778011675702935;-0.0161201522237705;0
18.77;0.0776296006240288;-0.0184219038614412;0
18.78;0.0774350582577515;-0.0207141773902995;0
18.79;0.0772176382747255;-0.0229963019670517;0
18.8;0.0769774451679292;-0.0252676109436169;0
18.81;0.0767145900772344;-0.0275274420597512;0
18.82;0.0764291907446678;-0.0297751376340263;0
18.83;0.0761213714677692;-0.0320100447531066;0
18.84;0.0757912630510657;-0.0342315154592721;0
18.85;0.0754390027556778;-0.0364389069361336;0
18.86;0.0750647342470776;-0.0386315816924876;0
18.87;0.0746686075410165;-0.0408089077442581;0
18.88;0.0742507789476423;-0.042970258794476;0
18.89;0.0738114110138255;-0.045115014411244;0
18.9;0.0733506724637156;-0.0472425602036372;0
18.91;0.0728687381375475;-0.0493522879954907;0
18.92;0.0723657889287194;-0.0514435959970261;0
18.93;0.0718420117191654;-0.0535158889742678;0
18.94;0.0712975993130427;-0.0555685784162035;0
18.95;0.0707327503687586;-0.057601082699642;0
18.96;0.0701476693293589;-0.0596128272517232;0
18.97;0.069542566351302;-0.0616032447100345;0
18.98;0.068917657231643;-0.0635717750802922;0
18.99;0.0682731633336519;-0.0655178658915413;0
19;0.0676093115108909;-0.067440972348835;0
19.01;0.0669263340297773;-0.0693405574833502;0
19.02;0.0662244684906555;-0.0712160922998985;0
19.03;0.0655039577474071;-0.0730670559217944;0
19.04;0.0647650498256235;-0.0748929357330406;0
19.05;0.0640079978393697;-0.0766932275177923;0
19.06;0.0632330599065645;-0.0784674355970643;0
19.07;0.0624404990630075;-0.0802150729626441;0
19.08;0.0616305831750792;-0.0819356614081751;0
19.09;0.0608035848511428;-0.083628731657377;0
19.1;0.059959781351677;-0.0852938234893679;0
19.11;0.0590994544981694;-0.0869304858610576;0
19.12;0.0582228905807981;-0.0885382770265785;0
19.13;0.0573303802649331;-0.0901167646537251;0
19.14;0.0564222184964872;-0.0916655259373706;0
19.15;0.0554987044061455;-0.093184147709834;0
19.16;0.054560141212506;-0.0946722265481671;0
19.17;0.0536068361241606;-0.0961293688783373;0
19.18;0.0526391002407488;-0.0975551910762784;0
19.19;0.0516572484530149;-0.0989493195657852;0
19.2;0.0506615993419005;-0.100311390913228;0
19.21;0.049652475076704;-0.101641051919063;0
19.22;0.0486302013123405;-0.102937959706122;0
19.23;0.047595107085732;-0.104201781804646;0
19.24;0.0465475247113627;-0.105432196234067;0
19.25;0.0454877896760316;-0.106628891581492;0
19.26;0.0444162405328342;-0.107791567076895;0
19.27;0.0433332187944081;-0.10891993266498;0
19.28;0.0422390688254742;-0.110013709073713;0
19.29;0.0411341377347081;-0.111072627879508;0
19.3;0.0400187752659748;-0.112096431569042;0
19.31;0.03889333368896;-0.113084873597696;0
19.32;0.0377581676892328;-0.114037718444608;0
19.33;0.0366136342577728;-0.114954741664328;0
19.34;0.0354600925799961;-0.115835729935061;0
19.35;0.0342979039243139;-0.116680481103496;0
19.36;0.0331274315302591;-0.117488804226208;0
19.37;0.0319490404962132;-0.118260519607629;0
19.38;0.0307630976667696;-0.118995458834584;0
19.39;0.0295699715197673;-0.11969346480738;0
19.4;0.0283700320530282;-0.120354391767459;0
19.41;0.0271636506708345;-0.120978105321596;0
19.42;0.025951200070179;-0.121564482462651;0
19.43;0.0247330541268233;-0.122113411586876;0
19.44;0.0235095877811991;-0.122624792507767;0
19.45;0.0222811769241858;-0.123098536466476;0
19.46;0.0210481982827997;-0.123534566138775;0
19.47;0.0198110293058292;-0.123932815638586;0
19.48;0.0185700480494504;-0.124293230518069;0
19.49;0.0173256330628562;-0.124615767764284;0
19.5;0.0160781632739353;-0.124900395792438;0
19.51;0.0148280178750339;-0.125147094435703;0
19.52;0.0135755762088339;-0.125355854931646;0
19.53;0.0123212176543829;-0.125526679905249;0
19.54;0.0110653215133086;-0.125659583348553;0
19.55;0.00980826689625237;-0.125754590596928;0
19.56;0.0085504326095552;-0.125811738301984;0
19.57;0.00729219704222925;-0.125831074401133;0
19.58;0.0060339380532492;-0.125812658083823;0
19.59;0.00477603285919601;-0.125756559754459;0
19.6;0.0035188579222863;-0.125662860992022;0
19.61;0.00226278883882041;-0.12553165450641;0
19.62;0.00100820022808168;-0.125363044091516;0
19.63;-0.000244534378280485;-0.125157144575066;0
19.64;-0.00149504264635129;-0.124914081765235;0
19.65;-0.00274295354950308;-0.124633992394061;0
19.66;-0.00398789747736767;-0.124317024057687;0
19.67;-0.0052295063441968;-0.123963335153441;0
19.68;-0.00646741369657947;-0.123573094813795;0
19.69;-0.00770125482048464;-0.123146482837214;0
19.7;-0.00893066684759873;-0.122683689615929;0
19.71;-0.010155288860927;-0.122184916060656;0
19.72;-0.0113747619996287;-0.121650373522297;0
19.73;-0.012588729563055;-0.121080283710636;0
19.74;-0.0137968371139619;-0.120474878610082;0
19.75;-0.0149987325808656;-0.119834400392465;0
19.76;-0.0161940663595145;-0.119159101326938;0
19.77;-0.0173824914134456;-0.118449243687003;0
19.78;-0.0185636633735997;-0.117705099654691;0
19.79;-0.0197372406369652;-0.116926951221952;0
19.8;-0.0209028844642228;-0.116115090089257;0
19.81;-0.0220602590763649;-0.11526981756148;0
19.82;-0.023209031750261;-0.114391444441064;0
19.83;-0.0243488729131427;-0.113480290918537;0
19.84;-0.0254794562359825;-0.112536686460394;0
19.85;-0.026600458725739;-0.111560969694393;0
19.86;-0.0277115608164443;-0.110553488292307;0
19.87;-0.0288124464591072;-0.109514598850157;0
19.88;-0.0299028032104077;-0.108444666765982;0
19.89;-0.0309823223201579;-0.107344066115182;0
19.9;-0.0320506988175065;-0.106213179523468;0
19.91;-0.0331076315958607;-0.105052398037473;0
19.92;-0.0341528234965056;-0.103862120993057;0
19.93;-0.0351859813908946;-0.10264275588136;0
19.94;-0.0362068162615922;-0.101394718212629;0
19.95;-0.0372150432818435;-0.100118431377887;0
19.96;-0.0382103818937521;-0.0988143265084728;0
19.97;-0.0391925558850437;-0.0974828423334993;0
19.98;-0.0401612934643941;-0.0961244250352835;0
19.99;-0.0411163273353044;-0.0947395281027887;0
20;-0.0420573947685;-0.0933286121831287;0
