0;0.185778263408578;0.0965199079885133;0
0.01;0.186717600008977;0.0907693528326731;0
0.02;0.187599351641726;0.0850014719142343;0
0.03;0.188423352962043;0.0792180239932448;0
0.04;0.189189456220583;0.0734207694733977;0
0.05;0.189897531277483;0.0676114698715071;0
0.06;0.19054746561111;0.0617918872875619;0
0.07;0.19113916432151;0.0559637838755154;0
0.08;0.191672550128569;0.0501289213149686;0
0.09;0.192147563364896;0.0442890602839034;0
0.1;0.192564161963441;0.0384459599326223;0
0.11;0.192922321439849;0.0326013773590506;0
0.12;0.19322203486959;0.0267570670855546;0
0.13;0.193463312859848;0.0209147805374324;0
0.14;0.193646183516212;0.015076265523228;0
0.15;0.19377069240418;0.0092432657170237;0
0.16;0.193836902505487;0.00341752014286116;0
0.17;0.193844894169298;-0.00239923733855734;0
0.18;0.193794765058271;-0.00820527854073778;0
0.19;0.193686630089527;-0.0139988814596844;0
0.2;0.193520621370543;-0.0197783307794626;0
0.21;0.193296888130015;-0.0255419183748886;0
0.22;0.193015596643693;-0.0312879438111991;0
0.23;0.19267693015524;-0.0370147148405573;0
0.24;0.192281088792145;-0.0427205478952512;0
0.25;0.191828289476711;-0.0484037685774425;0
0.26;0.191318765832167;-0.0540627121453248;0
0.27;0.190752768083933;-0.0596957239955522;0
0.28;0.190130562956079;-0.065301160141799;0
0.29;0.189452433563018;-0.0708773876893147;0
0.3;0.188718679296465;-0.0764227853053389;0
0.31;0.187929615707721;-0.0819357436852412;0
0.32;0.187085574385306;-0.0874146660142552;0
0.33;0.186186902828003;-0.0928579684246738;0
0.34;0.185233964313344;-0.0982640804483792;0
0.35;0.184227137761598;-0.103631445464577;0
0.36;0.183166817595299;-0.108958521142613;0
0.37;0.182053413594369;-0.114243779879737;0
0.38;0.180887350746894;-0.119485709233713;0
0.39;0.179669069095583;-0.124682812350129;0
0.4;0.178399023579994;-0.129833608384304;0
0.41;0.177077683874556;-0.134936632917676;0
0.42;0.175705534222451;-0.13999043836854;0
0.43;0.174283073265425;-0.144993594397042;0
0.44;0.172810813869563;-0.149944688304305;0
0.45;0.171289282947108;-0.154842325425582;0
0.46;0.16971902127437;-0.159685129517323;0
0.47;0.1681005833058;-0.164471743138064;0
0.48;0.166434536984271;-0.169200828023015;0
0.49;0.164721463547657;-0.173871065452264;0
0.5;0.162961957331745;-0.178481156612484;0
0.51;0.161156625569568;-0.183029822952052;0
0.52;0.159306088187215;-0.187515806529489;0
0.53;0.157410977596185;-0.191937870355115;0
0.54;0.155471938482357;-0.196294798725843;0
0.55;0.153489627591644;-0.200585397553013;0
0.56;0.151464713512401;-0.204808494683184;0
0.57;0.14939787645465;-0.208962940211802;0
0.58;0.147289808026211;-0.213047606789656;0
0.59;0.145141211005795;-0.217061389922048;0
0.6;0.142952799113136;-0.221003208260594;0
0.61;0.140725296776251;-0.224872003887598;0
0.62;0.138459438895869;-0.228666742592893;0
0.63;0.13615597060715;-0.232386414143118;0
0.64;0.133815647038722;-0.236030032543336;0
0.65;0.131439233069158;-0.239596636290939;0
0.66;0.129027503080929;-0.243085288621774;0
0.67;0.126581240711951;-0.246495077748429;0
0.68;0.124101238604764;-0.249825117090626;0
0.69;0.12158829815346;-0.253074545497661;0
0.7;0.119043229248413;-0.256242527462835;0
0.71;0.116466850018906;-0.259328253329833;0
0.72;0.113859986573724;-0.262330939491003;0
0.73;0.111223472739809;-0.265249828577473;0
0.74;0.108558149799045;-0.268084189641093;0
0.75;0.105864866223261;-0.270833318328133;0
0.76;0.103144477407538;-0.273496537044711;0
0.77;0.100397845401898;-0.276073195113919;0
0.78;0.0976258386414513;-0.27856266892461;0
0.79;0.0948293316751071;-0.280964362071815;0
0.8;0.0920092048929068;-0.283277705488762;0
0.81;0.0891663442520802;-0.285502157570473;0
0.82;0.0863016410019021;-0.287637204288922;0
0.83;0.0834159914074355;-0.289682359299722;0
0.84;0.0805102964722468;-0.291637164040331;0
0.85;0.0775854616601761;-0.293501187819768;0
0.86;0.0746423966162494;-0.295274027899812;0
0.87;0.0716820148868168;-0.296955309567684;0
0.88;0.0687052336390026;-0.298544686200209;0
0.89;0.0657129733795516;-0.30004183931944;0
0.9;0.0627061576731578;-0.301446478639753;0
0.91;0.0596857128603608;-0.30275834210641;0
0.92;0.0566525677750949;-0.303977195925594;0
0.93;0.0536076534619757;-0.305102834585921;0
0.94;0.0505519028934103;-0.306135080871432;0
0.95;0.0474862506866163;-0.307073785866088;0
0.96;0.044411632820633;-0.307918828949772;0
0.97;0.0413289863534116;-0.308670117785811;0
0.98;0.0382392491390679;-0.309327588300047;0
0.99;0.0351433595453827;-0.309891204651473;0
1;0.0320422561716328;-0.310360959194447;0
1.01;0.0289368775668385;-0.310736872432531;0
1.02;0.0258281619485101;-0.311018992963962;0
1.03;0.0227170469219771;-0.311207397418799;0
1.04;0.019604469200383;-0.31130219038778;0
1.05;0.0164913643254297;-0.311303504342907;0
1.06;0.0133786663889516;-0.311211499549823;0
1.07;0.0102673077554045;-0.311026363971999;0
1.08;0.00715821878534743;-0.31074831316679;0
1.09;0.00405232756000217;-0.310377590173393;0
1.1;0.000950559606968123;-0.309914465392759;0
1.11;-0.00214616237282531;-0.309359236459516;0
1.12;-0.0052369187768499;-0.308712228105943;0
1.13;-0.00832079337131398;-0.307973792018051;0
1.14;-0.0113968735600234;-0.307144306683847;0
1.15;-0.0144642506516899;-0.306224177233803;0
1.16;-0.0175220201256097;-0.305213835273634;0
1.17;-0.0205692818956353;-0.304113738709412;0
1.18;-0.0236051405723639;-0.302924371565103;0
1.19;-0.0266287057234679;-0.301646243792591;0
1.2;-0.0296390921320917;-0.300279891074246;0
1.21;-0.0326354200532409;-0.298825874618134;0
1.22;-0.035616815468091;-0.297284780945912;0
1.23;-0.0385824103361421;-0.29565722167351;0
1.24;-0.0415313428451486;-0.293943833284664;0
1.25;-0.044462757658752;-0.29214527689738;0
1.26;-0.047375806161747;-0.290262238023423;0
1.27;-0.0502696467029114;-0.288295426320902;0
1.28;-0.0531434448353312;-0.286245575340039;0
1.29;-0.0559963735541531;-0.284113442262225;0
1.3;-0.0588276135316968;-0.281899807632424;0
1.31;-0.0616363533498635;-0.279605475085049;0
1.32;-0.0644217897297721;-0.277231271063375;0
1.33;-0.0671831277585626;-0.274778044532609;0
1.34;-0.0699195811133006;-0.272246666686693;0
1.35;-0.0726303722819229;-0.269638030648951;0
1.36;-0.0753147327811619;-0.266953051166674;0
1.37;-0.0779719033713887;-0.264192664299757;0
1.38;-0.0806011342683169;-0.261357827103468;0
1.39;-0.0832016853515072;-0.258449517305484;0
1.4;-0.0857728263696177;-0.255468732977272;0
1.41;-0.0883138371423425;-0.252416492199944;0
1.42;-0.0908240077589843;-0.249293832724689;0
1.43;-0.093302638773608;-0.246101811627889;0
1.44;-0.0957490413967211;-0.24284150496103;0
1.45;-0.0981625376834308;-0.239514007395543;0
1.46;-0.100542460718027;-0.236120431862652;0
1.47;-0.102888154794941;-0.232661909188387;0
1.48;-0.105198975596035;-0.229139587723849;0
1.49;-0.10747429036417;-0.225554632970857;0
1.5;-0.109713478073014;-0.221908227203105;0
1.51;-0.111915929593039;-0.218201569082934;0
1.52;-0.114081047853667;-0.214435873273858;0
1.53;-0.116208248001521;-0.210612370048949;0
1.54;-0.118296957554748;-0.206732304895227;0
1.55;-0.12034661655336;-0.202796938114164;0
1.56;-0.122356677705569;-0.198807544418432;0
1.57;-0.12432660653007;-0.194765412525027;0
1.58;-0.12625588149424;-0.190671844744896;0
1.59;-0.12814399414822;-0.18652815656919;0
1.6;-0.129990449254842;-0.18233567625228;0
1.61;-0.131794764915375;-0.178095744391662;0
1.62;-0.13355647269105;-0.173809713504888;0
1.63;-0.135275117720354;-0.169478947603643;0
1.64;-0.136950258832036;-0.16510482176512;0
1.65;-0.138581468653832;-0.160688721700803;0
1.66;-0.140168333716851;-0.15623204332281;0
1.67;-0.141710454555628;-0.151736192307925;0
1.68;-0.143207445803794;-0.147202583659445;0
1.69;-0.144658936285368;-0.142632641266991;0
1.7;-0.14606456910163;-0.138027797464412;0
1.71;-0.147424001713564;-0.133389492585908;0
1.72;-0.148736906019864;-0.128719174520533;0
1.73;-0.150002968430468;-0.124018298265185;0
1.74;-0.151221889935621;-0.119288325476241;0
1.75;-0.152393386170448;-0.114530724019968;0
1.76;-0.153517187475025;-0.109746967521836;0
1.77;-0.15459303894994;-0.104938534914889;0
1.78;-0.155620700507332;-0.100106909987296;0
1.79;-0.156599946917408;-0.0952535809292285;0
1.8;-0.157530567850415;-0.090380039879189;0
1.81;-0.158412367914085;-0.0854877824699452;0
1.82;-0.159245166686532;-0.0805783073741916;0
1.83;-0.160028798744609;-0.0756531158500818;0
1.84;-0.160763113687712;-0.0707137112867673;0
1.85;-0.16144797615705;-0.0657615987500784;0
1.86;-0.162083265850364;-0.0607982845284831;0
1.87;-0.162668877532118;-0.05582527567946;0
1.88;-0.163204721039144;-0.0508440795764208;0
1.89;-0.163690721281766;-0.0458562034563157;0
1.9;-0.164126818240405;-0.0408631539680583;0
1.91;-0.164512966957668;-0.0358664367219023;0
1.92;-0.164849137525939;-0.030867555839904;0
1.93;-0.165135315070477;-0.0258680135076038;0
1.94;-0.165371499728037;-0.0208693095270587;0
1.95;-0.165557706621033;-0.015872940871357;0
1.96;-0.165693965827249;-0.0108804012407472;0
1.97;-0.165780322345114;-0.0058931806205107;0
1.98;-0.165816836054578;-0.000912764840707559;0
1.99;-0.16580358167358;0.0040593648620749;0
2;-0.165740648710149;0.00902173228084372;0
2.01;-0.165628141410157;0.0139728666720647;0
2.02;-0.165466178700739;0.0189113031871431;0
2.03;-0.165254894129412;0.0238355833013962;0
2.04;-0.164994435798912;0.0287442552403926;0
2.05;-0.164684966297788;0.0336358744035351;0
2.06;-0.164326662626763;0.0385090037847657;0
2.07;-0.163919716120909;0.0433622143902707;0
2.08;-0.163464332367659;0.0481940856530662;0
2.09;-0.162960731120679;0.0530032058443447;0
2.1;-0.162409146209652;0.0577881724814664;0
2.11;-0.16180982544599;0.0625475927324761;0
2.12;-0.161163030524524;0.0672800838170337;0
2.13;-0.160469036921193;0.071984273403641;0
2.14;-0.159728133786784;0.0766588000030547;0
2.15;-0.158940623836754;0.081302313357773;0
2.16;-0.158106823237172;0.0859134748274853;0
2.17;-0.157227061486833;0.0904909577703781;0
2.18;-0.156301681295567;0.0950334479201878;0
2.19;-0.155331038458805;0.0995396437588969;0
2.2;-0.154315501728437;0.104008256884967;0
2.21;-0.153255452680007;0.108438012377009;0
2.22;-0.152151285576288;0.112827649152784;0
2.23;-0.151003407227298;0.117175920323443;0
2.24;-0.149812236846784;0.121481593542901;0
2.25;-0.148578205905249;0.125743451352251;0
2.26;-0.147301757979537;0.129960291519123;0
2.27;-0.145983348599072;0.134130927371898;0
2.28;-0.144623445088755;0.138254188128681;0
2.29;-0.143222526408613;0.142328919220946;0
2.3;-0.141781082990226;0.146353982611763;0
2.31;-0.140299616569998;0.150328257108526;0
2.32;-0.138778640019332;0.154250638670093;0
2.33;-0.137218677171747;0.158120040708255;0
2.34;-0.135620262647019;0.161935394383455;0
2.35;-0.133983941672381;0.165695648894682;0
2.36;-0.132310269900859;0.169399771763459;0
2.37;-0.130599813226785;0.173046749111842;0
2.38;-0.128853147598569;0.176635585934382;0
2.39;-0.127070858828768;0.180165306363944;0
2.4;-0.125253542401533;0.183634953931346;0
2.41;-0.12340180327748;0.18704359181873;0
2.42;-0.121516255696064;0.190390303106611;0
2.43;-0.119597522975504;0.193674191014531;0
2.44;-0.117646237310335;0.196894379135269;0
2.45;-0.115663039566646;0.200050011662538;0
2.46;-0.113648579075067;0.203140253612115;0
2.47;-0.111603513421581;0.206164291036349;0
2.48;-0.109528508236219;0.209121331231996;0
2.49;-0.107424236979698;0.212010602941333;0
2.5;-0.105291380728093;0.214831356546483;0
2.51;-0.103130627955588;0.217582864256937;0
2.52;-0.100942674315379;0.220264420290201;0
2.53;-0.0987282224188116;0.222875341045535;0
2.54;-0.0964879816128043;0.22541496527075;0
2.55;-0.0942226677556392;0.22788265422201;0
2.56;-0.0919330029911845;0.230277791816625;0
2.57;-0.0896197155216217;0.232599784778774;0
2.58;-0.0872835393787472;0.234848062778154;0
2.59;-0.0849252141939195;0.237022078561504;0
2.6;-0.0825454849667227;0.239121308076986;0
2.61;-0.0801451018324191;0.241145250591406;0
2.62;-0.077724819828262;0.24309342880023;0
2.63;-0.0752853986587401;0.244965388930398;0
2.64;-0.0728276024598268;0.246760700835905;0
2.65;-0.0703521995623062;0.248478958086133;0
2.66;-0.0678599622542485;0.250119778046925;0
2.67;-0.065351666542707;0.251682801954387;0
2.68;-0.0628280919147105;0.253167694981401;0
2.69;-0.0602900210976227;0.254574146296859;0
2.7;-0.0577382398189424;0.255901869117595;0
2.71;-0.0551735365656174;0.257150600753019;0
2.72;-0.0525967023429446;0.258320102642455;0
2.73;-0.0500085304331294;0.259410160385183;0
2.74;-0.0473371153012078;0.281186523848955;2.59738737490848
2.75;-0.0444043508304924;0.308028349459153;2.59738737490848
2.76;-0.0412037847744731;0.334731708118967;2.59738737490848
2.77;-0.0377368367987599;0.36128883319551;2.59738737490848
2.78;-0.0340050039798006;0.38769201523922;2.59738737490848
2.79;-0.0300098602230733;0.413933604196569;2.59738737490848
2.8;-0.0257530556592478;0.440006011601161;2.59738737490848
2.81;-0.021236316018536;0.46590171274261;2.59738737490848
2.82;-0.0164614419834551;0.491613248812576;2.59738737490848
2.83;-0.0114303085202363;0.517133229027353;2.59738737490848
2.84;-0.00614486418911473;0.542454332726427;2.59738737490848
2.85;-0.000607130433744253;0.567569311446398;2.59738737490848
2.86;0.00518079915001383;0.592470990969703;2.59738737490848
2.87;0.011216759565674;0.617152273347557;2.59738737490848
2.88;0.0174985151878207;0.641606138896558;2.59738737490848
2.89;0.0240237605536489;0.665825648168398;2.59738737490848
2.9;0.0307901211740774;0.689803943892136;2.59738737490848
2.91;0.0377951543641607;0.713534252888504;2.59738737490848
2.92;0.0450363500925151;0.737009887955714;2.59738737490848
2.93;0.0525111318494737;0.760224249726242;2.59738737490848
2.94;0.0602168575336761;0.783170828494111;2.59738737490848
2.95;0.0681508203567964;0.805843206012134;2.59738737490848
2.96;0.076310249766107;0.828235057258673;2.59738737490848
2.97;0.0846923123845706;0.850340152173401;2.59738737490848
2.98;0.0932941129681491;0.87215235736162;2.59738737490848
2.99;0.102112695380012;0.893665637766679;2.59738737490848
3;0.111145043581325;0.914874058310032;2.59738737490848
3.01;0.120388082638288;0.935771785498508;2.59738737490848
3.02;0.129838679745105;0.956353088998378;2.59738737490848
3.03;0.139493645262533;0.976612343175777;2.59738737490848
3.04;0.14934973377169;0.996544028603107;2.59738737490848
3.05;0.159403645142771;1.01614273353101;2.59738737490848
3.06;0.169652025618326;1.03540315532553;2.59738737490848
3.07;0.180091468910748;1.0543201018701;2.59738737490848
3.08;0.190718517313634;1.072888492932;2.59738737490848
3.09;0.201529662826634;1.09110336149291;2.59738737490848
3.1;0.212521348293448;1.10895985504324;2.59738737490848
3.11;0.223689968552613;1.12645323683993;2.59738737490848
3.12;0.235031871600682;1.14357888712738;2.59738737490848
3.13;0.246543359767464;1.1603323043212;2.59738737490848
3.14;0.258220690902921;1.17670910615448;2.59738737490848
3.15;0.270060079575365;1.19270503078642;2.59738737490848
3.16;0.282057698280567;1.20831593787283;2.59738737490848
3.17;0.294209678661403;1.22353780959845;2.59738737490848
3.18;0.30651211273764;1.23836675167074;2.59738737490848
3.19;0.318961054145502;1.25279899427496;2.59738737490848
3.2;0.331552519386596;1.26683089299025;2.59738737490848
3.21;0.344282489085833;1.28045892966659;2.59738737490848
3.22;0.357146909257937;1.29367971326237;2.59738737490848
3.23;0.370141692582151;1.30648998064244;2.59738737490848
3.24;0.383262719684753;1.31888659733646;2.59738737490848
3.25;0.396505840428961;1.33086655825731;2.59738737490848
3.26;0.409866875211861;1.34242698837958;2.59738737490848
3.27;0.42334161626792;1.35356514337782;2.59738737490848
3.28;0.436925828978719;1.36427841022458;2.59738737490848
3.29;0.450615253188468;1.37456430774802;2.59738737490848
3.3;0.464405604524929;1.38442048714902;2.59738737490848
3.31;0.478292575725317;1.39384473247782;2.59738737490848
3.32;0.492271837966789;1.40283496106989;2.59738737490848
3.33;0.506339042201111;1.41138922394118;2.59738737490848
3.34;0.52048982049309;1.41950570614262;2.59738737490848
3.35;0.534719787362369;1.42718272707376;2.59738737490848
3.36;0.549024541128176;1.43441874075566;2.59738737490848
3.37;0.563399665256615;1.44121233606299;2.59738737490848
3.38;0.577840729710097;1.4475622369152;2.59738737490848
3.39;0.5923432922985;1.45346730242698;2.59738737490848
3.4;0.606902900031646;1.45892652701786;2.59738737490848
3.41;0.621515090472695;1.46393904048115;2.59738737490848
3.42;0.636175393092042;1.46850410801208;2.59738737490848
3.43;0.650879330621315;1.47262113019539;2.59738737490848
3.44;0.665622420407062;1.47628964295231;2.59738737490848
3.45;0.680400175763732;1.47950931744706;2.59738737490848
3.46;0.695208107325534;1.482279959953;2.59738737490848
3.47;0.710041724396779;1.4846015116785;2.59738737490848
3.48;0.724896536300297;1.48647404855263;2.59738737490848
3.49;0.739768053723536;1.48789778097088;2.59738737490848
3.5;0.754651790061929;1.48887305350098;2.59738737490848
3.51;0.769543262759156;1.48940034454902;2.59738737490848
3.52;0.784437994643871;1.48948026598601;2.59738737490848
3.53;0.799331515262529;1.48911356273509;2.59738737490848
3.54;0.814219362207908;1.48830111231957;2.59738737490848
3.55;0.829097082442931;1.48704392437195;2.59738737490848
3.56;0.843960233619406;1.48534314010425;2.59738737490848
3.57;0.858804385391299;1.48320003173981;2.59738737490848
3.58;0.873625120722142;1.48061600190666;2.59738737490848
3.59;0.888418037186222;1.47759258299307;2.59738737490848
3.6;0.903178748263132;1.4741314364651;2.59738737490848
3.61;0.917902884625348;1.47023435214673;2.59738737490848
3.62;0.932586095418429;1.46590324746277;2.59738737490848
3.63;0.947224049533482;1.46114016664477;2.59738737490848
3.64;0.961812436871524;1.45594727990026;2.59738737490848
3.65;0.976346969599365;1.45032688254579;2.59738737490848
3.66;0.990823383396669;1.44428139410376;2.59738737490848
3.67;1.00523743869381;1.43781335736375;2.59738737490848
3.68;1.01958492190021;1.4309254374084;2.59738737490848
3.69;1.03386164662272;1.42362042060435;2.59738737490848
3.7;1.04806345487384;1.41590121355856;2.59738737490848
3.71;1.06218621826924;1.40777084204036;2.59738737490848
3.72;1.07622583921448;1.39923244986962;2.59738737490848
3.73;1.09017825208031;1.39028929777154;2.59738737490848
3.74;1.10403942436653;1.3809447621982;2.59738737490848
3.75;1.11780535785378;1.37120233411761;2.59738737490848
3.76;1.13147208974312;1.3610656177704;2.59738737490848
3.77;1.1450356937831;1.35053832939474;2.59738737490848
3.78;1.15849228138386;1.33962429591989;2.59738737490848
3.79;1.171838002718;1.32832745362877;2.59738737490848
3.8;1.18506904780807;1.3166518467901;2.59738737490848
3.81;1.19818164760008;1.30460162626048;2.59738737490848
3.82;1.21117207502306;1.29218104805694;2.59738737490848
3.83;1.22403664603404;1.27939447190042;2.59738737490848
3.84;1.23677172064853;1.26624635973067;2.59738737490848
3.85;1.24937370395585;1.25274127419305;2.59738737490848
3.86;1.26183904711928;1.23888387709775;2.59738737490848
3.87;1.27416424836073;1.22467892785194;2.59738737490848
3.88;1.2863458539295;1.21013128186534;2.59738737490848
3.89;1.29838045905505;1.19524588892976;2.59738737490848
3.9;1.31026470888344;1.18002779157317;2.59738737490848
3.91;1.32198750768962;1.15669133260497;0
3.92;1.33336651761335;1.11488572964255;0
3.93;1.34432628018551;1.07281777799891;0
3.94;1.35486423064992;1.03050053887433;0
3.95;1.36497793510093;0.987947125747763;0
3.96;1.37466509098819;0.945170700356043;0
3.97;1.38392352758108;0.902184468665606;0
3.98;1.39275120639283;0.859001676837833;0
3.99;1.40114622156435;0.815635607189295;0
4;1.40910680020752;0.772099574148105;0
4.01;1.41663130270815;0.728406920207585;0
4.02;1.42371822298841;0.684571011878477;0
4.03;1.43036618872876;0.640605235640921;0
4.04;1.43657396154947;0.596522993897387;0
4.05;1.4423404371516;0.552337700927808;0
4.06;1.44766464541762;0.508062778848087;0
4.07;1.45254575047156;0.463711653573216;0
4.08;1.45698305069891;0.419297750786186;0
4.09;1.46097597872614;0.374834491913894;0
4.1;1.46452410136006;0.330335290111248;0
4.11;1.4676271194871;0.285813546254649;0
4.12;1.47028486793249;0.241282644946037;0
4.13;1.47249731527963;0.196755950528692;0
4.14;1.47426456364954;0.152246803115946;0
4.15;1.47558684844084;0.107768514633989;0
4.16;1.47646453803003;0.0633343648799242;0
4.17;1.47689813343261;0.0189575975962275;0
4.18;1.47688826792487;-0.0253485834372363;0
4.19;1.47643570662675;-0.0695710182925024;0
4.2;1.47554134604593;-0.113696594762966;0
4.21;1.47420621358325;-0.157712252211886;0
4.22;1.47243146699978;-0.201604985398816;0
4.23;1.47021839384573;-0.245361848282855;0
4.24;1.46756841085142;-0.288969957801613;0
4.25;1.46448306328058;-0.332416497624806;0
4.26;1.46096402424625;-0.375688721881394;0
4.27;1.4570130939895;-0.418773958859193;0
4.28;1.45263219912129;-0.461659614675901;0
4.29;1.44782339182781;-0.504333176920481;0
4.3;1.44258884903943;-0.546782218263863;0
4.31;1.43693087156377;-0.588994400037946;0
4.32;1.43085188318313;-0.630957475781854;0
4.33;1.42435442971656;-0.672659294754477;0
4.34;1.41744117804697;-0.714087805412263;0
4.35;1.41011491511368;-0.755231058851318;0
4.36;1.40237854687061;-0.796077212212799;0
4.37;1.3942350972107;-0.836614532050689;0
4.38;1.38568770685672;-0.876831397660972;0
4.39;1.37673963221904;-0.916716304371293;0
4.4;1.36739424422067;-0.956257866790187;0
4.41;1.35765502708995;-0.995444822014965;0
4.42;1.34752557712139;-1.03426603279737;0
4.43;1.33700960140506;-1.07271049066611;0
4.44;1.3261109165249;-1.11076731900548;0
4.45;1.3148334472265;-1.14842577608906;0
4.46;1.3031812250547;-1.18567525806791;0
4.47;1.29115838696157;-1.22250530191214;0
4.48;1.27876917388512;-1.25890558830535;0
4.49;1.26601792929934;-1.29486594449091;0
4.5;1.25290909773596;-1.33037634706953;0
4.51;1.23944722327848;-1.3654269247471;0
4.52;1.22563694802894;-1.40000796103236;0
4.53;1.21148301054792;-1.43410989688343;0
4.54;1.19699024426834;-1.46772333330264;0
4.55;1.18216357588355;-1.50083903387894;0
4.56;1.16700802371018;-1.53344792727713;0
4.57;1.1515286960264;-1.5655411096734;0
4.58;1.13573078938606;-1.59710984713647;0
4.59;1.11961958690922;-1.62814557795365;0
4.6;1.10320045654972;-1.65863991490135;0
4.61;1.08647884934028;-1.68858464745931;0
4.62;1.06946029761569;-1.71797174396816;0
4.63;1.05215041321474;-1.7467933537295;0
4.64;1.03455488566132;-1.77504180904831;0
4.65;1.01667948032548;-1.80270962721683;0
4.66;0.998530036564764;-1.82978951243968;0
4.67;0.980112465846713;-1.85627435769961;0
4.68;0.961432749852865;-1.88215724656346;0
4.69;0.942496938565021;-1.90743145492786;0
4.7;0.923311148334315;-1.93209045270431;0
4.71;0.903881559933707;-1.95612790544322;0
4.72;0.884214416594507;-1.97953767589644;0
4.73;0.864316022027562;-2.00231382551808;0
4.74;0.844192738429704;-2.02445061590315;0
4.75;0.823850984476096;-2.04594251016368;0
4.76;0.803297233299103;-2.0667841742422;0
4.77;0.782538010454307;-2.086970478162;0
4.78;0.761579891874303;-2.10649649721421;0
4.79;0.740429501810916;-2.1253575130812;0
4.8;0.719093510766466;-2.14354901489626;0
4.81;0.697578633414726;-2.16106670023921;0
4.82;0.675891626512211;-2.17790647606788;0
4.83;0.654039286800443;-2.19406445958516;0
4.84;0.632028448899837;-2.20953697904159;0
4.85;0.609865983195851;-2.22432057447326;0
4.86;0.587558793718044;-2.238411998375;0
4.87;0.565113816012701;-2.2518082163087;0
4.88;0.542538015009663;-2.26450640744675;0
4.89;0.519838382884014;-2.27650396505041;0
4.9;0.49702193691328;-2.28779849688336;0
4.91;0.474095717330781;-2.29838782556008;0
4.92;0.451066785175797;-2.30826998882926;0
4.93;0.427942220141185;-2.31744323979236;0
4.94;0.40472911841911;-2.32590604705702;0
4.95;0.381434590545532;-2.33365709482582;0
4.96;0.35806575924409;-2.34069528292013;0
4.97;0.334629757270051;-2.34701972673932;0
4.98;0.311133725254947;-2.35262975715542;0
4.99;0.287584809552558;-2.3575249203434;0
5;0.263990160086888;-2.36170497754713;0
5.01;0.240356928202759;-2.36516990478136;0
5.02;0.216692264519681;-2.36791989246975;0
5.03;0.193003316789625;-2.36995534501933;0
5.04;0.169297227759337;-2.37127688033149;0
5.05;0.145581133037828;-2.37188532924981;0
5.06;0.121862158969669;-2.37178173494507;0
5.07;0.0981474205147126;-2.37096735223759;0
5.08;0.0744440191348816;-2.36944364685736;0
5.09;0.050759040688625;-2.36721229464216;0
5.1;0.0270995533336774;-2.36427518067415;0
5.11;0.00347260543872507;-2.3606343983551;0
5.12;-0.0201147764954047;-2.35629224842091;0
5.13;-0.0436555899044281;-2.35125123789557;0
5.14;-0.0671428582185574;-2.34551407898511;0
5.15;-0.0905696329091251;-2.33908368791196;0
5.16;-0.113928995523285;-2.33196318369013;0
5.17;-0.1372140597062;-2.32415588684173;0
5.18;-0.160417973210134;-2.3156653180553;0
5.19;-0.183533919889866;-2.30649519678638;0
5.2;-0.206555121683854;-2.296649439801;0
5.21;-0.229474840580573;-2.28613215966245;0
5.22;-0.252286380569476;-2.274947663162;0
5.23;-0.274983089576006;-2.26310044969404;0
5.24;-0.297558361380114;-2.25059520957639;0
5.25;-0.320005637517732;-2.23743682231614;0
5.26;-0.342318409164668;-2.2236303548218;0
5.27;-0.364490219002378;-2.20918105956242;0
5.28;-0.386514663065093;-2.19409437267413;0
5.29;-0.408385392567781;-2.178375912015;0
5.3;-0.430096115714422;-2.16203147516864;0
5.31;-0.451640599486098;-2.14506703739746;0
5.32;-0.473012671408384;-2.12748874954616;0
5.33;-0.494206221297556;-2.10930293589617;0
5.34;-0.515215202985131;-2.0905160919718;0
5.35;-0.53603363602024;-2.07113488229882;0
5.36;-0.556655607349391;-2.05116613811626;0
5.37;-0.577075272973131;-2.03061685504214;0
5.38;-0.597286859579166;-2.00949419069394;0
5.39;-0.617284666151487;-1.98780546226461;0
5.4;-0.63706306555505;-1.96555814405491;0
5.41;-0.656616506095597;-1.94275986496291;0
5.42;-0.675939513054173;-1.91941840593141;0
5.43;-0.695026690195941;-1.89554169735424;0
5.44;-0.713872721252864;-1.87113781644214;0
5.45;-0.732472371379882;-1.84621498454927;0
5.46;-0.750820488584168;-1.82078156446097;0
5.47;-0.768912005127101;-1.79484605764391;0
5.48;-0.786741938898564;-1.76841710145929;0
5.49;-0.80430539476322;-1.74150346634016;0
5.5;-0.821597565878397;-1.71411405293371;0
5.51;-0.838613734983245;-1.68625788920939;0
5.52;-0.855349275658822;-1.65794412753384;0
5.53;-0.871799653558787;-1.6291820417136;0
5.54;-0.887960427610371;-1.59998102400648;0
5.55;-0.903827251185331;-1.57035058210253;0
5.56;-0.919395873240581;-1.54030033607563;0
5.57;-0.934662139428202;-1.50984001530661;0
5.58;-0.94962199317457;-1.47897945537895;0
5.59;-0.964271476728311;-1.44772859494787;0
5.6;-0.978606732176836;-1.41609747258401;0
5.61;-0.992624002431203;-1.38409622359251;0
5.62;-1.00631963217906;-1.35173507680865;0
5.63;-1.01969006880544;-1.31902435137081;0
5.64;-1.03273186328121;-1.28597445347209;0
5.65;-1.04544167101888;-1.25259587309128;0
5.66;-1.05781625269573;-1.21889918070436;0
5.67;-1.06985247504388;-1.18489502397761;0
5.68;-1.08154731160726;-1.15059412444311;0
5.69;-1.09289784346526;-1.11600727415798;0
5.7;-1.10390125992286;-1.08114533234806;0
5.71;-1.11455485916718;-1.04601922203736;0
5.72;-1.12485604889024;-1.01063992666412;0
5.73;-1.13480234687782;-0.975018486684519;0
5.74;-1.14439138156436;-0.939165996165259;0
5.75;-1.15362089255362;-0.90309359936582;0
5.76;-1.16248873110525;-0.866812487311601;0
5.77;-1.17099286058697;-0.830333894358914;0
5.78;-1.17913135689242;-0.793669094752899;0
5.79;-1.1869024088245;-0.756829399179392;0
5.8;-1.1943043184443;-0.719826151311802;0
5.81;-1.20133550138534;-0.682670724354029;0
5.82;-1.20799448713338;-0.645374517580475;0
5.83;-1.21427991927151;-0.607948952874183;0
5.84;-1.22019055569068;-0.570405471264155;0
5.85;-1.22572526876552;-0.532755529462876;0
5.86;-1.23088304549569;-0.495010596405086;0
5.87;-1.23566298761246;-0.457182149788847;0
5.88;-1.24006431165081;-0.419281672619918;0
5.89;-1.24408634898698;-0.381320649760481;0
5.9;-1.24772854584154;-0.343310564483243;0
5.91;-1.25099046324796;-0.305262895031937;0
5.92;-1.25387177698692;-0.267189111189241;0
5.93;-1.25637227748626;-0.229100670853131;0
5.94;-1.25849186968677;-0.191009016622685;0
5.95;-1.26023057287387;-0.152925572394333;0
5.96;-1.26158852047532;-0.114861739969571;0
5.97;-1.26256595982502;-0.0768288956751264;0
5.98;-1.26316325189315;-0.0388383869965631;0
5.99;-1.26338087098262;-0.000901529226326385;0
6;-1.26321940439212;0.0369703978728074;0
6.01;-1.2626795520459;0.0747661533878936;0
6.02;-1.26176212609035;0.112474538558631;0
6.03;-1.2604680504577;0.150084400061862;0
6.04;-1.25879836039694;0.187584633276805;0
6.05;-1.25675420197217;0.224964185530078;0
6.06;-1.25433683152862;0.262212059319576;0
6.07;-1.25154761512646;0.299317315516261;0
6.08;-1.24838802794282;0.336269076542962;0
6.09;-1.24485965364199;0.373056529529252;0
6.1;-1.24096418371427;0.40966892944151;0
6.11;-1.23670341678362;0.446095602187272;0
6.12;-1.23207925788436;0.482325947692973;0
6.13;-1.22709371770725;0.518349442954219;0
6.14;-1.22174891181515;0.554155645057711;0
6.15;-1.21604705982865;0.589734194173967;0
6.16;-1.20999048458185;0.625074816519997;0
6.17;-1.20358161124867;0.660167327291091;0
6.18;-1.19682296644002;0.695001633560897;0
6.19;-1.18971717727207;0.729567737148973;0
6.2;-1.182266970406;0.763855737455009;0
6.21;-1.17447517105958;0.797855834258928;0
6.22;-1.16634470199089;0.831558330486087;0
6.23;-1.15787858245456;0.864953634936798;0
6.24;-1.14907992713087;0.898032264979433;0
6.25;-1.13995194502808;0.930784849206345;0
6.26;-1.13049793835838;0.963202130051891;0
6.27;-1.12072130138784;0.995274966371827;0
6.28;-1.11062551926071;1.02699433598337;0
6.29;-1.10021416679856;1.05835133816524;0
6.3;-1.08949090727451;1.089337196117;0
6.31;-1.07845949116316;1.11994325937699;0
6.32;-1.06712375486646;1.15016100619827;0
6.33;-1.05548761941599;1.17998204588192;0
6.34;-1.0435550891522;1.20939812106695;0
6.35;-1.03133025038084;1.23840110997642;0
6.36;-1.0188172700072;1.26698302861897;0
6.37;-1.00602039414849;1.2951360329453;0
6.38;-0.992943946724924;1.32285242095903;0
6.39;-0.979592328029808;1.35012463478126;0
6.4;-0.965970013279288;1.37694526266847;0
6.41;-0.95208155114207;1.40330704098307;0
6.42;-0.937931562249676;1.42920285611627;0
6.43;-0.923524737687674;1.45462574636255;0
6.44;-0.908865837468395;1.47956890374545;0
6.45;-0.893959688985604;1.50402567579413;0
6.46;-0.87881118545163;1.52798956727026;0
6.47;-0.863425284317459;1.5514542418448;0
6.48;-0.847807005676278;1.57441352372425;0
6.49;-0.831961430650986;1.59686139922603;0
6.5;-0.815893699766188;1.61879201830251;0
6.51;-0.799609011305177;1.64019969601339;0
6.52;-0.783112619652422;1.66107891394609;0
6.53;-0.766409833622097;1.68142432158367;0
6.54;-0.749506014773155;1.70123073762023;0
6.55;-0.732406575711503;1.72049315122319;0
6.56;-0.715116978379774;1.73920672324238;0
6.57;-0.697642732335264;1.75736678736553;0
6.58;-0.679989393016553;1.77496885122004;0
6.59;-0.662162559999342;1.79200859742062;0
6.6;-0.644167875242071;1.80848188456277;0
6.61;-0.626011021321837;1.82438474816172;0
6.62;-0.607697719661175;1.8397134015368;0
6.63;-0.589233728746235;1.85446423664091;0
6.64;-0.570624842336919;1.86863382483508;0
6.65;-0.551876887669516;1.88221891760789;0
6.66;-0.532995723652391;1.89521644723969;0
6.67;-0.513987239055281;1.90762352741141;0
6.68;-0.494857350692756;1.91943745375804;0
6.69;-0.475612001602389;1.93065570436655;0
6.7;-0.456257159218202;1.94127594021831;0
6.71;-0.436798813539931;1.95129600557588;0
6.72;-0.417242975298684;1.96071392831419;0
6.73;-0.397595674119528;1.96952792019622;0
6.74;-0.37786295668157;1.97773637709289;0
6.75;-0.358050884876098;1.98533787914758;0
6.76;-0.338165533963315;1.99233119088501;0
6.77;-0.318212990728243;1.9987152612647;0
6.78;-0.298199351636334;2.00448922367904;0
6.79;-0.278130720989358;2.00965239589608;0
6.8;-0.258013209082103;2.01420427994721;0
6.81;-0.237852930360451;2.01814456195965;0
6.82;-0.217656001581376;2.02147311193423;0
6.83;-0.197428539975406;2.02418998346827;0
6.84;-0.17717666141211;2.02629541342401;0
6.85;-0.156906478569136;2.02778982154264;0
6.86;-0.136624099105363;2.02867381000415;0
6.87;-0.116335623838687;2.02894816293326;0
6.88;-0.0960471449289957;2.02861384585171;0
6.89;-0.075764744066863;2.02767200507701;0
6.9;-0.0554944906684872;2.02612396706816;0
6.91;-0.0352424400774182;2.02397123771839;0
6.92;-0.0150146317735901;2.02121550159534;0
6.93;0.00518291240981167;2.01785862112907;0
6.94;0.0253441900611292;2.01390263574805;0
6.95;0.0454632199561387;2.00934976096362;0
6.96;0.065534043814571;2.00420238740326;0
6.97;0.0855507280467356;1.99846307979297;0
6.98;0.105507365489741;1.99213457588931;0
6.99;0.12539807713281;1.98521978536127;0
7;0.145217013831192;1.97772178862268;0
7.01;0.164958358008173;1.96964383561532;0
7.02;0.184616325344703;1.96098934454335;0
7.03;0.204185166456144;1.95176190055952;0
7.04;0.223659168555671;1.94196525440354;0
7.05;0.24303265710384;1.93160332099313;0
7.06;0.262299997443853;1.92068017796836;0
7.07;0.281455596422063;1.90920006418966;0
7.08;0.300493903993249;1.89716737819007;0
7.09;0.319409414810214;1.88458667658233;0
7.1;0.338196669797245;1.8714626724213;0
7.11;0.356850257707006;1.85780023352228;0
7.12;0.375364816660412;1.84360438073588;0
7.13;0.393735035669067;1.82888028617993;0
7.14;0.411955656139815;1.81363327142911;0
7.15;0.430021473361017;1.79786880566287;0
7.16;0.447927337970108;1.78159250377234;0
7.17;0.465668157402047;1.76481012442674;0
7.18;0.483238897318253;1.74752756810008;0
7.19;0.500634583015624;1.72975087505868;0
7.2;0.517850300815268;1.71148622331032;0
7.21;0.534881199430545;1.69273992651556;0
7.22;0.551722491314062;1.67351843186202;0
7.23;0.568369453983243;1.65382831790227;0
7.24;0.584817431324117;1.6336762923561;0
7.25;0.601061834872975;1.61306918987775;0
7.26;0.617098145075534;1.59201396978907;0
7.27;0.632921912523298;1.57051771377906;0
7.28;0.648528759166749;1.54858762357081;0
7.29;0.663914379505076;1.52623101855635;0
7.3;0.679074541752105;1.50345533340041;0
7.31;0.694005088978129;1.48026811561362;0
7.32;0.708701940227342;1.4566770230962;0
7.33;0.723161091610567;1.43268982165263;0
7.34;0.73737861737302;1.40831438247835;0
7.35;0.751350670936802;1.38355867961914;0
7.36;0.765073485917878;1.35843078740409;0
7.37;0.778543377117258;1.33293887785281;0
7.38;0.791756741486149;1.30709121805795;0
7.39;0.804710059064812;1.28089616754363;0
7.4;0.81739989389491;1.25436217560071;0
7.41;0.829822894905096;1.22749777859977;0
7.42;0.841975796769646;1.20031159728255;0
7.43;0.8538554207399;1.17281233403285;0
7.44;0.865458675448331;1.14500877012751;0
7.45;0.876782557685036;1.11690976296858;0
7.46;0.887824153146462;1.08852424329738;0
7.47;0.898580637156205;1.05986121239136;0
7.48;0.90904927535769;1.03092973924468;0
7.49;0.919227424378599;1.00173895773324;0
7.5;0.929112532466873;0.972298063765256;0
7.51;0.938702140098164;0.94261631241803;0
7.52;0.947993880554595;0.912703015061985;0
7.53;0.956985480474703;0.882567536472718;0
7.54;0.965674760374455;0.852219291932027;0
7.55;0.974059635139225;0.82166774431878;0
7.56;0.982138114486644;0.790922401190513;0
7.57;0.989908303400218;0.759992811856653;0
7.58;0.99736840253365;0.728888564444252;0
7.59;1.00451670858579;0.697619282957135;0
7.6;1.01135161464614;0.66619462432934;0
7.61;1.01787161051089;0.634624275473756;0
7.62;1.0240752829694;0.602917950326847;0
7.63;1.02996131606113;0.571085386890349;0
7.64;1.03552849130298;0.539136344270847;0
7.65;1.04077568788699;0.507080599718104;0
7.66;1.04570188284847;0.474927945663046;0
7.67;1.05030615120447;0.442688186756289;0
7.68;1.05458766606263;0.410371136908091;0
7.69;1.05854569870053;0.37798661633061;0
7.7;1.06217961861534;0.34554444858337;0
7.71;1.06548889354407;0.313054457622783;0
7.72;1.06847308945422;0.280526464856641;0
7.73;1.07113187050511;0.247970286204424;0
7.74;1.0734649989798;0.215395729164306;0
7.75;1.07547233518763;0.182812589887729;0
7.76;1.07715383733772;0.150230650262405;0
7.77;1.07850956138315;0.117659675004609;0
7.78;1.07953966083628;0.0851094087616132;0
7.79;1.08024438655498;0.0525895732251174;0
7.8;1.08062408650018;0.0201098642565262;0
7.81;1.08067920546469;-0.0123200509750953;0
7.82;1.08041028477338;-0.044690536841544;0
7.83;1.07981796195507;-0.0769919920896507;0
7.84;1.07890297038605;-0.109214852660277;0
7.85;1.07766613890553;-0.14134959449132;0
7.86;1.07610839140311;-0.173386736303904;0
7.87;1.07423074637844;-0.205316842370967;0
7.88;1.07203431647339;-0.23713052526743;0
7.89;1.06952030797664;-0.268818448601157;0
7.9;1.06669002030119;-0.300371329723932;0
7.91;1.06354484543478;-0.331779942421662;0
7.92;1.06008626736351;-0.363035119583036;0
7.93;1.05631586146891;-0.39412775584589;0
7.94;1.05223529389859;-0.425048810220502;0
7.95;1.04784632091084;-0.455789308689096;0
7.96;1.04315078819326;-0.486340346780787;0
7.97;1.03815063015584;-0.51669309212127;0
7.98;1.03284786919858;-0.5468387869565;0
7.99;1.02724461495403;-0.576768750649676;0
8;1.02134306350503;-0.606474382150813;0
8.01;1.01514549657774;-0.635947162438216;0
8.02;1.00865428071059;-0.66517865693116;0
8.03;1.00187186639902;-0.694160517873128;0
8.04;0.994800787216681;-0.722884486684906;0
8.05;0.987443658913172;-0.75134239628692;0
8.06;0.979803178488706;-0.779526173390142;0
8.07;0.971882123246011;-0.807427840754952;0
8.08;0.963683349819798;-0.835039519417315;0
8.09;0.955209793184102;-0.862353430881689;0
8.1;0.946464465637861;-0.889361899280031;0
8.11;0.937450455769043;-0.91605735349634;0
8.12;0.9281709273977;-0.942432329256144;0
8.13;0.918629118498281;-0.968479471180369;0
8.14;0.908828340101564;-0.994191534803033;0
8.15;0.898771975176583;-1.01956138855223;0
8.16;0.88846347749291;-1.04458201569388;0
8.17;0.877906370463667;-1.06924651623765;0
8.18;0.867104245969651;-1.09354810880474;0
8.19;0.856060763164959;-1.11748013245674;0
8.2;0.844779647264499;-1.14103604848534;0
8.21;0.833264688313775;-1.16420944216234;0
8.22;0.821519739941365;-1.18699402444941;0
8.23;0.809548718094474;-1.20938363366727;0
8.24;0.797355599757985;-1.23137223712387;0
8.25;0.784944421657407;-1.25295393270105;0
8.26;0.772319278946158;-1.27412295039933;0
8.27;0.759484323877574;-1.29487365384047;0
8.28;0.746443764462097;-1.31520054172741;0
8.29;0.733201863110048;-1.33509824926111;0
8.3;0.719762935260432;-1.35456154951422;0
8.31;0.706131347996201;-1.37358535476083;0
8.32;0.692311518646413;-1.39216471776242;0
8.33;0.678307913375738;-1.41029483300935;0
8.34;0.664125045761747;-1.42797103791779;0
8.35;0.649767475360429;-1.44518881398173;0
8.36;0.635239806260397;-1.46194378787983;0
8.37;0.620546685626226;-1.47823173253685;0
8.38;0.605692802231387;-1.49404856813942;0
8.39;0.59068288498122;-1.50939036310586;0
8.4;0.575521701426427;-1.52425333501004;0
8.41;0.560214056267526;-1.53863385145876;0
8.42;0.544764789850747;-1.55252843092283;0
8.43;0.529178776655821;-1.56593374352132;0
8.44;0.513460923776143;-1.57884661175917;0
8.45;0.497616169391764;-1.59126401121773;0
8.46;0.481649481235693;-1.60318307119828;0
8.47;0.465565855053975;-1.61460107531839;0
8.48;0.449370313060019;-1.62551546206093;0
8.49;0.433067902383651;-1.63592382527574;0
8.5;0.416663693515353;-1.64582391463394;0
8.51;0.400162778746191;-1.6552136360346;0
8.52;0.383570270603871;-1.66409105196402;0
8.53;0.366891300285431;-1.67245438180739;0
8.54;0.350131016087019;-1.68030200211287;0
8.55;0.333294581831255;-1.68763244680814;0
8.56;0.316387175292634;-1.6944444073694;0
8.57;0.299413986621453;-1.70073673294282;0
8.58;0.282380216766742;-1.70650843041852;0
8.59;0.265291075898664;-1.71175866445721;0
8.6;0.248151781830864;-1.71648675746941;0
8.61;0.23096755844324;-1.72069218954741;0
8.62;0.2137436341056;-1.72437459835016;0
8.63;0.196485240102692;-1.72753377894108;0
8.64;0.179197609061056;-1.73016968357893;0
8.65;0.16188597337819;-1.73228242146199;0
8.66;0.14455556365447;-1.73387225842558;0
8.67;0.127211607128316;-1.73493961659316;0
8.68;0.109859326115053;-1.73548507398123;0
8.69;0.0925039364499211;-1.73550936405806;0
8.7;0.0751506459357172;-1.73501337525673;0
8.71;0.0578046527955044;-1.73399815044243;0
8.72;0.0404711441308551;-1.73246488633446;0
8.73;0.0231552943860766;-1.73041493288306;0
8.74;0.00586226381887111;-1.7278497926014;0
8.75;-0.0114028030221235;-1.72477111985299;0
8.76;-0.0286347788124677;-1.72118072009476;0
8.77;-0.0458285549592863;-1.71708054907622;0
8.78;-0.0629790431004302;-1.71247271199485;0
8.79;-0.0800811765949956;-1.70735946260824;0
8.8;-0.0971299120047715;-1.70174320230312;0
8.81;-0.114120230566185;-1.69562647912188;0
8.82;-0.131047139652323;-1.68901198674661;0
8.83;-0.147905674224598;-1.68190256344142;0
8.84;-0.164690898273665;-1.67430119095312;0
8.85;-0.181397906249142;-1.66621099337078;0
8.86;-0.198021824477753;-1.65763523594467;0
8.87;-0.214557812569481;-1.64857732386483;0
8.88;-0.231001064811317;-1.63904080099979;0
8.89;-0.247346811548229;-1.62902934859598;0
8.9;-0.26359032055094;-1.61854678393807;0
8.91;-0.279726898370146;-1.60759705897092;0
8.92;-0.295751891676772;-1.59618425888352;0
8.93;-0.311660688587905;-1.58431260065538;0
8.94;-0.327448719978023;-1.57198643156597;0
8.95;-0.34311146077515;-1.5592102276676;0
8.96;-0.358644431241582;-1.54598859222239;0
8.97;-0.37404319823882;-1.53232625410377;0
8.98;-0.389303376476362;-1.51822806616302;0
8.99;-0.404420629744004;-1.50369900356155;0
9;-0.419390672127312;-1.48874416206928;0
9.01;-0.434209269205928;-1.47336875632991;0
9.02;-0.44887223923438;-1.45757811809343;0
9.03;-0.463375454305076;-1.44137769441657;0
9.04;-0.477714841493154;-1.42477304583192;0
9.05;-0.49188638398289;-1.40776984448594;0
9.06;-0.505886122175345;-1.39037387224696;0
9.07;-0.519710154776963;-1.37259101878338;0
9.08;-0.533354639868814;-1.35442727961289;0
9.09;-0.546815795956205;-1.33588875412338;0
9.1;-0.560089902998374;-1.31698164356601;0
9.11;-0.573173303417991;-1.2977122490213;0
9.12;-0.586062403090202;-1.27808696933872;0
9.13;-0.598753672310954;-1.25811229905052;0
9.14;-0.611243646744338;-1.2377948262605;0
9.15;-0.623528928348716;-1.21714123050836;0
9.16;-0.635606186281384;-1.19615828061021;0
9.17;-0.647472157781531;-1.17485283247622;0
9.18;-0.659123649031278;-1.1532318269057;0
9.19;-0.670557535994565;-1.1313022873607;0
9.2;-0.681770765233685;-1.10907131771854;0
9.21;-0.692760354703248;-1.08654610000416;0
9.22;-0.703523394521379;-1.06373389210293;0
9.23;-0.714057047717963;-1.04064202545462;0
9.24;-0.724358550959741;-1.01727790272931;0
9.25;-0.734425215252098;-0.993648995485995;0
9.26;-0.744254426617344;-0.969762841814422;0
9.27;-0.753843646749362;-0.945627043961191;0
9.28;-0.763190413644431;-0.92124926594061;0
9.29;-0.772292342208098;-0.896637231131174;0
9.3;-0.781147124837961;-0.871798719858374;0
9.31;-0.789752531982205;-0.846741566964589;0
9.32;-0.798106412673795;-0.821473659366811;0
9.33;-0.806206695040191;-0.796002933602965;0
9.34;-0.814051386788472;-0.770337373367563;0
9.35;-0.821638575665778;-0.744485007037462;0
9.36;-0.828966429894965;-0.71845390518848;0
9.37;-0.836033198585391;-0.692252178103629;0
9.38;-0.842837212118742;-0.665887973273732;0
9.39;-0.849376882509839;-0.639369472891176;0
9.4;-0.855650703742355;-0.612704891337574;0
9.41;-0.861657252079379;-0.585902472666099;0
9.42;-0.867395186348788;-0.55897048807924;0
9.43;-0.872863248203371;-0.53191723340277;0
9.44;-0.878060262355689;-0.504751026556659;0
9.45;-0.882985136787624;-0.477480205023722;0
9.46;-0.88763686293461;-0.450113123316747;0
9.47;-0.892014515844534;-0.422658150444873;0
9.48;-0.896117254311295;-0.395123667379978;0
9.49;-0.899944320983036;-0.367518064523836;0
9.5;-0.903495042445049;-0.339849739176797;0
9.51;-0.906768829277377;-0.312127093008754;0
9.52;-0.90976517608714;-0.284358529533141;0
9.53;-0.912483661515618;-0.256552451584729;0
9.54;-0.914923948220131;-0.228717258801949;0
9.55;-0.917085782830763;-0.200861345114507;0
9.56;-0.918968995881993;-0.172993096237031;0
9.57;-0.920573501719289;-0.145120887169479;0
9.58;-0.921899298380741;-0.117253079705062;0
9.59;-0.922946467453809;-0.0893980199464066;0
9.6;-0.923715173907274;-0.0615640358306914;0
9.61;-0.924205665898478;-0.0337594346644789;0
9.62;-0.924418274555967;-0.00599250066897159;0
9.63;-0.92435341373763;0.0217285074635943;0
9.64;-0.924011579764456;0.0493953590017028;0
9.65;-0.923393351130028;0.0769998535937506;0
9.66;-0.922499388185892;0.104533823673976;0
9.67;-0.921330432802914;0.131989136854424;0
9.68;-0.919887308008802;0.159357698302255;0
9.69;-0.918170917601903;0.186631453101714;0
9.7;-0.916182245741468;0.213802388600068;0
9.71;-0.913922356514527;0.240862536736848;0
9.72;-0.911392393479543;0.267803976355722;0
9.73;-0.908593579187037;0.294618835498326;0
9.74;-0.905527214677355;0.321299293679417;0
9.75;-0.902194678955766;0.347837584142677;0
9.76;-0.8985974284451;0.374225996096539;0
9.77;-0.894736996416109;0.400456876929391;0
9.78;-0.890614992395781;0.426522634403535;0
9.79;-0.886233101553805;0.452415738827279;0
9.8;-0.881593084067424;0.478128725204542;0
9.81;-0.876696774464883;0.503654195361377;0
9.82;-0.871546080947732;0.528984820048804;0
9.83;-0.866142984692198;0.554113341021373;0
9.84;-0.86048953912989;0.579032573090865;0
9.85;-0.854587869208076;0.603735406154567;0
9.86;-0.848440170629797;0.628214807197551;0
9.87;-0.842048709074078;0.652463822268411;0
9.88;-0.835415819396497;0.676475578427891;0
9.89;-0.828543904810402;0.700243285669896;0
9.9;-0.821435436049032;0.723760238814324;0
9.91;-0.814092950508848;0.747019819371235;0
9.92;-0.80651905137435;0.770015497375812;0
9.93;-0.798716406724675;0.792740833193651;0
9.94;-0.790687748622283;0.815189479295853;0
9.95;-0.782435872184021;0.837355182003464;0
9.96;-0.773963634634896;0.85923178320079;0
9.97;-0.76527395434484;0.880813222017108;0
9.98;-0.756369809848817;0.902093536476348;0
9.99;-0.747254238850566;0.923066865114289;0
10;-0.737930337210332;0.943727448562847;0
10.01;-0.728401257916892;0.964069631101039;0
10.02;-0.718670210044232;0.984087862172207;0
10.03;-0.708740457693202;1.00377669786711;0
10.04;-0.698615318918491;1.02313080237252;0
10.05;-0.68829816464128;1.04214494938488;0
10.06;-0.677792417547911;1.06081402348873;0
10.07;-0.667101550974933;1.07913302149957;0
10.08;-0.656229087780886;1.09709705377068;0
10.09;-0.645178599205171;1.11470134546373;0
10.1;-0.633953703714385;1.13194123778279;0
10.11;-0.622558065836478;1.14881218917136;0
10.12;-0.610995394983111;1.16530977647232;0
10.13;-0.599269444260577;1.18142969605026;0
10.14;-0.587384009269676;1.19716776487618;0
10.15;-0.575342926894904;1.2125199215741;0
10.16;-0.563150074083359;1.22748222742938;0
10.17;-0.550809366613728;1.24205086735863;0
10.18;-0.538324757855755;1.2562221508408;0
10.19;-0.525700237520568;1.26999251280941;0
10.2;-0.512939830402261;1.28335851450555;0
10.21;-0.50004759511113;1.29631684429166;0
10.22;-0.487027622798937;1.30886431842569;0
10.23;-0.473884035876618;1.32099788179571;0
10.24;-0.460620986724826;1.33271460861459;0
10.25;-0.447242656397698;1.34401170307478;0
10.26;-0.433753253320264;1.35488649996304;0
10.27;-0.420157011979884;1.36533646523482;0
10.28;-0.406458191612125;1.37535919654853;0
10.29;-0.392661074881476;1.38495242375925;0
10.3;-0.378769966557306;1.39411400937205;0
10.31;-0.364789192185475;1.40284194895475;0
10.32;-0.350723096756;1.41113437151006;0
10.33;-0.336576043367176;1.41898953980713;0
10.34;-0.322352411886573;1.42640585067235;0
10.35;-0.308056597609303;1.43338183523959;0
10.36;-0.293693009913972;1.43991615915962;0
10.37;-0.27926607091671;1.44600762276893;0
10.38;-0.264780214123712;1.45165516121786;0
10.39;-0.250239883082669;1.45685784455809;0
10.4;-0.235649530033509;1.46161487778957;0
10.41;-0.221013614558853;1.46592560086687;0
10.42;-0.206336602234591;1.46978948866512;0
10.43;-0.191622963280973;1.47320615090552;0
10.44;-0.176877171214638;1.47617533204059;0
10.45;-0.16210370150196;1.4786969110992;0
10.46;-0.147307030214131;1.48077090149153;0
10.47;-0.132491632684374;1.48239745077415;0
10.48;-0.117661982167678;1.48357684037514;0
10.49;-0.102822548503473;1.48430948527975;0
10.5;-0.0879777967816087;1.48459593367639;0
10.51;-0.0731321860120696;1.4844368665634;0
10.52;-0.0582901677987829;1.48383309731666;0
10.53;-0.0434561850179349;1.48278557121824;0
10.54;-0.0286346705011716;1.48129536494639;0
10.55;-0.0138300457240744;1.47936368602688;0
10.56;0.00095328049970648;1.47699187224624;0
10.57;0.0157109133182783;1.4741813910268;0
10.58;0.0304384731349132;1.47093383876405;0
10.59;0.0451315968946594;1.46725094012644;0
10.6;0.0597859393637831;1.46313454731792;0
10.61;0.0743971744016691;1.45858663930353;0
10.62;0.088960996224812;1.45360932099835;0
10.63;0.103473120662532;1.44820482242003;0
10.64;0.117929286404058;1.44237549780533;0
10.65;0.132325256236605;1.43612382469091;0
10.66;0.146656818274113;1.42945240295876;0
10.67;0.160919787176275;1.42236395384657;0
10.68;0.175110005357508;1.41486131892349;0
10.69;0.189223344185539;1.40694745903144;0
10.7;0.203255705169237;1.39862545319266;0
10.71;0.217203021135383;1.38989849748361;0
10.72;0.23106125739402;1.38076990387567;0
10.73;0.244826412892063;1.37124309904327;0
10.74;0.25849452135485;1.36132162313947;0
10.75;0.2720616524153;1.35100912853978;0
10.76;0.285523912730369;1.34030937855444;0
10.77;0.298877447084485;1.32922624610967;0
10.78;0.312118439479669;1.31776371239832;0
10.79;0.325243114212007;1.30592586550039;0
10.8;0.338247736934217;1.2937168989739;0
10.81;0.351128615703969;1.28114111041651;0
10.82;0.363882102017711;1.26820289999849;0
10.83;0.376504591829686;1.25490676896744;0
10.84;0.388992526555875;1.24125731812524;0
10.85;0.401342394062587;1.22725924627785;0
10.86;0.413550729639424;1.21291734865831;0
10.87;0.425614116956358;1.19823651532366;0
10.88;0.437529189004667;1.18322172952605;0
10.89;0.449292629021458;1.16787806605884;0
10.9;0.460901171397549;1.15221068957802;0
10.91;0.472351602568452;1.13622485289962;0
10.92;0.483640761888227;1.11992589527359;0
10.93;0.494765542485966;1.10331924063477;0
10.94;0.505722892104691;1.08641039583146;0
10.95;0.516509813922437;1.06920494883217;0
10.96;0.527123367355306;1.05170856691117;0
10.97;0.537560668842281;1.03392699481334;0
10.98;0.547818892611602;1.015866052899;0
10.99;0.557895271428503;0.997531635269218;0
11;0.567787097324106;0.978929707872273;0
11.01;0.577491722305315;0.960066306591805;0
11.02;0.587006559045491;0.940947535317307;0
11.03;0.596329081555773;0.921579563997538;0
11.04;0.605456825836845;0.901968626677479;0
11.05;0.614387390511007;0.882121019519459;0
11.06;0.623118437434391;0.862043098809051;0
11.07;0.63164769228916;0.841741278946375;0
11.08;0.639972945155568;0.821222030423441;0
11.09;0.648092051063725;0.80049187778814;0
11.1;0.656002930524947;0.779557397595546;0
11.11;0.663703570042566;0.758425216347133;0
11.12;0.671192022602075;0.737102008418579;0
11.13;0.678466408140508;0.715594493976765;0
11.14;0.68552491399494;0.693909436886639;0
11.15;0.692365795330013;0.672053642608571;0
11.16;0.698987375544395;0.650033956086859;0
11.17;0.70538804665609;0.627857259630023;0
11.18;0.71156626966651;0.605530470783545;0
11.19;0.717520574903247;0.583060540195703;0
11.2;0.723249562341477;0.560454449477145;0
11.21;0.728751901903927;0.537719209054866;0
11.22;0.734026333739365;0.514861856021234;0
11.23;0.739071668479557;0.491889451978719;0
11.24;0.743886787474659;0.468809080880975;0
11.25;0.748470643006997;0.445627846870942;0
11.26;0.752822258483226;0.422352872116602;0
11.27;0.756940728604837;0.398991294645056;0
11.28;0.76082521951699;0.375550266175569;0
11.29;0.764474968935692;0.352036949952237;0
11.3;0.767889286253286;0.328458518576919;0
11.31;0.771067552622283;0.304822151843092;0
11.32;0.774009221017534;0.281135034571277;0
11.33;0.776713816276773;0.257404354446666;0
11.34;0.779180935119534;0.233637299859621;0
11.35;0.781410246144507;0.209841057749664;0
11.36;0.783401489805338;0.186022811453612;0
11.37;0.785154478364934;0.162189738558484;0
11.38;0.786669095828328;0.138349008759831;0
11.39;0.787945297854143;0.114507781726105;0
11.4;0.78898311164474;0.090673204969707;0
11.41;0.789782635815102;0.066852411725336;0
11.42;0.790344040240534;0.0430525188362682;0
11.43;0.790667565883276;0.0192806246491785;0
11.44;0.790753524598093;-0.00445619308187323;0
11.45;0.79060229891695;-0.0281508792816818;0
11.46;0.790214341812879;-0.0517964036297516;0
11.47;0.789590176443126;-0.0753857626251637;0
11.48;0.788730395871708;-0.098911981639855;0
11.49;0.787635662771489;-0.122368116959713;0
11.5;0.7863067091059;-0.145747257812897;0
11.51;0.784744335790441;-0.169042528384794;0
11.52;0.782949412334092;-0.192247089819043;0
11.53;0.780922876460775;-0.215354142204028;0
11.54;0.778665733711028;-0.238356926544293;0
11.55;0.776179057024026;-0.261248726716301;0
11.56;0.773463986300121;-0.284022871407979;0
11.57;0.770521727944061;-0.306672736041496;0
11.58;0.767353554389058;-0.329191744678731;0
11.59;0.763960803601883;-0.351573371908885;0
11.6;0.760344878569164;-0.373811144717697;0
11.61;0.756507246765079;-0.39589864433775;0
11.62;0.752449439600635;-0.41782950807933;0
11.63;0.74817305185472;-0.43959743114133;0
11.64;0.743679741087148;-0.461196168401688;0
11.65;0.738971227033885;-0.48261953618686;0
11.66;0.734049290984683;-0.503861414019832;0
11.67;0.728915775143326;-0.524915746346182;0
11.68;0.72357258197072;-0.545776544237716;0
11.69;0.71802167351105;-0.566437887073204;0
11.7;0.71226507070123;-0.58689392419575;0
11.71;0.706304852663891;-0.607138876546343;0
11.72;0.700143155984139;-0.627167038273139;0
11.73;0.693782173970332;-0.646972778316028;0
11.74;0.687224155899127;-0.666550541966062;0
11.75;0.68047140624504;-0.685894852399317;0
11.76;0.673526283894794;-0.705000312184768;0
11.77;0.666391201346697;-0.723861604765774;0
11.78;0.659068623895331;-0.742473495914779;0
11.79;0.651561068801818;-0.760830835160825;0
11.8;0.643871104449925;-0.778928557189517;0
11.81;0.636001349488307;-0.796761683215039;0
11.82;0.627954471959148;-0.814325322323893;0
11.83;0.619733188413497;-0.83161467278997;0
11.84;0.611340263013582;-0.848625023360639;0
11.85;0.602778506622396;-0.865351754513497;0
11.86;0.594050775880848;-0.88179033968347;0
11.87;0.585159972272777;-0.897936346459931;0
11.88;0.576109041178136;-0.913785437753542;0
11.89;0.566900970914633;-0.929333372932518;0
11.9;0.557538791768161;-0.944576008928023;0
11.91;0.548025575012308;-0.959509301308414;0
11.92;0.538364431917267;-0.974129305322086;0
11.93;0.528558512748454;-0.988432176908626;0
11.94;0.518611005755169;-1.00241417367807;0
11.95;0.508525136149603;-1.01607165585795;0
11.96;0.498304165076512;-1.02940108720806;0
11.97;0.487951388573911;-1.04239903590245;0
11.98;0.477470136525069;-1.05506217537879;0
11.99;0.466863771602184;-1.06738728515454;0
12;0.456135688202025;-1.07937125161008;0
12.01;0.445289311373907;-1.09101106873837;0
12.02;0.434328095740314;-1.10230383886104;0
12.03;0.42325552441051;-1.11324677331087;0
12.04;0.412075107887485;-1.12383719308036;0
12.05;0.400790382968565;-1.13407252943627;0
12.06;0.389404911640022;-1.14395032450019;0
12.07;0.377922279966048;-1.15346823179471;0
12.08;0.366346096972406;-1.16262401675537;0
12.09;0.35467999352513;-1.17141555720817;0
12.1;0.34292762120459;-1.17984084381254;0
12.11;0.3310926511753;-1.18789798046971;0
12.12;0.319178773051783;-1.1955851846965;0
12.13;0.307189693760867;-1.20290078796436;0
12.14;0.295129136400733;-1.20984323600365;0
12.15;0.28300083909709;-1.21641108907323;0
12.16;0.270808553856803;-1.22260302219515;0
12.17;0.258556045419334;-1.22841782535461;0
12.18;0.246247090106337;-1.23385440366507;0
12.19;0.23388547466976;-1.23891177749864;0
12.2;0.221474995138802;-1.24358908258157;0
12.21;0.209019455666066;-1.24788557005512;0
12.22;0.196522667373266;-1.25180060650166;0
12.23;0.183988447196825;-1.25533367393613;0
12.24;0.171420616733713;-1.25848436976297;0
12.25;0.158823001087874;-1.26125240669839;0
12.26;0.146199427717585;-1.26363761265841;0
12.27;0.133553725284088;-1.26563993061239;0
12.28;0.12088972250184;-1.26725941840238;0
12.29;0.108211246990726;-1.26849624852841;0
12.3;0.0955221241305718;-1.26935070789967;0
12.31;0.0828261759182919;-1.26982319755188;0
12.32;0.0701272198280247;-1.26991423233096;0
12.33;0.0574290676745754;-1.26962444054308;0
12.34;0.0447355244805114;-1.26895456357129;0
12.35;0.0320503873472409;-1.267905455459;0
12.36;0.0193774443304051;-1.2664780824603;0
12.37;0.00672047331991624;-1.26467352255747;0
12.38;-0.00591675907503369;-1.26249296494582;0
12.39;-0.0185304986356652;-1.2599377094861;0
12.4;-0.0311170046376829;-1.25700916612462;0
12.41;-0.0436725509494045;-1.25370885428145;0
12.42;-0.0561934271236276;-1.25003840220675;0
12.43;-0.0686759394829189;-1.24599954630569;0
12.44;-0.0811164121980112;-1.24159413043202;0
12.45;-0.0935111883589963;-1.23682410515075;0
12.46;-0.105856631039006;-1.23169152696998;0
12.47;-0.118149124350077;-1.22619855754239;0
12.48;-0.130385074490887;-1.22034746283655;0
12.49;-0.14256091078608;-1.21414061227839;0
12.5;-0.154673086716866;-1.20758047786313;0
12.51;-0.166718080942609;-1.20066963323798;0
12.52;-0.178692398313115;-1.19341075275597;0
12.53;-0.190592570871325;-1.1858066105012;0
12.54;-0.202415158846136;-1.17786007928587;0
12.55;-0.214156751635068;-1.16957412961946;0
12.56;-0.225813968776494;-1.16095182865035;0
12.57;-0.237383460911168;-1.15199633908034;0
12.58;-0.248861910732777;-1.14271091805237;0
12.59;-0.260246033927248;-1.13309891601185;0
12.6;-0.271532580100552;-1.12316377554196;0
12.61;-0.282718333694749;-1.11290903017334;0
12.62;-0.293800114892014;-1.1023383031686;0
12.63;-0.304774780506391;-1.09145530628196;0
12.64;-0.315639224863043;-1.08026383849452;0
12.65;-0.326390380664736;-1.06876778472559;0
12.66;-0.337025219845341;-1.05697111452044;0
12.67;-0.347540754410098;-1.0448778807149;0
12.68;-0.357934037262435;-1.03249221807741;0
12.69;-0.368202163017092;-1.01981834192867;0
12.7;-0.378342268799363;-1.0068605467397;0
12.71;-0.388351535030204;-0.993623204708431;0
12.72;-0.398227186197023;-0.980110764315541;0
12.73;-0.407966491609932;-0.966327748859853;0
12.74;-0.417566766143267;-0.95227875497385;0
12.75;-0.427025370962171;-0.937968451119746;0
12.76;-0.436339714234053;-0.923401576066617;0
12.77;-0.445507251824739;-0.908582937349069;0
12.78;-0.454525487979119;-0.893517409707944;0
12.79;-0.463391975986135;-0.878209933513559;0
12.8;-0.472104318827915;-0.862665513171987;0
12.81;-0.480660169812896;-0.846889215514872;0
12.82;-0.489057233192778;-0.830886168173309;0
12.83;-0.497293264763142;-0.814661557936284;0
12.84;-0.50536607244759;-0.79822062909421;0
12.85;-0.513273516865247;-0.781568681768072;0
12.86;-0.521013511881503;-0.764711070224699;0
12.87;-0.528584025141835;-0.747653201178715;0
12.88;-0.5359830785886;-0.730400532081673;0
12.89;-0.543208748960658;-0.712958569398931;0
12.9;-0.550259168275716;-0.695332866874792;0
12.91;-0.557132524295266;-0.677529023786451;0
12.92;-0.563827060972018;-0.659552683187302;0
12.93;-0.57034107887972;-0.641409530140131;0
12.94;-0.576672935625266;-0.623105289940764;0
12.95;-0.582821046242998;-0.604645726332699;0
12.96;-0.588783883571121;-0.586036639713285;0
12.97;-0.594559978610136;-0.567283865331997;0
12.98;-0.600147920863228;-0.548393271481359;0
12.99;-0.605546358658531;-0.529370757681072;0
13;-0.610753999453203;-0.510222252855902;0
13.01;-0.615769610119259;-0.490953713507883;0
13.02;-0.620592017211098;-0.471571121883401;0
13.03;-0.625220107214679;-0.452080484135703;0
13.04;-0.629652826778313;-0.432487828483405;0
13.05;-0.633889182925007;-0.412799203365541;0
13.06;-0.637928243246365;-0.393020675593738;0
13.07;-0.641769136077982;-0.373158328502038;0
13.08;-0.645411050656342;-0.353218260094967;0
13.09;-0.648853237257179;-0.333206581194374;0
13.1;-0.652095007315312;-0.313129413585625;0
13.11;-0.655135733525936;-0.292992888163686;0
13.12;-0.657974849927378;-0.272803143079672;0
13.13;-0.660611851965318;-0.252566321888394;0
13.14;-0.663046296538501;-0.232288571697482;0
13.15;-0.665277802025938;-0.211976041318619;0
13.16;-0.667306048295643;-0.191634879421438;0
13.17;-0.669130776694908;-0.171271232690641;0
13.18;-0.670751790022184;-0.150891243986876;0
13.19;-0.672168952480573;-0.130501050511922;0
13.2;-0.673382189613004;-0.110106781978725;0
13.21;-0.674391488219125;-0.0897145587868238;0
13.22;-0.675196896253987;-0.0693304902037002;0
13.23;-0.675798522708557;-0.0489606725525969;0
13.24;-0.676196537472148;-0.028611187407326;0
13.25;-0.676391171176829;-0.00828809979460353;0
13.26;-0.676382715023894;0.0120025435955671;0
13.27;-0.676171520592475;0.0322547161909392;0
13.28;-0.675757999630377;0.052462413308975;0
13.29;-0.675142623827248;0.0726196539191911;0
13.3;-0.674325924570164;0.0927204823953853;0
13.31;-0.673308492681736;0.112758970257236;0
13.32;-0.67209097814086;0.132729217900772;0
13.33;-0.670674089786206;0.152625356317212;0
13.34;-0.669058595002575;0.172441548799677;0
13.35;-0.667245319390247;0.19217199263729;0
13.36;-0.665235146417449;0.211810920796171;0
13.37;-0.663029017056061;0.231352603586846;0
13.38;-0.660627929400732;0.250791350317607;0
13.39;-0.658032938271505;0.27012151093332;0
13.4;-0.655245154800138;0.28933747763926;0
13.41;-0.652265746000246;0.308433686509465;0
13.42;-0.649095934321437;0.32740461907919;0
13.43;-0.645736997187589;0.346244803920992;0
13.44;-0.642190266519453;0.364948818204004;0
13.45;-0.638457128241727;0.383511289235965;0
13.46;-0.634539021774799;0.401926895987571;0
13.47;-0.630437439511325;0.420190370598713;0
13.48;-0.626153926277824;0.438296499866198;0
13.49;-0.621690078781486;0.456240126712522;0
13.5;-0.617047545042376;0.474016151635297;0
13.51;-0.612228023811232;0.491619534136927;0
13.52;-0.607233263973059;0.509045294134141;0
13.53;-0.602065063936714;0.526288513346993;0
13.54;-0.596725271010706;0.543344336666948;0
13.55;-0.591215780765397;0.56020797350368;0
13.56;-0.585538536381843;0.57687469911022;0
13.57;-0.579695527987475;0.593339855886082;0
13.58;-0.573688791978855;0.609598854658023;0
13.59;-0.567520410331721;0.6256471759381;0
13.6;-0.561192509898558;0.641480371158658;0
13.61;-0.554707261693925;0.657094063883954;0
13.62;-0.548066880167769;0.672483950998065;0
13.63;-0.54127362246697;0.68764580386878;0
13.64;-0.534329787685354;0.702575469487164;0
13.65;-0.527237716102425;0.717268871582496;0
13.66;-0.519999788411058;0.731722011712284;0
13.67;-0.512618424934398;0.74593097032708;0
13.68;-0.505096084832239;0.759891907809817;0
13.69;-0.497435265297114;0.773601065489393;0
13.7;-0.489638500740368;0.787054766628256;0
13.71;-0.481708361968479;0.800249417383728;0
13.72;-0.473647455349877;0.813181507742826;0
13.73;-0.465458421972541;0.825847612430351;0
13.74;-0.45714393679263;0.838244391790014;0
13.75;-0.448706707774436;0.850368592638383;0
13.76;-0.440149475021905;0.862217049091438;0
13.77;-0.431475009902028;0.873786683363542;0
13.78;-0.422686114160365;0.885074506538627;0
13.79;-0.413785619028983;0.896077619313414;0
13.8;-0.40477638432708;0.906793212712495;0
13.81;-0.3956612975546;0.917218568775113;0
13.82;-0.386443272979098;0.927351061213467;0
13.83;-0.37712525071615;0.937188156042424;0
13.84;-0.367710195803604;0.946727412180462;0
13.85;-0.358201097269941;0.955966482021743;0
13.86;-0.348600967197053;0.964903111979174;0
13.87;-0.338912839777715;0.973535142998366;0
13.88;-0.32913977036806;0.981860511042351;0
13.89;-0.319284834535322;0.989877247547004;0
13.9;-0.309351127101174;0.99758347984705;0
13.91;-0.299341761180925;1.0049774315726;0
13.92;-0.289259867218895;1.01205742301612;0
13.93;-0.279108592020244;1.01882187146986;0
13.94;-0.268891097779571;1.0252692915335;0
13.95;-0.258610561106557;1.03139829539224;0
13.96;-0.248270172048974;1.03720759306507;0
13.97;-0.237873133113335;1.0426959926233;0
13.98;-0.2274226582835;1.04786240037937;0
13.99;-0.216921972037521;1.0527058210458;0
14;-0.206374308363039;1.05722535786446;0
14.01;-0.195782909771515;1.06142021270603;0
14.02;-0.185151026311607;1.06528968613974;0
14.03;-0.174481914581975;1.0688331774734;0
14.04;-0.163778836743829;1.07205018476375;0
14.05;-0.1530450595335;1.07494030479725;0
14.06;-0.142283853275338;1.07750323304119;0
14.07;-0.131498490895229;1.07973876356547;0
14.08;-0.120692246935037;1.08164678893478;0
14.09;-0.10986839656824;1.08322730007157;0
14.1;-0.0990302146170836;1.08448038608972;0
14.11;-0.0881809745715174;1.08540623409907;0
14.12;-0.0773239476102254;1.0860051289809;0
14.13;-0.0664624016240263;1.0862774531345;0
14.14;-0.05559960024194;1.08622368619494;0
14.15;-0.0447388018602057;1.08584440472219;0
14.16;-0.0338832586745364;1.08514028186169;0
14.17;-0.023036215715896;1.08411208697658;0
14.18;-0.0122009098900809;1.08276068525171;0
14.19;-0.00138056902138832;1.08108703726961;0
14.2;0.00942158909935018;1.07909219855856;0
14.21;0.0202023576620907;1.07677731911305;0
14.22;0.0309585417799797;1.07414364288665;0
14.23;0.041686959426563;1.07119250725769;0
14.24;0.0523844423675285;1.06792534246775;0
14.25;0.0630478370867136;1.06434367103338;0
14.26;0.0736740057061094;1.06044910713106;0
14.27;0.0842598268995952;1.05624335595585;0
14.28;0.0948021968001422;1.0517282130538;0
14.29;0.105298029900223;1.04690556362842;0
14.3;0.115744259945171;1.04177738182146;0
14.31;0.126137840819235;1.03634572996835;0
14.32;0.136475747424068;1.03061275782833;0
14.33;0.146754976549415;1.02458070178987;0
14.34;0.156972547735735;1.01825188405135;0
14.35;0.167125504128527;1.01162871177748;0
14.36;0.177210913324104;1.00471367623171;0
14.37;0.187225868206594;0.997509351884931;0
14.38;0.197167487775915;0.990018395500692;0
14.39;0.207032917966501;0.982243545197421;0
14.4;0.216819332456545;0.974187619487799;0
14.41;0.226523933467538;0.965853516295719;0
14.42;0.236143952553876;0.957244211951115;0
14.43;0.245676651382316;0.94836276016303;0
14.44;0.255119322501066;0.939212290971237;0
14.45;0.264469290098301;0.929796009676795;0
14.46;0.273723910749883;0.920117195751877;0
14.47;0.282880574156092;0.910179201729234;0
14.48;0.291936703867164;0.899985452071677;0
14.49;0.300889757997427;0.88953944202193;0
14.5;0.309737229927859;0.878844736433246;0
14.51;0.318476648996855;0.867904968581175;0
14.52;0.327105581179042;0.856723838956847;0
14.53;0.335621629751934;0.845305114042195;0
14.54;0.344022435950263;0.833652625067495;0
14.55;0.35230567960781;0.821770266751633;0
14.56;0.360469079786558;0.809661996025507;0
14.57;0.368510395393008;0.797331830738974;0
14.58;0.376427425781491;0.784783848351756;0
14.59;0.384218011344318;0.772022184608729;0
14.6;0.391880034088612;0.759051032200022;0
14.61;0.39941141819968;0.745874639406337;0
14.62;0.406810130590769;0.732497308729945;0
14.63;0.414074181439066;0.718923395511776;0
14.64;0.42120162470782;0.705157306535047;0
14.65;0.428190558654424;0.691203498615873;0
14.66;0.435039126324361;0.677066477181294;0
14.67;0.441745516030869;0.662750794835185;0
14.68;0.44830796182021;0.648261049912483;0
14.69;0.454724743922436;0.633601885022188;0
14.7;0.460994189187535;0.618777985579604;0
14.71;0.467114671506845;0.603794078328266;0
14.72;0.473084612219653;0.588654929852015;0
14.73;0.47890248050487;0.573365345077698;0
14.74;0.484566793757683;0.557930165768941;0
14.75;0.49007611795112;0.542354269011465;0
14.76;0.495429067982422;0.526642565690425;0
14.77;0.500624308004161;0.510799998960231;0
14.78;0.505660551740015;0.494831542707323;0
14.79;0.510536562785151;0.478742200006381;0
14.8;0.515251154891136;0.462537001570433;0
14.81;0.519803192235328;0.446221004195346;0
14.82;0.524191589674679;0.429799289199173;0
14.83;0.528415312983924;0.413276960856826;0
14.84;0.532473379078085;0.396659144830562;0
14.85;0.536364856219269;0.379950986596752;0
14.86;0.540088864207719;0.363157649869422;0
14.87;0.543644574557085;0.346284315021026;0
14.88;0.547031210653893;0.329336177500947;0
14.89;0.550248047901191;0.312318446252193;0
14.9;0.553294413846355;0.295236342126772;0
14.91;0.556169688293045;0.278095096300219;0
14.92;0.558873303397306;0.260899948685751;0
14.93;0.561404743747804;0.243656146348536;0
14.94;0.563763546430218;0.226368941920534;0
14.95;0.565949301075772;0.209043592016399;0
14.96;0.567961649893945;0.19168535565091;0
14.97;0.569800287689352;0.174299492658399;0
14.98;0.571464961862841;0.156891262114655;0
14.99;0.572955472396811;0.139465920761761;0
15;0.574271671824807;0.122028721436344;0
15.01;0.575413465185399;0.104584911501693;0
15.02;0.576380809960413;0.0871397312842154;0
15.03;0.577173715997541;0.069698412514685;0
15.04;0.577792245417394;0.0522661767747521;0
15.05;0.578236512505035;0.034848233949161;0
15.06;0.578506683586071;0.017449780684136;0
15.07;0.578602976887356;7.59988523847783e-05;0
15.08;0.57852566238237;-0.0172679459748316;0
15.09;0.578275061621357;-0.034576906048116;0
15.1;0.577851547546299;-0.051845752952397;0
15.11;0.577255544290789;-0.0690693791109962;0
15.12;0.576487526964919;-0.0862426992808629;0
15.13;0.575548021425242;-0.103360652038546;0
15.14;0.574437604029931;-0.120418201256469;0
15.15;0.573156901379207;-0.137410337569089;0
15.16;0.571706590041168;-0.15433207982851;0
15.17;0.570087396263094;-0.171178476549137;0
15.18;0.568300095668371;-0.187944607340958;0
15.19;0.566345512939125;-0.204625584331038;0
15.2;0.564224521484699;-0.221216553572824;0
15.21;0.561938043096097;-0.237712696442858;0
15.22;0.559487047586512;-0.254109231024503;0
15.23;0.55687255241808;-0.270401413478284;0
15.24;0.554095622314995;-0.28658453939846;0
15.25;0.551157368863116;-0.302653945155452;0
15.26;0.54805895009622;-0.318605009223724;0
15.27;0.544801570069038;-0.334433153494782;0
15.28;0.541386478417237;-0.35013384457488;0
15.29;0.537814969904482;-0.365702595067111;0
15.3;0.534088383956767;-0.381134964837492;0
15.31;0.53020810418414;-0.396426562264714;0
15.32;0.526175557890016;-0.4115730454732;0
15.33;0.521992215568235;-0.426570123549129;0
15.34;0.517659590388037;-0.441413557739099;0
15.35;0.513179237667124;-0.456099162631087;0
15.36;0.508552754333;-0.470622807317398;0
15.37;0.503781778372765;-0.484980416539272;0
15.38;0.49886798827154;-0.499167971812841;0
15.39;0.493813102439721;-0.513181512536138;0
15.4;0.488618878629249;-0.527017137076846;0
15.41;0.483287113339093;-0.540671003840507;0
15.42;0.477819641210132;-0.554139332318892;0
15.43;0.472218334409655;-0.567418404118262;0
15.44;0.466485102005659;-0.580504563967242;0
15.45;0.460621889331169;-0.59339422070404;0
15.46;0.454630677338774;-0.606083848242753;0
15.47;0.448513481945598;-0.618569986518501;0
15.48;0.442272353368917;-0.630849242411155;0
15.49;0.43590937545263;-0.642918290647398;0
15.5;0.429426664984818;-0.654773874680911;0
15.51;0.42282637100659;-0.666412807550433;0
15.52;0.416110674112453;-0.677831972715493;0
15.53;0.40928178574243;-0.689028324869598;0
15.54;0.402341947466138;-0.699998890730665;0
15.55;0.395293430259079;-0.710740769808511;0
15.56;0.388138533771345;-0.721251135149196;0
15.57;0.380879585588997;-0.731527234056051;0
15.58;0.37351894048833;-0.741566388787201;0
15.59;0.366058979683277;-0.751365997229427;0
15.6;0.358502110066174;-0.760923533548192;0
15.61;0.350850763442139;-0.770236548813693;0
15.62;0.343107395757292;-0.779302671602777;0
15.63;0.335274486321075;-0.788119608576591;0
15.64;0.327354537022893;-0.796685145033837;0
15.65;0.319350071543344;-0.804997145439494;0
15.66;0.311263634560265;-0.813053553928912;0
15.67;0.303097790949849;-0.820852394787149;0
15.68;0.294855124983086;-0.828391772903463;0
15.69;0.286538239517766;-0.835669874200856;0
15.7;0.278149755186299;-0.842684966040599;0
15.71;0.269692309579605;-0.849435397601635;0
15.72;0.261168556427324;-0.855919600234818;0
15.73;0.252581164774595;-0.862136087791906;0
15.74;0.243932818155656;-0.868083456929253;0
15.75;0.23522621376453;-0.873760387386166;0
15.76;0.226464061623034;-0.879165642237875;0
15.77;0.217649083746371;-0.884298068123086;0
15.78;0.20878401330657;-0.889156595446095;0
15.79;0.199871593794014;-0.893740238553446;0
15.8;0.190914578177311;-0.89804809588512;0
15.81;0.181915728061778;-0.902079350100262;0
15.82;0.172877812846774;-0.905833268177441;0
15.83;0.163803608882152;-0.90930920148946;0
15.84;0.15469589862407;-0.912506585852749;0
15.85;0.145557469790423;-0.915424941551351;0
15.86;0.136391114516163;-0.918063873335549;0
15.87;0.127199628508721;-0.920423070395179;0
15.88;0.117985810203839;-0.922502306307674;0
15.89;0.108752459922009;-0.924301438960903;0
15.9;0.0995023790258158;-0.925820410450868;0
15.91;0.090238369078403;-0.927059246954333;0
15.92;0.0809632310033343;-0.928018058576475;0
15.93;0.0716797642460846;-0.928697039173631;0
15.94;0.0623907659374174;-0.929096466151248;0
15.95;0.053099030058894;-0.929216700237132;0
15.96;0.0438073466107604;-0.929058185230116;0
15.97;0.0345185007824585;-0.928621447724252;0
15.98;0.0252352721260038;-0.927907096808662;0
15.99;0.0159604337324751;-0.926915823743179;0
16;0.0066967514118553;-0.925648401609904;0
16.01;-0.00255301712353536;-0.924105684940847;0
16.02;-0.0117861230717753;-0.922288609321783;0
16.03;-0.0209998273500097;-0.920198190972495;0
16.04;-0.0301914013988155;-0.917835526303574;0
16.05;-0.0393581279820293;-0.915201791449929;0
16.06;-0.0484973019818067;-0.912298241781216;0
16.07;-0.057606231188682;-0.909126211389343;0
16.08;-0.0666822370864013;-0.905687112553269;0
16.09;-0.0757226556313016;-0.90198243518128;0
16.1;-0.0847248380260121;-0.89801374623095;0
16.11;-0.0936861514872562;-0.893782689107014;0
16.12;-0.102603980007532;-0.889290983037349;0
16.13;-0.111475725110457;-0.884540422427299;0
16.14;-0.120298806599557;-0.879532876192586;0
16.15;-0.129070663300293;-0.874270287071016;0
16.16;-0.137788753795104;-0.868754670913254;0
16.17;-0.146450557151268;-0.862988115952889;0
16.18;-0.155053573641377;-0.856972782056068;0
16.19;-0.163595325456204;-0.850710899950934;0
16.2;-0.172073357409786;-0.844204770437159;0
16.21;-0.180485237636512;-0.837456763575822;0
16.22;-0.188828558280013;-0.830469317859923;0
16.23;-0.197100936173687;-0.823244939365806;0
16.24;-0.20530001351264;-0.815786200885783;0
16.25;-0.213423458516873;-0.808095741042252;0
16.26;-0.221468966085532;-0.800176263383597;0
16.27;-0.229434258442035;-0.792030535462191;0
16.28;-0.237317085769892;-0.783661387894787;0
16.29;-0.245115226839063;-0.775071713405626;0
16.3;-0.252826489622662;-0.76626446585257;0
16.31;-0.260448711903849;-0.757242659236584;0
16.32;-0.267979761872744;-0.748009366694891;0
16.33;-0.275417538713202;-0.738567719478131;0
16.34;-0.28275997317928;-0.728920905911857;0
16.35;-0.290005028161267;-0.719072170342711;0
16.36;-0.297150699241087;-0.709024812069615;0
16.37;-0.304195015236964;-0.698782184260323;0
16.38;-0.311136038737182;-0.688347692853694;0
16.39;-0.317971866622802;-0.677724795448033;0
16.4;-0.324700630579208;-0.666917000175845;0
16.41;-0.331320497596333;-0.655927864565395;0
16.42;-0.337829670457449;-0.644760994389398;0
16.43;-0.344226388216381;-0.63342004250124;0
16.44;-0.350508926663036;-0.621908707659077;0
16.45;-0.356675598777115;-0.610230733338201;0
16.46;-0.362724755169896;-0.598389906532038;0
16.47;-0.36865478451398;-0.586390056542167;0
16.48;-0.374464113960891;-0.574235053757728;0
16.49;-0.380151209546418;-0.561928808424622;0
16.5;-0.385714576583609;-0.549475269404867;0
16.51;-0.391152760043316;-0.536878422926523;0
16.52;-0.396464344922193;-0.524142291324554;0
16.53;-0.40164795659807;-0.511270931773038;0
16.54;-0.406702261172608;-0.498268435009106;0
16.55;-0.411625965801157;-0.485138924049022;0
16.56;-0.416417819009743;-0.471886552896783;0
16.57;-0.421076610999108;-0.45851550524566;0
16.58;-0.425601173935735;-0.445029993173063;0
16.59;-0.429990382229793;-0.431434255829143;0
16.6;-0.434243152799939;-0.417732558119537;0
16.61;-0.43835844532493;-0.403929189382649;0
16.62;-0.442335262481976;-0.390028462061885;0
16.63;-0.446172650171798;-0.376034710373243;0
16.64;-0.449869697730344;-0.361952288968668;0
16.65;-0.453425538127117;-0.347785571595575;0
16.66;-0.45683934815009;-0.333538949752953;0
16.67;-0.460110348577154;-0.31921683134446;0
16.68;-0.463237804334104;-0.304823639328912;0
16.69;-0.4662210246391;-0.290363810368582;0
16.7;-0.469059363133622;-0.275841793475707;0
16.71;-0.471752217999863;-0.261262048657633;0
16.72;-0.474299032064589;-0.246629045560974;0
16.73;-0.476699292889424;-0.231947262115231;0
16.74;-0.478952532847573;-0.217221183176243;0
16.75;-0.481058329186984;-0.202455299169907;0
16.76;-0.483016304079947;-0.187654104736545;0
16.77;-0.484826124659141;-0.172822097376352;0
16.78;-0.486487503040145;-0.157963776096304;0
16.79;-0.48800019633042;-0.143083640058947;0
16.8;-0.489364006624794;-0.128186187233455;0
16.81;-0.490578780987469;-0.113275913049368;0
16.82;-0.491644411420575;-0.0983573090534089;0
16.83;-0.492560834819313;-0.0834348615697631;0
16.84;-0.493328032913712;-0.0685130503642349;0
16.85;-0.493946032197053;-0.0535963473126611;0
16.86;-0.49441490384099;-0.0386892150739802;0
16.87;-0.494734763597431;-0.023796105768344;0
16.88;-0.494905771687221;-0.00892145966066063;0
16.89;-0.494928132675686;0.00593029615004593;0
16.9;-0.4948020953351;0.0207547490350777;0
16.91;-0.494527952494132;0.0355475021339245;0
16.92;-0.494106040874357;0.0503041756451689;0
16.93;-0.493536740913875;0.0650204081100586;0
16.94;-0.49282047657814;0.0796918576883742;0
16.95;-0.491957715158061;0.0943142034262241;0
16.96;-0.490948967055469;0.108883146515398;0
16.97;-0.489794785556019;0.123394411543922;0
16.98;-0.488495766589638;0.13784374773744;0
16.99;-0.487052548478595;0.152226930191095;0
17;-0.485465811673302;0.166539761091517;0
17.01;-0.483736278475933;0.180778070928609;0
17.02;-0.481864712751981;0.194937719696749;0
17.03;-0.479851919629846;0.209014598085099;0
17.04;-0.477698745188571;0.223004628656657;0
17.05;-0.475406076133843;0.236903767015728;0
17.06;-0.472974839462366;0.250708002963493;0
17.07;-0.470406002114741;0.26441336164133;0
17.08;-0.467700570616966;0.278015904661583;0
17.09;-0.464859590710677;0.291511731225453;0
17.1;-0.461884146972286;0.304896979227704;0
17.11;-0.458775362421123;0.318167826347862;0
17.12;-0.45553439811672;0.331320491127624;0
17.13;-0.452162452745404;0.344351234034159;0
17.14;-0.448660762196303;0.357256358509016;0
17.15;-0.445030599126937;0.370032212002347;0
17.16;-0.441273272518535;0.382675186992165;0
17.17;-0.437390127221225;0.395181721988341;0
17.18;-0.433382543489252;0.407548302521091;0
17.19;-0.429251936506386;0.419771462113661;0
17.2;-0.424999755901677;0.431847783238954;0
17.21;-0.420627485255706;0.443773898259843;0
17.22;-0.416136641597521;0.45554649035291;0
17.23;-0.411528774892401;0.467162294415368;0
17.24;-0.406805467520635;0.478618097954919;0
17.25;-0.401968333747471;0.489910741962308;0
17.26;-0.39701901918443;0.501037121766358;0
17.27;-0.391959200242135;0.511994187871231;0
17.28;-0.386790583574864;0.52277894677572;0
17.29;-0.381514905516975;0.53338846177435;0
17.3;-0.376133931511421;0.543819853740066;0
17.31;-0.370649455530503;0.554070301888331;0
17.32;-0.365063299489081;0.564137044522409;0
17.33;-0.359377312650411;0.574017379759663;0
17.34;-0.353593371024803;0.583708666238668;0
17.35;-0.347713376761301;0.593208323806978;0
17.36;-0.341739257532572;0.602513834189346;0
17.37;-0.335672965913193;0.611622741636268;0
17.38;-0.329516478751552;0.62053265355265;0
17.39;-0.323271796535551;0.629241241106473;0
17.4;-0.316940942752303;0.637746239817304;0
17.41;-0.310525963242049;0.646045450124489;0
17.42;-0.304028925546477;0.654136737934926;0
17.43;-0.297451918251655;0.662018035150262;0
17.44;-0.290797050325786;0.669687340173403;0
17.45;-0.284066450451998;0.677142718394223;0
17.46;-0.27726226635636;0.684382302654352;0
17.47;-0.270386664131354;0.691404293690951;0
17.48;-0.263441827554998;0.69820696055937;0
17.49;-0.256429957405838;0.704788641034598;0
17.5;-0.24935327077403;0.71114774199143;0
17.51;-0.242214000368702;0.71728273976326;0
17.52;-0.235014393821838;0.723192180479442;0
17.53;-0.227756712988876;0.728874680381145;0
17.54;-0.220443233246249;0.734328926115649;0
17.55;-0.213076242786078;0.739553675009037;0
17.56;-0.205658041908238;0.74454775531722;0
17.57;-0.198190942310008;0.749310066455276;0
17.58;-0.190677266373528;0.753839579205067;0
17.59;-0.183119346451279;0.758135335901095;0
17.6;-0.175519524149795;0.762196450594605;0
17.61;-0.167880149611841;0.766022109195891;0
17.62;-0.160203580797264;0.769611569594835;0
17.63;-0.152492182762729;0.772964161759646;0
17.64;-0.144748326940575;0.776079287813836;0
17.65;-0.136974390416997;0.778956422091424;0
17.66;-0.129172755209768;0.781595111170405;0
17.67;-0.121345807545735;0.783994973884507;0
17.68;-0.11349593713828;0.786155701313264;0
17.69;-0.105625536464992;0.788077056750451;0
17.7;-0.0977370000457473;0.789758875650928;0
17.71;-0.0898327237214108;0.791201065555941;0
17.72;-0.0819151039333924;0.792403605996948;0
17.73;-0.0739865370042549;0.793366548378025;0
17.74;-0.0660494184195949;0.794090015836933;0
17.75;-0.05810614211141;0.794574203084918;0
17.76;-0.0501590997431626;0.794819376225334;0
17.77;-0.0422106799967523;0.794825872551179;0
17.78;-0.034263267861608;0.794594100321632;0
17.79;-0.0263192439261082;0.794124538517707;0
17.8;-0.0183809836715392;0.793417736577127;0
17.81;-0.0104508567687961;0.792474314108534;0
17.82;-0.00253122637803634;0.791294960585151;0
17.83;0.0053755515485134;0.78988043501803;0
17.84;0.0132671289603901;0.788231565609024;0
17.85;0.0211411663991667;0.786349249383602;0
17.86;0.0289953336849624;0.784234451803677;0
17.87;0.0368273105989921;0.781888206360574;0
17.88;0.0446347875619559;0.779311614148312;0
17.89;0.0524154663080744;0.776505843417354;0
17.9;0.0601670605545736;0.773472129108993;0
17.91;0.0678872966664275;0.77021177237054;0
17.92;0.0755739143161662;0.766726140051512;0
17.93;0.0832246671385622;0.763016664180979;0
17.94;0.0908373233800052;0.759084841426282;0
17.95;0.0984096665423807;0.754932232533293;0
17.96;0.10593949602127;0.750560461748439;0
17.97;0.113424627738288;0.74597121622268;0
17.98;0.120862894767381;0.741166245397655;0
17.99;0.128252147954906;0.736147360374214;0
18;0.135590256533318;0.730916433263545;0
18.01;0.14287510872829;0.725475396521136;0
18.02;0.150104612359096;0.71982624226379;0
18.03;0.157276695432088;0.713971021569926;0
18.04;0.164389306727106;0.707911843763413;0
18.05;0.171440416376648;0.701650875681173;0
18.06;0.178428016437646;0.695190340924803;0
18.07;0.185350121455686;0.688532519096469;0
18.08;0.192204769021523;0.681679745019321;0
18.09;0.198990020319718;0.674634407942703;0
18.1;0.205703960669279;0.667398950732406;0
18.11;0.21234470005612;0.659975869046248;0
18.12;0.218910373657218;0.65236771049524;0
18.13;0.225399142356326;0.644577073790623;0
18.14;0.231809193251075;0.636606607877054;0
18.15;0.238138740151366;0.628459011052218;0
18.16;0.244386024068886;0.620137030073171;0
18.17;0.250549313697635;0.611643459249677;0
18.18;0.25662690588532;0.602981139524864;0
18.19;0.262617126095514;0.594152957543469;0
18.2;0.26851832886043;0.585161844707992;0
18.21;0.274328898224208;0.576010776223054;0
18.22;0.280047248176595;0.566702770128266;0
18.23;0.2856718230769;0.557240886319923;0
18.24;0.291201098068121;0.547628225561826;0
18.25;0.296633579481125;0.537867928485561;0
18.26;0.301967805228794;0.527963174580541;0
18.27;0.307202345190022;0.517917181174139;0
18.28;0.312335801583467;0.507733202402226;0
18.29;0.317366809330968;0.49741452817045;0
18.3;0.322294036410542;0.486964483106577;0
18.31;0.327116184198852;0.476386425504221;0
18.32;0.331831987803085;0.465683746258299;0
18.33;0.336440216382146;0.454859867792549;0
18.34;0.34093967345709;0.443918242979427;0
18.35;0.345329197210722;0.43286235405275;0
18.36;0.349607660776294;0.421695711513388;0
18.37;0.353773972515225;0.410421853028383;0
18.38;0.357827076283784;0.399044342323796;0
18.39;0.36176595168868;0.387566768071665;0
18.4;0.365589614331491;0.375992742771383;0
18.41;0.369297116041882;0.364325901625865;0
18.42;0.372887545099568;0.352569901412837;0
18.43;0.376360026444966;0.340728419351598;0
18.44;0.379713721878493;0.328805151965605;0
18.45;0.382947830248478;0.316803813941222;0
18.46;0.386061587627639;0.304728136982986;0
18.47;0.389054267478107;0.292581868665745;0
18.48;0.391925180804949;0.280368771284004;0
18.49;0.394673676298177;0.268092620698842;0
18.5;0.397299140463223;0.255757205182738;0
18.51;0.399800997739839;0.243366324262672;0
18.52;0.40217871060944;0.230923787561824;0
18.53;0.404431779690844;0.218433413640259;0
18.54;0.406559743824422;0.205899028834906;0
18.55;0.408562180144647;0.193324466099209;0
18.56;0.410438704141037;0.180713563842791;0
18.57;0.412188969707493;0.168070164771469;0
18.58;0.41381266918005;0.15539811472798;0
18.59;0.415309533363026;0.142701261533759;0
18.6;0.416679331543609;0.129983453832114;0
18.61;0.417921871494871;0.117248539933138;0
18.62;0.419036999467246;0.104500366660718;0
18.63;0.420024600168492;0.0917427782019544;0
18.64;0.420884596732151;0.0789796149593651;0
18.65;0.421616950674553;0.0662147124061846;0
18.66;0.422221661840381;0.0534518999451141;0
18.67;0.422698768336849;0.0406949997708506;0
18.68;0.423048346456511;0.0279478257367325;0
18.69;0.423270510588771;0.0152141822258329;0
18.7;0.423365413120113;0.00249786302683212;0
18.71;0.423333244323118;-0.0101973497850019;0
18.72;0.423174232234315;-0.0228676869613988;0
18.73;0.422888642520921;-0.0355093931889124;0
18.74;0.422476778336528;-0.0481187281906656;0
18.75;0.421938980165805;-0.0606919678216948;0
18.76;0.421275625658274;-0.0732254051575761;0
18.77;0.42048712945123;-0.0857153515760184;0
18.78;0.419573942981881;-0.0981581378311109;0
18.79;0.418536554288777;-0.110550115119917;0
18.8;0.417375487802609;-0.122887656141106;0
18.81;0.416091304126463;-0.135167156145321;0
18.82;0.414684599805601;-0.147385033976981;0
18.83;0.413156007086869;-0.159537733107219;0
18.84;0.411506193667815;-0.171621722657665;0
18.85;0.409735862435613;-0.183633498414778;0
18.86;0.407845751195884;-0.195569583834444;0
18.87;0.405836632391517;-0.20742653103655;0
18.88;0.403709312811596;-0.21920092178926;0
18.89;0.401464633290519;-0.230889368482709;0
18.9;0.399103468397445;-0.242488515091848;0
18.91;0.396626726116147;-0.253995038128159;0
18.92;0.394035347515409;-0.265405647579993;0
18.93;0.391330306410068;-0.276717087841243;0
18.94;0.388512609012823;-0.287926138628118;0
18.95;0.38558329357693;-0.299029615883748;0
18.96;0.38254343002991;-0.310024372670378;0
18.97;0.379394119598387;-0.320907300048899;0
18.98;0.376136494424192;-0.331675327945478;0
18.99;0.37277171717186;-0.342325426005047;0
19;0.369300980627647;-0.352854604431425;0
19.01;0.365725507290214;-0.363259914813825;0
19.02;0.362046548953102;-0.373538450939554;0
19.03;0.358265386279149;-0.383687349592646;0
19.04;0.354383328366977;-0.393703791338251;0
19.05;0.350401712309707;-0.40358500129254;0
19.06;0.346321902746035;-0.413328249877943;0
19.07;0.34214529140383;-0.422930853563494;0
19.08;0.337873296636389;-0.432390175590116;0
19.09;0.333507362951509;-0.441703626680627;0
19.1;0.329048960533532;-0.4508686657343;0
19.11;0.324499584758514;-0.459882800505785;0
19.12;0.319860755702669;-0.468743588268217;0
19.13;0.315134017644261;-0.477448636460346;0
19.14;0.3103209385591;-0.485995603317512;0
19.15;0.305423109609787;-0.494382198486313;0
19.16;0.300442144628905;-0.502606183622803;0
19.17;0.295379679596288;-0.510665372974069;0
19.18;0.290237372110558;-0.518557633943052;0
19.19;0.285016900855083;-0.526280887636454;0
19.2;0.279719965058542;-0.533833109395611;0
19.21;0.274348283950249;-0.541212329310192;0
19.22;0.268903596210421;-0.54841663271461;0
19.23;0.263387659415564;-0.555444160667011;0
19.24;0.257802249479142;-0.562293110410743;0
19.25;0.252149160087712;-0.56896173581819;0
19.26;0.246430202132706;-0.57544834781686;0
19.27;0.240647203138023;-0.581751314797648;0
19.28;0.234802006683627;-0.587869063005162;0
19.29;0.228896471825318;-0.593800076910049;0
19.3;0.222932472510863;-0.599542899563213;0
19.31;0.216911896992667;-0.605096132931874;0
19.32;0.210836647237164;-0.610458438217382;0
19.33;0.204708638331111;-0.615628536154738;0
19.34;0.198529797884974;-0.620605207293741;0
19.35;0.192302065433581;-0.625387292261735;0
19.36;0.186027391834233;-0.629973692007887;0
19.37;0.179707738662453;-0.634363368028967;0
19.38;0.173345077605562;-0.638555342576586;0
19.39;0.166941389854268;-0.642548698845874;0
19.4;0.16049866549245;-0.646342581145555;0
19.41;0.154018902885322;-0.649936195049419;0
19.42;0.147504108066173;-0.653328807529163;0
19.43;0.140956294121858;-0.656519747068601;0
19.44;0.134377480577228;-0.659508403759243;0
19.45;0.127769692778696;-0.662294229377232;0
19.46;0.121134961277109;-0.664876737441668;0
19.47;0.114475321210126;-0.667255503254323;0
19.48;0.107792811684284;-0.669430163920756;0
19.49;0.101089475156926;-0.671400418352885;0
19.5;0.0943673568182008;-0.673166027253006;0
19.51;0.0876285039732966;-0.674726813079337;0
19.52;0.080874965425104;-0.676082659993094;0
19.53;0.0741087908574925;-0.677233513787169;0
19.54;0.0673320302193824;-0.678179381796457;0
19.55;0.0605467331097951;-0.678920332789886;0
19.56;0.053754948164066;-0.679456496844213;0
19.57;0.0469587224414005;-0.679788065199675;0
19.58;0.0401601008139559;-0.679915290097531;0
19.59;0.0333611253576277;-0.679838484599618;0
19.6;0.0265638347447223;-0.679558022389973;0
19.61;0.0197702636386931;-0.679074337558628;0
19.62;0.0129824420911183;-0.678387924367672;0
19.63;0.00620239494109871;-0.677499336999671;0
19.64;-0.00056785878275121;-0.676409189288563;0
19.65;-0.00732630645754166;-0.675118154433138;0
19.66;-0.0140709424584031;-0.673626964693206;0
19.67;-0.020799768747666;-0.671936411068589;0
19.68;-0.0275107954607538;-0.67004734296106;0
19.69;-0.0342020414886187;-0.667960667819348;0
19.7;-0.0408715350565521;-0.665677350767357;0
19.71;-0.0475173142992023;-0.663198414215738;0
19.72;-0.0541374278316328;-0.660524937456953;0
19.73;-0.0607299353162584;-0.657658056243983;0
19.74;-0.067292908025495;-0.65459896235284;0
19.75;-0.0738244293999622;-0.651348903129033;0
19.76;-0.0803225956020785;-0.647909181018156;0
19.77;-0.0867855160648927;-0.64428115308077;0
19.78;-0.0932113140359929;-0.640466230491745;0
19.79;-0.09959812711634;-0.636465878024237;0
19.8;-0.105944107793873;-0.632281613518495;0
19.81;-0.112247423971734;-0.627915007335662;0
19.82;-0.118506259490966;-0.623367681796781;0
19.83;-0.124718814647531;-0.618641310607183;0
19.84;-0.130883306703511;-0.613737618266465;0
19.85;-0.136997970392346;-0.608658379464252;0
19.86;-0.143061058417958;-0.603405418461961;0
19.87;-0.149070841947642;-0.597980608460753;0
19.88;-0.155025611098562;-0.59238587095592;0
19.89;-0.160923675417748;-0.586623175077887;0
19.9;-0.166763364355423;-0.58069453692008;0
19.91;-0.172543027731567;-0.574602018853864;0
19.92;-0.178261036195566;-0.568347728830794;0
19.93;-0.183915781678826;-0.56193381967239;0
19.94;-0.189505677840234;-0.555362488347696;0
19.95;-0.195029160504338;-0.548635975238836;0
19.96;-0.200484688092126;-0.541756563394827;0
19.97;-0.2058707420443;-0.534726577773877;0
19.98;-0.211185827236912;-0.527548384474431;0
19.99;-0.21642847238927;-0.520224389955196;0
20;-0.221597230463985;-0.512757040244418;0
