0;0.151947079846844;0.198554421371726;0
0.01;0.153910486739597;0.193625784854978;0
0.02;0.155824382902735;0.188647577675156;0
0.03;0.157688279718386;0.183621377297647;0
0.04;0.159501704396277;0.178548772863156;0
0.05;0.16126420008826;0.173431364691289;0
0.06;0.162975325997855;0.168270763781618;0
0.07;0.164634657484796;0.163068591312418;0
0.08;0.166241786164554;0.157826478137203;0
0.09;0.167796320002819;0.152546064279236;0
0.1;0.16929788340491;0.147228998424155;0
0.11;0.170746117300117;0.14187693741087;0
0.12;0.17214067922093;0.136491545720901;0
0.13;0.173481243377165;0.131074494966293;0
0.14;0.17476750072496;0.12562746337628;0
0.15;0.175999159030633;0.120152135282845;0
0.16;0.177175942929389;0.114650200605334;0
0.17;0.178297593978876;0.109123354334283;0
0.18;0.179363870707564;0.103573296014613;0
0.19;0.180374548657972;0.0980017292283415;0
0.2;0.181329420424698;0.0924103610769822;0
0.21;0.182228295687294;0.086800901663772;0
0.22;0.183071001237948;0.0811750635758914;0
0.23;0.183857381003995;0.0755345613668291;0
0.24;0.184587296065253;0.0698811110390477;0
0.25;0.185260624666183;0.0642164295271032;0
0.26;0.185877262222891;0.0585422341813741;0
0.27;0.186437121324962;0.0528602422525529;0
0.28;0.186940131732147;0.0471721703770536;0
0.29;0.18738624036591;0.0414797340634874;0
0.3;0.187775411295843;0.0357846471803599;0
0.31;0.188107625720964;0.0300886214451393;0
0.32;0.188382881945913;0.0243933659148482;0
0.33;0.188601195352062;0.0187005864783283;0
0.34;0.188762598363554;0.0130119853503275;0
0.35;0.188867140408294;0.00732926056755758;0
0.36;0.188914887873907;0.00165410548687059;0
0.37;0.188905924058691;-0.0040117917142995;0
0.38;0.188840349117583;-0.00966674853508397;0
0.39;0.188718280003165;-0.0153090886457705;0
0.4;0.188539850401737;-0.0209371423796943;0
0.41;0.188305210664484;-0.0265492472222868;0
0.42;0.188014527733763;-0.0321437482971398;0
0.43;0.18766798506455;-0.037718998848944;0
0.44;0.187265782541063;-0.0432733607231646;0
0.45;0.186808136388611;-0.0488052048423126;0
0.46;0.186295279080692;-0.0543129116786778;0
0.47;0.185727459241381;-0.0597948717233862;0
0.48;0.185104941543046;-0.0652494859516483;0
0.49;0.18442800659943;-0.0706751662840646;0
0.5;0.183696950854131;-0.0760703360438575;0
0.51;0.182912086464535;-0.0814334304098999;0
0.52;0.182073741181243;-0.08676289686541;0
0.53;0.181182258223014;-0.0920571956421881;0
0.54;0.180237996147308;-0.0973148001602673;0
0.55;0.179241328716433;-0.102534197462856;0
0.56;0.178192644759381;-0.107713888646447;0
0.57;0.177092348029373;-0.112852389285981;0
0.58;0.175940857057182;-0.117948229854929;0
0.59;0.174738605000277;-0.122999956140198;0
0.6;0.173486039487839;-0.128006129651725;0
0.61;0.172183622461707;-0.132965328026656;0
0.62;0.170831830013312;-0.137876145428;0
0.63;0.169431152216639;-0.142737192937639;0
0.64;0.167982092957295;-0.147547098943591;0
0.65;0.166485169757725;-0.152304509521425;0
0.66;0.164940913598642;-0.157008088809715;0
0.67;0.163349868736729;-0.161656519379429;0
0.68;0.161712592518678;-0.166248502597169;0
0.69;0.160029655191617;-0.170782758982144;0
0.7;0.158301639710007;-0.17525802855679;0
0.71;0.156529141539051;-0.179673071190944;0
0.72;0.154712768454698;-0.184026666939472;0
0.73;0.152853140340294;-0.188317616373272;0
0.74;0.150950888979963;-0.192544740903553;0
0.75;0.149006657848763;-0.196706883099313;0
0.76;0.147021101899708;-0.200802906997928;0
0.77;0.144994887347714;-0.204831698408769;0
0.78;0.142928691450535;-0.208792165209778;0
0.79;0.14082320228677;-0.21268323763691;0
0.8;0.138679118531007;-0.216503868566383;0
0.81;0.136497149226178;-0.220253033789652;0
0.82;0.134278013553195;-0.223929732281043;0
0.83;0.132022440597945;-0.227532986457976;0
0.84;0.129731169115713;-0.231061842433716;0
0.85;0.127404947293118;-0.234515370262585;0
0.86;0.125044532507623;-0.237892664177576;0
0.87;0.12265069108471;-0.241192842820313;0
0.88;0.120224198052785;-0.244415049463291;0
0.89;0.1177658368959;-0.247558452224364;0
0.9;0.115276399304359;-0.250622244273406;0
0.91;0.112756684923303;-0.25360564403111;0
0.92;0.110185371887905;-0.267570515143066;-2.21331175774197
0.93;0.107397450089583;-0.292484287393884;-2.21331175774197
0.94;0.10436097182518;-0.317267565876102;-2.21331175774197
0.95;0.101077274497272;-0.341913145817742;-2.21331175774197
0.96;0.0975477673163917;-0.366413876106023;-2.21331175774197
0.97;0.0937739307551842;-0.390762661338768;-2.21331175774197
0.98;0.0897573159821462;-0.414952463855573;-2.21331175774197
0.99;0.0854995442751434;-0.438976305748183;-2.21331175774197
1;0.081002306414921;-0.462827270849495;-2.21331175774197
1.01;0.0762673620588218;-0.486498506700642;-2.21331175774197
1.02;0.0712965390949344;-0.509983226495596;-2.21331175774197
1.03;0.0660917329768983;-0.533274711002748;-2.21331175774197
1.04;0.0606549060395992;-0.55636631046293;-2.21331175774197
1.05;0.0549880867959919;-0.57925144646335;-2.21331175774197
1.06;0.0490933692152936;-0.60192361378692;-2.21331175774197
1.07;0.0429729119827973;-0.624376382236464;-2.21331175774197
1.08;0.0366289377415578;-0.646603398433298;-2.21331175774197
1.09;0.0300637323162087;-0.668598387589706;-2.21331175774197
1.1;0.0232796439191743;-0.690355155254791;-2.21331175774197
1.11;0.0162790823395443;-0.711867589033262;-2.21331175774197
1.12;0.0090645181148845;-0.733129660276657;-2.21331175774197
1.13;0.0016384816862604;-0.754135425746564;-2.21331175774197
1.14;-0.00599643746324307;-0.774879029249375;-2.21331175774197
1.15;-0.0138375916862201;-0.795354703242142;-2.21331175774197
1.16;-0.0218822760645693;-0.815556770409096;-2.21331175774197
1.17;-0.0301277293187506;-0.835479645208412;-2.21331175774197
1.18;-0.0385711347323745;-0.855117835388804;-2.21331175774197
1.19;-0.04720962109182;-0.874465943475551;-2.21331175774197
1.2;-0.0560402636405734;-0.893518668225553;-2.21331175774197
1.21;-0.0650600850479778;-0.912270806051049;-2.21331175774197
1.22;-0.0742660563920763;-0.930717252411609;-2.21331175774197
1.23;-0.0836550981562315;-0.948853003174038;-2.21331175774197
1.24;-0.0932240812391989;-0.966673155939858;-2.21331175774197
1.25;-0.102969827978327;-0.984172911340003;-2.21331175774197
1.26;-0.112889113185556;-1.0013475742964;-2.21331175774197
1.27;-0.122978665195881;-1.01819255525014;-2.21331175774197
1.28;-0.133235166927951;-1.03470337135588;-2.21331175774197
1.29;-0.143655256956448;-1.05087564764223;-2.21331175774197
1.3;-0.154235530595925;-1.06670511813777;-2.21331175774197
1.31;-0.16497254099575;-1.08218762696253;-2.21331175774197
1.32;-0.175862800245795;-1.09731912938452;-2.21331175774197
1.33;-0.18690278049255;-1.11209569284113;-2.21331175774197
1.34;-0.198088915065279;-1.12651349792524;-2.21331175774197
1.35;-0.20941759961188;-1.14056883933559;-2.21331175774197
1.36;-0.220885193244092;-1.15425812679139;-2.21331175774197
1.37;-0.232488019691683;-1.16757788591088;-2.21331175774197
1.38;-0.244222368465258;-1.1805247590536;-2.21331175774197
1.39;-0.25608449602733;-1.19309550612625;-2.21331175774197
1.4;-0.268070626971283;-1.20528700535192;-2.21331175774197
1.41;-0.280176955207864;-1.21709625400249;-2.21331175774197
1.42;-0.292399645158828;-1.2285203690942;-2.21331175774197
1.43;-0.304734832957378;-1.23955658804598;-2.21331175774197
1.44;-0.317178627655015;-1.25020226930066;-2.21331175774197
1.45;-0.32972711243444;-1.26045489290881;-2.21331175774197
1.46;-0.342376345828114;-1.27031206107512;-2.21331175774197
1.47;-0.355122362942128;-1.27977149866718;-2.21331175774197
1.48;-0.367961176684976;-1.28883105368674;-2.21331175774197
1.49;-0.380888779000882;-1.29748869770308;-2.21331175774197
1.5;-0.393901142107288;-1.30574252624873;-2.21331175774197
1.51;-0.406994219736125;-1.31359075917729;-2.21331175774197
1.52;-0.420163948378498;-1.32103174098339;-2.21331175774197
1.53;-0.433406248532394;-1.32806394108472;-2.21331175774197
1.54;-0.446717025953043;-1.33468595406613;-2.21331175774197
1.55;-0.460092172905549;-1.34089649988581;-2.21331175774197
1.56;-0.473527569419413;-1.34669442404352;-2.21331175774197
1.57;-0.487019084544564;-1.35207869771088;-2.21331175774197
1.58;-0.500562577608527;-1.3570484178238;-2.21331175774197
1.59;-0.51415389947434;-1.36160280713706;-2.21331175774197
1.6;-0.527788893798853;-1.36574121424099;-2.21331175774197
1.61;-0.541463398291015;-1.36946311354054;-2.21331175774197
1.62;-0.555173245969792;-1.37276810519656;-2.21331175774197
1.63;-0.56891426642132;-1.37565591502951;-2.21331175774197
1.64;-0.582682287054935;-1.37812639438571;-2.21331175774197
1.65;-0.596473134357685;-1.38017951996617;-2.21331175774197
1.66;-0.610282635146976;-1.3818153936181;-2.21331175774197
1.67;-0.624106617820956;-1.38303424208931;-2.21331175774197
1.68;-0.63794091360628;-1.38383641674557;-2.21331175774197
1.69;-0.651781357802882;-1.38422239325112;-2.21331175774197
1.7;-0.665623791025389;-1.38419277121246;-2.21331175774197
1.71;-0.679464060440803;-1.38374827378558;-2.21331175774197
1.72;-0.6932980210021;-1.38288974724685;-2.21331175774197
1.73;-0.707121536677362;-1.38161816052773;-2.21331175774197
1.74;-0.720930481674108;-1.37993460471354;-2.21331175774197
1.75;-0.734720741658445;-1.37784029250645;-2.21331175774197
1.76;-0.748488214968686;-1.37533655765291;-2.21331175774197
1.77;-0.762228813823091;-1.37242485433585;-2.21331175774197
1.78;-0.775938465521362;-1.36910675653175;-2.21331175774197
1.79;-0.789613113639563;-1.36538395733298;-2.21331175774197
1.8;-0.803248719218099;-1.3612582682355;-2.21331175774197
1.81;-0.816841261942421;-1.35673161839239;-2.21331175774197
1.82;-0.830386741316114;-1.35180605383337;-2.21331175774197
1.83;-0.843881177826027;-1.34648373665053;-2.21331175774197
1.84;-0.857320614099108;-1.34076694415084;-2.21331175774197
1.85;-0.870701116050622;-1.33465806797543;-2.21331175774197
1.86;-0.884018774023401;-1.32815961318618;-2.21331175774197
1.87;-0.897269703917831;-1.32127419731987;-2.21331175774197
1.88;-0.910450048312218;-1.31400454941026;-2.21331175774197
1.89;-0.923555977573247;-1.30635350897836;-2.21331175774197
1.9;-0.936583690956193;-1.29832402499142;-2.21331175774197
1.91;-0.949529417694583;-1.28991915479078;-2.21331175774197
1.92;-0.962389418079001;-1.28114206298921;-2.21331175774197
1.93;-0.975159984524728;-1.27199602033786;-2.21331175774197
1.94;-0.987837442627921;-1.26248440256344;-2.21331175774197
1.95;-1.00041815221002;-1.25261068917587;-2.21331175774197
1.96;-1.01289850835012;-1.24237846224691;-2.21331175774197
1.97;-1.02527494240496;-1.23179140516011;-2.21331175774197
1.98;-1.03754392301636;-1.22085330133256;-2.21331175774197
1.99;-1.04970195710565;-1.20956803290887;-2.21331175774197
2;-1.06174559085501;-1.19793957942772;-2.21331175774197
2.01;-1.07367141067527;-1.18597201646162;-2.21331175774197
2.02;-1.08547604416007;-1.17366951423015;-2.21331175774197
2.03;-1.09715616102597;-1.1610363361872;-2.21331175774197
2.04;-1.10870847403835;-1.14807683758275;-2.21331175774197
2.05;-1.12012973992279;-1.13479546399954;-2.21331175774197
2.06;-1.13141676026177;-1.12119674986525;-2.21331175774197
2.07;-1.14256638237626;-1.1072853169405;-2.21331175774197
2.08;-1.15357550019225;-1.09306587278339;-2.21331175774197
2.09;-1.16444105509163;-1.07854320919089;-2.21331175774197
2.1;-1.17516003674757;-1.06372220061765;-2.21331175774197
2.11;-1.18572948394384;-1.04860780257277;-2.21331175774197
2.12;-1.19614648537811;-1.03320504999506;-2.21331175774197
2.13;-1.20640818044881;-1.01751905560721;-2.21331175774197
2.14;-1.21651176002551;-1.00155500824955;-2.21331175774197
2.15;-1.22645446720254;-0.985318171193795;-2.21331175774197
2.16;-1.23623359803561;-0.968813880437412;-2.21331175774197
2.17;-1.24584650226135;-0.952047542979101;-2.21331175774197
2.18;-1.25529058399948;-0.935024635075968;-2.21331175774197
2.19;-1.26456330243749;-0.917750700482924;-2.21331175774197
2.2;-1.27366217249765;-0.900231348674883;-2.21331175774197
2.21;-1.28258476548611;-0.882472253052308;-2.21331175774197
2.22;-1.29132870972405;-0.864479149130688;-2.21331175774197
2.23;-1.29989169116062;-0.846257832714497;-2.21331175774197
2.24;-1.30827145396756;-0.827814158056226;-2.21331175774197
2.25;-1.31646580111532;-0.809154036001057;-2.21331175774197
2.26;-1.32447259493062;-0.790283432117762;-2.21331175774197
2.27;-1.33228975763522;-0.771208364816405;-2.21331175774197
2.28;-1.3399152718658;-0.751934903453452;-2.21331175774197
2.29;-1.34734718117484;-0.732469166424847;-2.21331175774197
2.3;-1.35458359051244;-0.712817319247685;-2.21331175774197
2.31;-1.36162266668882;-0.692985572631044;-2.21331175774197
2.32;-1.36846263881753;-0.672980180536589;-2.21331175774197
2.33;-1.37510179873922;-0.652807438229548;-2.21331175774197
2.34;-1.38153850142587;-0.63247368032065;-2.21331175774197
2.35;-1.38777116536537;-0.611985278799638;-2.21331175774197
2.36;-1.39379827292649;-0.591348641060954;-2.21331175774197
2.37;-1.39961837070399;-0.570570207922212;-2.21331175774197
2.38;-1.40523006984387;-0.549656451636046;-2.21331175774197
2.39;-1.41063204634884;-0.528613873895962;-2.21331175774197
2.4;-1.41582304136363;-0.507449003836785;-2.21331175774197
2.41;-1.42080186144048;-0.486168396030322;-2.21331175774197
2.42;-1.42556737878442;-0.464778628476842;-2.21331175774197
2.43;-1.4301185314785;-0.443286300592985;-2.21331175774197
2.44;-1.43445432368894;-0.421698031196711;-2.21331175774197
2.45;-1.43857382585001;-0.400020456489895;-2.21331175774197
2.46;-1.44247617482881;-0.37826022803918;-2.21331175774197
2.47;-1.44616057406983;-0.35642401075569;-2.21331175774197
2.48;-1.44962629371928;-0.33451848087422;-2.21331175774197
2.49;-1.45287267072927;-0.312550323932504;-2.21331175774197
2.5;-1.45589910894171;-0.290526232751166;-2.21331175774197
2.51;-1.45870507915208;-0.268452905414959;-2.21331175774197
2.52;-1.46129011915297;-0.246337043255896;-2.21331175774197
2.53;-1.46365383375751;-0.224185348838875;-2.21331175774197
2.54;-1.46579589480263;-0.202004523950399;-2.21331175774197
2.55;-1.46771604113224;-0.179801267590978;-2.21331175774197
2.56;-1.46941407856036;-0.157582273971824;-2.21331175774197
2.57;-1.47088987981422;-0.135354230516424;-2.21331175774197
2.58;-1.47214338445742;-0.113123815867577;-2.21331175774197
2.59;-1.47317459879317;-0.0908976979004928;-2.21331175774197
2.6;-1.47398359574767;-0.0686825317425358;-2.21331175774197
2.61;-1.47457051473382;-0.0464849578001855;-2.21331175774197
2.62;-1.47493556149508;-0.0243115997938078;-2.21331175774197
2.63;-1.47507900792985;-0.00216906280080298;-2.21331175774197
2.64;-1.47500119189624;0.0199360686922948;-2.21331175774197
2.65;-1.47470251699744;0.0419972327281972;-2.21331175774197
2.66;-1.47418345234773;0.0640078918071571;-2.21331175774197
2.67;-1.47344453231931;0.085961534804618;-2.21331175774197
2.68;-1.47248635626988;0.107851678877662;-2.21331175774197
2.69;-1.47130958825138;0.129671871359702;-2.21331175774197
2.7;-1.46991495669966;0.151415691642877;-2.21331175774197
2.71;-1.46830325410553;0.173076753047591;-2.21331175774197
2.72;-1.4664753366671;0.194648704678683;-2.21331175774197
2.73;-1.46443212392359;0.21612523326767;-2.21331175774197
2.74;-1.4621745983709;0.237500065000545;-2.21331175774197
2.75;-1.45970380505884;0.258766967330615;-2.21331175774197
2.76;-1.45702085117036;0.27991975077584;-2.21331175774197
2.77;-1.45412690558291;0.300952270700191;-2.21331175774197
2.78;-1.45102319841199;0.321858429078483;-2.21331175774197
2.79;-1.44771102053717;0.34263217624422;-2.21331175774197
2.8;-1.44419172311071;0.363267512619934;-2.21331175774197
2.81;-1.44046671704893;0.383758490429528;-2.21331175774197
2.82;-1.4365374725066;0.404099215392165;-2.21331175774197
2.83;-1.43240551833437;0.424283848397189;-2.21331175774197
2.84;-1.42807244151966;0.44430660715965;-2.21331175774197
2.85;-1.42353988661102;0.464161767855931;-2.21331175774197
2.86;-1.41880955512618;0.483843666739057;-2.21331175774197
2.87;-1.41388320494414;0.503346701733205;-2.21331175774197
2.88;-1.40876264968137;0.522665334006994;-2.21331175774197
2.89;-1.40344975805231;0.541794089525111;-2.21331175774197
2.9;-1.39794645321455;0.560727560577851;-2.21331175774197
2.91;-1.39225471209879;0.579460407288139;-2.21331175774197
2.92;-1.38637656472374;0.597987359095632;-2.21331175774197
2.93;-1.38031409349646;0.616303216217495;-2.21331175774197
2.94;-1.37406943249802;0.634402851085446;-2.21331175774197
2.95;-1.367644766755;0.652281209758685;-2.21331175774197
2.96;-1.36104233149699;0.669933313312326;-2.21331175774197
2.97;-1.35426441140018;0.68735425920095;-2.21331175774197
2.98;-1.34731333981763;0.704539222596932;-2.21331175774197
2.99;-1.34019149799608;0.721483457703151;-2.21331175774197
3;-1.33290131427987;0.738182299039777;-2.21331175774197
3.01;-1.32544526330207;0.754631162704748;-2.21331175774197
3.02;-1.31782586516313;0.770825547607645;-2.21331175774197
3.03;-1.3100456845973;0.786761036676613;-2.21331175774197
3.04;-1.30210733012711;0.802433298038023;-2.21331175774197
3.05;-1.29401345320621;0.81783808616857;-2.21331175774197
3.06;-1.28576674735074;0.832971243019506;-2.21331175774197
3.07;-1.27736994725966;0.847828699112718;-2.21331175774197
3.08;-1.26882582792423;0.862406474608374;-2.21331175774197
3.09;-1.26013720372687;0.876700680343863;-2.21331175774197
3.1;-1.25130692752988;0.890707518843767;-2.21331175774197
3.11;-1.24233788975409;0.904423285300615;-2.21331175774197
3.12;-1.2332330174479;0.917844368526173;-2.21331175774197
3.13;-1.22399527334692;0.930967251873033;-2.21331175774197
3.14;-1.21462765492447;0.943788514126283;-2.21331175774197
3.15;-1.20513319343344;0.956304830365033;-2.21331175774197
3.16;-1.19551495293951;0.9685129727936;-2.21331175774197
3.17;-1.18577602934632;0.980409811542143;-2.21331175774197
3.18;-1.17591954941267;0.991992315436579;-2.21331175774197
3.19;-1.16594866976226;1.00325755273757;-2.21331175774197
3.2;-1.15586657588612;1.01420269184848;-2.21331175774197
3.21;-1.14567648113809;1.02482500199201;-2.21331175774197
3.22;-1.13538162572372;1.03512185385555;-2.21331175774197
3.23;-1.12498527568282;1.04509072020494;-2.21331175774197
3.24;-1.11449072186605;1.0547291764666;-2.21331175774197
3.25;-1.10390127890577;1.06403490127786;-2.21331175774197
3.26;-1.09322028418163;1.07300567700548;-2.21331175774197
3.27;-1.082451096781;1.08163939023207;-2.21331175774197
3.28;-1.0715970964548;1.08993403221054;-2.21331175774197
3.29;-1.06066168256882;1.09788769928632;-2.21331175774197
3.3;-1.04964827305103;1.10549859328741;-2.21331175774197
3.31;-1.03856030333513;1.11276502188209;-2.21331175774197
3.32;-1.02740122530064;1.11968539890432;-2.21331175774197
3.33;-1.01617450620992;1.12625824464674;-2.21331175774197
3.34;-1.00488362764235;1.13248218612126;-2.21331175774197
3.35;-0.993532084426105;1.13835595728722;-2.21331175774197
3.36;-0.982123383567782;1.14387839924709;-2.21331175774197
3.37;-0.970661043180185;1.14904846040971;-2.21331175774197
3.38;-0.959148591408661;1.1538651966211;-2.21331175774197
3.39;-0.947589565356254;1.15832777126282;-2.21331175774197
3.4;-0.935987510008028;1.16243545531796;-2.21331175774197
3.41;-0.924345977154871;1.16618762740472;-2.21331175774197
3.42;-0.912668524317113;1.16958377377767;-2.21331175774197
3.43;-0.900958713668275;1.1726234882968;-2.21331175774197
3.44;-0.889220110959273;1.17530647236431;-2.21331175774197
3.45;-0.877456284443399;1.17763253482927;-2.21331175774197
3.46;-0.865670803802398;1.17960159186028;-2.21331175774197
3.47;-0.853867239073962;1.18121366678613;-2.21331175774197
3.48;-0.842049159580965;1.18246888990466;-2.21331175774197
3.49;-0.830220132862748;1.18336749825983;-2.21331175774197
3.5;-0.818383723608777;1.18390983538722;-2.21331175774197
3.51;-0.806543492594987;1.18409635102801;-2.21331175774197
3.52;-0.794702995623131;1.18392760081168;-2.21331175774197
3.53;-0.782865782463437;1.18340424590738;-2.21331175774197
3.54;-0.771035395800895;1.18252705264446;-2.21331175774197
3.55;-0.759215370185477;1.18129689210192;-2.21331175774197
3.56;-0.7474092309866;1.17971473966732;-2.21331175774197
3.57;-0.735620493352138;1.17778167456512;-2.21331175774197
3.58;-0.723852661172285;1.17549887935469;-2.21331175774197
3.59;-0.712109226048579;1.17286763939825;-2.21331175774197
3.6;-0.700393666268375;1.16988934229886;-2.21331175774197
3.61;-0.688709445785076;1.16656547730878;-2.21331175774197
3.62;-0.677060013204413;1.16289763470833;-2.21331175774197
3.63;-0.665448800777063;1.15888750515557;-2.21331175774197
3.64;-0.653879223397909;1.15453687900696;-2.21331175774197
3.65;-0.642354677612216;1.14984764560938;-2.21331175774197
3.66;-0.630878540629019;1.14482179256361;-2.21331175774197
3.67;-0.619454169342;1.13946140495965;-2.21331175774197
3.68;-0.608084899358141;1.13376866458421;-2.21331175774197
3.69;-0.596774044034426;1.12774584910041;-2.21331175774197
3.7;-0.585524893522867;1.12139533120033;-2.21331175774197
3.71;-0.574340713824126;1.11471957773039;-2.21331175774197
3.72;-0.56322474585001;1.10772114879009;-2.21331175774197
3.73;-0.552180204495089;1.10040269680435;-2.21331175774197
3.74;-0.541210277717715;1.09276696556968;-2.21331175774197
3.75;-0.530318125630691;1.0848167892747;-2.21331175774197
3.76;-0.519506879601852;1.07655509149522;-2.21331175774197
3.77;-0.508779641364809;1.06798488416419;-2.21331175774197
3.78;-0.4981394821401;1.05910926651706;-2.21331175774197
3.79;-0.487589441767004;1.04993142401261;-2.21331175774197
3.8;-0.477132527846252;1.04045462722999;-2.21331175774197
3.81;-0.466771714893872;1.03068223074196;-2.21331175774197
3.82;-0.45650994350641;1.02061767196499;-2.21331175774197
3.83;-0.446350119537751;1.01026446998648;-2.21331175774197
3.84;-0.436295113287769;0.999626224369517;-2.21331175774197
3.85;-0.426347758703033;0.988706613935544;-2.21331175774197
3.86;-0.416510852589779;0.977509395525378;-2.21331175774197
3.87;-0.40678715383937;0.966038402738974;-2.21331175774197
3.88;-0.397179382666452;0.954297544654336;-2.21331175774197
3.89;-0.387690219860017;0.942290804526008;-2.21331175774197
3.9;-0.378322306047563;0.930022238463568;-2.21331175774197
3.91;-0.369078240972566;0.917495974090553;-2.21331175774197
3.92;-0.359960582785445;0.90471620918425;-2.21331175774197
3.93;-0.350971847348214;0.891687210296797;-2.21331175774197
3.94;-0.342114507553006;0.878413311358042;-2.21331175774197
3.95;-0.333390992654648;0.864898912260597;-2.21331175774197
3.96;-0.324803687617465;0.85114847742756;-2.21331175774197
3.97;-0.316354932476484;0.837166534363347;-2.21331175774197
3.98;-0.308047021713199;0.822957672188112;-2.21331175774197
3.99;-0.299882203646072;0.808526540156211;-2.21331175774197
4;-0.291862679835912;0.793877846159193;-2.21331175774197
4.01;-0.283990604506295;0.779016355213773;-2.21331175774197
4.02;-0.276268083979172;0.763946887935301;-2.21331175774197
4.03;-0.268697176125801;0.748674318997165;-2.21331175774197
4.04;-0.261279889833154;0.733203575576656;-2.21331175774197
4.05;-0.254018184485914;0.717539635787756;-2.21331175774197
4.06;-0.246913969464209;0.701687527101352;-2.21331175774197
4.07;-0.239969103657201;0.685652324753371;-2.21331175774197
4.08;-0.233185394992634;0.669439150141333;-2.21331175774197
4.09;-0.226564599982482;0.653053169209823;-2.21331175774197
4.1;-0.220108423284778;0.636499590825378;-2.21331175774197
4.11;-0.213818517281744;0.619783665141315;-2.21331175774197
4.12;-0.207696481674323;0.602910681952976;-2.21331175774197
4.13;-0.201743863093186;0.585885969043927;-2.21331175774197
4.14;-0.19596215472633;0.568714890523614;-2.21331175774197
4.15;-0.190352795963324;0.551402845156977;-2.21331175774197
4.16;-0.184917172056303;0.533955264686555;-2.21331175774197
4.17;-0.179656613797766;0.516377612147586;-2.21331175774197
4.18;-0.174572397215256;0.498675380176627;-2.21331175774197
4.19;-0.169665743282978;0.480854089314194;-2.21331175774197
4.2;-0.164937817650424;0.462919286301976;-2.21331175774197
4.21;-0.160389730388033;0.444876542375101;-2.21331175774197
4.22;-0.156022535749966;0.42673145155001;-2.21331175774197
4.23;-0.151837231954008;0.408489628908433;-2.21331175774197
4.24;-0.147834760978648;0.390156708878009;-2.21331175774197
4.25;-0.144016008377374;0.371738343510056;-2.21331175774197
4.26;-0.140381803110187;0.353240200755021;-2.21331175774197
4.27;-0.136932917392386;0.334667962736127;-2.21331175774197
4.28;-0.133670066560604;0.316027324021739;-2.21331175774197
4.29;-0.130593908956142;0.297323989896965;-2.21331175774197
4.3;-0.127705045825577;0.278563674635025;-2.21331175774197
4.31;-0.125004021238659;0.259752099768884;-2.21331175774197
4.32;-0.122491322023487;0.240894992363688;-2.21331175774197
4.33;-0.120167377718962;0.221998083290507;-2.21331175774197
4.34;-0.118032560544482;0.203067105501909;-2.21331175774197
4.35;-0.116087185386886;0.184107792309863;-2.21331175774197
4.36;-0.114251863944794;0.185031185855052;0
4.37;-0.112387658506947;0.188107415261184;0
4.38;-0.110492967642605;0.191121970475841;0
4.39;-0.10856841169959;0.194074053852027;0
4.4;-0.106614618911924;0.196962887840225;0
4.41;-0.10463222519795;0.199787715186936;0
4.42;-0.10262187395651;0.202547799126792;0
4.43;-0.100584215861213;0.205242423568195;0
4.44;-0.0985199086528952;0.207870893272445;0
4.45;-0.0964296169303024;0.2104325340263;0
4.46;-0.0943140119390866;0.212926692807949;0
4.47;-0.0921737713591679;0.215352737946339;0
4.48;-0.0900095790905349;0.217710059273827;0
4.49;-0.0878221250375479;0.219998068272132;0
4.5;-0.0856121048918138;0.222216198211537;0
4.51;-0.0833802199136984;0.224363904283327;0
4.52;-0.0811271767125458;0.226440663725426;0
4.53;-0.0788536870256715;0.228445975941211;0
4.54;-0.0765604674961982;0.230379362611471;0
4.55;-0.0742482394498035;0.232240367799507;0
4.56;-0.0719177286704468;0.234028558049331;0
4.57;-0.0695696651751459;0.235743522476966;0
4.58;-0.0672047829878715;0.237384872854815;0
4.59;-0.0648238199126289;0.238952243689098;0
4.6;-0.0624275173057973;0.240445292290346;0
4.61;-0.0600166198477946;0.241863698836924;0
4.62;-0.0575918753141392;0.243207166431607;0
4.63;-0.0551540343459768;0.244475421151173;0
4.64;-0.0527038502201427;0.245668212089031;0
4.65;-0.0502420786188293;0.246785311390877;0
4.66;-0.0477694773989287;0.247826514283373;0
4.67;-0.045286806361119;0.248791639095866;0
4.68;-0.042794827018766;0.249680527275134;0
4.69;-0.0402943023667077;0.250493043393188;0
4.7;-0.0377859966499922;0.251229075148119;0
4.71;-0.035270675132639;0.251888533358021;0
4.72;-0.0327491038664918;0.252471351947981;0
4.73;-0.0302220494602319;0.252977487930182;0
4.74;-0.0276902788486226;0.2534069213771;0
4.75;-0.0251545590620521;0.253759655387851;0
4.76;-0.0226156569964435;0.254035716047685;0
4.77;-0.0200743391836009;0.254235152380662;0
4.78;-0.0175313715620593;0.254358036295529;0
4.79;-0.014987519248506;0.254404462524837;0
4.8;-0.0124435463098417;0.254374548557317;0
4.81;-0.00990021553594694;0.25426843456355;0
4.82;-0.00735828821322347;0.254086283314964;0
4.83;-0.00481852389897407;0.253828280096207;0
4.84;-0.00228168019668919;0.253494632610901;0
4.85;0.000251487467694601;0.253085570880862;0
4.86;0.00278022606849908;0.252601347138782;0
4.87;0.0053037852019064;0.252042235714449;0
4.88;0.0078214173063944;0.251408532914541;0
4.89;0.0103323778819411;0.250700556896025;0
4.9;0.0128359257079345;0.249918647533241;0
4.91;0.0153313230597254;0.249063166278691;0
4.92;0.0178178359237591;0.248134496017606;0
4.93;0.0202947342112262;0.247133040916336;0
4.94;0.0227612919701685;0.246059226264623;0
4.95;0.025216787595981;0.244913498311809;0
4.96;0.0276605040402489;0.243696324097048;0
4.97;0.0300917290178598;0.242408191273574;0
4.98;0.0325097552123318;0.241049607927093;0
4.99;0.0349138804793;0.239621102388364;0
5;0.037303408048102;0.23812322304003;0
5.01;0.0396776467214072;0.236556538117772;0
5.02;0.0420359110728312;0.234921635505854;0
5.03;0.0443775216424815;0.23321912252713;0
5.04;0.0467018051303781;0.231449625727583;0
5.05;0.0490080945876956;0.229613790655473;0
5.06;0.0512957296057725;0.227712281635169;0
5.07;0.0535640565028349;0.225745781535742;0
5.08;0.0558124285083838;0.223714991534391;0
5.09;0.0580402059451927;0.221620630874799;0
5.1;0.0602467564088667;0.219463436620478;0
5.11;0.0624314549449126;0.217244163403199;0
5.12;0.0645936842232719;0.21496358316659;0
5.13;0.066732834710268;0.212622484904989;0
5.14;0.0688483048379207;0.210221674397621;0
5.15;0.0709395011705825;0.207761973938219;0
5.16;0.07300583856885;0.205244222060145;0
5.17;0.0750467403507072;0.202669273257118;0
5.18;0.0770616384498566;0.200037997699646;0
5.19;0.0790499735711954;0.197351280947237;0
5.2;0.0810111953433953;0.194610023656491;0
5.21;0.0829447624685451;0.191815141285181;0
5.22;0.0848501428688161;0.188967563792385;0
5.23;0.0867268138301118;0.18606823533481;0
5.24;0.0885742621426639;0.18311811395936;0
5.25;0.0903919842385373;0.180118171292084;0
5.26;0.0921794863260088;0.177069392223583;0
5.27;0.0939362845207844;0.173972774590979;0
5.28;0.0956619049740211;0.170829328856553;0
5.29;0.0973558839971201;0.167640077783151;0
5.3;0.0990177681832606;0.164406056106458;0
5.31;0.100647114525642;0.161128310204248;0
5.32;0.102243490532407;0.157807897762714;0
5.33;0.10380647433821;0.154445887439977;0
5.34;0.105335654812417;0.15104335852689;0
5.35;0.106830631663895;0.147601400605235;0
5.36;0.108291015542372;0.144121113203421;0
5.37;0.109716428136348;0.140603605449796;0
5.38;0.111106502267523;0.137049995723673;0
5.39;0.112460881981733;0.133461411304185;0
5.4;0.113779222636355;0.129838988017077;0
5.41;0.115061190984178;0.12618386987954;0
5.42;0.116306465253716;0.122497208743203;0
5.43;0.117514735225934;0.118780163935387;0
5.44;0.118685702307389;0.115033901898737;0
5.45;0.119819079599751;0.111259595829339;0
5.46;0.120914591965711;0.107458425313436;0
5.47;0.121971976091236;0.103631575962851;0
5.48;0.122990980544183;0.0997802390492354;0
5.49;0.123971365829249;0.0959056111372387;0
5.5;0.124912904439241;0.0920088937167345;0
5.51;0.125815380902677;0.0880912928341937;0
5.52;0.126678591827688;0.0841540187233292;0
5.53;0.127502345942221;0.0801982854351186;0
5.54;0.128286464130554;0.0762253104673194;0
5.55;0.129030779466087;0.0722363143935874;0
5.56;0.129735137240435;0.0682325204923102;0
5.57;0.130399394988804;0.0642151543752685;0
5.58;0.131023422511653;0.0601854436162355;0
5.59;0.131607101892643;0.0561446173796271;0
5.6;0.132150327512872;0.0520939060493127;0
5.61;0.132653006061402;0.0480345408576994;0
5.62;0.133115056542076;0.0439677535151986;0
5.63;0.13353641027663;0.0398947758401861;0
5.64;0.133917010904113;0.0358168393895666;0
5.65;0.134256814376612;0.0317351750900507;0
5.66;0.134555788951291;0.0276510128702546;0
5.67;0.13481391517876;0.0235655812937318;0
5.68;0.135031185887778;0.0194801071930444;0
5.69;0.135207606166297;0.015395815304982;0
5.7;0.135343193338872;0.011313927907036;0
5.71;0.135437976940432;0.00723566445523573;0
5.72;0.135491998686444;0.0031622412234532;0
5.73;0.135505312439475;-0.000905129055719054;0
5.74;0.135477984172167;-0.00496523754841077;0
5.75;0.135410091926649;-0.00901687967513403;0
5.76;0.135301725770397;-0.0130588554645568;0
5.77;0.135152987748573;-0.0170899699052867;0
5.78;0.134963991832846;-0.0211090332955644;0
5.79;0.134734863866732;-0.0251148615907627;0
5.8;0.134465741507464;-0.0291062767485946;0
5.81;0.13415677416443;-0.033082107071927;0
5.82;0.133808122934181;-0.0370411875491045;0
5.83;0.133419960532061;-0.0409823601916835;0
5.84;0.132992471220459;-0.0449044743694806;0
5.85;0.132525850733732;-0.0488063871428403;0
5.86;0.132020306199815;-0.0526869635920248;0
5.87;0.13147605605855;-0.0565450771436355;0
5.88;0.130893329976764;-0.0603796098939695;0
5.89;0.13027236876013;-0.0641894529292235;0
5.9;0.129613424261838;-0.0679735066424514;0
5.91;0.128916759288113;-0.0717306810471873;0
5.92;0.12818264750061;-0.0754598960876464;0
5.93;0.127411373315728;-0.0791600819454153;0
5.94;0.126603231800862;-0.0828301793425464;0
5.95;0.125758528567657;-0.0864691398409725;0
5.96;0.124877579662269;-0.0900759261381566;0
5.97;0.123960711452694;-0.0936495123588958;0
5.98;0.123008260513202;-0.0971888843431988;0
5.99;0.122020573505895;-0.100693039930156;0
6;0.12099800705946;-0.104160989237725;0
6.01;0.119940927645135;-0.107591754938356;0
6.02;0.118849711449939;-0.110984372530378;0
6.03;0.117724744247209;-0.114337890605074;0
6.04;0.116566421264482;-0.117651371109377;0
6.05;0.115375147048775;-0.120923889604101;0
6.06;0.1141513353293;-0.12415453551766;0
6.07;0.112895408877664;-0.127342412395183;0
6.08;0.111607799365596;-0.130486638142977;0
6.09;0.110288947220254;-0.13358634526826;0
6.1;0.108939301477155;-0.136640681114106;0
6.11;0.107559319630776;-0.139648808089542;0
6.12;0.106149467482877;-0.142609903894731;0
6.13;0.104710218988595;-0.145523161741183;0
6.14;0.103242056100358;-0.14838779056694;0
6.15;0.101745468609669;-0.151203015246678;0
6.16;0.100220953986817;-0.153968076796668;0
6.17;0.098669017218551;-0.156682232574546;0
6.18;0.097090170643793;-0.159344756473846;0
6.19;0.0954849337874195;-0.161954939113232;0
6.2;0.0938538331921795;-0.164512088020406;0
6.21;0.0921974022487959;-0.167015527810615;0
6.22;0.0905161810243069;-0.169464600359742;0
6.23;0.0888107160887007;-0.171858664971918;0
6.24;0.0870815603398991;-0.174197098541622;0
6.25;0.085329272827145;-0.176479295710238;0
6.26;0.0835544185728491;-0.178704669017008;0
6.27;0.0817575683929531;-0.180872649044376;0
6.28;0.079939298715864;-0.182982684557664;0
6.29;0.0781001914000179;-0.185034242639057;0
6.3;0.0762408335501297;-0.187026808815877;0
6.31;0.0743618173321848;-0.188959887183092;0
6.32;0.0724637397872336;-0.190833000520066;0
6.33;0.0705472026440427;-0.19264569040149;0
6.34;0.0686128121306642;-0.194397517302505;0
6.35;0.0666611787849795;-0.196088060697962;0
6.36;0.0646929172642772;-0.197716919155833;0
6.37;0.0627086461539229;-0.199283710424725;0
6.38;0.0607089877751811;-0.200788071515497;0
6.39;0.0586945679922468;-0.20222965877697;0
6.4;0.0566660160185471;-0.2036081479657;0
6.41;0.0546239642223717;-0.204923234309819;0
6.42;0.0525690479318915;-0.20617463256693;0
6.43;0.0505019052396257;-0.207362077076043;0
6.44;0.0484231768064154;-0.20848532180356;0
6.45;0.046333505664965;-0.209544140383291;0
6.46;0.0442335370230099;-0.210538326150506;0
6.47;0.0421239180661704;-0.21146769217003;0
6.48;0.0400052977605518;-0.212332071258364;0
6.49;0.0378783266551501;-0.213131315999857;0
6.5;0.0357436566841225;-0.213865298756922;0
6.51;0.0336019409689824;-0.2145339116743;0
6.52;0.0314538336207792;-0.215137066677398;0
6.53;0.0292999895423208;-0.215674695464686;0
6.54;0.0271410642304985;-0.216146749494197;0
6.55;0.0249777135787745;-0.216553199964109;0
6.56;0.0228105936798888;-0.216894037787458;0
6.57;0.0206403606288465;-0.217169273560975;0
6.58;0.0184676703262422;-0.217378937528082;0
6.59;0.0162931782819812;-0.217523079536058;0
6.6;0.0141175394194552;-0.217601768987407;0
6.61;0.0119414078802296;-0.217615094785442;0
6.62;0.00976543682930202;-0.217563165274122;0
6.63;0.00759027826098729;-0.217446108172161;0
6.64;0.00541658280548743;-0.217264070501446;0
6.65;0.0032449995362029;-0.217017218509787;0
6.66;0.00107617577784161;-0.216705737588045;0
6.67;-0.00108924308461796;-0.21632983218165;0
6.68;-0.00325061379605397;-0.215889725696578;0
6.69;-0.00540729542036312;-0.215385660399786;0
6.7;-0.00755864952860242;-0.214817897314182;0
6.71;-0.0097040403860559;-0.214186716108141;0
6.72;-0.0118428351381723;-0.213492414979626;0
6.73;-0.0139744039953199;-0.212735310534957;0
6.74;-0.0160981204163047;-0.211915737662264;0
6.75;-0.0182133612906001;-0.211034049399681;0
6.76;-0.0203195071192344;-0.210090616798326;0
6.77;-0.0224159421942852;-0.209085828780117;0
6.78;-0.0245020547769283;-0.208020091990473;0
6.79;-0.0265772372739921;-0.206893830645955;0
6.8;-0.0286408864129641;-0.205707486376909;0
6.81;-0.030692403415403;-0.20446151806515;0
6.82;-0.0327311941687047;-0.20315640167676;0
6.83;-0.034756669396175;-0.201792630090046;0
6.84;-0.0367682448253598;-0.200370712918734;0
6.85;-0.0387653413545866;-0.198891176330441;0
6.86;-0.0407473852176691;-0.197354562860498;0
6.87;-0.0427138081467301;-0.195761431221194;0
6.88;-0.0446640475330957;-0.194112356106487;0
6.89;-0.0465975465862167;-0.192407927992273;0
6.9;-0.0485137544905734;-0.190648752932255;0
6.91;-0.0504121265605189;-0.188835452349501;0
6.92;-0.0522921243930193;-0.186968662823754;0
6.93;-0.0541532160182478;-0.185049035874554;0
6.94;-0.0559948760479917;-0.18307723774027;0
6.95;-0.0578165858218314;-0.181053949153087;0
6.96;-0.0596178335510517;-0.178979865110037;0
6.97;-0.061398114460245;-0.176855694640154;0
6.98;-0.0631569309265703;-0.17468216056782;0
6.99;-0.0648937926166273;-0.172459999272373;0
7;-0.0666082166209112;-0.170189960444083;0
7.01;-0.0682997275858105;-0.167872806836541;0
7.02;-0.0699678578431133;-0.165509314015566;0
7.03;-0.071612147536987;-0.1631002701047;0
7.04;-0.0732321447483978;-0.160646475527381;0
7.05;-0.0748274056169379;-0.158148742745863;0
7.06;-0.0763974944600269;-0.155607895996983;0
7.07;-0.0779419838894572;-0.153024771024854;0
7.08;-0.0794604549252529;-0.15040021481056;0
7.09;-0.0809524971068126;-0.147735085298953;0
7.1;-0.082417708601307;-0.145030251122636;0
7.11;-0.0838556963093045;-0.142286591323206;0
7.12;-0.0852660759675968;-0.139504995069867;0
7.13;-0.0866484722491995;-0.136686361375487;0
7.14;-0.0880025188605018;-0.133831598810188;0
7.15;-0.0893278586355413;-0.130941625212566;0
7.16;-0.0906241436273813;-0.128017367398637;0
7.17;-0.0918910351965665;-0.125059760868575;0
7.18;-0.0931282040966377;-0.122069749511371;0
7.19;-0.094335330556683;-0.119048285307464;0
7.2;-0.0955121043609077;-0.11599632802948;0
7.21;-0.0966582249252023;-0.112914844941128;0
7.22;-0.0977734013706919;-0.109804810494383;0
7.23;-0.0988573525942505;-0.106667206025027;0
7.24;-0.0999098073359631;-0.103503019446657;0
7.25;-0.100930504243521;-0.100313244943236;0
7.26;-0.101919191933539;-0.0970988826603034;0
7.27;-0.102875629049774;-0.0938609383949241;0
7.28;-0.103799584318243;-0.090600423284477;0
7.29;-0.10469083659922;-0.0873183534943772;0
7.3;-0.105549174936109;-0.0840157499048292;0
7.31;-0.10637439860118;-0.0806936377967036;0
7.32;-0.107166317138155;-0.0773530465366351;0
7.33;-0.107924750401651;-0.0739950092614373;0
7.34;-0.108649528593455;-0.070620562561929;0
7.35;-0.109340492295645;-0.0672307461662695;0
7.36;-0.109997492500531;-0.0638266026228964;0
7.37;-0.110620390637432;-0.0604091769831643;0
7.38;-0.111209058596279;-0.0569795164837778;0
7.39;-0.111763378748034;-0.0535386702291152;0
7.4;-0.112283243961943;-0.0500876888735389;0
7.41;-0.1127685576196;-0.0466276243037865;0
7.42;-0.113219233625847;-0.0431595293215388;0
7.43;-0.113635196416495;-0.0396844573262593;0
7.44;-0.114016380962874;-0.0362034619983985;0
7.45;-0.11436273277322;-0.0327175969830602;0
7.46;-0.114674207890902;-0.0292279155742201;0
7.47;-0.114950772889489;-0.0257354703995942;0
7.48;-0.115192404864672;-0.0222413131062469;0
7.49;-0.11539909142305;-0.0187464940470351;0
7.5;-0.115570830667776;-0.0152520619679772;0
7.51;-0.115707631181086;-0.0117590636966429;0
7.52;-0.115809512003717;-0.00826854383165262;0
7.53;-0.115876502611226;-0.0047815444333787;0
7.54;-0.115908642887219;-0.00129910471593953;0
7.55;-0.115905983093507;0.00217773925942406;0
7.56;-0.115868583837203;0.0056479548895003;0
7.57;-0.115796516034775;0.00911051333269691;0
7.58;-0.115689860873071;0.0125643898109822;0
7.59;-0.115548709767326;0.0160085639100889;0
7.6;-0.115373164316187;0.0194420198778946;0
7.61;-0.115163336253748;0.0228637469208911;0
7.62;-0.114919347398646;0.026272739498658;0
7.63;-0.114641329600205;0.0296679976162562;0
7.64;-0.114329424681676;0.0330485271144554;0
7.65;-0.113983784380584;0.0364133399577147;0
7.66;-0.1136045702862;0.0397614545198314;0
7.67;-0.113191953774176;0.0430918958671787;0
7.68;-0.112746115938349;0.0464036960394497;0
7.69;-0.112267247519755;0.0496958943278292;0
7.7;-0.111755548832874;0.0529675375505125;0
7.71;-0.111211229689129;0.0562176803254963;0
7.72;-0.110634509317669;0.0594453853405605;0
7.73;-0.110025616283472;0.0626497236203691;0
7.74;-0.109384788402777;0.0658297747906109;0
7.75;-0.108712272655902;0.0689846273391101;0
7.76;-0.108008325097461;0.0721133788738298;0
7.77;-0.107273210764005;0.0752151363776991;0
7.78;-0.106507203579145;0.0782890164601922;0
7.79;-0.105710586256165;0.0813341456055889;0
7.8;-0.104883650198165;0.0843496604178482;0
7.81;-0.104026695395782;0.0873347078620289;0
7.82;-0.103140030322499;0.0902884455021873;0
7.83;-0.102223971827601;0.093210041735691;0
7.84;-0.101278845026802;0.0960986760238812;0
7.85;-0.100304983190576;0.0989535391190222;0
7.86;-0.099302727630245;0.101773833287477;0
7.87;-0.0982724275818472;0.104558772529048;0
7.88;-0.0972144400878278;0.10730758279242;0
7.89;-0.0961291298765963;0.110019502186659;0
7.9;-0.0950168692399861;0.112693781188691;0
7.91;-0.0938780379086562;0.115329682846731;0
7.92;-0.092713022925479;0.117926482979578;0
7.93;-0.0915222185169521;0.120483470371753;0
7.94;-0.0903060259626789;0.122999946964406;0
7.95;-0.0890648534629588;0.12547522804196;0
7.96;-0.0877991160045305;0.127908642414421;0
7.97;-0.0865092352245115;0.130299532595335;0
7.98;-0.0851956392725786;0.132647254975322;0
7.99;-0.0838587626714322;0.134951179991155;0
8;-0.0824990461755907;0.137210692290335;0
8.01;-0.0811169366285591;0.13942519089113;0
8.02;-0.079712886818418;0.141594089338026;0
8.03;-0.0782873553318792;0.143716815852553;0
8.04;-0.0768408064068533;0.145792813479464;0
8.05;-0.0753737097835767;0.147821540228205;0
8.06;-0.0738865405543462;0.149802469209667;0
8.07;-0.0723797790119058;0.151735088768171;0
8.08;-0.0708539104965365;0.153618902608662;0
8.09;-0.0693094252418955;0.155453429919077;0
8.1;-0.0677468182196532;0.157238205487864;0
8.11;-0.0661665889829771;0.158972779816623;0
8.12;-0.0645692415089118;0.160656719227839;0
8.13;-0.0629552840397029;0.162289605967697;0
8.14;-0.0613252289231162;0.163871038303931;0
8.15;-0.0596795924517995;0.165400630618722;0
8.16;-0.0580188947017388;0.166878013496587;0
8.17;-0.0563436593698576;0.168302833807274;0
8.18;-0.0546544136108104;0.169674754783625;0
8.19;-0.0529516878730193;0.170993456094405;0
8.2;-0.0512360157340062;0.172258633912073;0
8.21;-0.0495079337350692;0.173470000975497;0
8.22;-0.0477679812153549;0.174627286647591;0
8.23;-0.0460167001453773;0.175730236967866;0
8.24;-0.0442546349600341;0.1767786146999;0
8.25;-0.0424823323911711;0.177772199373708;0
8.26;-0.040700341299746;0.178710787323013;0
8.27;-0.038909212507642;0.179594191717418;0
8.28;-0.0371094986291835;0.180422242589476;0
8.29;-0.0353017539024031;0.181194786856656;0
8.3;-0.0334865340201125;0.181911688338211;0
8.31;-0.0316643959608275;0.182572827766953;0
8.32;-0.0298358978195983;0.183178102795936;0
8.33;-0.0280015986387951;0.183727428000052;0
8.34;-0.0261620582389019;0.18422073487256;0
8.35;-0.0243178370493667;0.18465797181654;0
8.36;-0.0224694959395603;0.185039104131299;0
8.37;-0.020617596049894;0.185364113993734;0
8.38;-0.0187626986231456;0.185633000434669;0
8.39;-0.0169053648360455;0.185845779310176;0
8.4;-0.0150461556311715;0.186002483267907;0
8.41;-0.0131856315492026;0.186103161708451;0
8.42;-0.0113243525615819;0.186147880741726;0
8.43;-0.00946287790363782;0.186136723138451;0
8.44;-0.00760176590821221;0.186069788276695;0
8.45;-0.0057415738398456;0.185947192083549;0
8.46;-0.00388285772956724;0.18576906697193;0
8.47;-0.002026172210339;0.185535561772557;0
8.48;-0.000172070353201099;0.185246841661122;0
8.49;0.00167889649583226;0.184903088080682;0
8.5;0.00352617887807991;0.184504498659311;0
8.51;0.00536922938365606;0.184051287123047;0
8.52;0.00720750281204086;0.183543683204155;0
8.53;0.0090404563317129;0.182981932544751;0
8.54;0.0108675496387971;0.18236629659583;0
8.55;0.0126882451146821;0.181697052511717;0
8.56;0.0145020079825624;0.180974493040003;0
8.57;0.0163083064628588;0.180198926406988;0
8.58;0.0181066119274737;0.179370676198685;0
8.59;0.019896399052837;0.178490081237425;0
8.6;0.0216771459716973;0.177557495454105;0
8.61;0.0234483344236172;0.176573287756122;0
8.62;0.0252094499041285;0.175537841891059;0
8.63;0.0269599818125048;0.174451556306136;0
8.64;0.02869942359811;0.173314844003517;0
8.65;0.0304272729052819;0.172128132391489;0
8.66;0.0321430317167086;0.170891863131581;0
8.67;0.0338462064952578;0.169606491981677;0
8.68;0.0355363083242206;0.168272488635172;0
8.69;0.0372128530459278;0.166890336556222;0
8.7;0.038875361398702;0.165460532811158;0
8.71;0.0405233591521072;0.163983587896102;0
8.72;0.0421563772404569;0.162460025560864;0
8.73;0.0437739518945453;0.160890382629162;0
8.74;0.0453756247715636;0.159275208815232;0
8.75;0.0469609430831673;0.157615066536895;0
8.76;0.0485294597216578;0.155910530725127;0
8.77;0.0500807333842445;0.154162188630217;0
8.78;0.0516143286953532;0.152370639624559;0
8.79;0.0531298163269478;0.150536495002146;0
8.8;0.0546267731168315;0.148660377774843;0
8.81;0.056104782184898;0.146742922465491;0
8.82;0.0575634330472981;0.144784774897922;0
8.83;0.0590023217284938;0.142786591983939;0
8.84;0.0604210508711685;0.140749041507347;0
8.85;0.0618192298439646;0.138672801905091;0
8.86;0.0631964748470194;0.136558562045578;0
8.87;0.0645524090152724;0.134407021004254;0
8.88;0.0658866625195156;0.132218887836506;0
8.89;0.0671988726651616;0.129994881347962;0
8.9;0.0684886839887029;0.127735729862265;0
8.91;0.069755748351838;0.125442170986395;0
8.92;0.07099972503324;0.1231149513736;0
8.93;0.0722202808179441;0.120754826484042;0
8.94;0.0734170900843312;0.118362560343196;0
8.95;0.0745898348886857;0.115938925298107;0
8.96;0.0757382050473073;0.113484701771569;0
8.97;0.0768618982161545;0.111000678014306;0
8.98;0.0779606199680016;0.108487649855231;0
8.99;0.0790340838670901;0.105946420449863;0
9;0.0800820115412561;0.103377800026983;0
9.01;0.0811041327515167;0.100782605633601;0
9.02;0.0821001854590985;0.0981616608783192;0
9.03;0.0830699158898931;0.0955157956731698;0
9.04;0.0840130785963246;0.0928458459740073;0
9.05;0.0849294365166141;0.0901526535195341;0
9.06;0.0858187610314293;0.0874370655690417;0
9.07;0.0866808320179057;0.0846999346389479;0
9.08;0.0875154379010283;0.0819421182382106;0
9.09;0.0883223757023621;0.0791644786027001;0
9.1;0.0891014510861228;0.0763678824286109;0
9.11;0.0898524784025767;0.0735532006049947;0
9.12;0.0905752807287629;0.0707213079454957;0
9.13;0.0912696899065297;0.0678730829193716;0
9.14;0.0919355465778772;0.0650094073818798;0
9.15;0.0925727002176028;0.0621311663041131;0
9.16;0.0931810091632414;0.0592392475023649;0
9.17;0.0937603406422986;0.0563345413671075;0
9.18;0.0943105707967714;0.0534179405916634;0
9.19;0.0948315847049549;0.0504903399006536;0
9.2;0.0953232764005329;0.0475526357783035;0
9.21;0.095785548888951;0.0446057261966881;0
9.22;0.0962183141610721;0.0416505103439982;0
9.23;0.0966214932041154;0.0386878883529092;0
9.24;0.0969950160098792;0.0357187610291339;0
9.25;0.0973388215802509;0.0327440295802395;0
9.26;0.0976528579300065;0.0297645953448109;0
9.27;0.0979370820869035;0.0267813595220392;0
9.28;0.0981914600890718;0.0237952229018182;0
9.29;0.0984159669797085;0.0208070855954259;0
9.3;0.0986105867990819;0.0178178467668733;0
9.31;0.0987753125738532;0.0148284043649989;0
9.32;0.0989101463037214;0.011839654856387;0
9.33;0.099015098945403;0.00885249295919038;0
9.34;0.0990901903939528;0.00586781137793401;0
9.35;0.0991354494614385;0.00288650053937823;0
9.36;0.0991509138529783;-9.0551670481235e-05;0
9.37;0.0991366301401544;-0.00306246016819972;0
9.38;0.0990926537318143;-0.00602834293337997;0
9.39;0.0990190488422725;-0.00898732126780266;0
9.4;0.0989158884569285;-0.0119385200531157;0
9.41;0.0987832542953139;-0.0148810680070074;0
9.42;0.0986212367715848;-0.0178140979377898;0
9.43;0.0984299349524761;-0.0207367469973179;0
9.44;0.0982094565127348;-0.0236481569321724;0
9.45;0.0979599176880481;-0.0265474743330332;0
9.46;0.097681443225488;-0.0294338508821726;0
9.47;0.0973741663314883;-0.0323064435989966;0
9.48;0.0970382286173757;-0.0351644150835643;0
9.49;0.0966737800424755;-0.038006933758016;0
9.5;0.0962809788548118;-0.0408331741058414;0
9.51;0.0958599915294259;-0.0436423169089193;0
9.52;0.0954109927043336;-0.0464335494822617;0
9.53;0.0949341651141468;-0.0492060659063966;0
9.54;0.094429699521381;-0.051959067257323;0
9.55;0.0938977946454752;-0.0546917618339742;0
9.56;0.0933386570895482;-0.057403365383124;0
9.57;0.0927525012649178;-0.0600931013216751;0
9.58;0.092139549313409;-0.0627602009562653;0
9.59;0.0915000310274787;-0.0654039037001315;0
9.6;0.0908341837681834;-0.0680234572871713;0
9.61;0.0901422523810209;-0.0706181179831417;0
9.62;0.0894244891096709;-0.0731871507939383;0
9.63;0.0886811535076681;-0.0757298296708956;0
9.64;0.0879125123480348;-0.0782454377130541;0
9.65;0.0871188395309047;-0.0807332673663363;0
9.66;0.0863004159891697;-0.0831926206195796;0
9.67;0.0854575295921804;-0.0856228091973715;0
9.68;0.0845904750475324;-0.0880231547496343;0
9.69;0.083699553800972;-0.09039298903791;0
9.7;0.0827850739344543;-0.0927316541182927;0
9.71;0.0818473500623867;-0.0950385025209613;0
9.72;0.0808867032260928;-0.0973128974262643;0
9.73;0.0799034607865314;-0.0995542128373087;0
9.74;0.0788979563153051;-0.101761833749008;0
9.75;0.0778705294839944;-0.103935156313547;0
9.76;0.0768215259518543;-0.106073588002212;0
9.77;0.075751297251908;-0.108176547763559;0
9.78;0.0746602006754764;-0.11024346617786;0
9.79;0.0735485991551796;-0.112273785607802;0
9.8;0.0724168611464482;-0.114266960345397;0
9.81;0.0712653605075838;-0.116222456755059;0
9.82;0.0700944763784044;-0.11813975341282;0
9.83;0.0689045930575169;-0.120018341241643;0
9.84;0.0676960998782525;-0.121857723642802;0
9.85;0.0664693910833076;-0.123657416623301;0
9.86;0.0652248656981277;-0.125416948919285;0
9.87;0.063962927403075;-0.127135862115434;0
9.88;0.062683984404421;-0.128813710760293;0
9.89;0.0613884493042042;-0.13045006247752;0
9.9;0.0600767389689925;-0.132044498073026;0
9.91;0.0587492743975949;-0.133596611637973;0
9.92;0.0574064805877596;-0.135106010647619;0
9.93;0.0560487864019047;-0.13657231605598;0
9.94;0.0546766244319193;-0.137995162386282;0
9.95;0.05329043086308;-0.139374197817203;0
9.96;0.0518906453371244;-0.140709084264858;0
9.97;0.0504777108145226;-0.141999497460542;0
9.98;0.0490520734359921;-0.14324512702418;0
9.99;0.0476141823832961;-0.144445676533503;0
10;0.0461644897393704;-0.145600863588913;0
10.01;0.0447034503478201;-0.146710419874035;0
10.02;0.0432315216718316;-0.14777409121194;0
10.03;0.0417491636525401;-0.148791637617044;0
10.04;0.0402568385668995;-0.149762833342648;0
10.05;0.0387550108850949;-0.15068746692414;0
10.06;0.0372441471275436;-0.151565341217837;0
10.07;0.0357247157215272;-0.152396273435466;0
10.08;0.0341971868574979;-0.153180095174289;0
10.09;0.0326620323451041;-0.153916652442855;0
10.1;0.0311197254689776;-0.154605805682394;0
10.11;0.0295707408443262;-0.155247429783846;0
10.12;0.0280155542723766;-0.15584141410053;0
10.13;0.0264546425957088;-0.156387662456456;0
10.14;0.0248884835535286;-0.156886093150282;0
10.15;0.0233175556369189;-0.157336638954929;0
10.16;0.0217423379441145;-0.15773924711286;0
10.17;0.0201633100358446;-0.15809387932702;0
10.18;0.0185809517907837;-0.158400511747466;0
10.19;0.0169957432611572;-0.158659134953689;0
10.2;0.0154081645285419;-0.158869753932634;0
10.21;0.0138186955599066;-0.159032388052448;0
10.22;0.0122278160639335;-0.159147071031952;0
10.23;0.0106360053476646;-0.159213850905875;0
10.24;0.00904374217351455;-0.159232789985849;0
10.25;0.00745150461669283;-0.15920396481719;0
10.26;0.00585976992307663;-0.159127466131494;0
10.27;0.00426901436757674;-0.159003398795057;0
10.28;0.00267971311303797;-0.158831881753144;0
10.29;0.00109234006971534;-0.158613047970141;0
10.3;-0.000492632244632657;-0.158347044365601;0
10.31;-0.00207473284399302;-0.15803403174622;0
10.32;-0.00365349241264862;-0.157674184733765;0
10.33;-0.00522844344298987;-0.157267691688986;0
10.34;-0.00679912037254746;-0.156814754631541;0
10.35;-0.00836505972020655;-0.156315589155964;0
10.36;-0.00992580022156294;-0.155770424343704;0
10.37;-0.0114808829633821;-0.15517950267128;0
10.38;-0.0130298515171224;-0.154543079914573;0
10.39;-0.0145722520714838;-0.153861425049296;0
10.4;-0.0161076335639447;-0.15313482014768;0
10.41;-0.0176355478112481;-0.152363560271414;0
10.42;-0.0191555496388009;-0.151547953360869;0
10.43;-0.0206671970089488;-0.150688320120656;0
10.44;-0.0221700511480901;-0.149784993901558;0
10.45;-0.0236636766725932;-0.148838320578863;0
10.46;-0.025147641713481;-0.147848658427165;0
10.47;-0.0266215180398474;-0.146816377991654;0
10.48;-0.028084881180972;-0.145741861955954;0
10.49;-0.0295373105470963;-0.144625505006544;0
10.5;-0.0309783895488306;-0.143467713693822;0
10.51;-0.0324077057151552;-0.142268906289846;0
10.52;-0.0338248508099849;-0.141029512642803;0
10.53;-0.0352294209472637;-0.139749974028269;0
10.54;-0.0366210167045577;-0.138430742997284;0
10.55;-0.0379992432351143;-0.137072283221324;0
10.56;-0.0393637103783581;-0.135675069334194;0
10.57;-0.0407140327687911;-0.13423958677091;0
10.58;-0.0420498299432693;-0.132766331603623;0
10.59;-0.0433707264466247;-0.131255810374637;0
10.6;-0.0446763519356053;-0.129708539926566;0
10.61;-0.0459663412811031;-0.12812504722971;0
10.62;-0.0472403346686443;-0.126505869206677;0
10.63;-0.0484979776971134;-0.124851552554336;0
10.64;-0.049738921475685;-0.123162653563136;0
10.65;-0.0509628227189367;-0.121439737933865;0
10.66;-0.0521693438401189;-0.119683380591903;0
10.67;-0.0533581530425559;-0.117894165499028;0
10.68;-0.0545289244091544;-0.116072685462837;0
10.69;-0.0556813379899948;-0.114219541943838;0
10.7;-0.0568150798879848;-0.112335344860292;0
10.71;-0.0579298423425499;-0.110420712390844;0
10.72;-0.0590253238113415;-0.108476270775017;0
10.73;-0.0601012290499405;-0.106502654111643;0
10.74;-0.0611572691895352;-0.104500504155273;0
10.75;-0.062193161812556;-0.102470470110647;0
10.76;-0.0632086310262449;-0.100413208425286;0
10.77;-0.0642034075341434;-0.0983293825802642;0
10.78;-0.0651772287054803;-0.0962196628792385;0
10.79;-0.0661298386424416;-0.094084726235789;0
10.8;-0.0670609882453069;-0.0919252559591484;0
10.81;-0.0679704352754362;-0.0897419415383807;0
10.82;-0.0688579444160913;-0.0875354784250783;0
10.83;-0.0697232873310781;-0.0853065678146458;0
10.84;-0.0705662427211955;-0.0830559164262373;0
10.85;-0.0713865963784781;-0.0807842362814166;0
10.86;-0.0721841412382192;-0.0784922444816082;0
10.87;-0.0729586774287643;-0.0761806629844077;0
10.88;-0.0737100123190622;-0.0738502183788219;0
10.89;-0.0744379605639636;-0.0715016416595057;0
10.9;-0.0751423441472587;-0.0691356680000672;0
10.91;-0.0758229924224428;-0.0667530365255093;0
10.92;-0.0764797421512039;-0.0643544900838783;0
10.93;-0.0771124375396224;-0.0619407750171886;0
10.94;-0.0777209302720779;-0.0595126409316939;0
10.95;-0.0783050795428552;-0.0570708404675747;0
10.96;-0.0788647520854456;-0.0546161290681123;0
10.97;-0.0793998221995374;-0.0521492647484189;0
10.98;-0.0799101717756923;-0.0496710078637947;0
10.99;-0.0803956903177031;-0.0471821208777815;0
11;-0.0808562749626325;-0.0446833681299826;0
11.01;-0.0812918304985271;-0.04217551560372;0
11.02;-0.0817022693798098;-0.0396593306935976;0
11.03;-0.0820875117403456;-0.0371355819730409;0
11.04;-0.0824474854041846;-0.0346050389618839;0
11.05;-0.0827821258939801;-0.0320684718940697;0
11.06;-0.0830913764370853;-0.0295266514855385;0
11.07;-0.0833751879693296;-0.0269803487023686;0
11.08;-0.0836335191364778;-0.0244303345292411;0
11.09;-0.0838663362933754;-0.0218773797382977;0
11.1;-0.0840736135007852;-0.0193222546584585;0
11.11;-0.0842553325199185;-0.0167657289452698;0
11.12;-0.084411482804668;-0.0142085713513493;0
11.13;-0.0845420614915478;-0.0116515494974956;0
11.14;-0.0846470733873484;-0.00909542964453183;0
11.15;-0.0847265309545124;-0.00654097646594772;0
11.16;-0.0847804542942418;-0.00398895282140907;0
11.17;-0.0848088711273434;-0.00144011953119987;0
11.18;-0.0848118167728243;0.00110476484833658;0
11.19;-0.0847893341242454;0.00364494424829186;0
11.2;-0.0847414736238453;0.00617966530955697;0
11.21;-0.0846682932344467;0.00870817760399237;0
11.22;-0.0845698584091553;0.0112297338543393;0
11.23;-0.0844462420588667;0.0137435901528087;0
11.24;-0.0842975245175928;0.0162490061782844;0
11.25;-0.0841237935056235;0.0187452454120775;0
11.26;-0.0839251440905362;0.021231575352171;0
11.27;-0.0837016786460716;0.0237072677258913;0
11.28;-0.0834535068088886;0.0261715987009467;0
11.29;-0.0831807454332172;0.0286238490947723;0
11.3;-0.082883518543426;0.0310633045821211;0
11.31;-0.0825619572845207;0.0334892559008424;0
11.32;-0.0822161998705947;0.0359009990557887;0
11.33;-0.0818463915312483;0.0382978355207937;0
11.34;-0.081452684455997;0.0406790724386629;0
11.35;-0.0810352377366897;0.0430440228191223;0
11.36;-0.0805942173079565;0.0453920057346672;0
11.37;-0.080129795885707;0.0477223465142579;0
11.38;-0.0796421529037025;0.0500343769348061;0
11.39;-0.0791314744482233;0.0523274354104004;0
11.4;-0.0785979531908534;0.0546008671792161;0
11.41;-0.0780417883194077;0.056854024488059;0
11.42;-0.0774631854670237;0.0590862667744899;0
11.43;-0.0768623566394437;0.0612969608464826;0
11.44;-0.0762395201405113;0.0634854810595614;0
11.45;-0.0755949004959083;0.0656512094913735;0
11.46;-0.0749287283751576;0.0677935361136455;0
11.47;-0.0742412405119179;0.0699118589614791;0
11.48;-0.0735326796225986;0.0720055842999374;0
11.49;-0.0728032943233203;0.0740741267878791;0
11.5;-0.07205333904525;0.076116909638994;0
11.51;-0.0712830739483385;0.0781333647799985;0
11.52;-0.0704927648334888;0.0801229330059459;0
11.53;-0.0696826830531847;0.0820850641326132;0
11.54;-0.0688531054206086;0.0840192171459198;0
11.55;-0.0680043141172787;0.0859248603483426;0
11.56;-0.0671365965992358;0.0878014715022855;0
11.57;-0.0662502455018101;0.0896485379703671;0
11.58;-0.0653455585429994;0.0914655568525893;0
11.59;-0.0644228384254893;0.0932520351203522;0
11.6;-0.0634823927373481;0.0950074897472783;0
11.61;-0.0625245338514274;0.0967314478368141;0
11.62;-0.0615495788235021;0.0984234467465769;0
11.63;-0.0605578492891808;0.100083034209412;0
11.64;-0.0595496713596208;0.101709768451134;0
11.65;-0.0585253755160816;0.103303218304917;0
11.66;-0.0574852965033479;0.104862963322317;0
11.67;-0.0564297732220597;0.106388593880874;0
11.68;-0.0553591486199801;0.107879711288306;0
11.69;-0.0542737695822377;0.109335927883226;0
11.7;-0.0531739868205772;0.110756867132395;0
11.71;-0.052060154761653;0.112142163724466;0
11.72;-0.0509326314344013;0.113491463660198;0
11.73;-0.0497917783565265;0.114804424339136;0
11.74;-0.0486379604201359;0.116080714642714;0
11.75;-0.0474715457765605;0.117320015013778;0
11.76;-0.0462929057203955;0.118522017532509;0
11.77;-0.0451024145727996;0.119686425988723;0
11.78;-0.0439004495640859;0.120812955950535;0
11.79;-0.0426873907156435;0.121901334829382;0
11.8;-0.0414636207212252;0.122951301941379;0
11.81;-0.0402295248276383;0.123962608564999;0
11.82;-0.0389854907148745;0.124935017995072;0
11.83;-0.0377319083757175;0.125868305593087;0
11.84;-0.036469169994863;0.126762258833792;0
11.85;-0.0351976698275908;0.127616677348084;0
11.86;-0.0339178040780233;0.128431372962173;0
11.87;-0.0326299707770102;0.129206169733036;0
11.88;-0.0313345696596748;0.129940903980135;0
11.89;-0.0300320020426603;0.130635424313405;0
11.9;-0.0287226707011126;0.131289591657513;0
11.91;-0.0274069797454378;0.131903279272383;0
11.92;-0.0260853344978708;0.132476372769985;0
11.93;-0.0247581413688931;0.133008770127399;0
11.94;-0.0234258077335364;0.133500381696141;0
11.95;-0.0220887418076104;0.133951130207772;0
11.96;-0.0207473525238904;0.134360950775783;0
11.97;-0.0194020494083032;0.134729790893761;0
11.98;-0.0180532424561483;0.135057610429857;0
11.99;-0.0167013420083905;0.135344381617541;0
12;-0.015346758628062;0.135590089042682;0
12.01;-0.0139899029768099;0.135794729626931;0
12.02;-0.012631185691627;0.135958312607447;0
12.03;-0.011271017261801;0.13608085951296;0
12.04;-0.00990980790612011;0.136162404136194;0
12.05;-0.00854796745037061;0.136202992502658;0
12.06;-0.00718590520516256;0.136202682835826;0
12.07;-0.00582402984412018;0.136161545518719;0
12.08;-0.00446274928247237;0.13607966305191;0
12.09;-0.00310247055607928;0.135957130007966;0
12.1;-0.00174359970093036;0.135794052982352;0
12.11;-0.000386541633149339;0.135590550540814;0
12.12;0.000968299970459039;0.135346753163267;0
12.13;0.00232052279128534;0.1350628031842;0
12.14;0.00366972598718038;0.134738854729644;0
12.15;0.00501551031007434;0.134375073650696;0
12.16;0.00635747822291584;0.133971637453662;0
12.17;0.00769523401589715;0.133528735226805;0
12.18;0.00902838392193199;0.13304656756377;0
12.19;0.0103565362313524;0.132525346483669;0
12.2;0.0116793014057917;0.131965295347897;0
12.21;0.0129962921912213;0.131366648773682;0
12.22;0.0143071237301076;0.130729652544408;0
12.23;0.0156114136726588;0.130054563516751;0
12.24;0.016908782287128;0.129341649524651;0
12.25;0.0181988525691422;0.128591189280159;0
12.26;0.019481250350026;0.127803472271195;0
12.27;0.020755604404089;0.126978798656252;0
12.28;0.0220215465548463;0.12611747915608;0
12.29;0.023278711780143;0.125219834942389;0
12.3;0.024526738316152;0.124286197523618;0
12.31;0.0257652677602163;0.123316908627791;0
12.32;0.026993945172508;0.12231232008252;0
12.33;0.0282124191764726;0.12127279369218;0
12.34;0.0294203420580349;0.120198701112311;0
12.35;0.0306173698635344;0.119090423721277;0
12.36;0.0318031624963667;0.117948352489234;0
12.37;0.0329773838123019;0.11677288784445;0
12.38;0.0341397017134543;0.115564439537013;0
12.39;0.0352897882408782;0.114323426499983;0
12.4;0.0364273196657632;0.113050276708037;0
12.41;0.0375519765792055;0.111745427033629;0
12.42;0.0386634439805295;0.110409323100749;0
12.43;0.039761411364136;0.109042419136298;0
12.44;0.0408455728048541;0.107645177819142;0
12.45;0.0419156270417734;0.106218070126897;0
12.46;0.0429712775605336;0.104761575180482;0
12.47;0.0440122326740502;0.103276180086503;0
12.48;0.0450382056016539;0.101762379777514;0
12.49;0.0460489145466242;0.100220676850203;0
12.5;0.0470440827720947;0.0986515814015657;0
12.51;0.0480234386753118;0.0970556108631029;0
12.52;0.0489867158602266;0.0954332898331124;0
12.53;0.0499336532084014;0.0937851499071175;0
12.54;0.0508639949482123;0.0921117295064892;0
12.55;0.0517774907223295;0.0904135737053175;0
12.56;0.0526738956534599;0.088691234055586;0
12.57;0.0535529704083329;0.0869452684107052;0
12.58;0.0544144812599144;0.0851762407474597;0
12.59;0.0552582001478343;0.0833847209864264;0
12.6;0.0560839047370104;0.0815712848109193;0
12.61;0.056891378474456;0.0797365134845183;0
12.62;0.0576804106442563;0.0778809936672385;0
12.63;0.0584507964207009;0.0760053172303985;0
12.64;0.0592023369195589;0.0741100810702434;0
12.65;0.0599348392474852;0.0721958869203835;0
12.66;0.060648116549546;0.0702633411631042;0
12.67;0.0613419880548525;0.0683130546396071;0
12.68;0.0620162791202922;0.0663456424592403;0
12.69;0.0626708212723489;0.0643617238077776;0
12.7;0.063305452247;0.0623619217548051;0
12.71;0.0639200160276859;0.0603468630602744;0
12.72;0.0645143628813393;0.0583171779802824;0
12.73;0.0650883493924705;0.0562735000721365;0
12.74;0.0656418384953;0.0542164659987656;0
12.75;0.0661746995039319;0.0521467153325361;0
12.76;0.0666868081405638;0.0500648903585331;0
12.77;0.0671780465617268;0.0479716358773664;0
12.78;0.0676483033825521;0.0458675990075613;0
12.79;0.0680974736990591;0.0437534289875946;0
12.8;0.0685254591084634;0.0416297769776347;0
12.81;0.0689321677275005;0.0394972958610469;0
12.82;0.069317514208764;0.0373566400457233;0
12.83;0.0696814197550561;0.0352084652652969;0
12.84;0.0700238121317505;0.0330534283803;0
12.85;0.0703446256771666;0.0308921871793266;0
12.86;0.0706438013109553;0.0287254001802584;0
12.87;0.0709212865404981;0.026553726431614;0
12.88;0.0711770354653201;0.0243778253140795;0
12.89;0.0714110087795196;0.0221983563422823;0
12.9;0.071623173772216;0.0200159789668635;0
12.91;0.0718135043260212;0.0178313523769115;0
12.92;0.0719819809135363;0.0156451353028119;0
12.93;0.0721285905918789;0.0134579858195753;0
12.94;0.0722533269952468;0.0112705611506979;0
12.95;0.0723561903255218;0.00908351747261624;0
12.96;0.0724371873409219;0.00689750971981034;0
12.97;0.072496331342707;0.00471319139061501;0
12.98;0.0725336421599466;0.00253121435379504;0
12.99;0.0725491461323567;0.000352228655941448;0
13;0.0725428760912144;-0.00182311767025511;0
13.01;0.0725148713383595;-0.00399417879679772;0
13.02;0.0724651776232929;-0.00616031129018776;0
13.03;0.0723938471183809;-0.00832087430018551;0
13.04;0.0723009383921775;-0.010475229747472;0
13.05;0.0721865163808747;-0.0126227425101575;0
13.06;0.0720506523578937;-0.0147627806090833;0
13.07;0.0718934239016281;-0.016894715391863;0
13.08;0.0717149148613525;-0.0190179217156094;0
13.09;0.0715152153213109;-0.0211317781282964;0
13.1;0.0712944215629966;-0.0232356670487026;0
13.11;0.07105263602564;-0.0253289749448845;0
13.12;0.0707899672649184;-0.0274110925111303;0
13.13;0.0705065299099027;-0.029481414843342;0
13.14;0.0702024446182585;-0.0315393416127967;0
13.15;0.0698778380297163;-0.033584277238238;0
13.16;0.0695328427178285;-0.0356156310562485;0
13.17;0.0691675971400313;-0.0376328174898551;0
13.18;0.0687822455860278;-0.0396352562153197;0
13.19;0.0683769381245119;-0.0416223723270693;0
13.2;0.0679518305482519;-0.0435935965007175;0
13.21;0.0675070843175515;-0.0455483651541332;0
13.22;0.0670428665021104;-0.0474861206065115;0
13.23;0.0665593497213023;-0.0494063112354019;0
13.24;0.0660567120828928;-0.0513083916316505;0
13.25;0.0655351371202164;-0.0531918227522133;0
13.26;0.0649948137278361;-0.0550560720707994;0
13.27;0.0644359360957062;-0.0569006137263005;0
13.28;0.0638587036418603;-0.0587249286689684;0
13.29;0.0632633209436491;-0.0605285048042991;0
13.3;0.0626499976675481;-0.0623108371345846;0
13.31;0.062018948497562;-0.0640714278980946;0
13.32;0.0613703930622474;-0.0658097867058489;0
13.33;0.0607045558603784;-0.0675254306759459;0
13.34;0.0600216661852808;-0.0692178845654091;0
13.35;0.0593219580478587;-0.0708866808995171;0
13.36;0.0586056700983393;-0.0725313600985836;0
13.37;0.0578730455467616;-0.074151470602152;0
13.38;0.0571243320822344;-0.0757465689905725;0
13.39;0.0563597817909915;-0.0773162201039313;0
13.4;0.0555796510732688;-0.078859997158298;0
13.41;0.0547842005590308;-0.0803774818592631;0
13.42;0.0539736950225754;-0.0818682645127355;0
13.43;0.0531484032960414;-0.0833319441329716;0
13.44;0.0523085981818499;-0.0847681285478083;0
13.45;0.0514545563641048;-0.0861764345010726;0
13.46;0.0505865583189829;-0.0875564877521436;0
13.47;0.0497048882241403;-0.0889079231726397;0
13.48;0.0488098338671665;-0.0902303848402095;0
13.49;0.0479016865531119;-0.0915235261294005;0
13.5;0.046980741011121;-0.0927870097995855;0
13.51;0.0460472953001995;-0.0940205080799249;0
13.52;0.045101650714145;-0.0952237027513437;0
13.53;0.0441441116856714;-0.0963962852255051;0
13.54;0.0431749856897571;-0.0975379566207605;0
13.55;0.0421945831462479;-0.0986484278350602;0
13.56;0.0412032173217439;-0.0997274196158065;0
13.57;0.0402012042308019;-0.100774662626635;0
13.58;0.0391888625364839;-0.101789897511109;0
13.59;0.0381665134502827;-0.10277287495331;0
13.6;0.0371344806314554;-0.103723355735318;0
13.61;0.0360930900857964;-0.104641110791565;0
13.62;0.0350426700638804;-0.10552592126005;0
13.63;0.0339835509588083;-0.106377578530409;0
13.64;0.032916065203486;-0.107195884288828;0
13.65;0.0318405471674681;-0.107980650559796;0
13.66;0.0307573330533989;-0.108731699744682;0
13.67;0.0296667607930818;-0.109448864657139;0
13.68;0.0285691699432085;-0.110131988555324;0
13.69;0.027464901580781;-0.11078092517093;0
13.7;0.0263542981982569;-0.111395538735038;0
13.71;0.0252377035984514;-0.111975704000761;0
13.72;0.0241154627892266;-0.112521306262712;0
13.73;0.0229879218780005;-0.113032241373264;0
13.74;0.0218554279661082;-0.113508415755632;0
13.75;0.0207183290430461;-0.113949746413746;0
13.76;0.0195769738806323;-0.114356160938956;0
13.77;0.0184317119271137;-0.114727597513532;0
13.78;0.0172828932012529;-0.115064004910996;0
13.79;0.0161308681864257;-0.115365342493275;0
13.8;0.0149759877247618;-0.115631580204686;0
13.81;0.0138186029113593;-0.115862698562753;0
13.82;0.0126590649886055;-0.116058688645882;0
13.83;0.0114977252406356;-0.116219552077877;0
13.84;0.0103349348879592;-0.116345301009336;0
13.85;0.00917104498228823;-0.116435958095914;0
13.86;0.00800640630159514;-0.116491556473475;0
13.87;0.00684136924543433;-0.116512139730151;0
13.88;0.0056762837305564;-0.116497761875309;0
13.89;0.0045114990868468;-0.116448487305452;0
13.9;0.00334736395361911;-0.116364390767062;0
13.91;0.00218422617629365;-0.11624555731641;0
13.92;0.00102243270349159;-0.116092082276332;0
13.93;-0.000137670515425235;-0.11590407119002;0
13.94;-0.00129573863233888;-0.115681639771811;0
13.95;-0.00245142800185443;-0.115424913855025;0
13.96;-0.00360439628224427;-0.115134029336849;0
13.97;-0.00475430253582801;-0.11480913212031;0
13.98;-0.00590080732875904;-0.114450378053337;0
13.99;-0.00704357283018878;-0.114057932864953;0
14;-0.00818226291078001;-0.113631972098617;0
14.01;-0.00931654324054086;-0.11317268104273;0
14.02;-0.0104460813859512;-0.112680254658351;0
14.03;-0.0115705469063536;-0.112154897504123;0
14.04;-0.0126896114495815;-0.111596823658469;0
14.05;-0.0138029488467968;-0.111006256639049;0
14.06;-0.0149102352065095;-0.110383429319541;0
14.07;-0.0160111490077542;-0.109728583843755;0
14.08;-0.0171053711923949;-0.109041971537113;0
14.09;-0.0181925852565333;-0.10832385281553;0
14.1;-0.0192724773409942;-0.107574497091735;0
14.11;-0.0203447363208626;-0.10679418267904;0
14.12;-0.0214090538940478;-0.105983196692623;0
14.13;-0.0224651246688482;-0.105141834948332;0
14.14;-0.0235126462504939;-0.104270401859055;0
14.15;-0.0245513193266417;-0.103369210328698;0
14.16;-0.0255808477518;-0.102438581643792;0
14.17;-0.0266009386306583;-0.10147884536278;0
14.18;-0.0276113024002996;-0.100490339203009;0
14.19;-0.0286116529112729;-0.0994734089254751;0
14.2;-0.0296017075075028;-0.0984284082173521;0
14.21;-0.0305811871050147;-0.0973556985723492;0
14.22;-0.0315498162694537;-0.0962556491689316;0
14.23;-0.0325073232923766;-0.0951286367464481;0
14.24;-0.0334534402662958;-0.0939750454792049;0
14.25;-0.0343879031584546;-0.0927952668485269;0
14.26;-0.0353104518833147;-0.091589699512849;0
14.27;-0.0362208303737352;-0.0903587491758788;0
14.28;-0.0371187866508255;-0.0891028284528741;0
14.29;-0.0380040728924521;-0.0878223567350787;0
14.3;-0.0388764455003817;-0.0865177600523597;0
14.31;-0.0397356651660429;-0.0851894709340909;0
14.32;-0.0405814969348893;-0.0838379282683271;0
14.33;-0.0414137102693457;-0.0824635771593144;0
14.34;-0.0422320791103236;-0.081066868783382;0
14.35;-0.0430363819372872;-0.0796482602432613;0
14.36;-0.0438264018268566;-0.0782082144208792;0
14.37;-0.0446019265099318;-0.0767471998286718;0
14.38;-0.0453627484273231;-0.0752656904594658;0
14.39;-0.0461086647838748;-0.0737641656349753;0
14.4;-0.0468394776010671;-0.0722431098529616;0
14.41;-0.0475549937680842;-0.0707030126331039;0
14.42;-0.0482550250913351;-0.0691443683616294;0
14.43;-0.0489393883424158;-0.0675676761347523;0
14.44;-0.0496079053045003;-0.0659734396009692;0
14.45;-0.0502604028171494;-0.0643621668022615;0
14.46;-0.0508967128195278;-0.0627343700142536;0
14.47;-0.0515166723920169;-0.0610905655853764;0
14.48;-0.0521201237962159;-0.0594312737750868;0
14.49;-0.0527069145133208;-0.0577570185911928;0
14.5;-0.0532768972808725;-0.0560683276263345;0
14.51;-0.0538299301278668;-0.0543657318936712;0
14.52;-0.0543658764082169;-0.0526497656618264;0
14.53;-0.054884604832563;-0.0509209662891395;0
14.54;-0.0553859894984213;-0.0491798740572776;0
14.55;-0.0558699099186661;-0.0474270320042553;0
14.56;-0.05633625104834;-0.0456629857569167;0
14.57;-0.0567849033097867;-0.0438882833629286;0
14.58;-0.0572157626161011;-0.0421034751223367;0
14.59;-0.0576287303928944;-0.0403091134187363;0
14.6;-0.0580237135983677;-0.0385057525501089;0
14.61;-0.0584006247416943;-0.0366939485593748;0
14.62;-0.0587593818997055;-0.0348742590647152;0
14.63;-0.0590999087318787;-0.0330472430897123;0
14.64;-0.059422134493627;-0.0312134608933608;0
14.65;-0.0597259940478876;-0.0293734738000016;0
14.66;-0.0600114278750102;-0.0275278440292272;0
14.67;-0.060278382080944;-0.0256771345258126;0
14.68;-0.0605268084037245;-0.0238219087897199;0
14.69;-0.0607566642182607;-0.0219627307062292;0
14.7;-0.060967912539425;-0.0201001643762457;0
14.71;-0.0611605220234458;-0.0182347739468343;0
14.72;-0.0613344669676082;-0.016367123442031;0
14.73;-0.0614897273082635;-0.0144977765939823;0
14.74;-0.0616262886171512;-0.0126272966744621;0
14.75;-0.0617441420960394;-0.0107562463268166;0
14.76;-0.0618432845696856;-0.00888518739838585;0
14.77;-0.0619237184771245;-0.00701468077345233;0
14.78;-0.0619854518612877;-0.0051452862067651;0
14.79;-0.0620284983569619;-0.00327756215768883;0
14.8;-0.0620528771770907;-0.00141206562502601;0
14.81;-0.0620586130974285;0.00045064801743904;0
14.82;-0.0620457364395531;0.0023100251846264;0
14.83;-0.0620142830522451;0.00416551424302929;0
14.84;-0.0619642942912423;0.00601656567271793;0
14.85;-0.0618958169973784;0.00786263222843132;0
14.86;-0.0618089034731147;0.00970316909971033;0
14.87;-0.0617036114574752;0.0115376340700258;0
14.88;-0.0615800040993953;0.0133654876748554;0
14.89;-0.0614381499294941;0.0151861933586642;0
14.9;-0.0612781228302825;0.016999217630743;0
14.91;-0.0611000020048179;0.0188040302198604;0
14.92;-0.0609038719438179;0.020600104227684;0
14.93;-0.060689822391246;0.022386916280927;0
14.94;-0.0604579483083806;0.0241639466821758;0
14.95;-0.0602083498363833;0.025930679559358;0
14.96;-0.0599411322573775;0.0276866030138053;0
14.97;-0.0596564059540536;0.0294312092668718;0
14.98;-0.0593542863678143;0.031163994805065;0
14.99;-0.0590348939554757;0.0328844605236488;0
15;-0.0586983541445393;0.0345921118686783;0
15.01;-0.0583447972870506;0.0362864589774261;0
15.02;-0.0579743586120612;0.0379670168171612;0
15.03;-0.0575871781767107;0.0396333053222414;0
15.04;-0.0571834008159448;0.0412848495294814;0
15.05;-0.0567631760908885;0.0429211797117585;0
15.06;-0.0563266582358902;0.0445418315098189;0
15.07;-0.0558740061042575;0.046146346062249;0
15.08;-0.0554053831127;0.047734270133575;0
15.09;-0.0549209571845008;0.0493051562404556;0
15.1;-0.0544209006914345;0.0508585627759338;0
15.11;-0.0539053903944512;0.0523940541317138;0
15.12;-0.0533746073831472;0.0539112008184295;0
15.13;-0.0528287370140421;0.0554095795838718;0
15.14;-0.0522679688476824;0.0568887735291436;0
15.15;-0.0516924965845938;0.05834837222271;0
15.16;-0.051102518000102;0.0597879718123144;0
15.17;-0.0504982348780444;0.0612071751347299;0
15.18;-0.0498798529433936;0.0626055918233168;0
15.19;-0.0492475817938161;0.063982838413358;0
15.2;-0.0486016348301872;0.0653385384451445;0
15.21;-0.0479422291860852;0.0666723225647839;0
15.22;-0.0472695856562882;0.0679838286227055;0
15.23;-0.0465839286242961;0.0692727017698366;0
15.24;-0.0458854859889018;0.0705385945514249;0
15.25;-0.0451744890898338;0.0717811669984836;0
15.26;-0.0444511726324967;0.0730000867168352;0
15.27;-0.0437157746118305;0.0741950289737309;0
15.28;-0.0429685362353163;0.075365676782026;0
15.29;-0.0422097018451499;0.0765117209818876;0
15.3;-0.0414395188396104;0.0776328603200157;0
15.31;-0.0406582375936474;0.0787288015263588;0
15.32;-0.0398661113787131;0.0797992593883039;0
15.33;-0.0390633962818625;0.0808439568223236;0
15.34;-0.0382503511241503;0.0818626249430644;0
15.35;-0.0374272373783476;0.0828550031298569;0
15.36;-0.0365943190860047;0.0838208390906362;0
15.37;-0.0357518627738879;0.0847598889232543;0
15.38;-0.0349001373698133;0.0856719171741736;0
15.39;-0.0340394141179066;0.0865566968945252;0
15.4;-0.0331699664933137;0.0874140096935236;0
15.41;-0.0322920701163894;0.0882436457892222;0
15.42;-0.0314060026663905;0.0890454040566022;0
15.43;-0.0305120437946997;0.089819092072984;0
15.44;-0.0296104750376078;0.0905645261607505;0
15.45;-0.0287015797286808;0.0912815314273775;0
15.46;-0.0277856429107388;0.0919699418027604;0
15.47;-0.0268629512474736;0.0926296000738326;0
15.48;-0.0259337929347328;0.0932603579164695;0
15.49;-0.0249984576114965;0.0938620759246734;0
15.5;-0.0240572362705748;0.094434623637034;0
15.51;-0.023110421169053;0.0949778795604633;0
15.52;-0.0221583057385115;0.0954917311912005;0
15.53;-0.021201184495048;0.0959760750330869;0
15.54;-0.0202393529491295;0.0964308166131084;0
15.55;-0.0192731075153004;0.0968558704942072;0
15.56;-0.0183027454217762;0.0972511602853627;0
15.57;-0.0173285646199468;0.0976166186489432;0
15.58;-0.0163508636938205;0.0979521873053315;0
15.59;-0.0153699417694323;0.098257817034827;0
15.6;-0.0143860984242465;0.0985334676768286;0
15.61;-0.0133996335965794;0.0987791081263039;0
15.62;-0.0124108474950693;0.0989947163275498;0
15.63;-0.0114200405082215;0.0991802792652509;0
15.64;-0.010427513114054;0.0993357929528436;0
15.65;-0.00943356578987285;0.0994612624181939;0
15.66;-0.00843849892220186;0.099556701686597;0
15.67;-0.00744261271689457;0.09962213376111;0
15.68;-0.00644620710945498;0.0996575906002261;0
15.69;-0.00544958167559341;0.0996631130929038;0
15.7;-0.00445303554204384;0.0996387510309611;0
15.71;-0.00345686729766921;0.099584563078849;0
15.72;-0.00246137490488071;0.0995006167408171;0
15.73;-0.00146685561139706;0.0993869883254858;0
15.74;-0.00047360586236973;0.0992437629078401;0
15.75;0.000518078787100274;0.0990710342886609;0
15.76;0.00150790375902843;0.0988689049514109;0
15.77;0.00249557553917022;0.0986374860165911;0
15.78;0.00348080176317686;0.0983768971935869;0
15.79;0.0044632913022583;0.0980872667300229;0
15.8;0.00544275434832864;0.0977687313586449;0
15.81;0.00641890249860925;0.0974214362417493;0
15.82;0.00739144883966529;0.0970455349131819;0
15.83;0.00836010803085132;0.0966411892179266;0
15.84;0.00932459638714206;0.0962085692493064;0
15.85;0.0102846319613245;0.09574785328382;0
15.86;0.0112399346255277;0.0952592277136378;0
15.87;0.0121902261520674;0.0947428869767799;0
15.88;0.0131352302935819;0.0941990334850039;0
15.89;0.0140746728624361;0.0936278775494252;0
15.9;0.0150082818093729;0.0930296373038978;0
15.91;0.015935787301387;0.0924045386261817;0
15.92;0.0168569217988016;0.0917528150569245;0
15.93;0.0177714201315245;0.0910747077164848;0
15.94;0.0186790195744632;0.0903704652196275;0
15.95;0.0195794599220772;0.0896403435881178;0
15.96;0.0204724835620474;0.0888846061612464;0
15.97;0.0213578355480407;0.0881035235043141;0
15.98;0.0222352636715515;0.0872973733151076;0
15.99;0.0231045185327977;0.086466440328399;0
16;0.0239653536106545;0.0856110162184988;0
16.01;0.0248175253316033;0.0847313994998966;0
16.02;0.0256607931376803;0.0838278954260227;0
16.03;0.026494919553403;0.082900815886163;0
16.04;0.0273196702516582;0.0819504793005617;0
16.05;0.0281348141185333;0.0809772105137475;0
16.06;0.0289401233170727;0.0799813406861164;0
16.07;0.0297353733499418;0.0789632071838084;0
16.08;0.0305203431209833;0.0779231534669123;0
16.09;0.0312948149956475;0.0768615289760371;0
16.1;0.0320585748602807;0.0757786890172844;0
16.11;0.0328114121802574;0.0746749946456611;0
16.12;0.0335531200569387;0.0735508125469692;0
16.13;0.0342834952834433;0.0724065149182096;0
16.14;0.0350023383992163;0.0712424793465411;0
16.15;0.0357094537433805;0.0700590886868302;0
16.16;0.0364046495068575;0.0688567309378331;0
16.17;0.0370877377832447;0.0676357991170486;0
16.18;0.0377585346184348;0.0663966911342808;0
16.19;0.0384168600589649;0.0651398096639538;0
16.2;0.0390625381990841;0.0638655620162169;0
16.21;0.0396953972265264;0.0625743600068814;0
16.22;0.0403152694669774;0.0612666198262315;0
16.23;0.0409219914272251;0.0599427619067477;0
16.24;0.0415154038369829;0.0586032107897879;0
16.25;0.0420953516893741;0.0572483949912638;0
16.26;0.0426616842800701;0.0558787468663586;0
16.27;0.0432142552450707;0.0544947024733252;0
16.28;0.0437529225971184;0.053096701436409;0
16.29;0.0442775487607389;0.0516851868079368;0
16.3;0.0447880006058979;0.0502606049296159;0
16.31;0.0452841494802684;0.0488234052930851;0
16.32;0.0457658712400995;0.0473740403997608;0
16.33;0.0462330462796814;0.0459129656200226;0
16.34;0.0466855595593988;0.04444063905178;0
16.35;0.0471233006323677;0.0429575213784656;0
16.36;0.0475461636696499;0.041464075726496;0
16.37;0.047954047484039;0.039960767522247;0
16.38;0.0483468555524154;0.0384480643485835;0
16.39;0.0487244960366636;0.0369264358009909;0
16.4;0.04908688180315;0.0353963533433494;0
16.41;0.0494339304407563;0.0338582901633971;0
16.42;0.0497655642774673;0.032312721027924;0
16.43;0.050081710395508;0.0307601221377418;0
16.44;0.0503823006450313;0.0292009709824733;0
16.45;0.050667271656352;0.0276357461952045;0
16.46;0.0509365648507266;0.0260649274070445;0
16.47;0.0511901264496793;0.0244889951016354;0
16.48;0.0514279074828724;0.0229084304696572;0
16.49;0.051649863794522;0.0213237152633709;0
16.5;0.0518559560483597;0.0197353316512426;0
16.51;0.0520461497311408;0.0181437620726934;0
16.52;0.052220415154701;0.0165494890930176;0
16.53;0.0523787274565626;0.014952995258512;0
16.54;0.0525210665990939;0.0133547629518605;0
16.55;0.0526474173672234;0.0117552742478158;0
16.56;0.0527577693647122;0.0101550107692218;0
16.57;0.052852117008988;0.00855445354341909;0
16.58;0.0529304595245462;0.00695408285907474;0
16.59;0.0529928009349201;0.00535437812348087;0
16.6;0.0530391500532268;0.00375581772036181;0
16.61;0.0530695204712941;0.00215887886823281;0
16.62;0.0530839305473726;0.00056403747935139;0
16.63;0.0530824033924413;-0.00102823198069736;0
16.64;0.0530649668551109;-0.00261745663274043;0
16.65;0.053031653505134;-0.00420316532304085;0
16.66;0.0529825006155275;-0.00578488876156556;0
16.67;0.0529175501433166;-0.00736215965945689;0
16.68;0.052836848708907;-0.00893451286566793;0
16.69;0.0527404475740958;-0.0105014855027223;0
16.7;0.0526284026187275;-0.0120626171015589;0
16.71;0.0525007743160072;-0.0136174497354232;0
16.72;0.0523576277064781;-0.0151655281527661;0
16.73;0.0521990323706754;-0.0167063999091127;0
16.74;0.0520250624004664;-0.0182396154978626;0
16.75;0.0518357963690865;-0.0197647284799853;0
16.76;0.0516313172998847;-0.0212812956125725;0
16.77;0.0514117126337877;-0.0227888769762122;0
16.78;0.0511770741954966;-0.0242870361011464;0
16.79;0.0509274981584271;-0.0257753400921796;0
16.8;0.0506630850084064;-0.0272533597522995;0
16.81;0.0503839395061399;-0.0287206697049776;0
16.82;0.0500901706484614;-0.0301768485151142;0
16.83;0.0497818916283788;-0.0316214788085938;0
16.84;0.0494592197939325;-0.0330541473904179;0
16.85;0.0491222766058773;-0.0344744453613824;0
16.86;0.0487711875942047;-0.0358819682332656;0
16.87;0.0484060823135212;-0.0372763160424976;0
16.88;0.0480270942972949;-0.0386570934622765;0
16.89;0.0476343610109898;-0.0400239099131032;0
16.9;0.0472280238041011;-0.0413763796717024;0
16.91;0.0468082278611088;-0.0427141219783011;0
16.92;0.0463751221513659;-0.0440367611422345;0
16.93;0.0459288593779388;-0.0453439266458512;0
16.94;0.0454695959254153;-0.0466352532466891;0
16.95;0.0449974918067;-0.0479103810778944;0
16.96;0.0445127106088123;-0.0491689557468564;0
16.97;0.0440154194377073;-0.0504106284320322;0
16.98;0.0435057888621358;-0.0516350559779344;0
16.99;0.0429839928565629;-0.0528419009882582;0
17;0.0424502087431648;-0.0540308319171205;0
17.01;0.0419046171329204;-0.0552015231583899;0
17.02;0.0413474018658188;-0.0563536551330818;0
17.03;0.0407787499502023;-0.0574869143747971;0
17.04;0.0401988515012629;-0.0586009936131814;0
17.05;0.0396078996787137;-0.0596955918553834;0
17.06;0.0390060906236549;-0.0607704144654921;0
17.07;0.0383936233946542;-0.0618251732419312;0
17.08;0.0377706999030629;-0.0628595864927921;0
17.09;0.0371375248475879;-0.0638733791090862;0
17.1;0.0364943056481403;-0.0648662826358976;0
17.11;0.0358412523789825;-0.0658380353414194;0
17.12;0.0351785777011943;-0.0667883822838556;0
17.13;0.0345064967944797;-0.0677170753761727;0
17.14;0.0338252272883353;-0.0686238734486855;0
17.15;0.033134989192604;-0.0695085423094615;0
17.16;0.032436004827433;-0.07037085480253;0
17.17;0.0317284987526609;-0.071210590863882;0
17.18;0.0310126976966539;-0.0720275375752479;0
17.19;0.0302888304846148;-0.0728214892156406;0
17.2;0.0295571279663862;-0.0735922473106535;0
17.21;0.0288178229437715;-0.0743396206794999;0
17.22;0.0280711500973953;-0.0750634254797868;0
17.23;0.0273173459131261;-0.0757634852500109;0
17.24;0.0265566486080846;-0.0764396309497698;0
17.25;0.0257892980562606;-0.0770917009976789;0
17.26;0.02501553571376;-0.0777195413069877;0
17.27;0.0242356045437072;-0.0783230053188883;0
17.28;0.023449748940824;-0.0789019540335095;0
17.29;0.0226582146557093;-0.0794562560385924;0
17.3;0.0218612487188426;-0.079985787535842;0
17.31;0.0210590993643344;-0.0804904323649511;0
17.32;0.0202520159534463;-0.0809700820252934;0
17.33;0.0194402488979058;-0.0814246356952832;0
17.34;0.018624049583037;-0.0818540002494003;0
17.35;0.0178036702907317;-0.0822580902728778;0
17.36;0.016979364122285;-0.0826368280740542;0
17.37;0.0161513849211166;-0.082990143694389;0
17.38;0.0153199871954035;-0.0833179749161423;0
17.39;0.0144854260406458;-0.0836202672677218;0
17.4;0.0136479570621899;-0.083896974026698;0
17.41;0.0128078362977318;-0.0841480562204915;0
17.42;0.0119653201398239;-0.0843734826247359;0
17.43;0.0111206652584089;-0.0845732297593213;0
17.44;0.0102741285234038;-0.0847472818821226;0
17.45;0.00942596692735608;-0.0848956309804194;0
17.46;0.00857643750819748;-0.0850182767600138;0
17.47;0.00772579727211573;-0.0851152266320528;0
17.48;0.00687430311656892;-0.0851864956975637;0
17.49;0.00602221175346471;-0.0852321067297113;0
17.5;0.00516977963252707;-0.0852520901537856;0
17.51;0.00431726286487345;-0.0852464840249294;0
17.52;0.00346491714682471;-0.0852153340036187;0
17.53;0.00261299768397037;-0.0851586933289034;0
17.54;0.00176175911551149;-0.085076622789424;0
17.55;0.000911455438903267;-0.084969190692214;0
17.56;6.23399348196609e-05;-0.0848364728293026;0
17.57;-0.000785334907538283;-0.084678552442131;0
17.58;-0.00163131746476842;-0.0844955201837967;0
17.59;-0.00247535705320626;-0.0842874740791414;0
17.6;-0.00331720400245488;-0.0840545194826971;0
17.61;-0.00415660972848482;-0.0837967690345081;0
17.62;-0.00499332680628263;-0.083514342613844;0
17.63;-0.00582710904202714;-0.0832073672908231;0
17.64;-0.00665771154477263;-0.0828759772759633;0
17.65;-0.00748489079761825;-0.0825203138676788;0
17.66;-0.00830840472834323;-0.0821405253977427;0
17.67;-0.00912801277948765;-0.0817367671747351;0
17.68;-0.00994347597785869;-0.0813092014254971;0
17.69;-0.0107545570034425;-0.0808579972346107;0
17.7;-0.0115610202577021;-0.0803833304819285;0
17.71;-0.0123626319312419;-0.0798853837781726;0
17.72;-0.0131591600708195;-0.0793643463986273;0
17.73;-0.0139503746456861;-0.0788204142149472;0
17.74;-0.0147360476132363;-0.0782537896251062;0
17.75;-0.0155159529839497;-0.0776646814815095;0
17.76;-0.0162898668856045;-0.0770533050172952;0
17.77;-0.0170575676267471;-0.0764198817708495;0
17.78;-0.017818835759398;-0.0757646395085615;0
17.79;-0.0185734541409785;-0.0750878121458438;0
17.8;-0.0193212079954383;-0.0743896396664462;0
17.81;-0.0200618849735704;-0.0736703680400884;0
17.82;-0.0207952752124936;-0.0729302491384397;0
17.83;-0.0215211713942883;-0.0721695406494751;0
17.84;-0.0222393688037679;-0.0713885059902336;0
17.85;-0.0229496653853712;-0.0705874142180102;0
17.86;-0.0236518617991599;-0.0697665399400094;0
17.87;-0.0243457614759053;-0.0689261632214902;0
17.88;-0.02503117067125;-0.068066569492433;0
17.89;-0.02570789851893;-0.0671880494527591;0
17.9;-0.0263757570830425;-0.0662908989761326;0
17.91;-0.0270345614093449;-0.0653754190123776;0
17.92;-0.0276841295755725;-0.0644419154885411;0
17.93;-0.0283242827407607;-0.0634906992086333;0
17.94;-0.0289548451935589;-0.0625220857520801;0
17.95;-0.0295756443995224;-0.0615363953709163;0
17.96;-0.0301865110473722;-0.0605339528857571;0
17.97;-0.0307872790942076;-0.0595150875805768;0
17.98;-0.0313777858096623;-0.0584801330963323;0
17.99;-0.0319578718189915;-0.0574294273234621;0
18;-0.0325273811450788;-0.0563633122932966;0
18.01;-0.0330861612493525;-0.055282134068414;0
18.02;-0.0336340630716011;-0.0541862426319759;0
18.03;-0.0341709410686774;-0.0530759917760782;0
18.04;-0.034696653252082;-0.0519517389891514;0
18.05;-0.0352110612244164;-0.0508138453424476;0
18.06;-0.0357140302146974;-0.0496626753756473;0
18.07;-0.0362054291125233;-0.0484985969816242;0
18.08;-0.0366851305010845;-0.0473219812904022;0
18.09;-0.0371530106890096;-0.0461332025523417;0
18.1;-0.0376089497410409;-0.0449326380205911;0
18.11;-0.0380528315075301;-0.0437206678328411;0
18.12;-0.03848454365275;-0.042497674892416;0
18.13;-0.0389039776820125;-0.0412640447487417;0
18.14;-0.0393110289675902;-0.0400201654772255;0
18.15;-0.0397055967734336;-0.0387664275585849;0
18.16;-0.0400875842786788;-0.0375032237576629;0
18.17;-0.0404568985999422;-0.0362309490017671;0
18.18;-0.0408134508123957;-0.0349500002585696;0
18.19;-0.0411571559696198;-0.0336607764136051;0
18.2;-0.0414879331222288;-0.0323636781474043;0
18.21;-0.0418057053352678;-0.0310591078123009;0
18.22;-0.0421103997043741;-0.0297474693089492;0
18.23;-0.0424019473707048;-0.0284291679625893;0
18.24;-0.0426802835346244;-0.0271046103990981;0
18.25;-0.0429453474681528;-0.025774204420864;0
18.26;-0.0431970825261717;-0.0244383588825216;0
18.27;-0.0434354361563873;-0.0230974835665846;0
18.28;-0.0436603599080487;-0.0217519890590148;0
18.29;-0.0438718094394232;-0.0204022866247636;0
18.3;-0.0440697445240255;-0.0190487880833239;0
18.31;-0.0442541290556036;-0.0176919056843302;0
18.32;-0.0444249310518802;-0.016332051983243;0
18.33;-0.0445821226570529;-0.0149696397171553;0
18.34;-0.0447256801430513;-0.0136050816807582;0
18.35;-0.044855583909556;-0.0122387906025022;0
18.36;-0.0449718184827797;-0.010871179020992;0
18.37;-0.0450743725130134;-0.00950265916164903;0
18.38;-0.0451632387709408;-0.00813364281368167;0
18.39;-0.0452384141427236;-0.00676454120739637;0
18.4;-0.0452998996238619;-0.00539576489188775;0
18.41;-0.0453477003118331;-0.00402772361314298;0
18.42;-0.0453818253975141;-0.00266082619259639;0
18.43;-0.0454022881553908;-0.00129548040616996;0
18.44;-0.0454091059325607;6.79071361648992e-05;0
18.45;-0.0454023001365334;0.00142893111026908;0
18.46;-0.0453818962218352;0.00278718759712598;0
18.47;-0.045347923675423;0.00414227420150557;0
18.48;-0.0453004160009149;0.00549379016996767;0
18.49;-0.0452394107016442;0.00684133650817029;0
18.5;-0.0451649492625427;0.00818451609744909;0
18.51;-0.0450770771308625;0.00952293381063419;0
18.52;-0.0449758436957426;0.0108561966270709;0
18.53;-0.0448613022666292;0.0121839137468116;0
18.54;-0.044733510050558;0.0135056967039451;0
18.55;-0.044592528128307;0.0148211594790321;0
18.56;-0.0444384214294292;0.0161299186106142;0
18.57;-0.0442712587061749;0.0174315933057635;0
18.58;-0.044091112506312;0.0187258055496438;0
18.59;-0.043898059144856;0.0200121802140489;0
18.6;-0.0436921786747193;0.0212903451648911;0
18.61;-0.0434735548562901;0.0225599313686055;0
18.62;-0.0432422751259525;0.0238205729974434;0
18.63;-0.0429984305635587;0.0250719075336232;0
18.64;-0.0427421158588647;0.0263135758723101;0
18.65;-0.0424734292769425;0.0275452224233959;0
18.66;-0.0421924726225784;0.0287664952120498;0
18.67;-0.0418993512036732;0.0299770459780139;0
18.68;-0.0415941737936536;0.0311765302736129;0
18.69;-0.0412770525929109;0.032364607560454;0
18.7;-0.0409481031892773;0.0335409413047875;0
18.71;-0.0406074445175556;0.034705199071504;0
18.72;-0.040255198818115;0.0358570526167414;0
18.73;-0.039891491594567;0.0369961779790752;0
18.74;-0.0395164515705359;0.0381222555692701;0
18.75;-0.0391302106455383;0.0392349702585655;0
18.76;-0.038732903849987;0.0403340114654725;0
18.77;-0.0383246692993326;0.041419073241059;0
18.78;-0.0379056481473602;0.042489854352699;0
18.79;-0.0374759845386551;0.0435460583662643;0
18.8;-0.0370358255602539;0.0445873937267375;0
18.81;-0.0365853211924959;0.0456135738372219;0
18.82;-0.0361246242590932;0.0466243171363318;0
18.83;-0.0356538903764326;0.0476193471739381;0
18.84;-0.0351732779021289;0.0485983926852532;0
18.85;-0.0346829478828435;0.0495611876632333;0
18.86;-0.0341830640013884;0.0505074714292804;0
18.87;-0.0336737925231289;0.051436988702226;0
18.88;-0.033155302241706;0.0523494896655773;0
18.89;-0.0326277644240929;0.053244730033011;0
18.9;-0.0320913527550056;0.0541224711120957;0
18.91;-0.0315462432806834;0.0549824798662285;0
18.92;-0.0309926143520587;0.0558245289747699;0
18.93;-0.0304306465673334;0.0566483968913613;0
18.94;-0.0298605227139804;0.0574538679004122;0
18.95;-0.0292824277101883;0.0582407321717416;0
18.96;-0.0286965485457687;0.0590087858133622;0
18.97;-0.0281030742225431;0.0597578309223928;0
18.98;-0.02750219569423;0.0604876756340891;0
18.99;-0.0268941058058496;0.0611981341689791;0
19;-0.0262789992326662;0.0618890268780942;0
19.01;-0.0256570724186865;0.0625601802862844;0
19.02;-0.0250285235147335;0.0632114271336085;0
19.03;-0.0243935523161156;0.0638426064147903;0
19.04;-0.0237523601999091;0.0644535634167317;0
19.05;-0.023105150061875;0.0650441497540757;0
19.06;-0.0224521262530289;0.0656142234028108;0
19.07;-0.0217934945158833;0.0661636487319115;0
19.08;-0.0211294619203824;0.0666922965330074;0
19.09;-0.02046023679955;0.0672000440480765;0
19.1;-0.0197860286848679;0.0676867749951573;0
19.11;-0.0191070482414075;0.0681523795920749;0
19.12;-0.0184235072027319;0.068596754578179;0
19.13;-0.0177356183055908;0.0690198032340884;0
19.14;-0.0170435952244256;0.0694214353994417;0
19.15;-0.0163476525057073;0.0698015674886513;0
19.16;-0.0156480055021247;0.0701601225046584;0
19.17;-0.0149448703066448;0.0704970300506909;0
19.18;-0.0142384636864646;0.0708122263400216;0
19.19;-0.0135290030168736;0.0711056542037285;0
19.2;-0.0128167062150483;0.0713772630964578;0
19.21;-0.0121017916737982;0.0716270091001919;0
19.22;-0.0113844781952826;0.0718548549260239;0
19.23;-0.0106649849247187;0.0720607699139423;0
19.24;-0.00994353128410134;0.0722447300306287;0
19.25;-0.00922033690595268;0.0724067178652728;0
19.26;-0.00849562156712369;0.0725467226234097;0
19.27;-0.00776960512266549;0.0726647401187843;0
19.28;-0.00704250743979115;0.072760772763249;0
19.29;-0.00631454833194721;0.0728348295547006;0
19.3;-0.00558594749301478;0.0728869260630637;0
19.31;-0.00485692443165945;0.0729170844143287;0
19.32;-0.0041276984058496;0.0729253332726514;0
19.33;-0.00339848835756239;0.0729117078205235;0
19.34;-0.00266951284769668;0.0728762497370236;0
19.35;-0.00194098999121208;0.072819007174158;0
19.36;-0.00121313739251308;0.0727400347313019;0
19.37;-0.000486172081097393;0.0726393934277515;0
19.38;0.000239689552512903;0.072517150673399;0
19.39;0.000964231820538471;0.0723733802375432;0
19.4;0.00168723980138962;0.0722081622158458;0
19.41;0.00240849940277446;0.0720215829954492;0
19.42;0.00312779742445006;0.0718137352182686;0
19.43;0.00384492162059828;0.0715847177424709;0
19.44;0.00455966076180835;0.071334635602158;0
19.45;0.00527180469664826;0.0710635999652668;0
19.46;0.00598114441280713;0.0707717280897036;0
19.47;0.00668747209779108;0.0704591432777282;0
19.48;0.00739058119915513;0.0701259748286046;0
19.49;0.00809026648425386;0.069772357989535;0
19.5;0.0087863240994937;0.069398433904896;0
19.51;0.0094785516290701;0.0690043495637931;0
19.52;0.0101667481531727;0.0685902577459549;0
19.53;0.010850714305642;0.0681563169659827;0
19.54;0.0115302523310612;0.0677026914159784;0
19.55;0.0122051661412674;0.0672295509065682;0
19.56;0.0128752613712651;0.0667370708063435;0
19.57;0.0135403454345282;0.0662254319797406;0
19.58;0.0142002275776728;0.0656948207233785;0
19.59;0.0148547189344871;0.0651454287008788;0
19.6;0.0155036325793025;0.0645774528761883;0
19.61;0.0161467835796917;0.0639910954454274;0
19.62;0.0167839890484781;0.0633865637672876;0
19.63;0.017415068195043;0.0627640702920004;0
19.64;0.0180398423759165;0.0621238324889028;0
19.65;0.0186581351446372;0.0614660727726223;0
19.66;0.0192697723008682;0.0607910184279063;0
19.67;0.0198745819387549;0.0600989015331212;0
19.68;0.0204723944945123;0.0593899588824455;0
19.69;0.0210630427932283;0.0586644319067841;0
19.7;0.0216463620948702;0.0579225665934268;0
19.71;0.0222221901394828;0.0571646134044809;0
19.72;0.022790367191565;0.0563908271941016;0
19.73;0.0233507360836132;0.0556014671245481;0
19.74;0.023903142258821;0.0547967965810933;0
19.75;0.0244474338129215;0.0539770830858127;0
19.76;0.0249834615351641;0.0531425982102825;0
19.77;0.0255110789484123;0.0522936174872133;0
19.78;0.0260301423483537;0.0514304203210485;0
19.79;0.0265405108418112;0.0505532898975552;0
19.8;0.0270420463841459;0.0496625130924383;0
19.81;0.0275346138157419;0.0487583803790039;0
19.82;0.0280180808975629;0.047841185734904;0
19.83;0.0284923183457732;0.0469112265479913;0
19.84;0.028957199865413;0.0459688035213124;0
19.85;0.0294126021831191;0.0450142205772716;0
19.86;0.0298584050788846;0.0440477847609937;0
19.87;0.0302944914168489;0.0430698061429174;0
19.88;0.0307207471751088;0.0420805977206485;0
19.89;0.0311370614745466;0.0410804753201052;0
19.9;0.0315433266066658;0.0400697574959847;0
19.91;0.0319394380604283;0.0390487654315833;0
19.92;0.0323252945480875;0.0380178228380009;0
19.93;0.0327007980300106;0.0369772558527603;0
19.94;0.0330658537384846;0.0359273929378741;0
19.95;0.0334203702005005;0.0348685647773898;0
19.96;0.0337642592595107;0.0338011041744448;0
19.97;0.0340974360961552;0.0327253459478629;0
19.98;0.0344198192479513;0.0316416268283249;0
19.99;0.0347313306279436;0.0305502853541441;0
20;0.0350318955423101;0.029451661766679;0
