0;0.614626958012946;0.00548954614540587;0
0.01;0.614598873520842;-0.0129444249517988;0
0.02;0.614386604839274;-0.0313428339211178;0
0.03;0.613990532149721;-0.0497002267660634;0
0.04;0.613411090077438;-0.0680111711587778;0
0.05;0.612648767467597;-0.0862702580311892;0
0.06;0.611704107145565;-0.104472103156461;0
0.07;0.610577705661413;-0.122611348720275;0
0.08;0.60927021301876;-0.1406826648815;0
0.09;0.607782332388057;-0.158680751321791;0
0.1;0.606114819804429;-0.176600338783672;0
0.11;0.604268483850187;-0.194436190596673;0
0.12;0.602244185322138;-0.212183104191065;0
0.13;0.600042836883812;-0.229835912598782;0
0.14;0.597665402702738;-0.247389485941084;0
0.15;0.59511289807291;-0.264838732902544;0
0.16;0.592386389022567;-0.282178602190955;0
0.17;0.589486991907452;-0.299404083982712;0
0.18;0.586415872989668;-0.316510211353292;0
0.19;0.583174248002312;-0.333492061692414;0
0.2;0.579763381700022;-0.350344758103478;0
0.21;0.576184587395595;-0.367063470786901;0
0.22;0.572439226482864;-0.383643418406957;0
0.23;0.568528707945957;-0.400079869441737;0
0.24;0.564454487855158;-0.416368143515861;0
0.25;0.560218068849505;-0.432503612715563;0
0.26;0.55582099960632;-0.448481702885794;0
0.27;0.551264874297856;-0.464297894908981;0
0.28;0.546551332035233;-0.479947725965087;0
0.29;0.541682056299866;-0.495426790772628;0
0.3;0.536658774362562;-0.510730742810321;0
0.31;0.531483256690494;-0.525855295519001;0
0.32;0.526157316342248;-0.540796223483513;0
0.33;0.520682808351134;-0.555549363594236;0
0.34;0.515061629096982;-0.570110616187934;0
0.35;0.509295715666624;-0.584475946167635;0
0.36;0.503387045203264;-0.598641384101221;0
0.37;0.497337634244971;-0.612603027298453;0
0.38;0.49114953805249;-0.626357040866134;0
0.39;0.484824849926604;-0.639899658741141;0
0.4;0.478365700515272;-0.653227184701042;0
0.41;0.471774257110751;-0.666335993352047;0
0.42;0.465052722936954;-0.679222531094027;0
0.43;0.458203336427249;-0.691883317062351;0
0.44;0.45122837049296;-0.704314944046306;0
0.45;0.444130131782775;-0.716514079383855;0
0.46;0.436910959933323;-0.728477465832516;0
0.47;0.429573226811148;-0.740201922416129;0
0.48;0.422119335746325;-0.751684345247315;0
0.49;0.41455172075796;-0.762921708325404;0
0.5;0.406872845771826;-0.773911064309655;0
0.51;0.399085203830369;-0.784649545267554;0
0.52;0.39119131629536;-0.795134363398037;0
0.53;0.383193732043409;-0.805362811729442;0
0.54;0.375095026654633;-0.815332264792029;0
0.55;0.366897801594694;-0.825040179264923;0
0.56;0.358604683390505;-0.834484094597309;0
0.57;0.350218322799819;-0.843661633603757;0
0.58;0.341741393974999;-0.852570503033531;0
0.59;0.333176593621201;-0.861208494113755;0
0.6;0.324526640149249;-0.869573483066333;0
0.61;0.315794272823457;-0.877663431598488;0
0.62;0.306982250904667;-0.885476387366847;0
0.63;0.298093352788765;-0.893010484414954;0
0.64;0.289130375140937;-0.900263943584142;0
0.65;0.280096132025945;-0.907235072897676;0
0.66;0.270993454034674;-0.913922267918104;0
0.67;0.261825187407232;-0.920324012077754;0
0.68;0.252594193152862;-0.926438876982322;0
0.69;0.243303346166941;-0.932265522687504;0
0.7;0.23395553434534;-0.937802697948647;0
0.71;0.224553657696393;-0.943049240443375;0
0.72;0.215100627450781;-0.948004076967178;0
0.73;0.20559936516957;-0.952666223601954;0
0.74;0.196052801850683;-0.957034785857494;0
0.75;0.186463877034092;-0.961108958785921;0
0.76;0.176835537905974;-0.96488802706908;0
0.77;0.167170738402118;-0.968371365078929;0
0.78;0.157472438310858;-0.97155843691092;0
0.79;0.14774360237578;-0.974448796390444;0
0.8;0.137987199398497;-0.977042087052357;0
0.81;0.128206201341744;-0.979338042093655;0
0.82;0.118403582433066;-0.981336484299347;0
0.83;0.108582318269374;-0.983037325941613;0
0.84;0.0987453849226197;-0.984440568652294;0
0.85;0.0888957580468754;-0.985546303268831;0
0.86;0.0790364119870657;-0.986354709653712;0
0.87;0.0691703188896268;-0.98686605648756;0
0.88;0.0593004478153538;-0.987080701035938;0
0.89;0.0494297638546958;-0.98699908889001;0
0.9;0.0395612272457634;-0.986621753681167;0
0.91;0.0296977924953054;-0.985949316769754;0
0.92;0.0198424075029149;-0.984982486908032;0
0.93;0.00999801268872108;-0.983722059877525;0
0.94;0.000167540124821974;-0.982168918100904;0
0.95;-0.00964608732928727;-0.98032403022856;0
0.96;-0.0194399568870388;-0.978188450700045;0
0.97;-0.0292111666906183;-0.975763319280554;0
0.98;-0.0389568266620445;-0.973049860572614;0
0.99;-0.0486740593492545;-0.970049383503197;0
1;-0.0583600007669506;-0.966763280786424;0
1.01;-0.0680118012319651;-0.963193028362085;0
1.02;-0.0776266261929019;-0.959340184810172;0
1.03;-0.0872016570538165;-0.955206390741647;0
1.04;-0.0967340919916974;-0.950793368165667;0
1.05;-0.106221146767515;-0.9461029198335;0
1.06;-0.115660055530607;-0.941136928559359;0
1.07;-0.125048071616163;-0.935897356518409;0
1.08;-0.134382468335597;-0.930386244522187;0
1.09;-0.143660539759566;-0.924605711271701;0
1.1;-0.152879601493422;-0.918557952588457;0
1.11;-0.162036991444879;-0.912245240623698;0
1.12;-0.17113007058367;-0.905669923046113;0
1.13;-0.180156223692986;-0.898834422208311;0
1.14;-0.189112860112496;-0.89174123429234;0
1.15;-0.197997414472708;-0.88439292843454;0
1.16;-0.20680734742051;-0.876792145830032;0
1.17;-0.215540146335645;-0.868941598817151;0
1.18;-0.224193326037959;-0.860844069942117;0
1.19;-0.232764429485192;-0.85250241100428;0
1.2;-0.241251028461144;-0.843919542082233;0
1.21;-0.249650724254022;-0.835098450541142;0
1.22;-0.25796114832476;-0.826042190021611;0
1.23;-0.266179962965168;-0.81675387941041;0
1.24;-0.274304861945686;-0.807236701793424;0
1.25;-0.282333571152606;-0.797493903391151;0
1.26;-0.290263849214564;-0.787528792477105;0
1.27;-0.298093488118138;-0.777344738279479;0
1.28;-0.305820313812395;-0.766945169866422;0
1.29;-0.313442186802215;-0.756333575015295;0
1.3;-0.320957002730234;-0.74551349906627;0
1.31;-0.328362692947263;-0.734488543760649;0
1.32;-0.33565722507101;-0.723262366064266;0
1.33;-0.342838603532982;-0.711838676976362;0
1.34;-0.349904870113405;-0.700221240324308;0
1.35;-0.356854104464029;-0.688413871544566;0
1.36;-0.363684424618688;-0.676420436450268;0
1.37;-0.370393987491471;-0.664244849985825;0
1.38;-0.376980989362381;-0.651891074968933;0
1.39;-0.383443666350368;-0.639363120820402;0
1.4;-0.389780294873596;-0.626665042282199;0
1.41;-0.395989192096846;-0.613800938124094;0
1.42;-0.402068716365931;-0.600774949839352;0
1.43;-0.408017267629029;-0.587591260329844;0
1.44;-0.413833287844804;-0.574254092581011;0
1.45;-0.419515261377254;-0.560767708327091;0
1.46;-0.42506171537715;-0.547136406707022;0
1.47;-0.430471220150007;-0.533364522911443;0
1.48;-0.435742389510479;-0.519456426821218;0
1.49;-0.440873881123102;-0.505416521637891;0
1.5;-0.445864396829315;-0.491249242506519;0
1.51;-0.450712682960668;-0.476959055131286;0
1.52;-0.455417530638159;-0.462550454384344;0
1.53;-0.45997777605763;-0.448027962908294;0
1.54;-0.464392300761162;-0.433396129712752;0
1.55;-0.468660031894405;-0.418659528765417;0
1.56;-0.472779942449806;-0.403822757578083;0
1.57;-0.476751051495665;-0.38889043578802;0
1.58;-0.480572424390992;-0.373867203735164;0
1.59;-0.484243172986119;-0.358757721035549;0
1.6;-0.487762455809026;-0.343566665151402;0
1.61;-0.491129478237358;-0.328298729958357;0
1.62;-0.494343492656103;-0.31295862431021;0
1.63;-0.49740379860091;-0.297551070601642;0
1.64;-0.500309742887018;-0.282080803329363;0
1.65;-0.503060719723803;-0.266552567652099;0
1.66;-0.505656170814913;-0.250971117949852;0
1.67;-0.508095585443993;-0.235341216382881;0
1.68;-0.510378500546009;-0.219667631450819;0
1.69;-0.512504500764157;-0.203955136552373;0
1.7;-0.514473218492375;-0.188208508546027;0
1.71;-0.516284333903471;-0.17243252631218;0
1.72;-0.517937574962877;-0.156631969317154;0
1.73;-0.519432717428053;-0.140811616179492;0
1.74;-0.520769584833573;-0.124976243238972;0
1.75;-0.521948048461902;-0.109130623128769;0
1.76;-0.522968027299925;-0.0932795233511732;0
1.77;-0.523829487981236;-0.0774277048573049;0
1.78;-0.524532444714257;-0.0615799206312254;0
1.79;-0.52507695919621;-0.0457409142788744;0
1.8;-0.525463140513007;-0.0299154186222417;0
1.81;-0.525691145025103;-0.0141081542991884;0
1.82;-0.525761176239377;0.00167617163067328;0
1.83;-0.5256734846671;0.0174328670736341;0
1.84;-0.525428367668058;0.0331572562826705;0
1.85;-0.525026169280894;0.0488446812309543;0
1.86;-0.524467280039755;0.0644905029776902;0
1.87;-0.523752136777318;0.0800901030258838;0
1.88;-0.522881222414271;0.0956388846716489;0
1.89;-0.521855065735338;0.111132274344662;0
1.9;-0.520674241151953;0.12656572293938;0
1.91;-0.519339368451652;0.141934707136634;0
1.92;-0.517851112534297;0.157234730715225;0
1.93;-0.516210183135239;0.17246132585314;0
1.94;-0.514417334535504;0.187610054418018;0
1.95;-0.51247336525913;0.202676509246504;0
1.96;-0.510379117757766;0.217656315412115;0
1.97;-0.50813547808264;0.232545131481263;0
1.98;-0.505743375544018;0.247338650757086;0
1.99;-0.503203782358293;0.262032602510722;0
2;-0.500517713282804;0.276622753199691;0
2.01;-0.497686225238546;0.291104907673027;0
2.02;-0.494710416920873;0.305474910362841;0
2.03;-0.491591428398363;0.319728646461965;0
2.04;-0.488330440699959;0.333862043087353;0
2.05;-0.48492867539055;0.347871070428916;0
2.06;-0.481387394135124;0.361751742883476;0
2.07;-0.477707898251649;0.37550012017351;0
2.08;-0.473891528252845;0.389112308450393;0
2.09;-0.469939663376984;0.402584461381822;0
2.1;-0.465853721107894;0.415912781223132;0
2.11;-0.461635156684322;0.429093519872203;0
2.12;-0.457285462598821;0.44212297990767;0
2.13;-0.452806168086336;0.454997515610167;0
2.14;-0.448198838602649;0.467713533966305;0
2.15;-0.443465075292866;0.480267495655136;0
2.16;-0.43860651445012;0.492655916016818;0
2.17;-0.433624826964665;0.504875366003237;0
2.18;-0.428521717763553;0.516922473110319;0
2.19;-0.423298925241057;0.528793922291798;0
2.2;-0.417958220680062;0.540486456854177;0
2.21;-0.412501407664568;0.551996879332676;0
2.22;-0.406930321483542;0.563322052347904;0
2.23;-0.401246828526272;0.574458899443057;0
2.24;-0.395452825669453;0.585404405901413;0
2.25;-0.389550239656175;0.596155619543915;0
2.26;-0.383541026467035;0.606709651506632;0
2.27;-0.37742717068356;0.617063676997912;0
2.28;-0.371210684844153;0.627214936035025;0
2.29;-0.364893608792762;0.637160734160106;0
2.3;-0.358478009020493;0.646898443135238;0
2.31;-0.351965978000352;0.65642550161648;0
2.32;-0.345359633515355;0.665739415806687;0
2.33;-0.3386611179802;0.674837760086967;0
2.34;-0.33187259775672;0.683718177626603;0
2.35;-0.324996262463338;0.692378380971316;0
2.36;-0.318034291576018;0.700840677092767;0.00981211184282919
2.37;-0.310988101984906;0.709225418659905;0.0261656315808778
2.38;-0.303858349217536;0.717546556506729;0.0425191513189265
2.39;-0.29664568006319;0.725801705598674;0.0588726710569751
2.4;-0.28935076505459;0.733988504781079;0.0752261907950237
2.41;-0.281974298226092;0.742104617445931;0.0915797105330724
2.42;-0.274516996865247;0.750147732190096;0.107933230271121
2.43;-0.266979601257829;0.758115563464874;0.12428675000917
2.44;-0.259362874426392;0.766005852216672;0.140640269747218
2.45;-0.251667601862474;0.773816366518652;0.156993789485267
2.46;-0.243894591252521;0.781544902193145;0.173347309223316
2.47;-0.236044672197627;0.789189283424689;0.189700828961364
2.48;-0.228118695927187;0.796747363363506;0.206054348699413
2.49;-0.220117535006565;0.804217024719261;0.222407868437462
2.5;-0.212042083038859;0.811596180344938;0.23876138817551
2.51;-0.20389325436088;0.818882773810677;0.255114907913559
2.52;-0.195671983733435;0.826074779967421;0.271468427651607
2.53;-0.187379226026019;0.833170205500211;0.287821947389656
2.54;-0.179015955896026;0.840167089470994;0.304175467127705
2.55;-0.170583167462573;0.847063503850784;0.320528986865753
2.56;-0.162081873975055;0.853857554041057;0.336882506603802
2.57;-0.153513107476535;0.860547379384213;0.353236026341851
2.58;-0.14487791846208;0.867131153663001;0.369589546079899
2.59;-0.136177375532145;0.873607085588751;0.385943065817948
2.6;-0.12741256504114;0.879973419278302;0.402296585555997
2.61;-0.118584590741262;0.886228434719496;0.418650105294045
2.62;-0.109694573421742;0.892370448225119;0.435003625032094
2.63;-0.100743650543586;0.898397812875176;0.451357144770142
2.64;-0.0917329758699628;0.904308918947378;0.467710664508191
2.65;-0.0826637190923315;0.910102194335743;0.48406418424624
2.66;-0.0735370654524375;0.915776104957205;0.500417703984288
2.67;-0.0643542153602991;0.921329155146118;0.516771223722337
2.68;-0.0551163840083028;0.926759888036574;0.533124743460386
2.69;-0.0458248009815301;0.932066885932429;0.549478263198434
2.7;-0.0364807098644407;0.937248770664951;0.565831782936483
2.71;-0.0270853678440347;0.942304203938008;0.582185302674532
2.72;-0.0176400453096189;0.947231887660705;0.59853882241258
2.73;-0.00814602544930441;0.952030564267408;0.614892342150629
2.74;0.00139539615663986;0.956699017025054;0.631245861888678
2.75;0.0109829119454486;0.961236070327709;0.647599381626726
2.76;0.0206152027844097;0.96564058997828;0.663952901364775
2.77;0.0302909383861734;0.969911483457336;0.680306421102823
2.78;0.0400087777266907;0.974047700178972;0.696659940840872
2.79;0.0497673694656523;0.978048231733663;0.713013460578921
2.8;0.059565352369297;0.981912112118059;0.729366980316969
2.81;0.06940135573546;0.98563841795167;0.745720500055018
2.82;0.0792739998207277;0.989226268680408;0.762074019793067
2.83;0.0891818962695695;0.992674826766935;0.778427539531115
2.84;0.0991236485453131;0.995983297867792;0.794781059269164
2.85;0.109097852362832;0.999150930997278;0.811134579007213
2.86;0.119103096122811;1.00217701867805;0.827488098745261
2.87;0.12913796134746;1.0050608970784;0.84384161848331
2.88;0.139201023117538;1.00780194613628;0.860195138221359
2.89;0.149290850510558;1.0103995896699;0.876548657959407
2.9;0.159406007040041;1.01285329547504;0.892902177697456
2.91;0.169545051095679;1.01516257540901;0.909255697435504
2.92;0.179706536384276;1.01732698546126;0.925609217173553
2.93;0.189889012371344;1.01934612581059;0.941962736911602
2.94;0.200091024723202;1.0212196408691;0.95831625664965
2.95;0.210311115749456;1.02294721931271;0.974669776387699
2.96;0.220547824845729;1.02452859409847;0.991023296125748
2.97;0.230799688936497;1.02596354246843;1.0073768158638
2.98;0.241065242917912;1.02725188594037;1.02373033560184
2.99;0.251343020100468;1.02839349028516;1.04008385533989
3;0.261631552651378;1.02938826549096;1.05643737507794
3.01;0.271929372036542;1.03023616571422;1.07279089481599
3.02;0.282235009461956;1.03093718921747;1.08914441455404
3.03;0.29254699631445;1.03149137829409;1.10549793429209
3.04;0.302863864601607;1.03189881917991;1.12185145403014
3.05;0.31318414739074;1.03215964195187;1.13820497376819
3.06;0.323506379246804;1.03227402041366;1.15455849350623
3.07;0.333829096669098;1.03224217196849;1.17091201324428
3.08;0.344150838526641;1.03206435747896;1.18726553298233
3.09;0.354470146492088;1.0317408811142;1.20361905272038
3.1;0.364785565474064;1.03127209018422;1.21997257245843
3.11;0.375095644047776;1.03065837496172;1.23632609219648
3.12;0.385398934883793;1.02990016849121;1.25267961193453
3.13;0.395693995174863;1.0289979463857;1.26903313167257
3.14;0.405979387060633;1.02795222661099;1.28538665141062
3.15;0.416253678050163;1.02676356925759;1.30174017114867
3.16;0.426515441442099;1.02543257630043;1.31809369088672
3.17;0.436763256742398;1.02395989134646;1.33444721062477
3.18;0.44699571007946;1.02234619937011;1.35080073036282
3.19;0.457211394616573;1.02059222643693;1.36715425010087
3.2;0.467408910961535;1.01869873941527;1.38350776983892
3.21;0.477586867573345;1.01666654567631;1.39986128957696
3.22;0.487743881165834;1.01449649278242;1.41621480931501
3.23;0.497878577108135;1.012189468164;1.43256832905306
3.24;0.507989589821865;1.00974639878499;1.44892184879111
3.25;0.518075563174917;1.007168250797;1.46527536852916
3.26;0.528135150871737;1.0044560291824;1.48162888826721
3.27;0.538167016839983;1.00161077738628;1.49798240800526
3.28;0.548169835613463;0.998633576937598;1.5143359277433
3.29;0.558142292711218;0.995525547059519;1.53068944748135
3.3;0.568083085012684;0.992287844269114;1.5470429672194
3.31;0.57799092112878;0.988921661966606;1.56339648695745
3.32;0.587864521768863;0.985428230014237;1.5797500066955
3.33;0.597702620103405;0.981808814304939;1.59610352643355
3.34;0.607503962122332;0.978064716320947;1.6124570461716
3.35;0.617267306988888;0.974197272682495;1.62881056590964
3.36;0.626991427388949;0.970207854686764;1.64516408564769
3.37;0.636675109875685;0.96609786783722;1.66151760538574
3.38;0.646317155209467;0.961868751363514;1.67787112512379
3.39;0.655916378692937;0.957521977732088;1.69422464486184
3.4;0.665471610501137;0.953059052147671;1.71057816459989
3.41;0.67498169600662;0.948481512045806;1.72693168433794
3.42;0.684445494464084;0.943784383915011;1.73510536444806
3.43;0.69386106003157;0.938753454507668;1.71873644591554
3.44;0.703224350977135;0.933286211912529;1.70236752738301
3.45;0.712531014813921;0.927385044870989;1.68599860885048
3.46;0.72177672351013;0.921052468092388;1.66962969031795
3.47;0.730957174744357;0.914291121283708;1.65326077178542
3.48;0.740068093151076;0.90710376814346;1.63689185325289
3.49;0.749105231555896;0.899493295320134;1.62052293472036
3.5;0.758064372200242;0.891462711335592;1.60415401618783
3.51;0.766941327955117;0.883015145473763;1.5877850976553
3.52;0.775731943523599;0.874153846635065;1.57141617912278
3.53;0.784432096631722;0.864882182156929;1.55504726059025
3.54;0.793037699207417;0.855203636600851;1.53867834205772
3.55;0.801544698547175;0.845121810506384;1.52230942352519
3.56;0.809949078470094;0.83464041911252;1.50594050499266
3.57;0.81824686045901;0.823763291046867;1.48957158646013
3.58;0.826434104788359;0.81249436698311;1.4732026679276
3.59;0.834506911638487;0.800837698267176;1.45683374939507
3.6;0.842461422196076;0.788797445512593;1.44046483086254
3.61;0.850293819740384;0.776377877165509;1.42409591233002
3.62;0.858000330715007;0.76358336803985;1.40772699379749
3.63;0.865577225784856;0.750418397823117;1.39135807526496
3.64;0.873020820878064;0.736887549553303;1.37498915673243
3.65;0.880327478212529;0.722995508067459;1.3586202381999
3.66;0.887493607306825;0.708747058422404;1.34225131966737
3.67;0.894515665975187;0.69414708428811;1.32588240113484
3.68;0.901390161306319;0.679200566314286;1.30951348260231
3.69;0.908113650625743;0.663912580470704;1.29314456406978
3.7;0.914682742441434;0.648288296361794;1.27677564553726
3.71;0.921094097372492;0.63233297551608;1.26040672700473
3.72;0.927344429060593;0.616051969650989;1.2440378084722
3.73;0.933430505063983;0.599450718913616;1.22766888993967
3.74;0.93934914773377;0.582534750098002;1.21129997140714
3.75;0.945097235072287;0.565309674839499;1.19493105287461
3.76;0.950671701573299;0.547781187786815;1.17856213434208
3.77;0.956069539043828;0.529955064752301;1.16219321580955
3.78;0.961287797407388;0.511837160841108;1.14582429727702
3.79;0.966323585488423;0.493433408559774;1.12945537874449
3.8;0.971174071777729;0.474749815904865;1.11308646021197
3.81;0.975836485178687;0.455792464432276;1.09671754167944
3.82;0.980308115734098;0.436567507307792;1.08034862314691
3.83;0.984586315333439;0.417081167339545;1.06397970461438
3.84;0.988668498400375;0.397339734992963;1.04761078608185
3.85;0.992552142560329;0.37734956638886;1.03124186754932
3.86;0.996234789287973;0.357117081285284;1.01487294901679
3.87;0.99971404453446;0.336648761043749;0.998504030484264
3.88;1.00298757933425;0.315951146580512;0.982135111951735
3.89;1.00605313039138;0.295030836303502;0.965766193419206
3.9;1.00890850064507;0.273894484035575;0.949397274886677
3.91;1.01155155981444;0.252548796924717;0.933028356354148
3.92;1.01398024492234;0.231000533341857;0.916659437821619
3.93;1.01619256079808;0.209256500766943;0.90029051928909
3.94;1.01818658055893;0.187323553663924;0.883921600756561
3.95;1.01996044607041;0.165208591345303;0.867552682224032
3.96;1.02151236838509;0.142918555826915;0.851183763691504
3.97;1.02284062815994;0.120460429673594;0.834814845158975
3.98;1.02394357605214;0.0978412338363838;0.818445926626446
3.99;1.0248196330931;0.0750680254819618;0.802077008093917
4;1.0254672910409;0.0521478958149367;0.785708089561388
4.01;1.02588511271079;0.0290879678936854;0.769339171028859
4.02;1.02607173228391;0.00589539444039577;0.75297025249633
4.03;1.02602585559405;-0.0174226443540195;0.736601333963801
4.04;1.02574626039243;-0.04085894302947;0.720232415431272
4.05;1.02523179659049;-0.0644062730600289;0.703863496898743
4.06;1.0244813864806;-0.0880573850604022;0.687494578366214
4.07;1.02349402493476;-0.111805010994858;0.671125659833685
4.08;1.02226877958112;-0.135641866387952;0.654756741301157
4.09;1.02080479095843;-0.159560652536377;0.638387822768628
4.1;1.01910127264836;-0.18355405872128;0.622018904236099
4.11;1.01715751138574;-0.207614764420379;0.60564998570357
4.12;1.01497286714657;-0.231735441519214;0.589281067171041
4.13;1.01254677321408;-0.255908756520874;0.572912148638512
4.14;1.00987873622254;-0.28012737275354;0.556543230105983
4.15;1.00696833617915;-0.304383952575189;0.540174311573454
4.16;1.00381522646378;-0.328671159574792;0.523805393040925
4.17;1.00041913380681;-0.35298166076937;0.507436474508396
4.18;0.996779858244972;-0.377308128796234;0.491067555975867
4.19;0.992897273055274;-0.401643244099785;0.474698637443338
4.2;0.988771324667145;-0.425979697112209;0.45832971891081
4.21;0.984402032552751;-0.450310190427427;0.441960800378281
4.22;0.979789489095629;-0.474627440967672;0.425591881845752
4.23;0.974933859437676;-0.49892418214204;0.409222963313223
4.24;0.969835381304604;-0.523193165996389;0.392854044780694
4.25;0.964494364809932;-0.547427165353964;0.376485126248165
4.26;0.958911192237611;-0.571618975946106;0.360116207715636
4.27;0.953086317803396;-0.595761418532436;0.343747289183107
4.28;0.947020267395067;-0.619847341009893;0.327378370650578
4.29;0.940713638291598;-0.643869620510011;0.311009452118049
4.3;0.934167098861431;-0.667821165483831;0.29464053358552
4.31;0.927381388239935;-0.691694917773835;0.278271615052992
4.32;0.920357315986224;-0.715483854672319;0.261902696520463
4.33;0.913095761719449;-0.739180990965595;0.245533777987934
4.34;0.905597674734705;-0.762779380963438;0.229164859455405
4.35;0.897864073598732;-0.786272120513209;0.212795940922876
4.36;0.889896045725521;-0.809652348998052;0.196427022390347
4.37;0.881694746932034;-0.832913251318615;0.180058103857818
4.38;0.87326140097417;-0.856048059857718;0.163689185325289
4.39;0.864597299063167;-0.879050056427409;0.14732026679276
4.4;0.855703799362614;-0.901912574197863;0.130951348260231
4.41;0.846582326466261;-0.924628999607559;0.114582429727702
4.42;0.837234370856805;-0.947192774254222;0.0982135111951734
4.43;0.827661488345868;-0.969597396765968;0.0818445926626445
4.44;0.817865299495342;-0.991836424652143;0.0654756741301157
4.45;0.807847489020326;-1.01390347613333;0.0491067555975868
4.46;0.797609805173857;-1.03579223195001;0.0327378370650577
4.47;0.787154059113651;-1.05749643714938;0.0163689185325289
4.48;0.776482124251081;-1.07900990284981;0
4.49;0.765596131948245;-1.10025288324409;0
4.5;0.754499353597423;-1.12112954163977;0
4.51;0.743195477845809;-1.14163424962594;0
4.52;0.73168824908065;-1.16176149996112;0
4.53;0.719981466211029;-1.18150590801585;0
4.54;0.708078981435395;-1.20086221317604;0
4.55;0.69598469899524;-1.21982528020679;0
4.56;0.683702573915318;-1.2383901005762;0
4.57;0.671236610730805;-1.256551793739;0
4.58;0.658590862201802;-1.27430560837959;0
4.59;0.6457694280156;-1.29164692361415;0
4.6;0.632776453477102;-1.30857125015167;0
4.61;0.619616128187821;-1.32507423141347;0
4.62;0.606292684713872;-1.34115164461106;0
4.63;0.592810397243377;-1.35679940178202;0
4.64;0.579173580233693;-1.37201355078367;0
4.65;0.565386587048904;-1.38679027624438;0
4.66;0.551453808587982;-1.40112590047215;0
4.67;0.537379671904063;-1.41501688432045;0
4.68;0.52316863881525;-1.42845982801097;0
4.69;0.50882520450739;-1.44145147191327;0
4.7;0.494353896129246;-1.45398869728093;0
4.71;0.479759271380502;-1.46606852694439;0
4.72;0.46504591709304;-1.47768812595999;0
4.73;0.450218447805919;-1.48884480221539;0
4.74;0.435281504334496;-1.49953600699101;0
4.75;0.420239752334141;-1.50975933547768;0
4.76;0.405097880858955;-1.51951252725011;0
4.77;0.389860600915973;-1.52879346669632;0
4.78;0.374532644015253;-1.53760018340299;0
4.79;0.35911876071632;-1.5459308524965;0
4.8;0.343623719171399;-1.55378379493987;0
4.81;0.328052303665873;-1.5611574777854;0
4.82;0.312409313156414;-1.56805051438309;0
4.83;0.296699559807236;-1.57446166454491;0
4.84;0.28092786752489;-1.58038983466479;0
4.85;0.265099070492077;-1.58583407779458;0
4.86;0.249218011700882;-1.59079359367576;0
4.87;0.233289541485896;-1.59526772872731;0
4.88;0.217318516057664;-1.59925597598947;0
4.89;0.20130979603688;-1.60275797502374;0
4.9;0.185268244989788;-1.60577351176911;0
4.91;0.169198727965215;-1.60830251835462;0
4.92;0.153106110033672;-1.61034507286849;0
4.93;0.136995254828961;-1.61190139908385;0
4.94;0.120871023092721;-1.61297186614126;0
4.95;0.10473827122234;-1.61355698818823;0
4.96;0.0886018498226611;-1.61365742397586;0
4.97;0.0724666022619242;-1.61327397641289;0
4.98;0.056337363232349;-1.61240759207722;0
4.99;0.040218957315798;-1.61105936068527;0
5;0.0241161975549339;-1.60923051451927;0
5.01;0.00803388403029078;-1.60692242781293;0
5.02;-0.00802319755632172;-1.60413661609546;0
5.03;-0.0240502772916711;-1.60087473549446;0
5.04;-0.0400426024537981;-1.59713858199783;0
5.05;-0.0559954389071484;-1.59293009067504;0
5.06;-0.0719040724897361;-1.58825133485804;0
5.07;-0.0877638103919349;-1.58310452528212;0
5.08;-0.103569982526499;-1.57749200918704;0
5.09;-0.11931794288942;-1.57141626937889;0
5.1;-0.135003070911222;-1.56487992325277;0
5.11;-0.150620772798314;-1.55788572177693;0
5.12;-0.166166482864007;-1.55043654843856;0
5.13;-0.181635664848823;-1.54253541815166;0
5.14;-0.197023813229707;-1.53418547612744;0
5.15;-0.212326454517781;-1.52538999670756;0
5.16;-0.227539148544265;-1.51615238216067;0
5.17;-0.242657489734192;-1.50647616144267;0
5.18;-0.257677108367579;-1.49636498892118;0
5.19;-0.272593671827663;-1.48582264306451;0
5.2;-0.287402885835888;-1.47485302509578;0
5.21;-0.302100495673267;-1.46346015761248;0
5.22;-0.316682287387789;-1.45164818317208;0
5.23;-0.331144088987528;-1.43942136284404;0
5.24;-0.345481771619129;-1.4267840747289;0
5.25;-0.359691250731333;-1.41374081244468;0
5.26;-0.373768487223224;-1.40029618358138;0
5.27;-0.387709488576874;-1.38645490812393;0
5.28;-0.401510309974089;-1.37222181684412;0
5.29;-0.415167055396922;-1.35760184966217;0
5.3;-0.428675878711677;-1.34260005397829;0
5.31;-0.442032984736093;-1.327221582975;0
5.32;-0.455234630289424;-1.31147169389058;0
5.33;-0.468277125225115;-1.29535574626429;0
5.34;-0.481156833445825;-1.27887920015404;0
5.35;-0.493870173900483;-1.26204761432686;0
5.36;-0.506413621563145;-1.24486664442298;0
5.37;-0.518783708393367;-1.22734204109399;0
5.38;-0.530977024277845;-1.20947964811575;0
5.39;-0.54299021795308;-1.19128540047658;0
5.4;-0.554819997908807;-1.17276532244144;0
5.41;-0.566463133271962;-1.15392552559263;0
5.42;-0.577916454670961;-1.13477220684775;0
5.43;-0.589176855080045;-1.11531164645541;0
5.44;-0.600241290643498;-1.09555020596947;0
5.45;-0.611106781479499;-1.07549432620233;0
5.46;-0.62177041246343;-1.05515052515802;0
5.47;-0.632229333990415;-1.03452539594573;0
5.48;-0.642480762716912;-1.01362560467431;0
5.49;-0.652521982281169;-0.99245788832863;0
5.5;-0.662350344002364;-0.971029052628243;0
5.51;-0.67196326755825;-0.949345969869195;0
5.52;-0.681358241641153;-0.927415576749549;0
5.53;-0.690532824592142;-0.905244872179351;0
5.54;-0.699484645013249;-0.88284091507571;0
5.55;-0.708211402357554;-0.860210822143689;0
5.56;-0.716710867497036;-0.837361765643668;0
5.57;-0.724980883268031;-0.814300971145914;0
5.58;-0.73301936499418;-0.791035715273009;0
5.59;-0.740824300986749;-0.767573323430871;0
5.6;-0.748393753022218;-0.743921167529042;0
5.61;-0.755725856797015;-0.720086663690953;0
5.62;-0.76281882235932;-0.696077269954879;0
5.63;-0.769670934517837;-0.671900483966276;0
5.64;-0.776280553227448;-0.647563840662207;0
5.65;-0.782646113951686;-0.623074909948577;0
5.66;-0.788766128001945;-0.598441294370876;0
5.67;-0.794639182853373;-0.573670626779134;0
5.68;-0.80026394243739;-0.548770567987818;0
5.69;-0.805639147410787;-0.523748804431355;0
5.7;-0.81076361540136;-0.498613045816011;0
5.71;-0.815636241230054;-0.473371022768833;0
5.72;-0.820255997109578;-0.448030484484355;0
5.73;-0.824621932819489;-0.42259919636978;0
5.74;-0.828733175857714;-0.397084937689361;0
5.75;-0.832588931568523;-0.371495499208661;0
5.76;-0.83618848324694;-0.345838680839431;0
5.77;-0.839531192219618;-0.320122289285778;0
5.78;-0.842616497902167;-0.294354135692355;0
5.79;-0.845443917832996;-0.268542033295252;0
5.8;-0.848013047683661;-0.242693795076307;0
5.81;-0.85032356124579;-0.216817231421517;0
5.82;-0.852375210394594;-0.190920147784252;0
5.83;-0.854167825029054;-0.165010342353971;0
5.84;-0.855701312988811;-0.139095603731114;0
5.85;-0.856975659947836;-0.11318370860887;0
5.86;-0.857990929284955;-0.0872824194624925;0
5.87;-0.858747261931299;-0.0613994822468556;0
5.88;-0.859244876194777;-0.0355426241029143;0
5.89;-0.859484067561643;-0.00971955107374849;0
5.9;-0.859465208475285;0.0160620541691445;0
5.91;-0.85918874809231;0.041794534588643;0
5.92;-0.858655212016066;0.0674702610332211;0
5.93;-0.857865202007695;0.0930816344759408;0
5.94;-0.856819395674865;0.118621088240566;0
5.95;-0.855518546138287;0.144081090214152;0
5.96;-0.853963481676184;0.169454145045474;0
5.97;-0.852155105346832;0.194732796328654;0
5.98;-0.850094394589337;0.219909628771366;0
5.99;-0.847782400802801;0.244977270346982;0
6;-0.845220248904041;0.269928394430059;0
6.01;-0.842409136864034;0.29475572191454;0
6.02;-0.83935033522325;0.319452023314074;0
6.03;-0.83604518658608;0.344010120843847;0
6.04;-0.832495105094514;0.368422890483347;0
6.05;-0.828701575881293;0.392683264019453;0
6.06;-0.824666154502712;0.416784231069296;0
6.07;-0.820390466351295;0.440718841082304;0
6.08;-0.815876206048534;0.46448020532087;0
6.09;-0.811125136817936;0.488061498819084;0
6.1;-0.806139089838566;0.511455962318991;0
6.11;-0.800919963579344;0.534656904183814;0
6.12;-0.795469723114306;0.55765770228763;0
6.13;-0.789790399419084;0.580451805880948;0
6.14;-0.783884088648835;0.603032737431699;0
6.15;-0.777752951397873;0.625394094441104;0
6.16;-0.771399211941263;0.647529551233934;0
6.17;-0.764825157458618;0.669432860722662;0
6.18;-0.758033137240389;0.691097856145028;0
6.19;-0.751025561876886;0.712518452774538;0
6.2;-0.743804902430328;0.733688649603432;0
6.21;-0.736373689590182;0.754602530997664;0
6.22;-0.728734512812086;0.775254268323445;0
6.23;-0.72089001944063;0.795638121544916;0
6.24;-0.712842913816297;0.815748440792509;0
6.25;-0.704595956366851;0.835579667901592;0
6.26;-0.696151962683471;0.855126337920974;0
6.27;-0.687513802581946;0.874383080590881;0
6.28;-0.678684399149219;0.893344621790002;0
6.29;-0.669666727775609;0.912005784951234;0
6.3;-0.660463815173011;0.930361492445749;0
6.31;-0.651078738379403;0.948406766935019;0
6.32;-0.641514623749982;0.966136732690469;0
6.33;-0.63177464593524;0.983546616880386;0
6.34;-0.621862026846329;1.00063175082378;0
6.35;-0.611780034608036;1.01738757121088;0
6.36;-0.601531982499696;1.03380962128992;0
6.37;-0.591121227884402;1.04989355201996;0
6.38;-0.580551171126835;1.06563512318946;0
6.39;-0.569825254500056;1.08103020450027;0
6.4;-0.558946961081631;1.0960747766168;0
6.41;-0.547919813639407;1.11076493218021;0
6.42;-0.536747373507314;1.12509687678717;0
6.43;-0.525433239451532;1.13906692993317;0
6.44;-0.513981046527393;1.15267152592005;0
6.45;-0.502394464927364;1.1659072147275;0
6.46;-0.49067719882048;1.17877066284845;0
6.47;-0.478832985183584;1.19125865408809;0
6.48;-0.466865592624747;1.20336809032632;0
6.49;-0.454778820199222;1.2150959922435;0
6.5;-0.442576496218309;1.22643950000938;0
6.51;-0.430262477051496;1.23739587393501;0
6.52;-0.417840645922252;1.24796249508745;0
6.53;-0.405314911697834;1.25813686586734;0
6.54;-0.392689207673493;1.26791661054903;0
6.55;-0.37996749035144;1.27729947578327;0
6.56;-0.36715373821496;1.28628333106234;0
6.57;-0.354251950498043;1.29486616914759;0
6.58;-0.341266145950906;1.30304610645925;0
6.59;-0.328200361601788;1.31082138342853;0
6.6;-0.315058651515397;1.31819036481194;0
6.61;-0.30184508554838;1.3251515399678;0
6.62;-0.288563748102199;1.33170352309491;0
6.63;-0.275218736873795;1.33784505343341;0
6.64;-0.261814161604402;1.3435749954278;0
6.65;-0.248354142826919;1.34889233885215;0
6.66;-0.234842810612181;1.3537961988975;0
6.67;-0.221284303314539;1.35828581622158;0
6.68;-0.207682766317106;1.36236055696079;0
6.69;-0.194042350777058;1.36601991270452;0
6.7;-0.180367212371354;1.36926350043195;0
6.71;-0.166661510043261;1.3720910624114;0
6.72;-0.152929404750056;1.3745024660622;0
6.73;-0.139175058212269;1.37649770377938;0
6.74;-0.125402631664858;1.37807689272113;0
6.75;-0.111616284610665;1.37924027455928;0
6.76;-0.0978201735765395;1.37998821519284;0
6.77;-0.0840184508724925;1.38032120442481;0
6.78;-0.0702152633542431;1.38023985560244;0
6.79;-0.0564147511895303;1.37974490522098;0
6.8;-0.0426210466285485;1.37883721249133;0
6.81;-0.0288382727788698;1.3775177588715;0
6.82;-0.0150705423852125;1.37578764756238;0
6.83;-0.001321956614413;1.37364810296775;0
6.84;0.0124033961540435;1.37110047011897;0
6.85;0.0261014415315803;1.36814621406446;0
6.86;0.0397681203178242;1.36478691922429;0
6.87;0.0533993896912898;1.36102428871006;0
6.88;0.0669912243931078;1.35686014361037;0
6.89;0.0805396179034542;1.35229642224219;0
6.9;0.0940405836103407;1.34733517936833;0
6.91;0.107490155970428;1.3419785853814;0
6.92;0.120884391661529;1.33622892545444;0
6.93;0.13421937072647;1.33008859865869;0
6.94;0.147491197707984;1.32356011704867;0
6.95;0.160696002774305;1.31664610471497;0
6.96;0.17382994283515;1.30934929680512;0
6.97;0.186889202647766;1.30167253851283;0
6.98;0.19986999591273;1.29361878403598;0
6.99;0.212768566359183;1.2851910955037;0
7;0.225581188819208;1.27639264187301;0
7.01;0.238304170291029;1.26722669779524;0
7.02;0.250933850990747;1.25769664245282;0
7.03;0.263466605392303;1.24780595836664;0
7.04;0.275898843255396;1.23755823017453;0
7.05;0.288227010641045;1.22695714338124;0
7.06;0.300447590914533;1.21600648308029;0
7.07;0.31255710573544;1.20471013264821;0
7.08;0.324552116034497;1.19307207241154;0
7.09;0.33642922297699;1.18109637828703;0
7.1;0.348185068912444;1.16878722039558;0
7.11;0.359816338310335;1.15614886165031;0
7.12;0.371319758681562;1.1431856563192;0
7.13;0.382692101485438;1.12990204856285;0
7.14;0.393930183021944;1.11630257094781;0
7.15;0.405030865309012;1.10239184293594;0
7.16;0.415991056944593;1.08817456935035;0
7.17;0.426807713953285;1.07365553881837;0
7.18;0.437477840617277;1.05883962219206;0
7.19;0.44799849029142;1.04373177094683;0
7.2;0.458366766202163;1.02833701555859;0
7.21;0.46857982223019;1.01266046386007;0
7.22;0.478634863676506;0.996707299376702;0
7.23;0.488529148011809;0.980482779642749;0
7.24;0.498259985608929;0.963992234498087;0
7.25;0.507824740458148;0.94724106436627;0
7.26;0.517220830865223;0.930234738514379;0
7.27;0.526445730131924;0.912978793295239;0
7.28;0.535496967218921;0.895478830372537;0
7.29;0.544372127390843;0.877740514929419;0
7.3;0.55306885284335;0.85976957386112;0
7.31;0.561584843312068;0.841571793952208;0
7.32;0.569917856663224;0.823153020039003;0
7.33;0.57806570946584;0.804519153157754;0
7.34;0.586026277545351;0.785676148679153;0
7.35;0.593797496518506;0.766630014429767;0
7.36;0.601377362309425;0.747386808800974;0
7.37;0.608763931646695;0.727952638845993;0
7.38;0.615955322541384;0.7083336583656;0
7.39;0.622949714745861;0.688536065983111;0
7.4;0.629745350193321;0.668566103209253;0
7.41;0.636340533417919;0.648430052497489;0
7.42;0.642733631955408;0.628134235290426;0
7.43;0.648923076724214;0.607685010057881;0
7.44;0.654907362386849;0.587088770327231;0
7.45;0.660685047691591;0.566351942706629;0
7.46;0.666254755794382;0.54548098490171;0
7.47;0.671615174560849;0.524482383726375;0
7.48;0.676765056848418;0.503362653108277;0
7.49;0.681703220768455;0.482128332089604;0
7.5;0.686428549928408;0.460785982823764;0
7.51;0.690939993653882;0.439342188568595;0
7.52;0.695236567190646;0.417803551676689;0
7.53;0.69931735188653;0.396176691583455;0
7.54;0.70318149535319;0.37446824279351;0
7.55;0.706828211607737;0.352684852866016;0
7.56;0.710256781194212;0.330833180399575;0
7.57;0.713466551284915;0.308919893017265;0
7.58;0.716456935761586;0.286951665352442;0
7.59;0.719227415276444;0.264935177035899;0
7.6;0.721777537293115;0.242877110684992;0
7.61;0.724106916107457;0.220784149895316;0
7.62;0.726215232848313;0.19866297723555;0
7.63;0.728102235458239;0.176520272246053;0
7.64;0.729767738654222;0.154362709441803;0
7.65;0.731211623868463;0.132196956320278;0
7.66;0.732433839169257;0.11002967137487;0
7.67;0.73343439916203;0.0878675021143989;0
7.68;0.734213384870614;0.0657170830893372;0
7.69;0.734770943598799;0.0435850339253022;0
7.7;0.735107288772269;0.0214779573644049;0
7.71;0.735222699760985;-0.000597562684973471;0
7.72;0.735117521682099;-0.0226349630894084;0
7.73;0.734792165183508;-0.0446277034220949;0
7.74;0.734247106208132;-0.0665692678843837;0
7.75;0.733482885739024;-0.0884531672166327;0
7.76;0.73250010952542;-0.110272940597819;0
7.77;0.731299447789852;-0.13202215753336;0
7.78;0.72988163491643;-0.153694419730602;0
7.79;0.728247469120432;-0.175283362961432;0
7.8;0.726397812099325;-0.196782658911472;0
7.81;0.724333588665357;-0.218186017015337;0
7.82;0.722055786359861;-0.239487186277421;0
7.83;0.719565455049423;-0.260679957077687;0
7.84;0.71686370650405;-0.281758162961959;0
7.85;0.713951713957518;-0.30271568241619;0
7.86;0.710830711650047;-0.323546440624216;0
7.87;0.707501994353473;-0.344244411208486;0
7.88;0.703966916879095;-0.364803617953281;0
7.89;0.700226893568365;-0.385218136509937;0
7.9;0.696283397766614;-0.405482096083588;0
7.91;0.692137961279993;-0.425589681100958;0
7.92;0.687792173815821;-0.44553513285873;0
7.93;0.683247682406545;-0.46531275115204;0
7.94;0.678506190817497;-0.484916895882632;0
7.95;0.67356945893867;-0.504341988646231;0
7.96;0.668439302160714;-0.523582514298704;0
7.97;0.663117590735361;-0.54263302250055;0
7.98;0.657606249120517;-0.561488129239324;0
7.99;0.651907255310216;-0.580142518329556;0
8;0.64602264014969;-0.598590942889761;0
8.01;0.639954486635766;-0.616828226796136;0
8.02;0.633704929202831;-0.634849266112548;0
8.03;0.627276152994616;-0.652649030496427;0
8.04;0.620670393122017;-0.670222564580177;0
8.05;0.613889933907226;-0.68756498932775;0
8.06;0.606937108114397;-0.704671503365991;0
8.07;0.599814296167124;-0.721537384290427;0
8.08;0.592523925352975;-0.738157989945138;0
8.09;0.585068469015336;-0.754528759676369;0
8.1;0.577450445732855;-0.770645215559556;0
8.11;0.56967241848672;-0.786502963599452;0
8.12;0.561736993816068;-0.802097694903023;0
8.13;0.553646820961788;-0.817425186824824;0
8.14;0.545404590998987;-0.832481304084545;0
8.15;0.537013035958419;-0.847261999856458;0
8.16;0.52847492793714;-0.86176331683047;0
8.17;0.519793078198676;-0.87598138824452;0
8.18;0.510970336263012;-0.889912438888057;0
8.19;0.502009588986662;-0.903552786076357;0
8.2;0.492913759633137;-0.916898840595422;0
8.21;0.483685806934094;-0.929947107617239;0
8.22;0.474328724141466;-0.942694187585174;0
8.23;0.464845538070876;-0.955136777069284;0
8.24;0.455239308136632;-0.967271669591347;0
8.25;0.445513125378608;-0.979095756419407;0
8.26;0.435670111481321;-0.990606027331655;0
8.27;0.425713417785503;-1.00179957134947;0
8.28;0.415646224292484;-1.01267357743946;0
8.29;0.405471738661698;-1.02322533518428;0
8.3;0.395193195201615;-1.03345223542227;0
8.31;0.384813853854425;-1.04335177085545;0
8.32;0.374336999174778;-1.05292153662612;0
8.33;0.363765939302905;-1.06215923086164;0
8.34;0.353104004932433;-1.07106265518746;0
8.35;0.34235454827321;-1.0796297152082;0
8.36;0.33152094200947;-1.08785842095679;0
8.37;0.320606578253642;-1.09574688731152;0
8.38;0.309614867496143;-1.10329333438088;0
8.39;0.298549237551457;-1.11049608785628;0
8.4;0.287413132500843;-1.11735357933246;0
8.41;0.276210011631972;-1.12386434659567;0
8.42;0.264943348375839;-1.1300270338794;0
8.43;0.253616629241258;-1.1358403920879;0
8.44;0.242233352747264;-1.14130327898725;0
8.45;0.230797028353758;-1.14641465936411;0
8.46;0.219311175390704;-1.15117360515209;0
8.47;0.207779321986209;-1.15557929552581;0
8.48;0.19620500399381;-1.15963101696261;0
8.49;0.184591763919284;-1.16332816327206;0
8.5;0.172943149847318;-1.16667023559319;0
8.51;0.161262714368339;-1.16965684235954;0
8.52;0.149554013505846;-1.17228769923216;0
8.53;0.137820605644556;-1.17456262900055;0
8.54;0.12606605045968;-1.17648156145165;0
8.55;0.114293907847658;-1.17804453320701;0
8.56;0.10250773685866;-1.17925168752817;0
8.57;0.0907110946311769;-1.1801032740905;0
8.58;0.0789075353290217;-1.18059964872538;0
8.59;0.0671006090810386;-1.18074127313116;0
8.6;0.055293860923852;-1.18052871455278;0
8.61;0.0434908297479562;-1.17996264543033;0
8.62;0.0316950472474584;-1.17904384301671;0
8.63;0.0199100368737855;-1.17777318896444;0
8.64;0.00813931279365808;-1.17615166888205;0
8.65;-0.00361362114835984;-1.17418037185985;0
8.66;-0.0153452724624351;-1.1718604899657;0
8.67;-0.0270521610408604;-1.16919331771066;0
8.68;-0.0387308201799727;-1.16618025148487;0
8.69;-0.0503777975962967;-1.16282278896389;0
8.7;-0.0619896564366193;-1.15912252848566;0
8.71;-0.0735629762817032;-1.15508116839841;0
8.72;-0.0850943541433485;-1.15070050637964;0
8.73;-0.0965804054545165;-1.14598243872655;0
8.74;-0.108017765052228;-1.14092895961811;0
8.75;-0.11940308815296;-1.13554216034906;0
8.76;-0.130733051320249;-1.1298242285361;0
8.77;-0.142004353424243;-1.12377744729662;0
8.78;-0.153213716592909;-1.11740419440011;0
8.79;-0.164357887154635;-1.11070694139279;0
8.8;-0.175433636571966;-1.10368825269554;0
8.81;-0.186437762366189;-1.09635078467556;0
8.82;-0.197367089032525;-1.08869728469208;0
8.83;-0.20821846894566;-1.08073059011641;0
8.84;-0.218988783255365;-1.07245362732675;0
8.85;-0.229674942771948;-1.06386941067795;0
8.86;-0.240273888841294;-1.05498104144676;0
8.87;-0.250782594209247;-1.04579170675277;0
8.88;-0.261198063875099;-1.03630467845554;0
8.89;-0.271517335933935;-1.02652331202815;0
8.9;-0.281737482407619;-1.01645104540768;0
8.91;-0.291855610064172;-1.00609139782291;0
8.92;-0.301868861225337;-0.9954479685997;0
8.93;-0.311774414562088;-0.984524435944363;0
8.94;-0.321569485877885;-0.973324555705546;0
8.95;-0.331251328879444;-0.961852160114914;0
8.96;-0.340817235934827;-0.950111156507131;0
8.97;-0.350264538818634;-0.938105526019512;0
8.98;-0.359590609444107;-0.925839322271798;0
8.99;-0.368792860581942;-0.913316670026464;0
9;-0.377868746565615;-0.900541763830009;0
9.01;-0.386815763983042;-0.88751886663566;0
9.02;-0.395631452354379;-0.874252308407941;0
9.03;-0.404313394795796;-0.860746484709545;0
9.04;-0.412859218669027;-0.847005855270986;0
9.05;-0.421266596216559;-0.833034942543453;0
9.06;-0.429533245182259;-0.818838330235372;0
9.07;-0.43765692941731;-0.804420661833103;0
9.08;-0.445635459471269;-0.789786639106272;0
9.09;-0.453466693168124;-0.774941020598196;0
9.1;-0.461148536167181;-0.759888620101883;0
9.11;-0.468678942508656;-0.744634305122092;0
9.12;-0.476055915143819;-0.729182995323936;0
9.13;-0.483277506449566;-0.713539660968511;0
9.14;-0.4903418187273;-0.697709321336053;0
9.15;-0.497247004685976;-0.681697043137109;0
9.16;-0.503991267909216;-0.665507938912219;0
9.17;-0.510572863306361;-0.649147165420611;0
9.18;-0.516990097547379;-0.632619922018412;0
9.19;-0.523241329481487;-0.615931449026877;0
9.2;-0.529324970539433;-0.599087026091143;0
9.21;-0.535239485119312;-0.582091970530011;0
9.22;-0.540983390955845;-0.564951635677281;0
9.23;-0.546555259473038;-0.547671409215133;0
9.24;-0.551953716120138;-0.530256711500078;0
9.25;-0.557177440690816;-0.512712993881997;0
9.26;-0.562225167625512;-0.495045737016772;0
9.27;-0.567095686296884;-0.477260449173032;0
9.28;-0.571787841278292;-0.45936266453354;0
9.29;-0.576300532595279;-0.441357941491721;0
9.3;-0.580632715959995;-0.423251860943871;0
9.31;-0.584783402988528;-0.40505002457754;0
9.32;-0.588751661401102;-0.386758053156646;0
9.33;-0.59253661520511;-0.368381584803797;0
9.34;-0.596137444860968;-0.349926273280374;0
9.35;-0.599553387430751;-0.331397786264881;0
9.36;-0.602783736709617;-0.312801803630076;0
9.37;-0.605827843339991;-0.294144015719414;0
9.38;-0.608685114908517;-0.27543012162331;0
9.39;-0.611355016025768;-0.256665827455748;0
9.4;-0.613837068388735;-0.237856844631734;0
9.41;-0.616130850826087;-0.219008888146137;0
9.42;-0.618235999326231;-0.200127674854402;0
9.43;-0.62015220704819;-0.181218921755667;0
9.44;-0.621879224315325;-0.162288344278784;0
9.45;-0.623416858591933;-0.143341654571759;0
9.46;-0.624764974442753;-0.124384559795116;0
9.47;-0.625923493475426;-0.105422760419684;0
9.48;-0.62689239426596;-0.0864619485293205;0
9.49;-0.627671712267241;-0.0675078061290657;0
9.5;-0.628261539700649;-0.048566003459221;0
9.51;-0.628662025430854;-0.0296421973158565;0
9.52;-0.628873374823837;-0.0107420293782328;0
9.53;-0.628895849588223;0.0081288754563704;0
9.54;-0.628729767599997;0.0269649107299342;0
9.55;-0.628375502710685;0.0457604900726037;0
9.56;-0.627833484539083;0.0645100488427358;0
9.57;-0.627104198246629;0.0832080457576158;0
9.58;-0.626188184296514;0.101848964514368;0
9.59;-0.625086038196623;0.120427315400595;0
9.6;-0.623798410226424;0.138937636894274;0
9.61;-0.622326005147908;0.157374497252456;0
9.62;-0.620669581900684;0.175732496088308;0
9.63;-0.618829953281376;0.194006265936046;0
9.64;-0.616807985607407;0.212190473803305;0
9.65;-0.614604598365333;0.230279822710515;0
9.66;-0.612220763843832;0.24826905321683;0
9.67;-0.609657506751506;0.266152944932184;0
9.68;-0.606915903819618;0.283926318015043;0
9.69;-0.603997083389923;0.301584034655425;0
9.7;-0.600902224987729;0.319121000542778;0
9.71;-0.597632558880363;0.33653216631829;0
9.72;-0.59418936562117;0.353812529011228;0
9.73;-0.59057397557923;0.370957133458908;0
9.74;-0.586787768454952;0.38796107370989;0
9.75;-0.582832172781706;0.40481949441001;0
9.76;-0.578708665413679;0.421527592170865;0
9.77;-0.574418771000128;0.438080616920364;0
9.78;-0.569964061446201;0.454473873234981;0
9.79;-0.56534615536053;0.470702721653334;0
9.8;-0.560566717489764;0.486762579970733;0
9.81;-0.555627458140249;0.502648924514336;0
9.82;-0.550530132587046;0.518357291398575;0
9.83;-0.545276540470479;0.533883277760491;0
9.84;-0.539868525180429;0.549222542974667;0
9.85;-0.534307973228562;0.564370809847408;0
9.86;-0.52859681360872;0.579323865789856;0
9.87;-0.52273701714567;0.594077563969723;0
9.88;-0.516730595832435;0.608627824441336;0
9.89;-0.510579602156424;0.622970635253684;0
9.9;-0.504286128414581;0.637102053536186;0
9.91;-0.497852306017776;0.651018206561878;0
9.92;-0.491280304784671;0.664715292787751;0
9.93;-0.484572332225282;0.678189582871963;0
9.94;-0.477730632814476;0.691437420667656;0
9.95;-0.470757487255637;0.70445522419313;0
9.96;-0.463655211734733;0.717239486578109;0
9.97;-0.456426157165036;0.729786776985874;0
9.98;-0.449072708422726;0.742093741511017;0
9.99;-0.441597283573625;0.754157104052586;0
10;-0.434002333091317;0.765973667162413;0
10.01;-0.426290339066896;0.777540312868404;0
10.02;-0.418463814410588;0.78885400347259;0
10.03;-0.410525302045519;0.799911782323746;0
10.04;-0.402477374093859;0.810710774564382;0
10.05;-0.394322631055619;0.821248187851941;0
10.06;-0.386063700980355;0.831521313054011;0
10.07;-0.377703238632031;0.841527524917408;0
10.08;-0.369243924647312;0.851264282710966;0
10.09;-0.360688464687551;0.860729130841874;0
10.1;-0.352039588584727;0.869919699445449;0
10.11;-0.34330004948161;0.878833704948185;0
10.12;-0.334472622966413;0.887468950603974;0
10.13;-0.325560106202203;0.895823327003376;0
10.14;-0.316565317051345;0.903894812555832;0
10.15;-0.307491093195238;0.911681473944728;0
10.16;-0.298340291249635;0.91918146655521;0
10.17;-0.289115785875792;0.926393034874682;0
10.18;-0.279820468887752;0.933314512865897;0
10.19;-0.270457248356008;0.939944324312595;0
10.2;-0.261029047707841;0.946280983137615;0
10.21;-0.2515388048246;0.952323093693444;0
10.22;-0.241989471136195;0.958069351025157;0
10.23;-0.232384010713094;0.963518541105724;0
10.24;-0.222725399356087;0.968669541043647;0
10.25;-0.213016623684094;0.973521319262932;0
10.26;-0.203260680220305;0.978072935655368;0
10.27;-0.193460574476917;0.982323541705137;0
10.28;-0.183619320038752;0.986272380585746;0
10.29;-0.173739937646031;0.989918787229308;0
10.3;-0.163825454276573;0.993262188368203;0
10.31;-0.153878902227709;0.996302102549146;0
10.32;-0.143903318198179;0.999038140119711;0
10.33;-0.13390174237028;1.00147000318735;0
10.34;-0.123877217492557;1.00359748555101;0
10.35;-0.113832787963292;1.00542047260531;0
10.36;-0.103771498915085;1.00693894121751;0
10.37;-0.0936963953007752;1.00815295957723;0
10.38;-0.0836105209809953;1.00906268701906;0
10.39;-0.0735169178136211;1.00966837381811;0
10.4;-0.0634186247453836;1.00997036095875;0
10.41;-0.0533186769059159;1.00996907987645;0
10.42;-0.0432201047045022;1.00966505217303;0
10.43;-0.0331259329297929;1.0090588893053;0
10.44;-0.0230391798527532;1.00815129224739;0
10.45;-0.0129628563331059;1.00694305112672;0
10.46;-0.00289996492953267;1.00543504483399;0
10.47;0.00714650098610836;1.00362824060708;0
10.48;0.0171735581102875;1.00152369358937;0
10.49;0.0271782340847763;0.999122546362288;0
10.5;0.0371575683688313;0.996426028452587;0
10.51;0.0471086131063374;0.993435455814319;0
10.52;0.0570284339876572;0.990152230285837;0
10.53;0.0669141111059401;0.986577839021969;0
10.54;0.0767627398076405;0.982713853901599;0
10.55;0.0865714315370032;0.978561930910868;0
10.56;0.0963373146742718;0.974123809502218;0
10.57;0.106057535367379;0.969401311929526;0
10.58;0.115729258356881;0.964396342559553;0
10.59;0.125349667793904;0.95911088715997;0
10.6;0.134915968050862;0.953547012164194;0
10.61;0.144425384524724;0.947706863913324;0
10.62;0.153875164432592;0.941592667875411;0
10.63;0.16326257759938;0.935206727842362;0
10.64;0.172584917237354;0.928551425104739;0
10.65;0.181839500717324;0.921629217604749;0
10.66;0.191023670331275;0.91444263906771;0
10.67;0.200134794046205;0.906994298112294;0
10.68;0.209170266248982;0.899286877339852;0
10.69;0.218127508481995;0.89132313240312;0
10.7;0.227003970169403;0.883105891054637;0
10.71;0.235797129333777;0.874638052175175;0
10.72;0.244504493302938;0.86592258478253;0
10.73;0.253123599406797;0.856962527020979;0
10.74;0.261652015663998;0.847760985131762;0
10.75;0.270087341458194;0.838321132404919;0
10.76;0.278427208203741;0.828646208112824;0
10.77;0.286669280000666;0.818739516425781;0
10.78;0.294811254278695;0.808604425310024;0
10.79;0.302850862430191;0.798244365408493;0
10.8;0.310785870431824;0.787662828904737;0
10.81;0.318614079454804;0.776863368370331;0
10.82;0.326333326463513;0.765849595596169;0
10.83;0.333941484802385;0.754625180408012;0
10.84;0.341436464770862;0.743193849466674;0
10.85;0.348816214186296;0.731559385053241;0
10.86;0.356078718934628;0.719725623839696;0
10.87;0.363222003508715;0.707696455645357;0
10.88;0.370244131534152;0.695475822179521;0
10.89;0.37714320628247;0.683067715770712;0
10.9;0.383917371171558;0.670476178082944;0
10.91;0.390564810253198;0.657705298819395;0
10.92;0.397083748687573;0.644759214413913;0
10.93;0.403472453204647;0.631642106710765;0
10.94;0.409729232552284;0.618358201633035;0
10.95;0.415852437931006;0.604911767840106;0
10.96;0.421840463415271;0.591307115374633;0
10.97;0.427691746361186;0.577548594299441;0
10.98;0.433404767800533;0.563640593324763;0
10.99;0.438978052821036;0.549587538426258;0
11;0.444410170932764;0.535393891454231;0
11.01;0.449699736420583;0.521064148734492;0
11.02;0.454845408682593;0.506602839661278;0
11.03;0.459845892554444;0.492014525282692;0
11.04;0.464699938619493;0.477303796879075;0
11.05;0.469406343504695;0.462475274534761;0
11.06;0.4739639501622;0.447533605703659;0
11.07;0.478371648136568;0.432483463769085;0
11.08;0.482628373817566;0.417329546598307;0
11.09;0.486733110678482;0.402076575092224;0
11.1;0.49068488949992;0.386729291730648;0
11.11;0.494482788579031;0.3712924591136;0
11.12;0.49812593392413;0.355770858499098;0
11.13;0.501613499434693;0.340169288337851;0
11.14;0.504944707066676;0.324492562805333;0
11.15;0.508118826983148;0.308745510331649;0
11.16;0.511135177690216;0.292932972129668;0
11.17;0.513993126158227;0.277059800721851;0
11.18;0.516692087928228;0.261130858466214;0
11.19;0.519231527203685;0.245151016081885;0
11.2;0.521610956927466;0.229125151174684;0
11.21;0.523829938844066;0.213058146763173;0
11.22;0.525888083547113;0.196954889805618;0
11.23;0.527785050512135;0.180820269728301;0
11.24;0.529520548114626;0.164659176955618;0
11.25;0.531094333633422;0.148476501442416;0
11.26;0.532506213239408;0.132277131208973;0
11.27;0.533756041969593;0.1160659508791;0
11.28;0.534843723686579;0.0998478402217508;0
11.29;0.535769211023464;0.0836276726966104;0
11.3;0.536532505314219;0.0674103140040651;0
11.31;0.537133656509592;0.0512006206399942;0
11.32;0.537572763078571;0.0350034384558041;0
11.33;0.537849971895489;0.0188236012241275;0
11.34;0.537965478112795;0.00266592921060897;0
11.35;0.53791952501959;-0.0134647722478064;0
11.36;0.537712403885958;-0.0295637141576652;0
11.37;0.537344453793202;-0.0456261252764681;0
11.38;0.536816061450018;-0.0616472535123917;0
11.39;0.536127660994728;-0.0776223673158639;0
11.4;0.535279733783623;-0.0935467570625905;0
11.41;0.534272808165517;-0.109415736427632;0
11.42;0.533107459242611;-0.125224643750135;0
11.43;0.53178430861774;-0.140968843388325;0
11.44;0.530304024128124;-0.156643727064368;0
11.45;0.528667319565717;-0.172244715198724;0
11.46;0.526874954384256;-0.187767258233598;0
11.47;0.524927733393132;-0.203206837945123;0
11.48;0.522826506438188;-0.218558968743891;0
11.49;0.520572168069566;-0.233819198963466;0
11.5;0.518165657196722;-0.248983112136518;0
11.51;0.515607956730743;-0.264046328258209;0
11.52;0.512900093214082;-0.279004505036478;0
11.53;0.510043136437855;-0.293853339128873;0
11.54;0.507038199046827;-0.308588567365579;0
11.55;0.503886436132237;-0.323205967958311;0
11.56;0.500589044812595;-0.337701361694711;0
11.57;0.4971472638026;-0.35207061311794;0
11.58;0.493562372970337;-0.366309631691124;0
11.59;0.489835692882887;-0.380414372946331;0
11.6;0.485968584340531;-0.394380839617766;0
11.61;0.481962447899687;-0.408205082758871;0
11.62;0.477818723384749;-0.421883202843013;0
11.63;0.473538889388997;-0.435411350847475;0
11.64;0.469124462764743;-0.448785729320442;0
11.65;0.464576998102882;-0.462002593430692;0
11.66;0.45989808720203;-0.475058251999712;0
11.67;0.455089358527415;-0.487949068515956;0
11.68;0.450152476659711;-0.50067146213097;0
11.69;0.445089141733992;-0.51322190863713;0
11.7;0.43990108886899;-0.525596941426705;0
11.71;0.434590087586857;-0.537793152432019;0
11.72;0.429157941223593;-0.549807193046441;0
11.73;0.423606486330372;-0.561635775025974;0
11.74;0.417937592065926;-0.573275671371196;0
11.75;0.412153159580203;-0.584723717189326;0
11.76;0.406255121389498;-0.595976810536196;0
11.77;0.40024544074325;-0.607031913237901;0
11.78;0.394126110982718;-0.617886051691924;0
11.79;0.38789915489174;-0.62853631764753;0
11.8;0.381566624039777;-0.638979868965223;0
11.81;0.375130598117462;-0.649213930355086;0
11.82;0.368593184264861;-0.659235794093811;0
11.83;0.361956516392659;-0.669042820720241;0
11.84;0.355222754496485;-0.678632439709258;0
11.85;0.348394083964605;-0.688002150123845;0
11.86;0.34147271487918;-0.697149521245172;0
11.87;0.334460881311339;-0.706072193180543;0
11.88;0.327360840610253;-0.714767877449077;0
11.89;0.320174872686475;-0.723234357544967;0
11.9;0.312905279289727;-0.731469489478201;0
11.91;0.305554383281401;-0.739471202292616;0
11.92;0.298124527901965;-0.747237498561164;0
11.93;0.290618076033534;-0.754766454858293;0
11.94;0.283037409457809;-0.76205622220933;0
11.95;0.275384928109633;-0.769105026516773;0
11.96;0.267663049326387;-0.775911168963404;0
11.97;0.259874207093454;-0.782473026392149;0
11.98;0.252020851286001;-0.788789051662601;0
11.99;0.244105446907289;-0.79485777398414;0
12;0.236130473323761;-0.800677799225606;0
12.01;0.228098423497147;-0.806247810201442;0
12.02;0.220011803213799;-0.811566566934299;0
12.03;0.211873130311519;-0.816632906894031;0
12.04;0.203684933904097;-0.821445745213073;0
12.05;0.195449753603802;-0.826004074878165;0
12.06;0.187170138742064;-0.830306966898404;0
12.07;0.178848647588581;-0.834353570449631;0
12.08;0.17048784656909;-0.838143112995128;0
12.09;0.162090309482033;-0.841674900382643;0
12.1;0.153658616714368;-0.844948316917755;0
12.11;0.145195354456743;-0.847962825413591;0
12.12;0.136703113918284;-0.850717967216923;0
12.13;0.12818449054123;-0.853213362210683;0
12.14;0.119642083215647;-0.85544870879293;0
12.15;0.111078493494454;-0.857423783832313;0
12.16;0.102496324809007;-0.859138442600094;0
12.17;0.0938981816854643;-0.860592618678788;0
12.18;0.0852866689621691;-0.861786323847473;0
12.19;0.0766643910082872;-0.862719647943872;0
12.2;0.0680339509439259;-0.863392758703262;0
12.21;0.0593979498619678;-0.863805901574317;0
12.22;0.0507589860518503;-0.863959399511965;0
12.23;0.0421196542255192;-0.863853652747373;0
12.24;0.0334825447457854;-0.863489138535162;0
12.25;0.0248502428573108;-0.862866410877965;0
12.26;0.0162253279204506;-0.861986100228457;0
12.27;0.00761037264817656;-0.860848913168975;0
12.28;-0.000992057653696603;-0.859455632068873;0
12.29;-0.00957940584275772;-0.857807114719745;0
12.3;-0.0181491236924993;-0.855904293948667;0
12.31;-0.0266986726408519;-0.853748177209611;0
12.32;-0.0352255245345342;-0.851339846153192;0
12.33;-0.0437271623690048;-0.848680456174912;0
12.34;-0.0522010810237994;-0.845771235942073;0
12.35;-0.0606447879930422;-0.842613486899544;0
12.36;-0.0690558041109204;-0.839208582754559;0
12.37;-0.0774316642719129;-0.835557968940736;0
12.38;-0.0857699181455665;-0.831663162061519;0
12.39;-0.0940681308856151;-0.827525749313246;0
12.4;-0.102323883833238;-0.823147387888043;0
12.41;-0.110534775214256;-0.818529804356762;0
12.42;-0.118698420830072;-0.813674794032188;0
12.43;-0.126812454742152;-0.808584220312725;0
12.44;-0.134874529949854;-0.803260014006811;0
12.45;-0.142882319061423;-0.79770417263828;0
12.46;-0.150833514957946;-0.791918759732923;0
12.47;-0.158725831450095;-0.785905904086486;0
12.48;-0.166557003927464;-0.779667799014369;0
12.49;-0.174324790000323;-0.773206701583263;0
12.5;-0.182026970133607;-0.766524931825006;0
12.51;-0.189661348272969;-0.759624871932914;0
12.52;-0.197225752462709;-0.752508965440856;0
12.53;-0.204718035455427;-0.745179716385357;0
12.54;-0.212136075313217;-0.737639688451;0
12.55;-0.21947777600024;-0.729891504099424;0
12.56;-0.226741067966517;-0.72193784368219;0
12.57;-0.233923908722777;-0.713781444537828;0
12.58;-0.241024283406206;-0.705425100073347;0
12.59;-0.248040205336944;-0.69687165883052;0
12.6;-0.254969716565175;-0.688124023537244;0
12.61;-0.261810888408665;-0.67918515014429;0
12.62;-0.268561821980605;-0.670058046847755;0
12.63;-0.27522064870761;-0.660745773097525;0
12.64;-0.281785530837751;-0.651251438592092;0
12.65;-0.288254661938463;-0.641578202260023;0
12.66;-0.294626267384216;-0.631729271228432;0
12.67;-0.300898604833813;-0.62170789977877;0
12.68;-0.307069964697189;-0.611517388290276;0
12.69;-0.313138670591588;-0.60116108217143;0
12.7;-0.319103079787007;-0.590642370779743;0
12.71;-0.324961583640778;-0.57996468633022;0
12.72;-0.330712608021201;-0.569131502792867;0
12.73;-0.33635461372008;-0.558146334779567;0
12.74;-0.341886096854108;-0.547012736420686;0
12.75;-0.347305589254951;-0.53573430023177;0
12.76;-0.352611658847967;-0.524314655970676;0
12.77;-0.357802910019454;-0.512757469485507;0
12.78;-0.362877983972335;-0.501066441553711;0
12.79;-0.367835559070194;-0.489245306712699;0
12.8;-0.372674351169585;-0.477297832082359;0
12.81;-0.377393113940531;-0.465227816179821;0
12.82;-0.381990639175133;-0.453039087726852;0
12.83;-0.386465757084223;-0.440735504450244;0
12.84;-0.390817336581997;-0.428320951875571;0
12.85;-0.395044285558545;-0.415799342114684;0
12.86;-0.399145551140239;-0.40317461264732;0
12.87;-0.403120119937909;-0.390450725097205;0
12.88;-0.406967018282754;-0.377631664003019;0
12.89;-0.410685312449946;-0.364721435584605;0
12.9;-0.414274108869872;-0.351724066504801;0
12.91;-0.417732554326978;-0.338643602627269;0
12.92;-0.421059836146172;-0.325484107770708;0
12.93;-0.424255182366758;-0.312249662459819;0
12.94;-0.427317861903866;-0.298944362673416;0
12.95;-0.430247184697346;-0.285572318590053;0
12.96;-0.433042501848119;-0.272137653331547;0
12.97;-0.435703205741942;-0.258644501704788;0
12.98;-0.438228730160598;-0.2450970089422;0
12.99;-0.440618550380477;-0.231499329441252;0
13;-0.44287218325855;-0.217855625503374;0
13.01;-0.444989187305737;-0.204170066072688;0
13.02;-0.446969162747656;-0.190446825474901;0
13.03;-0.448811751572766;-0.176690082156758;0
13.04;-0.450516637567909;-0.162904017426429;0
13.05;-0.45208354634126;-0.149092814195199;0
13.06;-0.453512245332701;-0.13526065572084;0
13.07;-0.454802543811642;-0.121411724353041;0
13.08;-0.455954292862298;-0.107550200281267;0
13.09;-0.456967385356466;-0.0936802602854119;0
13.1;-0.457841755913819;-0.0798060764896304;0
13.11;-0.458577380849751;-0.0659318151196975;0
13.12;-0.459174278110818;-0.0520616352642776;0
13.13;-0.459632507197806;-0.0381996876404601;0
13.14;-0.459952169076479;-0.0243501133639269;0
13.15;-0.460133406076047;-0.0105170427241104;0
13.16;-0.460176401775415;0.00329540603529692;0
13.17;-0.460081380877252;0.0170831279301264;0
13.18;-0.459848609069964;0.030842032443457;0
13.19;-0.459478392877602;0.0445680447269258;0
13.2;-0.458971079497802;0.0582571067952775;0
13.21;-0.458327056627802;0.0719051787138063;0
13.22;-0.457546752278617;0.0855082397783455;0
13.23;-0.456630634577459;0.0990622896874647;0
13.24;-0.455579211558457;0.112563349706537;0
13.25;-0.454393030941788;0.126007463823339;0
13.26;-0.45307267990128;0.139390699894857;0
13.27;-0.451618784820597;0.152709150784962;0
13.28;-0.450032011038081;0.165958935492639;0
13.29;-0.448313062580364;0.179136200270436;0
13.3;-0.446462681884832;0.192237119732832;0
13.31;-0.444481649511059;0.205257897954185;0
13.32;-0.442370783841305;0.218194769555971;0
13.33;-0.440130940770196;0.231044000782997;0
13.34;-0.437763013383684;0.243801890568282;0
13.35;-0.435267931627419;0.256464771586309;0
13.36;-0.432646661964639;0.269029011294357;0
13.37;-0.429900207023698;0.281491012961611;0
13.38;-0.427029605235363;0.29384721668577;0
13.39;-0.424035930460004;0.306094100396875;0
13.4;-0.420920291604795;0.318228180848057;0
13.41;-0.41768383223108;0.330246014592958;0
13.42;-0.414327730152015;0.342144198949536;0
13.43;-0.41085319702064;0.353919372949991;0
13.44;-0.407261477908517;0.365568218276562;0
13.45;-0.403553850875064;0.377087460182921;0
13.46;-0.399731626527755;0.388473868400933;0
13.47;-0.395796147573309;0.399724258032514;0
13.48;-0.391748788360033;0.410835490426368;0
13.49;-0.387590954411463;0.42180447403934;0
13.5;-0.383324081951467;0.432628165282183;0
13.51;-0.378949637420955;0.443303569349481;0
13.52;-0.374469116986367;0.453827741033538;0
13.53;-0.369884046040092;0.464197785521987;0
13.54;-0.365195978692985;0.474410859178929;0
13.55;-0.360406497259152;0.484464170309389;0
13.56;-0.355517211733158;0.494354979906885;0
13.57;-0.350529759259845;0.504080602383918;0
13.58;-0.345445803596914;0.5136384062852;0
13.59;-0.340267034570462;0.523025814983422;0
13.6;-0.334995167523631;0.532240307357392;0
13.61;-0.329631942758566;0.541279418452377;0
13.62;-0.324179124971842;0.550140740122461;0
13.63;-0.318638502683548;0.558821921654779;0
13.64;-0.313011887660224;0.567320670375461;0
13.65;-0.307301114331804;0.575634752237132;0
13.66;-0.301508039202775;0.583761992387834;0
13.67;-0.295634540257741;0.591700275721224;0
13.68;-0.289682516361548;0.599447547407912;0
13.69;-0.283653886654201;0.607001813407827;0
13.7;-0.277550589940734;0.614361140963471;0
13.71;-0.271374584076232;0.621523659073959;0
13.72;-0.265127845346208;0.628487558949734;0
13.73;-0.258812367842509;0.63525109444785;0
13.74;-0.252430162834968;0.641812582487725;0
13.75;-0.245983258138978;0.648170403447279;0
13.76;-0.239473697479198;0.654323001539375;0
13.77;-0.232903539849583;0.66026888516846;0
13.78;-0.226274858869935;0.666006627267373;0
13.79;-0.219589742139176;0.671534865614214;0
13.8;-0.212850290585546;0.676852303129239;0
13.81;-0.206058617813917;0.681957708151716;0
13.82;-0.199216849450428;0.686849914696693;0
13.83;-0.192327122484651;0.691527822691638;0
13.84;-0.185391584609475;0.695990398192922;0
13.85;-0.178412393558911;0.700236673582092;0
13.86;-0.17139171644404;0.70426574774194;0
13.87;-0.164331729087276;0.708076786212326;0
13.88;-0.157234615355173;0.711669021325757;0
13.89;-0.150102566489958;0.715041752322706;0
13.9;-0.142937780440014;0.718194345446681;0
13.91;-0.135742461189487;0.721126234019044;0
13.92;-0.128518818087254;0.723836918493592;0
13.93;-0.121269065175422;0.726325966490928;0
13.94;-0.11399542051758;0.728593012812629;0
13.95;-0.106700105527001;0.730637759435257;0
13.96;-0.0993853442949952;0.732459975484244;0
13.97;-0.0920533629196062;0.734059497187693;0
13.98;-0.084706388834872;0.735436227810141;0
13.99;-0.0773466501408293;0.736590137566345;0
14;-0.0699763749344733;0.737521263515143;0
14.01;-0.062597790641867;0.738229709433467;0
14.02;-0.0552131233516005;0.73871564567056;0
14.03;-0.047824597149796;0.738979308982505;0
14.04;-0.0404344334568562;0.739021002347119;0
14.05;-0.033044850366152;0.738841094759319;0
14.06;-0.0256580619848435;0.738440021007052;0
14.07;-0.0182762777770292;0.737818281427885;0
14.08;-0.0109017019094163;0.736976441646365;0
14.09;-0.00353653259970222;0.735915132292262;0
14.1;0.00381703853213892;0.734635048699809;0
14.11;0.0111568271094787;0.73313695058806;0
14.12;0.0184806566413749;0.731421661722501;0
14.13;0.025786359161445;0.729490069558045;0
14.14;0.0330717758630855;0.727343124863546;0
14.15;0.0403347577308545;0.724981841327978;0
14.16;0.0475731661678336;0.722407295148435;0
14.17;0.0547848736187891;0.719620624600099;0
14.18;0.0619677641889516;0.716623029588336;0
14.19;0.0691197342582376;0.713415771183093;0
14.2;0.0762386930907351;0.710000171135753;0
14.21;0.0833225634392804;0.706377611378639;0
14.22;0.0903692821449514;0.702549533507333;0
14.23;0.0973768007313092;0.698517438246001;0
14.24;0.104343085993215;0.694282884895911;0
14.25;0.111266120580058;0.689847490767344;0
14.26;0.11814390357323;0.685212930595088;0
14.27;0.124974451057682;0.680380935937728;0
14.28;0.131755796687394;0.675353294560928;0
14.29;0.138485992244619;0.670131849804929;0
14.3;0.145163108192724;0.664718499936477;0
14.31;0.151785234222477;0.659115197485394;0
14.32;0.158350479791644;0.653323948566027;0
14.33;0.164856974657722;0.647346812183802;0
14.34;0.171302869403674;0.64118589952711;0
14.35;0.177686335956522;0.634843373244775;0
14.36;0.184005568098647;0.628321446709329;0
14.37;0.190258781971658;0.621622383266359;0
14.38;0.196444216572696;0.614748495470151;0
14.39;0.202560134243031;0.60770214430591;0
14.4;0.208604821148822;0.600485738398793;0
14.41;0.214576587753911;0.593101733210017;0
14.42;0.22047376928452;0.585552630220315;0
14.43;0.226294726185722;0.577840976101001;0
14.44;0.232037844569576;0.569969361872908;0
14.45;0.237701536654795;0.561940422053479;0
14.46;0.243284241197824;0.553756833792293;0
14.47;0.24878442391524;0.545421315995281;0
14.48;0.254200577897324;0.53693662843795;0
14.49;0.259531224012733;0.528305570867861;0
14.5;0.264774911304143;0.519530982096686;0
14.51;0.269930217374761;0.510615739082096;0
14.52;0.274995748765625;0.501562755999811;0
14.53;0.27997014132357;0.492374983306076;0
14.54;0.284852060559777;0.483055406790875;0
14.55;0.289640201998823;0.473607046622186;0
14.56;0.294333291518125;0.464032956381566;0
14.57;0.298930085677702;0.454336222091384;0
14.58;0.303429372040183;0.444519961233996;0
14.59;0.307829969480957;0.434587321763178;0
14.6;0.312130728488418;0.424541481108127;0
14.61;0.316330531454205;0.414385645170328;0
14.62;0.320428292953391;0.404123047313624;0
14.63;0.324422960014534;0.393756947347778;0
14.64;0.328313512379539;0.383290630505862;0
14.65;0.332098962753272;0.372727406415777;0
14.66;0.335778357042856;0.362070608066231;0
14.67;0.339350774586606;0.351323590767495;0
14.68;0.342815328372555;0.340489731107244;0
14.69;0.346171165246504;0.329572425901826;0
14.7;0.349417466109582;0.318575091143261;0
14.71;0.352553446105245;0.307501160942307;0
14.72;0.355578354795695;0.296354086467908;0
14.73;0.358491476327676;0.285137334883352;0
14.74;0.361292129587621;0.273854388279465;0
14.75;0.363979668346115;0.262508742605162;0
14.76;0.366553481391658;0.251103906595681;0
14.77;0.369012992653692;0.239643400698827;0
14.78;0.371357661314895;0.228130755999555;0
14.79;0.373586981912704;0.2165695131432;0
14.8;0.37570048443007;0.204963221257712;0
14.81;0.377697734375433;0.193315436875179;0
14.82;0.379578332851907;0.181629722852996;0
14.83;0.381341916615681;0.169909647294996;0
14.84;0.382988158123623;0.158158782472848;0
14.85;0.384516765570116;0.146380703748074;0
14.86;0.385927482913101;0.134578988494985;0
14.87;0.387220089889366;0.122757215024864;0
14.88;0.388394402019079;0.110918961511721;0
14.89;0.389450270599589;0.0990678049199363;0
14.9;0.390387582688513;0.087207319934102;0
14.91;0.391206261076129;0.0753410778913941;0
14.92;0.391906264247109;0.0634726457167791;0
14.93;0.392487586331616;0.0516055848613741;0
14.94;0.392950257045803;0.0397434502442718;0
14.95;0.393294341621744;0.027889789198143;0
14.96;0.393519940726835;0.016048140418925;0
14.97;0.393627190372727;0.00422203291990372;0
14.98;0.393616261813796;-0.0075850150095033;0
14.99;0.393487361435251;-0.0193694968399606;0
15;0.39324073063088;-0.0311279188331221;0
15.01;0.392876645670524;-0.0428568010669319;0
15.02;0.392395417557325;-0.0545526784550222;0
15.03;0.391797391874799;-0.0662121017599115;0
15.04;0.391082948623816;-0.0778316385997106;0
15.05;0.390252502049538;-0.0894078744480461;0
15.06;0.389306500458388;-0.100937413626913;0
15.07;0.388245426025126;-0.112416880292168;0
15.08;0.387069794590106;-0.123842919411393;0
15.09;0.385780155446784;-0.135212197733825;0
15.1;0.384377091119569;-0.146521404752101;0
15.11;0.382861217132092;-0.157767253655531;0
15.12;0.381233181765979;-0.168946482274623;0
15.13;0.379493665810226;-0.180055854016605;0
15.14;0.377643382301253;-0.19109215879167;0
15.15;0.375683076253742;-0.202052213929682;0
15.16;0.373613524382349;-0.212932865087094;0
15.17;0.371435534814398;-0.223730987143804;0
15.18;0.369149946793646;-0.234443485089724;0
15.19;0.366757630375229;-0.245067294900791;0
15.2;0.364259486111907;-0.255599384404182;0
15.21;0.361656444731689;-0.266036754132502;0
15.22;0.358949466806986;-0.276376438166694;0
15.23;0.356139542415367;-0.286615504967448;0
15.24;0.353227690792072;-0.296751058194869;0
15.25;0.350214959974368;-0.306780237516194;0
15.26;0.347102426437887;-0.316700219401317;0
15.27;0.34389119472507;-0.326508217905927;0
15.28;0.340582397065826;-0.33620148544202;0
15.29;0.33717719299055;-0.3457773135356;0
15.3;0.333676768935626;-0.355233033571344;0
15.31;0.330082337841529;-0.364566017524048;0
15.32;0.326395138743688;-0.373773678676643;0
15.33;0.322616436356223;-0.382853472324594;0
15.34;0.318747520648696;-0.391802896466497;0
15.35;0.314789706416031;-0.400619492480687;0
15.36;0.310744332841716;-0.409300845787682;0
15.37;0.306612763054458;-0.417844586498282;0
15.38;0.302396383678413;-0.426248390047164;0
15.39;0.298096604377156;-0.434509977811795;0
15.4;0.293714857391515;-0.442627117716511;0
15.41;0.289252597071445;-0.450597624821612;0
15.42;0.284711299402068;-0.458419361897304;0
15.43;0.280092461524053;-0.466090239982363;0
15.44;0.275397601248469;-0.473608218927359;0
15.45;0.270628256566279;-0.480971307922331;0
15.46;0.265785985152631;-0.488177566008742;0
15.47;0.260872363866098;-0.495225102575636;0
15.48;0.255888988243026;-0.502112077839829;0
15.49;0.250837471987156;-0.50883670331005;0
15.5;0.245719446454675;-0.515397242234909;0
15.51;0.24053656013486;-0.521792010034577;0
15.52;0.235290478126484;-0.528019374716096;0
15.53;0.229982881610133;-0.534077757272202;0
15.54;0.224615467316621;-0.53996563206359;0
15.55;0.219189946991648;-0.545681527184511;0
15.56;0.21370804685688;-0.551224024811648;0
15.57;0.20817150706762;-0.55659176153617;0
15.58;0.202582081167228;-0.561783428678907;0
15.59;0.196941535538468;-0.566797772588581;0
15.6;0.191251648851953;-0.571633594923022;0
15.61;0.185514211511848;-0.576289752913331;0
15.62;0.179731025099011;-0.580765159610921;0
15.63;0.173903901811745;-0.585058784117406;0
15.64;0.168034663904321;-0.58916965179729;0
15.65;0.162125143123455;-0.59309684447343;0
15.66;0.156177180142912;-0.596839500605234;0
15.67;0.150192623996399;-0.600396815449578;0
15.68;0.144173331508932;-0.603768041204419;0
15.69;0.138121166726839;-0.606952487135095;0
15.7;0.132038000346585;-0.6099495196833;0
15.71;0.12592570914258;-0.612758562558731;0
15.72;0.119786175394153;-0.615379096813413;0
15.73;0.113621286311852;-0.617810660898709;0
15.74;0.107432933463264;-0.620052850705019;0
15.75;0.101223012198506;-0.622105319584201;0
15.76;0.0949934210755736;-0.623967778354723;0
15.77;0.0887460612857151;-0.625639995289586;0
15.78;0.0824828360790045;-0.627121796087034;0
15.79;0.0762056501902831;-0.628413063824114;0
15.8;0.0699164092656436;-0.62951373889311;0
15.81;0.0636170192896269;-0.6304238189209;0
15.82;0.057309386013301;-0.631143358671303;0
15.83;0.0509954143833938;-0.631672469930465;0
15.84;0.0446770079726478;-0.632011321375345;0
15.85;0.0383560684115653;-0.632160138425377;0
15.86;0.032034494821713;-0.632119203077374;0
15.87;0.0257141832507522;-0.631888853723766;0
15.88;0.0193970261093623;-0.631469484954226;0
15.89;0.0130849116102207;-0.630861547340815;0
15.9;0.00677972320920694;-0.630065547206698;0
15.91;0.000483339048992036;-0.629082046378546;0
15.92;-0.00580236859482265;-0.627911661922741;0
15.93;-0.0120755338648562;-0.626555065865454;0
15.94;-0.0183342978702275;-0.625012984896749;0
15.95;-0.0245768092318044;-0.623286200058797;0
15.96;-0.0308012246242638;-0.621375546418334;0
15.97;-0.0370057093148056;-0.619281912723499;0
15.98;-0.0431884376983656;-0.617006241045154;0
15.99;-0.0493475938291724;-0.614549526402848;0
16;-0.0554813719484948;-0.611912816375548;0
16.01;-0.0615879770084286;-0.609097210697281;0
16.02;-0.0676656251915731;-0.606103860837846;0
16.03;-0.0737125444264473;-0.602933969568726;0
16.04;-0.0797269748984996;-0.599588790514376;0
16.05;-0.085707169556565;-0.596069627689038;0
16.06;-0.0916513946146261;-0.592377835019244;0
16.07;-0.0975579300487351;-0.588514815852181;0
16.08;-0.103425070088957;-0.584482022450085;0
16.09;-0.109251123706192;-0.580280955470837;0
16.1;-0.115034415093749;-0.575913163434958;0
16.11;-0.12077328414352;-0.571380242179154;0
16.12;-0.126466086916634;-0.566683834296632;0
16.13;-0.13211119610846;-0.561825628564358;0
16.14;-0.137707001507813;-0.556807359357446;0
16.15;-0.143251910450261;-0.551630806050902;0
16.16;-0.148744348265379;-0.546297792408891;0
16.17;-0.154182758717853;-0.540810185961758;0
16.18;-0.159565604442291;-0.535169897370995;0
16.19;-0.164891367371631;-0.529378879782373;0
16.2;-0.170158549159036;-0.523439128167447;0
16.21;-0.175365671593142;-0.517352678653662;0
16.22;-0.180511277006562;-0.511121607843265;0
16.23;-0.185593928677531;-0.504748032121263;0
16.24;-0.190612211224577;-0.498234106952636;0
16.25;-0.195564730994119;-0.491582026169052;0
16.26;-0.200450116440892;-0.484794021245303;0
16.27;-0.205267018501076;-0.477872360565698;0
16.28;-0.210014110958064;-0.47081934868066;0
16.29;-0.214690090800733;-0.463637325553752;0
16.3;-0.21929367857416;-0.456328665799386;0
16.31;-0.223823618722663;-0.448895777911456;0
16.32;-0.228278679925092;-0.441341103483134;0
16.33;-0.232657655422281;-0.433667116418095;0
16.34;-0.236959363336573;-0.425876322133406;0
16.35;-0.241182646983334;-0.41797125675434;0
16.36;-0.245326375174388;-0.409954486301365;0
16.37;-0.249389442513276;-0.401828605869581;0
16.38;-0.253370769682288;-0.393596238800832;0
16.39;-0.257269303721178;-0.385260035848795;0
16.4;-0.261084018297499;-0.376822674337273;0
16.41;-0.264813913968492;-0.36828685731197;0
16.42;-0.268458018434468;-0.359655312686025;0
16.43;-0.27201538678361;-0.350930792379547;0
16.44;-0.275485101728155;-0.342116071453438;0
16.45;-0.278866273831882;-0.333213947237773;0
16.46;-0.28215804172886;-0.324227238454991;0
16.47;-0.285359572333409;-0.315158784338191;0
16.48;-0.288470061041226;-0.306011443744792;0
16.49;-0.291488731921617;-0.296788094265828;0
16.5;-0.294414837900814;-0.28749163133117;0
16.51;-0.297247660936322;-0.278124967310923;0
16.52;-0.299986512182262;-0.268691030613307;0
16.53;-0.302630732145686;-0.259192764779263;0
16.54;-0.305179690833813;-0.249633127574095;0
16.55;-0.307632787892179;-0.240015090076396;0
16.56;-0.309989452733658;-0.230341635764559;0
16.57;-0.312249144658345;-0.220615759601135;0
16.58;-0.314411352964267;-0.210840467115325;0
16.59;-0.316475597048915;-0.201018773483878;0
16.6;-0.31844142650158;-0.191153702610684;0
16.61;-0.32030842118648;-0.181248286205322;0
16.62;-0.322076191316662;-0.171305562860865;0
16.63;-0.323744377518691;-0.161328577131192;0
16.64;-0.325312650888102;-0.151320378608112;0
16.65;-0.326780713035629;-0.141284020998554;0
16.66;-0.328148296124201;-0.13122256120212;0
16.67;-0.329415162896723;-0.121139058389251;0
16.68;-0.330581106694638;-0.111036573080316;0
16.69;-0.331645951467287;-0.10091816622586;0
16.7;-0.332609551772077;-0.0907868982883178;0
16.71;-0.333471792765474;-0.0806458283254462;0
16.72;-0.334232590184836;-0.0704980130757526;0
16.73;-0.33489189032112;-0.0603465060461922;0
16.74;-0.335449669982463;-0.0501943566024012;0
16.75;-0.335905936448689;-0.040044609061735;0
16.76;-0.336260727416755;-0.0299003017893787;0
16.77;-0.336514110937175;-0.0197644662977944;0
16.78;-0.33666618534145;-0.00964012634977212;0
16.79;-0.336717079160555;0.000469702934656654;0
16.8;-0.336666951034502;0.0105620159671781;0
16.81;-0.336515989613042;0.0206338175757712;0
16.82;-0.336264413447535;0.0306821238846395;0
16.83;-0.335912470874051;0.0407039631892449;0
16.84;-0.335460439887734;0.0506963768261888;0
16.85;-0.334908628008497;0.0606564200376893;0
16.86;-0.334257372138099;0.0705811628304036;0
16.87;-0.333507038408653;0.0804676908283494;0
16.88;-0.332658022022642;0.0903131061196785;0
16.89;-0.331710747084486;0.10011452809706;0
16.9;-0.330665666423741;0.109869094291431;0
16.91;-0.32952326140999;0.11957396119888;0
16.92;-0.328284041759498;0.12922630510042;0
16.93;-0.326948545333695;0.138823322874425;0
16.94;-0.325517337929583;0.148362232801495;0
16.95;-0.323991013062111;0.157840275361523;0
16.96;-0.322370191738632;0.167254714022736;0
16.97;-0.320655522225496;0.176602836022489;0
16.98;-0.318847679806875;0.185881953139594;0
16.99;-0.316947366535907;0.195089402457964;0
17;-0.314955310978242;0.204222547121358;0
17.01;-0.312872267948076;0.21327877707902;0
17.02;-0.310699018236783;0.222255509821995;0
17.03;-0.308436368334207;0.231150191109933;0
17.04;-0.306085150142753;0.239960295688161;0
17.05;-0.303646220684331;0.248683327994841;0
17.06;-0.301120461800287;0.257316822858006;0
17.07;-0.298508779844404;0.265858346182293;0
17.08;-0.295812105369084;0.274305495625176;0
17.09;-0.293031392804818;0.282655901262523;0
17.1;-0.290167620133042;0.290907226243289;0
17.11;-0.287221788552506;0.299057167433166;0
17.12;-0.284194922139247;0.30710345604703;0
17.13;-0.281088067500297;0.315043858269993;0
17.14;-0.277902293421224;0.322876175866915;0
17.15;-0.274638690507638;0.330598246780191;0
17.16;-0.271298370820768;0.338207945715681;0
17.17;-0.267882467507232;0.345703184716601;0
17.18;-0.264392134423133;0.35308191372524;0
17.19;-0.260828545752578;0.360342121132348;0
17.2;-0.257192895620771;0.367481834314064;0
17.21;-0.253486397701788;0.374499120156217;0
17.22;-0.249710284821168;0.381392085565904;0
17.23;-0.245865808553445;0.388158877970172;0
17.24;-0.241954238814752;0.394797685801712;0
17.25;-0.23797686345063;0.401306738971418;0
17.26;-0.233934987819163;0.407684309327702;0
17.27;-0.229829934369588;0.413928711102449;0
17.28;-0.225663042216504;0.420038301343501;0
17.29;-0.221435666709813;0.426011480333563;0
17.3;-0.217149179000539;0.431846691995427;0
17.31;-0.212804965602654;0.437542424283421;0
17.32;-0.208404427951051;0.443097209560985;0
17.33;-0.203948981955805;0.448509624964285;0
17.34;-0.199440057552862;0.453778292751782;0
17.35;-0.194879098251294;0.458901880639675;0
17.36;-0.190267560677266;0.463879102123139;0
17.37;-0.18560691411485;0.46870871678329;0
17.38;-0.180898640043841;0.473389530579808;0
17.39;-0.176144231674704;0.477920396129151;0
17.4;-0.171345193480808;0.482300212968312;0
17.41;-0.166503040728088;0.486527927804049;0
17.42;-0.161619299002281;0.490602534747553;0
17.43;-0.156695503733875;0.494523075534503;0
17.44;-0.151733199720931;0.498288639730463;0
17.45;-0.146733940649914;0.50189836492159;0
17.46;-0.14169928861468;0.505351436890624;0
17.47;-0.136630813633775;0.508647089778118;0
17.48;-0.131530093166186;0.511784606228906;0
17.49;-0.126398711625692;0.514763317523775;0
17.5;-0.121238259893965;0.517582603696327;0
17.51;-0.116050334832575;0.520241893635036;0
17.52;-0.110836538794031;0.522740665170476;0
17.53;-0.105598479132026;0.525078445147732;0
17.54;-0.10033776771102;0.527254809483994;0
17.55;-0.0950560204153103;0.529269383211341;0
17.56;-0.0897548566577508;0.53112184050473;0
17.57;-0.0844358988882461;0.532811904695203;0
17.58;-0.0791007721021885;0.534339348268342;0
17.59;-0.0737511033489724;0.535703992847986;0
17.6;-0.0683885212407397;0.536905709165248;0
17.61;-0.0630146554615;0.537944417012869;0
17.62;-0.0576311362767739;0.538820085184935;0
17.63;-0.0522395940439039;0.539532731402019;0
17.64;-0.0468416587231804;0.540082422221779;0
17.65;-0.041438959389926;0.540469272935071;0
17.66;-0.0360331237476843;0.540693447447632;0
17.67;-0.0306257776426562;0.5407551581474;0
17.68;-0.0252185445795276;0.540654665757517;0
17.69;-0.0198130452388315;0.540392279175107;0
17.7;-0.014410896995985;0.539968355295882;0
17.71;-0.00901371344214547;0.539383298824668;0
17.72;-0.00362310390702268;0.538637562071923;0
17.73;0.00175932701621013;0.537731644736329;0
17.74;0.00713197994376946;0.536666093673564;0
17.75;0.0124932611717404;0.535441502651323;0
17.76;0.0178415831440444;0.534058512090708;0
17.77;0.0231753649177595;0.532517808794072;0
17.78;0.0284930326256589;0.530820125659425;0
17.79;0.0337930199358334;0.528966241381524;0
17.8;0.039073768508265;0.526956980139737;0
17.81;0.0443337284482201;0.524793211272814;0
17.82;0.0495713587563327;0.522475848940679;0
17.83;0.0547851277752459;0.520005851773372;0
17.84;0.0599735136326874;0.517384222507256;0
17.85;0.0651350046808487;0.514612007608632;0
17.86;0.0702680999319453;0.511690296884895;0
17.87;0.0753713094898323;0.508620223083365;0
17.88;0.0804431549775533;0.505402961477929;0
17.89;0.0854821699607024;0.502039729443657;0
17.9;0.0904869003664772;0.498531786019518;0
17.91;0.0954559048983074;0.494880431459368;0
17.92;0.10038775544594;0.491087006771348;0
17.93;0.105281037490868;0.48715289324586;0
17.94;0.110134350506988;0.48307951197228;0
17.95;0.114946308356371;0.478868323344567;0
17.96;0.119715539680048;0.474520826555947;0
17.97;0.124440688283685;0.470038559082829;0
17.98;0.129120413518056;0.465423096158134;0
17.99;0.1337533906542;0.460676050234211;0
18;0.138338311253159;0.455799070435522;0
18.01;0.142873883530198;0.450793842001271;0
18.02;0.147358832713412;0.445662085718166;0
18.03;0.15179190139661;0.4404055573435;0
18.04;0.156171849886391;0.435026047018745;0
18.05;0.160497456543311;0.429525378673838;0
18.06;0.164767518117055;0.423905409422373;0
18.07;0.168980850075519;0.418168028947878;0
18.08;0.173136286927714;0.412315158881383;0
18.09;0.17723268254041;0.406348752170488;0
18.1;0.181268910448434;0.40027079244012;0
18.11;0.185243864158531;0.3940832933452;0
18.12;0.189156457446728;0.387788297915413;0
18.13;0.193005624649101;0.381387877892306;0
18.14;0.196790320945885;0.374884133058917;0
18.15;0.200509522638845;0.368279190562143;0
18.16;0.204162227421837;0.361575204228083;0
18.17;0.207747454644498;0.354774353870547;0
18.18;0.211264245568986;0.347878844592975;0
18.19;0.214711663619706;0.340890906083966;0
18.2;0.218088794625978;0.333812791906654;0
18.21;0.221394747057555;0.326646778782144;0
18.22;0.224628652252961;0.319395165867244;0
18.23;0.227789664640575;0.312060274026702;0
18.24;0.23087696195242;0.304644445100204;0
18.25;0.23388974543059;0.297150041164323;0
18.26;0.236827240026285;0.289579443789689;0
18.27;0.239688694591388;0.281935053293583;0
18.28;0.242473382062555;0.274219287988194;0
18.29;0.245180599637763;0.26643458342478;0
18.3;0.247809668945291;0.258583391633959;0
18.31;0.250359936205073;0.25066818036236;0
18.32;0.252830772382417;0.242691432305885;0
18.33;0.255221573334034;0.234655644339799;0
18.34;0.257531759946354;0.226563326745893;0
18.35;0.259760778266107;0.218417002436966;0
18.36;0.261908099623132;0.210219206178841;0
18.37;0.263973220745398;0.201972483810176;0
18.38;0.265955663866214;0.193679391460286;0
18.39;0.267854976823612;0.185342494765234;0
18.4;0.269670733151878;0.176964368082416;0
18.41;0.271402532165227;0.168547593703878;0
18.42;0.273049999033605;0.160094761068613;0
18.43;0.274612784850614;0.151608465974067;0
18.44;0.276090566693543;0.143091309787087;0
18.45;0.27748304767551;0.134545898654572;0
18.46;0.278789956989713;0.12597484271403;0
18.47;0.28001104994578;0.117380755304304;0
18.48;0.281146107998235;0.108766252176699;0
18.49;0.282194938767074;0.100133950706733;0
18.5;0.283157376050463;0.0914864691067608;0
18.51;0.284033279829568;0.0828264256396986;0
18.52;0.284822536265526;0.0741564378340864;0
18.53;0.285525057688574;0.0654791217007177;0
18.54;0.286140782579355;0.0567970909510715;0
18.55;0.286669675542415;0.048112956217777;0
18.56;0.287111727271912;0.0394293242773399;0
18.57;0.28746695450957;0.030748797275362;0
18.58;0.28773539999489;0.0220739719544793;0
18.59;0.287917132407659;0.0134074388852471;0
18.6;0.288012246302779;0.00475178170019713;0
18.61;0.288020862037452;-0.00389042366870902;0
18.62;0.287943125690757;-0.0125166097490082;0
18.63;0.287779208975653;-0.021124218282823;0
18.64;0.28752930914345;-0.0297107009778898;0
18.65;0.287193648880791;-0.0382735202543086;0
18.66;0.286772476199179;-0.0468101499867979;0
18.67;0.286266064317115;-0.0553180762422405;0
18.68;0.285674711534871;-0.0637947980123076;0
18.69;0.284998741101964;-0.072237827940948;0
18.7;0.284238501077382;-0.0806446930465363;0
18.71;0.283394364182607;-0.0890129354384692;0
18.72;0.282466727647503;-0.0973401130280086;0
18.73;0.28145601304912;-0.105623800233164;0
18.74;0.280362666143477;-0.113861588677418;0
18.75;0.279187156690387;-0.122051087882089;0
18.76;0.277929978271387;-0.130189925952146;0
18.77;0.276591648100838;-0.138275750255267;0
18.78;0.275172706830269;-0.146306228093959;0
18.79;0.273673718346032;-0.154279047370547;0
18.8;0.272095269560335;-0.162191917244849;0
18.81;0.270437970195738;-0.170042568784338;0
18.82;0.268702452563176;-0.177828755606632;0
18.83;0.266889371333598;-0.185548254514114;0
18.84;0.26499940330329;-0.193198866120506;0
18.85;0.263033247152976;-0.200778415469244;0
18.86;0.260991623200765;-0.208284752643448;0
18.87;0.258875273149043;-0.215715753367354;0
18.88;0.256684959825387;-0.223069319599013;0
18.89;0.254421466917592;-0.230343380114122;0
18.9;0.252085598702901;-0.237535891080796;0
18.91;0.249678179771525;-0.244644836625157;0
18.92;0.247200054744559;-0.251668229387556;0
18.93;0.244652087986364;-0.258604111069303;0
18.94;0.242035163311537;-0.265450552969741;0
18.95;0.239350183686549;-0.272205656513524;0
18.96;0.236598070926153;-0.278867553767956;0
18.97;0.233779765384672;-0.285434407950268;0
18.98;0.230896225642249;-0.291904413924665;0
18.99;0.22794842818618;-0.298275798689054;0
19;0.224937367087428;-0.304546821851285;0
19.01;0.221864053672414;-0.310715776094812;0
19.02;0.218729516190211;-0.316780987633628;0
19.03;0.215534799475227;-0.322740816656376;0
19.04;0.212280964605499;-0.328593657759506;0
19.05;0.208969088556713;-0.334337940369377;0
19.06;0.205600263852037;-0.33997212915319;0
19.07;0.202175598207913;-0.345494724418657;0
19.08;0.198696214175892;-0.350904262502291;0
19.09;0.195163248780639;-0.356199316146234;0
19.1;0.191577853154226;-0.361378494863525;0
19.11;0.187941192166821;-0.366440445291713;0
19.12;0.184254444053895;-0.371383851534739;0
19.13;0.180518800040063;-0.376207435492999;0
19.14;0.176735463959678;-0.380909957181502;0
19.15;0.172905651874296;-0.385490215036071;0
19.16;0.169030591687137;-0.389947046207481;0
19.17;0.165111522754653;-0.394279326843509;0
19.18;0.161149695495334;-0.398485972358786;0
19.19;0.157146370995874;-0.402565937692436;0
19.2;0.153102820614806;-0.406518217553407;0
19.21;0.149020325583749;-0.41034184665347;0
19.22;0.144900176606376;-0.414035899927823;0
19.23;0.140743673455233;-0.417599492743257;0
19.24;0.136552124566529;-0.421031781093844;0
19.25;0.132326846633035;-0.424331961784114;0
19.26;0.128069164195194;-0.427499272599682;0
19.27;0.123780409230594;-0.430532992465296;0
19.28;0.11946192074191;-0.43343244159028;0
19.29;0.115115044343446;-0.436196981601357;0
19.3;0.11074113184642;-0.438826015662825;0
19.31;0.106341540843081;-0.441318988584074;0
19.32;0.101917634289832;-0.443675386914437;0
19.33;0.0974707800894448;-0.445894739025364;0
19.34;0.0930023506725147;-0.447976615179921;0
19.35;0.0885137225782816;-0.449920627589607;0
19.36;0.0840062760349347;-0.451726430458508;0
19.37;0.0794813945395347;-0.453393720014775;0
19.38;0.074940464437678;-0.454922234529462;0
19.39;0.0703848745030295;-0.456311754322721;0
19.4;0.06581601551685;-0.457562101757389;0
19.41;0.0612352798476445;-0.458673141219974;0
19.42;0.0566440610310574;-0.459644779089086;0
19.43;0.0520437533501392;-0.460476963691326;0
19.44;0.0474357514161115;-0.461169685244687;0
19.45;0.0428214497497534;-0.461722975789483;0
19.46;0.0382022423635346;-0.46213690910687;0
19.47;0.0335795223446195;-0.462411600624988;0
19.48;0.0289546814388647;-0.462547207312782;0
19.49;0.0243291096359338;-0.46254392756156;0
19.5;0.0197041947556521;-0.462402001054324;0
19.51;0.0150813220357221;-0.462121708622959;0
19.52;0.0104618737209215;-0.461703372093333;0
19.53;0.00584722865390527;-0.461147354118364;0
19.54;0.0012387618677297;-0.460454057999149;0
19.55;-0.00336215581978047;-0.459623927494205;0
19.56;-0.00795415820970456;-0.45865744661692;0
19.57;-0.01253588412362;-0.457555139421275;0
19.58;-0.0171059778030013;-0.456317569775938;0
19.59;-0.0216630893063079;-0.454945341126813;0
19.6;-0.0262058749036456;-0.453439096248127;0
19.61;-0.0307329974688882;-0.451799516982161;0
19.62;-0.0352431268691455;-0.450027323967717;0
19.63;-0.039734940351465;-0.448123276357416;0
19.64;-0.0442071229266577;-0.446088171523948;0
19.65;-0.0486583677501366;-0.443922844755357;0
19.66;-0.0530873764996588;-0.441628168939496;0
19.67;-0.0574928597498645;-0.439205054237744;0
19.68;-0.0618735373435051;-0.436654447748117;0
19.69;-0.0662281387592541;-0.433977333157885;0
19.7;-0.0705554034759995;-0.43117473038581;0
19.71;-0.0748540813335098;-0.428247695214155;0
19.72;-0.079122932889377;-0.425197318910554;0
19.73;-0.083360729772131;-0.422024727839915;0
19.74;-0.0875662550304301;-0.418731083066453;0
19.75;-0.0917383034782276;-0.415317579946013;0
19.76;-0.0958756820358179;-0.411785447708817;0
19.77;-0.099977210066668;-0.408135949032769;0
19.78;-0.10404171970994;-0.404370379607465;0
19.79;-0.108068056208614;-0.400490067689068;0
19.8;-0.112055078233113;-0.396496373646169;0
19.81;-0.116001658200355;-0.392390689496818;0
19.82;-0.119906682588135;-0.388174438436855;0
19.83;-0.123769052244739;-0.383849074359709;0
19.84;-0.127587682693739;-0.379416081367815;0
19.85;-0.131361504433847;-0.374876973275825;0
19.86;-0.135089463233776;-0.370233293105758;0
19.87;-0.13877052042201;-0.365486612574265;0
19.88;-0.142403653171418;-0.360638531572174;0
19.89;-0.14598785477862;-0.355690677636485;0
19.9;-0.149522134938053;-0.350644705414982;0
19.91;-0.153005520010638;-0.345502296123643;0
19.92;-0.156437053286993;-0.340265156997013;0
19.93;-0.159815795245127;-0.334935020731728;0
19.94;-0.163140823802526;-0.32951364492336;0
19.95;-0.166411234562585;-0.324002811496763;0
19.96;-0.169626141055316;-0.318404326130111;0
19.97;-0.172784674972267;-0.312720017672804;0
19.98;-0.175885986395591;-0.306951737557426;0
19.99;-0.178929244021211;-0.301101359205943;0
20;-0.181913635376022;-0.295170777430338;0
