0;0.957345281619123;0.310130018038885;0
0.01;0.960314849577142;0.280849171373147;0
0.02;0.962991449383143;0.251534461316256;0
0.03;0.965374782213641;0.222194733459937;0
0.04;0.967464637668586;0.192838825692616;0
0.05;0.969260893682452;0.163475565563406;0
0.06;0.970763516409019;0.134113767653735;0
0.07;0.971972560079891;0.104762230957358;0
0.08;0.972888166836869;0.0754297362695687;0
0.09;0.97351056653825;0.0461250435863323;0
0.1;0.97384007653917;0.0168568895141361;0
0.11;0.973877101446097;-0.012366015308702;0
0.12;0.973622132845586;-0.0415349887785082;0
0.13;0.973075749007437;-0.0706413798797626;0
0.14;0.972238614562364;-0.0996765712249015;0
0.15;0.971111480154349;-0.128631981579674;0
0.16;0.969695182067791;-0.157499068373324;0
0.17;0.96799064182964;-0.18626933019286;0
0.18;0.965998865786654;-0.214934309260712;0
0.19;0.963720944657956;-0.243485593895042;0
0.2;0.961158053063075;-0.271914820952008;0
0.21;0.958311449025643;-0.300213678249288;0
0.22;0.955182473452947;-0.328373906970155;0
0.23;0.951772549591522;-0.356387304047425;0
0.24;0.948083182459014;-0.384245724526601;0
0.25;0.944115958252488;-0.411941083907529;0
0.26;0.939872543733434;-0.439465360463911;0
0.27;0.935354685589674;-0.466810597540016;0
0.28;0.930564209774404;-0.493968905823933;0
0.29;0.925503020822616;-0.520932465596738;0
0.3;0.92017310114514;-0.547693528956923;0
0.31;0.914576510300547;-0.574244422019488;0
0.32;0.908715384245189;-0.600577547089051;0
0.33;0.902591934561618;-0.626685384806398;0
0.34;0.896208447665666;-0.652560496267851;0
0.35;0.889567283992452;-0.678195525116885;0
0.36;0.882670877161606;-0.703583199607399;0
0.37;0.875521733121983;-0.728716334638085;0
0.38;0.868122429276167;-0.753587833757316;0
0.39;0.860475613585068;-0.77819069113803;0
0.4;0.852584003652895;-0.802517993522041;0
0.41;0.844450385792837;-0.826562922133272;0
0.42;0.836077614073746;-0.850318754559362;0
0.43;0.827468609348148;-0.873778866601169;0
0.44;0.818626358261913;-0.896936734089647;0
0.45;0.809553912245897;-0.91978593466961;0
0.46;0.800254386489897;-0.942320149549924;0
0.47;0.790730958899266;-0.96453316521963;0
0.48;0.780986869034508;-0.986418875129573;0
0.49;0.771025417034225;-1.00797128133907;0
0.5;0.760849962521754;-1.0291844961272;0
0.51;0.750463923495844;-1.05005274356826;0
0.52;0.739870775205754;-1.07057036107105;0
0.53;0.729074049011111;-1.09073180088147;0
0.54;0.718077331226913;-1.11053163154821;0
0.55;0.706884261954047;-1.12996453935091;0
0.56;0.695498533895686;-1.14902532969077;0
0.57;0.68392389115996;-1.16770892844285;0
0.58;0.672164128049271;-1.18601038327012;0
0.59;0.660223087836641;-1.20392486489862;0
0.6;0.648104661529492;-1.22144766835359;0
0.61;0.635812786621231;-1.23857421415619;0
0.62;0.623351445831054;-1.2553000494806;0
0.63;0.610724665832353;-1.27162084927109;0
0.64;0.597936515970141;-1.28753241731892;0
0.65;0.584991106967878;-1.30303068729876;0
0.66;0.571892589624127;-1.31811172376437;0
0.67;0.558645153499433;-1.33277172310336;0
0.68;0.545253025593837;-1.3470070144508;0
0.69;0.531720469015443;-1.36081406056141;0
0.7;0.518051781640449;-1.3741894586403;0
0.71;0.504251294765061;-1.38712994113186;0
0.72;0.490323371749699;-1.39963237646685;0
0.73;0.476272406655929;-1.41169376976737;0
0.74;0.462102822876532;-1.42331126350972;0
0.75;0.447819071759136;-1.43448213814487;0
0.76;0.433425631223827;-1.44520381267658;0
0.77;0.418927004375184;-1.45547384519691;0
0.78;0.404327718109138;-1.46528993337918;0
0.79;0.389632321715098;-1.47464991492823;0
0.8;0.374845385473768;-1.48355176798793;0
0.81;0.359971499251079;-1.49199361150586;0
0.82;0.34501527108867;-1.49997370555517;0
0.83;0.32998132579134;-1.50749045161365;0
0.84;0.314874303511905;-1.51454239279983;0
0.85;0.299698858333881;-1.52112821406625;0
0.86;0.284459656852439;-1.52724674234994;0
0.87;0.269161376754033;-1.53289694668001;0
0.88;0.253808705395157;-1.53807793824246;0
0.89;0.238406338380642;-1.54278897040235;0
0.9;0.222958978141918;-1.54702943868318;0
0.91;0.207471249092258;-1.55084892875832;-0.0166876346247548
0.92;0.191946493275563;-1.55442089245246;-0.0405271126601187
0.93;0.176387069797052;-1.5577589676102;-0.0643665906954826
0.94;0.160795320294812;-1.56086255558559;-0.0882060687308466
0.95;0.145173592072497;-1.5637311290515;-0.112045546766211
0.96;0.129524237385954;-1.56636423203518;-0.135885024801574
0.97;0.113849612729604;-1.5687614799323;-0.159724502836938
0.98;0.0981520781227721;-1.57092255949957;-0.183563980872302
0.99;0.082433996396188;-1.57284722882599;-0.207403458907666
1;0.0666977324788712;-1.57453531728277;-0.23124293694303
1.01;0.0509456526856127;-1.57598672545198;-0.255082414978394
1.02;0.0351801240052655;-1.57720142503397;-0.278921893013758
1.03;0.0194035133900566;-1.57817945873356;-0.302761371049122
1.04;0.00361818704613062;-1.57892094012531;-0.326600849084486
1.05;-0.0121734902744624;-1.57942605349759;-0.35044032711985
1.06;-0.0279691559801275;-1.57969505367582;-0.374279805155214
1.07;-0.0437664503442232;-1.5797282658249;-0.398119283190578
1.08;-0.0595630172074903;-1.57952608523079;-0.421958761225942
1.09;-0.0753565046782043;-1.57908897706152;-0.445798239261306
1.1;-0.091144565829845;-1.57841747610768;-0.46963771729667
1.11;-0.106924859396079;-1.5775121865024;-0.493477195332033
1.12;-0.122695050462851;-1.57637378142113;-0.517316673367397
1.13;-0.13845281115738;-1.57500300276114;-0.541156151402761
1.14;-0.154195821333865;-1.57340066080106;-0.564995629438125
1.15;-0.169921769255688;-1.57156763384043;-0.588835107473489
1.16;-0.185628352273934;-1.56950486781954;-0.612674585508853
1.17;-0.201313277502012;-1.56721337591962;-0.636514063544217
1.18;-0.216974262486195;-1.56469423814355;-0.660353541579581
1.19;-0.232609035871878;-1.56194860087727;-0.684193019614945
1.2;-0.248215338065365;-1.55897767643209;-0.708032497650309
1.21;-0.263790921890994;-1.55578274256791;-0.731871975685673
1.22;-0.279333553243405;-1.55236514199778;-0.755711453721037
1.23;-0.294841011734779;-1.54872628187377;-0.779550931756401
1.24;-0.31031109133684;-1.54486763325435;-0.803390409791765
1.25;-0.325741601017464;-1.54079073055367;-0.827229887827129
1.26;-0.34113036537168;-1.53649717097265;-0.851069365862493
1.27;-0.356475225246923;-1.53198861391234;-0.874908843897857
1.28;-0.371774038362322;-1.52726678036957;-0.89874832193322
1.29;-0.387024679921879;-1.52233345231522;-0.922587799968584
1.3;-0.402225043221346;-1.51719047205522;-0.946427278003948
1.31;-0.41737304024864;-1.51183974157467;-0.970266756039312
1.32;-0.432466602277618;-1.50628322186507;-0.994106234074676
1.33;-0.447503680455056;-1.5005229322351;-1.01794571211004
1.34;-0.462482246380658;-1.4945609496051;-1.0417851901454
1.35;-0.477400292679936;-1.48839940778547;-1.06562466818077
1.36;-0.492255833569812;-1.48204049673922;-1.08946414621613
1.37;-0.50704690541676;-1.47548646182908;-1.1133036242515
1.38;-0.521771567287366;-1.46873960304913;-1.13714310228686
1.39;-0.536427901491123;-1.46180227424152;-1.16098258032222
1.4;-0.551014014115335;-1.4546768822983;-1.18482205835759
1.41;-0.565528035551973;-1.44736588634876;-1.20866153639295
1.42;-0.579968121016331;-1.43987179693254;-1.23250101442832
1.43;-0.594332451057365;-1.43219717515864;-1.25634049246368
1.44;-0.608619232059547;-1.42434463185085;-1.28017997049904
1.45;-0.622826696736116;-1.41631682667965;-1.30401944853441
1.46;-0.636953104613598;-1.40811646728102;-1.32785892656977
1.47;-0.650996742507438;-1.39974630836234;-1.35169840460514
1.48;-0.664955924988652;-1.39120915079575;-1.3755378826405
1.49;-0.678828994841346;-1.38250784069921;-1.39937736067586
1.5;-0.692614323510997;-1.37364526850559;-1.42321683871123
1.51;-0.706310311543366;-1.36462436802007;-1.44705631674659
1.52;-0.71991538901394;-1.35544811546613;-1.47089579478195
1.53;-0.733428015947784;-1.34611952852056;-1.49473527281732
1.54;-0.746846682729687;-1.33664166533755;-1.51857475085268
1.55;-0.760169910504507;-1.32701762356248;-1.54241422888805
1.56;-0.77339625156761;-1.31725053933546;-1.56625370692341
1.57;-0.786524289745295;-1.30734358628508;-1.59009318495877
1.58;-0.799552640765115;-1.29729997451267;-1.61393266299414
1.59;-0.812479952616002;-1.28712294956733;-1.6377721410295
1.6;-0.825304905898097;-1.27681579141215;-1.66161161906487
1.61;-0.838026214162209;-1.26638181338183;-1.68545109710023
1.62;-0.850642624238808;-1.25582436113212;-1.70929057513559
1.63;-0.86315291655648;-1.24514681158141;-1.73313005317096
1.64;-0.875555905449761;-1.23435257184469;-1.75696953120632
1.65;-0.887850439456283;-1.22344507816036;-1.78080900924169
1.66;-0.900035401603147;-1.21242779481013;-1.80464848727705
1.67;-0.912109709682479;-1.20130421303235;-1.82848796531241
1.68;-0.924072316516077;-1.19007784992914;-1.85232744334778
1.69;-0.935922210209112;-1.17875224736769;-1.87616692138314
1.7;-0.947658414392816;-1.16733097087594;-1.90000639941851
1.71;-0.959279988456095;-1.15581760853316;-1.92384587745387
1.72;-0.970786027766038;-1.14421576985555;-1.94768535548923
1.73;-0.982175661493304;-1.13251954930347;-1.95960509450692
1.74;-0.993446858971914;-1.12041813320354;-1.93576561647155
1.75;-1.00459454875601;-1.10776345390021;-1.91192613843619
1.76;-1.01561321943306;-1.0945602556428;-1.88808666040082
1.77;-1.02649740773763;-1.08081343895117;-1.86424718236546
1.78;-1.03724170010637;-1.06652805887809;-1.8404077043301
1.79;-1.04784073421531;-1.05170932322843;-1.81656822629473
1.8;-1.05828920049923;-1.03636259073545;-1.79272874825937
1.81;-1.06858184365258;-1.02049336919514;-1.768889270224
1.82;-1.07871346411157;-1.00410731355898;-1.74504979218864
1.83;-1.08867891951696;-0.987210223985879;-1.72121031415328
1.84;-1.09847312615727;-0.969808043853994;-1.69737083611791
1.85;-1.10809106039184;-0.951906857732959;-1.67353135808255
1.86;-1.11752776005348;-0.933512889317328;-1.64969188004718
1.87;-1.1267783258303;-0.914632499321839;-1.62585240201182
1.88;-1.13583792262629;-0.895272183339236;-1.60201292397646
1.89;-1.14470178090032;-0.875438569661337;-1.57817344594109
1.9;-1.1533651979832;-0.855138417064061;-1.55433396790573
1.91;-1.16182353937243;-0.834378612557163;-1.53049448987036
1.92;-1.17007224000427;-0.813166169099383;-1.506655011835
1.93;-1.17810680550284;-0.791508223279778;-1.48281553379964
1.94;-1.18592281340583;-0.769412032965974;-1.45897605576427
1.95;-1.19351591436665;-0.746884974920102;-1.43513657772891
1.96;-1.20088183333247;-0.723934542383203;-1.41129709969354
1.97;-1.20801637069804;-0.700568342628855;-1.38745762165818
1.98;-1.21491540343493;-0.676794094486832;-1.36361814362282
1.99;-1.22157488619579;-0.652619625837578;-1.33977866558745
2;-1.22799085239351;-0.628052871078289;-1.31593918755209
2.01;-1.23415941525488;-0.603101868561434;-1.29209970951673
2.02;-1.24007676884851;-0.577774758006506;-1.26826023148136
2.03;-1.24573918908676;-0.55207977788584;-1.244420753446
2.04;-1.2511430347014;-0.526025262785322;-1.22058127541063
2.05;-1.25628474819282;-0.499619640740821;-1.19674179737527
2.06;-1.26116085675239;-0.472871430551187;-1.17290231933991
2.07;-1.26576797315798;-0.445789239068662;-1.14906284130454
2.08;-1.2701027966422;-0.418381758467549;-1.12522336326918
2.09;-1.27416211373321;-0.390657763492003;-1.10138388523381
2.1;-1.27794279906804;-0.362626108683797;-1.07754440719845
2.11;-1.28144181617794;-0.334295725590937;-1.05370492916309
2.12;-1.28465621824588;-0.305675619957986;-1.02986545112772
2.13;-1.28758314883575;-0.276774868898981;-1.00602597309236
2.14;-1.29021984259332;-0.247602618053811;-0.982186495056994
2.15;-1.29256362591862;-0.218168078728941;-0.95834701702163
2.16;-1.29461191760967;-0.188480525023369;-0.934507538986266
2.17;-1.29636222947746;-0.158549290940697;-0.910668060950902
2.18;-1.29781216693193;-0.128383767488212;-0.886828582915538
2.19;-1.29895942953889;-0.0979933997638563;-0.862989104880175
2.2;-1.29980181154781;-0.0673876840320038;-0.839149626844811
2.21;-1.30033720239028;-0.036576164788912;-0.815310148809447
2.22;-1.30056358714907;-0.0055684318187665;-0.791470670774083
2.23;-1.30047904699773;0.0256258827587929;-0.767631192738719
2.24;-1.30008175961065;0.0569971074487614;-0.743791714703355
2.25;-1.29936999954348;0.0885355343475748;-0.719952236667991
2.26;-1.29834213858378;0.120231422115729;-0.696112758632627
2.27;-1.29699664607206;0.152074998955316;-0.672273280597263
2.28;-1.2953320891929;0.184056465591568;-0.648433802561899
2.29;-1.29334713323632;0.216165998257517;-0.624594324526535
2.3;-1.29104054182923;0.248393751680868;-0.600754846491171
2.31;-1.28841117713706;0.280729862072182;-0.576915368455807
2.32;-1.2854580000355;0.313164450113473;-0.553075890420443
2.33;-1.28218007025228;0.34568762394633;-0.529236412385079
2.34;-1.2785765464792;0.378289482158653;-0.505396934349716
2.35;-1.27464668645419;0.41096011676913;-0.481557456314351
2.36;-1.2703898470136;0.443689616208544;-0.457717978278988
2.37;-1.26580548411467;0.476468068297041;-0.433878500243624
2.38;-1.26089315282827;0.509285563216452;-0.41003902220826
2.39;-1.2556525073019;0.542132196476816;-0.386199544172896
2.4;-1.25008330069313;0.574998071876187;-0.362360066137532
2.41;-1.24418538507338;0.607873304452888;-0.338520588102168
2.42;-1.23795871130229;0.64074802342931;-0.314681110066804
2.43;-1.23140332887265;0.673612375146403;-0.29084163203144
2.44;-1.22451938572609;0.706456525987992;-0.267002153996076
2.45;-1.21730712803945;0.739270665294065;-0.243162675960712
2.46;-1.20976689998223;0.772045008262158;-0.219323197925348
2.47;-1.20189914344497;0.80476979883602;-0.195483719889984
2.48;-1.19370439773883;0.837435312580682;-0.17164424185462
2.49;-1.18518329926652;0.870031859543118;-0.147804763819257
2.5;-1.17633658116465;0.902549787097639;-0.123965285783892
2.51;-1.16716507291769;0.934979482775223;-0.100125807748529
2.52;-1.15766969994377;0.967311377075931;-0.0762863297131646
2.53;-1.14785148315237;0.999535946263622;-0.0524468516778005
2.54;-1.13771153847419;1.03164371514213;-0.0286073736424368
2.55;-1.12725107636333;1.06362525981215;-0.00476789560707269
2.56;-1.11647153474344;1.09540448372752;0
2.57;-1.10537585506198;1.12680787186659;0
2.58;-1.09396789718065;1.15781951548956;0
2.59;-1.08225161745742;1.18843079181034;0
2.6;-1.07023105787329;1.21863321287684;0
2.61;-1.05791034467352;1.24841842788361;0
2.62;-1.0452936869859;1.27777822543936;0
2.63;-1.0323853754166;1.30670453578883;0
2.64;-1.01918978062397;1.33518943298829;0
2.65;-1.00571135187077;1.36322513703437;0
2.66;-0.991954615555425;1.39080401594525;0
2.67;-0.977924173722583;1.41791858779413;0
2.68;-0.963624702553591;1.44456152269405;0
2.69;-0.949060950837355;1.47072564473386;0
2.7;-0.934237738422049;1.49640393386457;0
2.71;-0.919159954648184;1.52158952773586;0
2.72;-0.90383255676355;1.54627572348207;0
2.73;-0.888260568320511;1.57045597945741;0
2.74;-0.872449077556193;1.59412391691974;0
2.75;-0.856403235756057;1.61727332166273;0
2.76;-0.840128255601385;1.63989814559582;0
2.77;-0.823629409501213;1.66199250827174;0
2.78;-0.806912027909212;1.68355069836106;0
2.79;-0.789981497626069;1.70456717507362;0
2.8;-0.7728432600879;1.7250365695263;0
2.81;-0.755502809641219;1.74495368605695;0
2.82;-0.737965691805014;1.76431350348416;0
2.83;-0.720237501520473;1.78311117631251;0
2.84;-0.702323881388901;1.80134203588312;0
2.85;-0.684230519898376;1.81900159146923;0
2.86;-0.665963149639705;1.83608553131649;0
2.87;-0.647527545512219;1.8525897236279;0
2.88;-0.628929522919975;1.86851021749305;0
2.89;-0.610174935958908;1.88384324376156;0
2.9;-0.591269675595513;1.89858521586056;0
2.91;-0.572219667837591;1.91273273055599;0
2.92;-0.553030871897647;1.92628256865768;0
2.93;-0.533709278349481;1.93923169566799;0
2.94;-0.514260907278554;1.95157726237403;0
2.95;-0.494691806426684;1.9633166053833;0
2.96;-0.475008049331637;1.97444724760272;0
2.97;-0.455215733462188;1.98496689866092;0
2.98;-0.435320978349209;1.99487345527395;0
2.99;-0.415329923713361;2.00416500155421;0
3;-0.395248727589946;2.01283980926266;0
3.01;-0.375083564451498;2.02089633800438;0
3.02;-0.354840623328665;2.0283332353675;0
3.03;-0.334526105929967;2.03514933700549;0
3.04;-0.314146224760974;2.04134366666298;0
3.05;-0.29370720124349;2.04691543614513;0
3.06;-0.273215263835294;2.05186404523068;0
3.07;-0.252676646150995;2.05618908152884;0
3.08;-0.232097585084585;2.05989032028004;0
3.09;-0.211484318934224;2.06296772410087;0
3.1;-0.190843085529833;2.06542144267321;0
3.11;-0.170180120364044;2.06725181237791;0
3.12;-0.149501654727064;2.06845935587304;0
3.13;-0.128813913845999;2.06904478161706;0
3.14;-0.1081231150292;2.06900898333718;0
3.15;-0.0874354658161707;2.06835303944298;0
3.16;-0.0667571621335792;2.06707821238577;0
3.17;-0.0460943864579239;2.06518594796384;0
3.18;-0.0254533059853875;2.06267787457395;0
3.19;-0.00484007080941727;2.0595558024094;0
3.2;0.0157391878934364;2.05582172260492;0
3.21;0.0362783596688921;2.05147780632884;0
3.22;0.0567713565809957;2.04652640382287;0
3.23;0.0772121149983415;2.04097004338978;0
3.24;0.0975945973699377;2.03481143032952;0
3.25;0.117912793990202;2.02805344582404;0
3.26;0.138160724752577;2.02069914577141;0
3.27;0.158332440891258;2.01275175956941;0
3.28;0.178422026710536;2.00421468884939;0
3.29;0.19842360130125;1.9950915061605;0
3.3;0.218331320243866;1.98538595360511;0
3.31;0.238139377297689;1.97510194142559;0
3.32;0.25784200607573;1.96424354654326;0
3.33;0.277433481704742;1.95281501104978;0
3.34;0.296908122469963;1.9408207406517;0
3.35;0.3162602914441;1.92826530306858;0
3.36;0.335484398100072;1.91515342638533;0
3.37;0.354574899907092;1.9014899973593;0
3.38;0.373526303909605;1.88728005968272;0
3.39;0.392333168288654;1.87252881220108;0
3.4;0.410990103905239;1.85724160708806;0
3.41;0.429491775825226;1.84142394797766;0
3.42;0.447832904825389;1.82508148805407;0
3.43;0.466008268880167;1.80822002810011;0
3.44;0.484012704628713;1.79084551450465;0
3.45;0.501841108821843;1.7729640372299;0
3.46;0.519488439748475;1.75458182773911;0
3.47;0.536949718641173;1.73570525688546;0
3.48;0.554220031060402;1.71634083276271;0
3.49;0.571294528257128;1.69649519851851;0
3.5;0.588168428513381;1.67617513013094;0
3.51;0.604837018460415;1.65538753414898;0
3.52;0.62129565437413;1.63413944539785;0
3.53;0.637539763447371;1.61243802464979;0
3.54;0.6535648450388;1.59029055626104;0
3.55;0.669366471897975;1.5677044457759;0
3.56;0.684940291366334;1.54468721749856;0
3.57;0.70028202655375;1.52124651203349;0
3.58;0.715387477490353;1.49739008379523;0
3.59;0.730252522253315;1.47312579848829;0
3.6;0.7448731180683;1.44846163055809;0
3.61;0.759245302385303;1.4234056606136;0
3.62;0.77336519392858;1.39796607282268;0
3.63;0.787228993720424;1.37215115228077;0
3.64;0.800832986078502;1.34596928235389;0
3.65;0.814173539586511;1.31942894199678;0
3.66;0.827247108037913;1.29253870304691;0
3.67;0.840050231352494;1.26530722749538;0
3.68;0.852579536465542;1.23774326473542;0
3.69;0.864831738189403;1.20985564878951;0
3.7;0.876803640047222;1.18165329551576;0
3.71;0.888492135078657;1.15314519979472;0
3.72;0.899894206617367;1.12434043269719;0
3.73;0.911006929040114;1.09524813863419;0
3.74;0.921827468487265;1.0658775324897;0
3.75;0.932353083554571;1.03623789673736;0
3.76;0.942581125956023;1.00633857854175;0
3.77;0.952509041157667;0.976188986845283;0
3.78;0.962134368982224;0.945798589441633;0
3.79;0.971454744184387;0.915176910036498;0
3.8;0.980467896996669;0.884333525296682;0
3.81;0.989171653645695;0.853278061888362;0
3.82;0.997563936838834;0.822020193505466;0
3.83;1.00564276622107;0.790569637889056;0
3.84;1.01340625880202;0.758936153838625;0
3.85;1.02085262935306;0.727129538216237;0
3.86;1.02798019077445;0.695159622944391;0
3.87;1.03478735443237;0.663036271998549;0
3.88;1.04127263046594;0.630769378395207;0
3.89;1.04743462806405;0.59836886117646;0
3.9;1.05327205571203;0.565844662391925;0
3.91;1.05878372140815;0.533206744078971;0
3.92;1.0639685328499;0.500465085242143;0
3.93;1.06882549759005;0.467629678832682;0
3.94;1.07335372316256;0.434710528729071;0
3.95;1.07755241717827;0.401717646719484;0
3.96;1.08142088739037;0.368661049487053;0
3.97;1.08495854172989;0.335550755598852;0
3.98;1.08816488831094;0.302396782499485;0
3.99;1.09103953540598;0.269209143510183;0
4;1.09358219139113;0.235997844834292;0
4.01;1.09579266466155;0.202772882570044;0
4.02;1.09767086351692;0.169544239731486;0
4.03;1.0992167960173;0.136321883278455;0
4.04;1.1004305698092;0.103115761156474;0
4.05;1.10131239192218;0.0699357993474197;0
4.06;1.10186256853598;0.0367918989318655;0
4.07;1.10208150471835;0.00369393316391777;0
4.08;1.10196970413363;-0.0293482554405678;0
4.09;1.10152776872237;-0.0623248580015555;0
4.1;1.10075639835194;-0.0952261021573349;0
4.11;1.09965639043845;-0.128042254931127;0
4.12;1.09822863954009;-0.160763625580954;0
4.13;1.09647413692197;-0.193380568431955;0
4.14;1.0943939700928;-0.225883485690326;0
4.15;1.09198932231351;-0.258262830238058;0
4.16;1.08926147207793;-0.290509108407701;0
4.17;1.08621179256594;-0.322612882736322;0
4.18;1.08284175106905;-0.354564774697885;0
4.19;1.07915290838885;-0.386355467413273;0
4.2;1.07514691820845;-0.417975708337167;0
4.21;1.07082552643709;-0.449416311921026;0
4.22;1.06619057052832;-0.480668162251406;0
4.23;1.06124397877183;-0.511722215662871;0
4.24;1.05598776955935;-0.542569503324757;0
4.25;1.05042405062474;-0.573201133801054;0
4.26;1.04455501825863;-0.603608295582695;0
4.27;1.03838295649784;-0.633782259591528;0
4.28;1.03191023628994;-0.663714381655277;0
4.29;1.02513931463313;-0.6933961049528;0
4.3;1.01807273369188;-0.722818962428957;0
4.31;1.01071311988847;-0.75197457917842;0
4.32;1.00306318297091;-0.780854674797764;0
4.33;0.995125715057438;-0.809451065705188;0
4.34;0.986903589658011;-0.837755667427226;0
4.35;0.978399760673029;-0.865760496851813;0
4.36;0.969617261369718;-0.893457674447107;0
4.37;0.960559203336474;-0.920839426445437;0
4.38;0.951228775415518;-0.947898086991798;0
4.39;0.941629242614238;-0.974626100256306;0
4.4;0.931763944995562;-1.00101602251004;0
4.41;0.921636296547745;-1.02706052416371;0
4.42;0.91124978403394;-1.05275239176863;0
4.43;0.900607965821921;-1.07808452997937;0
4.44;0.88971447069437;-1.10304996347775;0
4.45;0.878572996640083;-1.12764183885739;0
4.46;0.86718730962652;-1.15185342646867;0
4.47;0.855561242354084;-1.17567812222321;0
4.48;0.843698692992537;-1.19910944935779;0
4.49;0.831603623899963;-1.22214106015697;0
4.5;0.81928006032469;-1.2447667376341;0
4.51;0.80673208909059;-1.26698039717023;0
4.52;0.79396385726619;-1.28877608811056;0
4.53;0.780979570817994;-1.31014799531799;0
4.54;0.767783493248484;-1.33109044068332;0
4.55;0.754379944219198;-1.35159788459181;0
4.56;0.740773298159351;-1.37166492734578;0
4.57;0.726967982860425;-1.39128631054267;0
4.58;0.71296847805718;-1.41045691840853;0
4.59;0.698779313995534;-1.42917177908635;0
4.6;0.684405069987763;-1.44742606587909;0
4.61;0.669850372955472;-1.46521509844708;0
4.62;0.655119895960805;-1.48253434395942;0
4.63;0.640218356726346;-1.49937941819925;0
4.64;0.625150516144172;-1.51574608662255;0
4.65;0.609921176774535;-1.53163026537023;0
4.66;0.594535181334627;-1.54702802223334;0
4.67;0.578997411177915;-1.56193557757117;0
4.68;0.563312784764491;-1.57634930518201;0
4.69;0.547486256122947;-1.59026573312641;0
4.7;0.531522813304217;-1.60368154450286;0
4.71;0.515427476827888;-1.61659357817554;0
4.72;0.499205298121438;-1.62899882945425;0
4.73;0.482861357952901;-1.64089445072618;0
4.74;0.466400764857427;-1.65227775203958;0
4.75;0.44982865355822;-1.6631462016391;0
4.76;0.433150183382344;-1.67349742645286;0
4.77;0.416370536671876;-1.68332921253104;0
4.78;0.399494917190886;-1.69263950543608;0
4.79;0.382528548528739;-1.70142641058439;0
4.8;0.365476672500196;-1.70968819353947;0
4.81;0.348344547542804;-1.71742328025666;0
4.82;0.331137447112047;-1.72463025727927;0
4.83;0.313860658074773;-1.7313078718863;0
4.84;0.296519479101342;-1.73745503219169;0
4.85;0.279119219057009;-1.74307080719521;0
4.86;0.261665195393019;-1.74815442678504;0
4.87;0.244162732537883;-1.75270528169208;0
4.88;0.226617160289336;-1.75672292339618;0
4.89;0.209033812207447;-1.76020706398428;0
4.9;0.191418024009358;-1.7631575759607;0
4.91;0.173775131966147;-1.76557449200968;0
4.92;0.156110471302265;-1.76745800471022;0
4.93;0.138429374598051;-1.76880846620364;0
4.94;0.120737170195774;-1.76962638781368;0
4.95;0.103039180609696;-1.76991243961975;0
4.96;0.0853407209406075;-1.76966744998312;0
4.97;0.0676470972953077;-1.76889240502666;0
4.98;0.0499636052115056;-1.76758844806803;0
4.99;0.03229552808859;-1.76575687900685;0
5;0.0146481356247368;-1.76339915366589;0
5.01;-0.00297331773919002;-1.7605168830867;0
5.02;-0.0205635943684902;-1.75711183277993;0
5.03;-0.0381174749757788;-1.75318592193061;0
5.04;-0.055629760153989;-1.74874122255871;0
5.05;-0.0730952719007818;-1.74377995863541;0
5.06;-0.0905088551339184;-1.73830450515525;0
5.07;-0.107865379197158;-1.73231738716465;0
5.08;-0.125159739356248;-1.7258212787471;0
5.09;-0.142386858284564;-1.71881900196548;0
5.1;-0.159541687537994;-1.71131352576172;0
5.11;-0.176619209018621;-1.70330796481443;0
5.12;-0.193614436426793;-1.69480557835477;0
5.13;-0.210522416701169;-1.68580976894101;0
5.14;-0.227338231446327;-1.67632408119225;0
5.15;-0.244056998347525;-1.66635220048175;0
5.16;-0.260673872572212;-1.65589795159025;0
5.17;-0.277184048157903;-1.64496529731989;0
5.18;-0.293582759386008;-1.63355833706908;0
5.19;-0.309865282141241;-1.62168130536891;0
5.2;-0.326026935256223;-1.60933857038158;0
5.21;-0.342063081840895;-1.59653463236129;0
5.22;-0.357969130596376;-1.58327412207823;0
5.23;-0.3737405371129;-1.56956179920617;0
5.24;-0.389372805151462;-1.55540255067412;0
5.25;-0.404861487908821;-1.54080138898275;0
5.26;-0.420202189265515;-1.52576345048597;0
5.27;-0.435390565016535;-1.51029399363846;0
5.28;-0.450422324084322;-1.49439839720947;0
5.29;-0.465293229713752;-1.47808215846375;0
5.3;-0.479999100648788;-1.46135089131004;0
5.31;-0.494535812290469;-1.44421032441769;0
5.32;-0.508899297835929;-1.4266662993023;0
5.33;-0.52308554939813;-1.40872476838064;0
5.34;-0.537090619106011;-1.3903917929958;0
5.35;-0.550910620184758;-1.37167354141299;0
5.36;-0.564541728015897;-1.35257628678679;0
5.37;-0.577980181176944;-1.33310640510046;0
5.38;-0.591222282460312;-1.31327037307791;0
5.39;-0.604264399871227;-1.29307476606909;0
5.4;-0.617102967604374;-1.2725262559095;0
5.41;-0.62973448699903;-1.25163160875437;0
5.42;-0.642155527472424;-1.23039768288832;0
5.43;-0.654362727431085;-1.20883142651124;0
5.44;-0.666352795159948;-1.18693987550087;0
5.45;-0.678122509688979;-1.16473015115312;0
5.46;-0.68966872163711;-1.14220945790052;0
5.47;-0.700988354033259;-1.11938508100976;0
5.48;-0.712078403114237;-1.09626438425891;0
5.49;-0.722935939099337;-1.07285480759515;0
5.5;-0.733558106941416;-1.04916386477362;0
5.51;-0.743942127054281;-1.02519914097824;0
5.52;-0.754085296016207;-1.00096829042525;0
5.53;-0.763984987249417;-0.976479033950093;0
5.54;-0.773638651675354;-0.95173915657855;0
5.55;-0.7830438183456;-0.926756505082747;0
5.56;-0.792198095048288;-0.901538985522895;0
5.57;-0.801099168889871;-0.876094560775467;0
5.58;-0.809744806852115;-0.850431248048595;0
5.59;-0.818132856324189;-0.824557116385448;0
5.6;-0.826261245609738;-0.798480284156365;0
5.61;-0.834127984408834;-0.772208916540512;0
5.62;-0.841731164274692;-0.745751222997831;0
5.63;-0.849068959045071;-0.719115454732073;0
5.64;-0.856139625248264;-0.692309902145659;0
5.65;-0.862941502483605;-0.665342892287181;0
5.66;-0.869473013776419;-0.638222786292301;0
5.67;-0.875732665907355;-0.610957976818823;0
5.68;-0.881719049716049;-0.583556885476735;0
5.69;-0.887430840379061;-0.556027960253979;0
5.7;-0.89286679766206;-0.528379672938748;0
5.71;-0.898025766146215;-0.500620516539069;0
5.72;-0.902906675428778;-0.472759002700469;0
5.73;-0.907508540297828;-0.444803659122486;0
5.74;-0.911830460881188;-0.416763026974811;0
5.75;-0.915871622769498;-0.388645658313831;0
5.76;-0.919631297113463;-0.360460113500351;0
5.77;-0.923108840695281;-0.332214958619263;0
5.78;-0.926303695974283;-0.303918762901935;0
5.79;-0.929215391106813;-0.275580096152086;0
5.8;-0.93184353994038;-0.247207526175911;0
5.81;-0.934187841982139;-0.218809616217231;0
5.82;-0.936248082341744;-0.190394922398404;0
5.83;-0.938024131648643;-0.161971991167784;0
5.84;-0.939515945943879;-0.133549356754455;0
5.85;-0.940723566546469;-0.10513553863101;0
5.86;-0.941647119894456;-0.0767390389851095;0
5.87;-0.94228681736072;-0.0483683402005713;0
5.88;-0.942642955043633;-0.0200319023487202;0
5.89;-0.942715913532694;0.00826183930925792;0
5.9;-0.942506157649225;0.0365044768082334;0
5.91;-0.942014236162275;0.064687631952596;0
5.92;-0.941240781479836;0.0928029587765431;0
5.93;-0.940186509315529;0.120842145990478;0
5.94;-0.938852218330884;0.148796919412808;0
5.95;-0.937238789753374;0.176659044386443;0
5.96;-0.935347186970355;0.204420328179289;0
5.97;-0.933178455099074;0.232072622368051;0
5.98;-0.930733720532916;0.259607825204656;0
5.99;-0.928014190464071;0.287017883964618;0
6;-0.925021152382799;0.314294797276669;0
6.01;-0.921755973553484;0.341430617433;0
6.02;-0.918220100467678;0.368417452679434;0
6.03;-0.914415058274334;0.3952474694849;0
6.04;-0.910342450187442;0.421912894789548;0
6.05;-0.90600395687128;0.448406018230876;0
6.06;-0.901401335803503;0.474719194347238;0
6.07;-0.896536420616309;0.500844844758104;0
6.08;-0.891411120415901;0.526775460320471;0
6.09;-0.886027419080497;0.552503603260812;0
6.1;-0.880387374537136;0.578021909281964;0
6.11;-0.874493118017523;0.603323089644374;0
6.12;-0.868346853293189;0.628399933221113;0
6.13;-0.861950855890211;0.653245308526101;0
6.14;-0.855307472283778;0.677852165714964;0
6.15;-0.848419119072874;0.702213538557989;0
6.16;-0.841288282135357;0.726322546384612;0
6.17;-0.833917515763719;0.750172395998929;0
6.18;-0.826309441781837;0.773756383565683;0
6.19;-0.818466748642981;0.797067896466233;0
6.2;-0.810392190509411;0.820100415123978;0
6.21;-0.80208858631386;0.842847514798766;0
6.22;-0.793558818803203;0.86530286734978;0
6.23;-0.784805833564654;0.887460242966446;0
6.24;-0.775832638034791;0.909313511866884;0
6.25;-0.766642300491746;0.93085664596346;0
6.26;-0.757237949030892;0.952083720494989;0
6.27;-0.747622770524356;0.972988915625162;0
6.28;-0.737800009564705;0.993566518006766;0
6.29;-0.727772967393139;1.01381092231131;0
6.3;-0.717545000812553;1.03371663272362;0
6.31;-0.707119521085807;1.05327826440106;0
6.32;-0.696499992819562;1.07249054489697;0
6.33;-0.685689932834055;1.09134831554796;0
6.34;-0.674692909019149;1.10984653282473;0
6.35;-0.663512539177053;1.127980269646;0
6.36;-0.652152489852067;1.1457447166554;0
6.37;-0.640616475147722;1.16313518346071;0
6.38;-0.628908255531699;1.18014709983545;0
6.39;-0.617031636628909;1.19677601688231;0
6.4;-0.604990468003103;1.2130176081582;0
6.41;-0.59278864192741;1.22886767076076;0
6.42;-0.580430092144186;1.24432212637582;0
6.43;-0.567918792614556;1.25937702228586;0
6.44;-0.555258756258061;1.27402853233894;0
6.45;-0.542454033682782;1.28827295787819;0
6.46;-0.529508711906357;1.30210672863135;0
6.47;-0.516426913068276;1.31552640356035;0
6.48;-0.503212793133866;1.3285286716707;0
6.49;-0.489870540590358;1.34111035278047;0
6.5;-0.476404375135454;1.3532683982488;0
6.51;-0.462818546358784;1.36499989166363;0
6.52;-0.449117332416674;1.37630204948874;0
6.53;-0.435305038700629;1.38717222166969;0
6.54;-0.421385996499935;1.39760789219887;0
6.55;-0.407364561658803;1.40760667963925;0
6.56;-0.393245113228455;1.41716633760703;0
6.57;-0.379032052114573;1.42628475521282;0
6.58;-0.364729799720522;1.43495995746161;0
6.59;-0.350342796586758;1.44319010561119;0
6.6;-0.335875501026838;1.45097349748918;0
6.61;-0.32133238776045;1.45830856776854;0
6.62;-0.306717946543871;1.46519388820161;0
6.63;-0.292036680798273;1.47162816781267;0
6.64;-0.277293106236289;1.47761025304895;0
6.65;-0.262491749487255;1.48313912789026;0
6.66;-0.247637146721547;1.48821391391722;0
6.67;-0.232733842274415;1.492833870338;0
6.68;-0.217786387269739;1.49699839397391;0
6.69;-0.202799338244114;1.50070701920368;0
6.7;-0.187777255771679;1.50395941786663;0
6.71;-0.172724703090097;1.50675539912474;0
6.72;-0.157646244728099;1.50909490928391;0
6.73;-0.142546445135;1.51097803157432;0
6.74;-0.127429867312593;1.51240498589014;0
6.75;-0.112301071449832;1.51337612848876;0
6.76;-0.0971646135606979;1.51389195164963;0
6.77;-0.0820250441256631;1.51395308329289;0
6.78;-0.0668869067371477;1.51356028655806;0
6.79;-0.0517547367493679;1.51271445934287;0
6.8;-0.0366330599329746;1.51141663380247;0
6.81;-0.0215263911348774;1.50966797580935;0
6.82;-0.00643923294364614;1.50746978437399;0
6.83;0.00862392563911937;1.50482349102665;0
6.84;0.0236586105210629;1.50173065916055;0
6.85;0.0386603638346039;1.49819298333651;0
6.86;0.0536247452453452;1.49421228854963;0
6.87;0.0685473332529759;1.48979052945803;0
6.88;0.0834237264842929;1.48492978957404;0
6.89;0.0982495449779668;1.47963228041826;0
6.9;0.113020431460682;1.47390034063656;0
6.91;0.12773205261428;1.46773643508058;0
6.92;0.142380100333548;1.46114315385199;0
6.93;0.156960292974285;1.45412321131077;0
6.94;0.171468376591292;1.44667944504802;0
6.95;0.185900126165932;1.43881481482359;0
6.96;0.200251346822906;1.43053240146882;0
6.97;0.214517875035907;1.42183540575505;0
6.98;0.228695579821801;1.4127271472279;0
6.99;0.242780363923003;1.40321106300819;0
7;0.256768164977705;1.39329070655946;0
7.01;0.270654956677645;1.38296974642286;0
7.02;0.284436749913065;1.3722519649197;0
7.03;0.298109593904559;1.3611412568221;0
7.04;0.311669577321481;1.3496416279922;0
7.05;0.325112829386612;1.33775719399047;0
7.06;0.338435520966765;1.32549217865348;0
7.07;0.351633865649036;1.31285091264167;0
7.08;0.3647041208024;1.29983783195758;0
7.09;0.377642588624358;1.28645747643508;0
7.1;0.390445617172341;1.27271448820006;0
7.11;0.40310960137961;1.25861361010309;0
7.12;0.415630984055338;1.24415968412456;0
7.13;0.428006256868641;1.22935764975294;0
7.14;0.440231961316256;1.21421254233647;0
7.15;0.452304689673632;1.19872949140903;0
7.16;0.464221085929156;1.18291371899066;0
7.17;0.475977846701276;1.16677053786322;0
7.18;0.48757172213827;1.15030534982183;0
7.19;0.498999516800426;1.1335236439027;0
7.2;0.510258090524389;1.11643099458772;0
7.21;0.521344359269456;1.09903305998664;0
7.22;0.532255295945596;1.08133557999728;0
7.23;0.542987931222971;1.06334437444431;0
7.24;0.553539354322752;1.04506534119738;0
7.25;0.563906713789029;1.02650445426902;0
7.26;0.574087218241604;1.00766776189302;0
7.27;0.584078137109489;0.988561384583805;0
7.28;0.593876801344913;0.969191513177563;0
7.29;0.603480604117656;0.949564406855597;0
7.3;0.612887001489545;0.929686391150608;0
7.31;0.622093513068935;0.909563855936519;0
7.32;0.631097722645014;0.889203253402461;0
7.33;0.639897278801788;0.868611096011557;0
7.34;0.648489895511575;0.847793954445161;0
7.35;0.65687335270789;0.82675845553316;0
7.36;0.665045496837564;0.805511280171018;0
7.37;0.673004241391984;0.784059161224185;0
7.38;0.680747567417314;0.762408881420529;0
7.39;0.688273524003595;0.740567271231448;0
7.4;0.695580228752607;0.718541206742305;0
7.41;0.702665868224386;0.69633760751286;0
7.42;0.709528698362309;0.673963434428337;0
7.43;0.716167044896641;0.6514256875418;0
7.44;0.722579303726481;0.628731403908502;0
7.45;0.728763941280005;0.605887655412853;0
7.46;0.734719494852955;0.582901546588696;0
7.47;0.740444572925307;0.559780212433527;0
7.48;0.745937855456046;0.536530816217355;0
7.49;0.751198094156014;0.513160547286838;0
7.5;0.756224112738786;0.489676618865394;0
7.51;0.761014807149515;0.466086265849914;0
7.52;0.765569145771751;0.442396742604784;0
7.53;0.769886169612177;0.418615320753854;0
7.54;0.773964992463264;0.394749286971025;0
7.55;0.777804801043823;0.370805940770132;0
7.56;0.781404855117461;0.346792592294764;0
7.57;0.784764487588937;0.32271656010871;0
7.58;0.787883104578418;0.298585168987665;0
7.59;0.790760185473675;0.274405747712879;0
7.6;0.793395282960217;0.250185626867391;0
7.61;0.795788023029402;0.225932136635518;0
7.62;0.797938104964562;0.201652604606235;0
7.63;0.799845301305183;0.177354353581117;0
7.64;0.801509457789184;0.153044699387481;0
7.65;0.802930493273355;0.128730948697373;0
7.66;0.804108399632013;0.104420396853056;0
7.67;0.805043241633947;0.0801203256996229;0
7.68;0.805735156797719;0.0558380014253864;0
7.69;0.806184355225408;0.0315806724106708;0
7.7;0.806391119414886;0.00735556708564037;0
7.71;0.806355804050708;-0.0168301082022106;0
7.72;0.806078835773729;-0.0409691713102836;0
7.73;0.805560712929545;-0.0650544664121979;0
7.74;0.804802005295871;-0.0890788660975957;0
7.75;0.803803353788975;-0.113035273459821;0
7.76;0.802565470149294;-0.136916624170865;0
7.77;0.80108913660636;-0.16071588854298;0
7.78;0.799375205523171;-0.184426073576371;0
7.79;0.797424599020146;-0.20804022499236;0
7.8;0.795238308578827;-0.23155142925146;0
7.81;0.792817394625455;-0.254952815555763;0
7.82;0.790162986094611;-0.278237557835071;0
7.83;0.787276279973056;-0.301398876716216;0
7.84;0.784158540823967;-0.324430041474989;0
7.85;0.780811100291727;-0.34732437197013;0
7.86;0.777235356587462;-0.370075240558842;0
7.87;0.773432773955503;-0.392676073993264;0
7.88;0.76940488212098;-0.415120355297385;0
7.89;0.765153275718726;-0.437401625623863;0
7.9;0.76067961370371;-0.459513486090231;0
7.91;0.755985618743207;-0.481449599593964;0
7.92;0.751073076590906;-0.503203692605919;0
7.93;0.74594383544319;-0.524769556941624;0
7.94;0.740599805277798;-0.546141051509944;0
7.95;0.73504295717511;-0.567312104038625;0
7.96;0.729275322622281;-0.588276712776244;0
7.97;0.723298992800457;-0.609028948170096;0
7.98;0.717116117855332;-0.629562954519552;0
7.99;0.710728906151277;-0.649872951604442;0
8;0.704139623509303;-0.669953236288008;0
8.01;0.697350592429104;-0.689798184094002;0
8.02;0.690364191295454;-0.709402250757484;0
8.03;0.683182853569216;-0.728759973748924;0
8.04;0.675809066963223;-0.747865973771171;0
8.05;0.668245372603326;-0.766714956228907;0
8.06;0.660494364174858;-0.785301712670184;0
8.07;0.652558687054822;-0.803621122199657;0
8.08;0.64444103743007;-0.821668152863149;0
8.09;0.636144161401768;-0.839437863003169;0
8.1;0.627670854076433;-0.856925402585036;0
8.11;0.619023958643854;-0.874126014493259;0
8.12;0.610206365442167;-0.891035035797834;0
8.13;0.601221011010424;-0.907647898990134;0
8.14;0.592070877128923;-0.923960133188068;0
8.15;0.582758989847634;-0.939967365310208;0
8.16;0.573288418503029;-0.955665321218576;0
8.17;0.563662274723615;-0.971049826829812;0
8.18;0.553883711424509;-0.98611680919444;0
8.19;0.543955921791358;-1.00086229754396;0
8.2;0.533882138253936;-1.01528242430551;0
8.21;0.523665631449747;-1.02937342608386;0
8.22;0.513309709177941;-1.04313164461048;0
8.23;0.502817715343908;-1.05655352765944;0
8.24;0.492193028894845;-1.06963562993003;0
8.25;0.481439062746662;-1.08237461389571;0
8.26;0.470559262702538;-1.09476725061934;0
8.27;0.459557106363486;-1.10681042053451;0
8.28;0.448436102031257;-1.11850111419261;0
8.29;0.437199787603921;-1.12983643297577;0
8.3;0.425851729464485;-1.1408135897752;0
8.31;0.414395521362868;-1.15142990963505;0
8.32;0.40283478329161;-1.16168283036151;0
8.33;0.391173160355634;-1.17156990309701;0
8.34;0.379414321636429;-1.18108879285954;0
8.35;0.367561959050997;-1.19023727904685;0
8.36;0.355619786205916;-1.19901325590553;0
8.37;0.343591537246867;-1.20741473296486;0
8.38;0.33148096570399;-1.21543983543529;0
8.39;0.319291843333403;-1.22308680457168;0
8.4;0.307027958955259;-1.23035399800098;0
8.41;0.294693117288677;-1.23723989001463;0
8.42;0.282291137783912;-1.24374307182534;0
8.43;0.269825853452121;-1.24986225178844;0
8.44;0.257301109693064;-1.25559625558777;0
8.45;0.244720763121121;-1.26094402638602;0
8.46;0.232088680389952;-1.26590462493963;0
8.47;0.219408737016172;-1.27047722967822;0
8.48;0.206684816202398;-1.27466113674864;0
8.49;0.193920807660002;-1.27845576002364;0
8.5;0.181120606431945;-1.28186063107521;0
8.51;0.168288111716037;-1.28487539911274;0
8.52;0.155427225688964;-1.28749983088599;0
8.53;0.142541852331458;-1.28973381055298;0
8.54;0.129635896254929;-1.29157733951293;0
8.55;0.116713261529941;-1.29303053620436;0
8.56;0.103777850516848;-1.29409363586842;0
8.57;0.0908335626989663;-1.29476699027764;0
8.58;0.0778842935186024;-1.29505106743018;0
8.59;0.0649339332163029;-1.29494645120983;0
8.6;0.0519863656736521;-1.29445384101177;0
8.61;0.0390454672599671;-1.29357405133442;0
8.62;0.0261151056832267;-1.29230801133747;0
8.63;0.0131991388455711;-1.29065676436625;0
8.64;0.00030141370370853;-1.28862146744277;0
8.65;-0.0125742348654389;-1.28620339072351;0
8.66;-0.0254239851935186;-1.28340391692422;0
8.67;-0.0382440299436317;-1.28022454071198;0
8.68;-0.0510305772269907;-1.27666686806479;0
8.69;-0.0637798517130282;-1.2727326155988;0
8.7;-0.0764880957326334;-1.26842360986364;0
8.71;-0.0891515703741989;-1.26374178660591;0
8.72;-0.101766556572161;-1.25868919000127;0
8.73;-0.114329356187717;-1.25326797185533;0
8.74;-0.126836293081421;-1.2474803907736;0
8.75;-0.13928371417733;-1.24132881130095;0
8.76;-0.151667990518414;-1.23481570303071;0
8.77;-0.163985518312925;-1.22794363968384;0
8.78;-0.176232719971415;-1.22071529815847;0
8.79;-0.18840604513413;-1.21313345755016;0
8.8;-0.200501971688461;-1.20520099814316;0
8.81;-0.212517006776193;-1.19692090037315;0
8.82;-0.224447687790243;-1.18829624376165;0
8.83;-0.236290583360625;-1.17933020582265;0
8.84;-0.248042294329347;-1.17002606094165;0
8.85;-0.25969945471399;-1.16038717922768;0
8.86;-0.271258732659672;-1.15041702533855;0
8.87;-0.282716831379158;-1.14011915727977;0
8.88;-0.294070490080832;-1.12949722517756;0
8.89;-0.305316484884291;-1.1185549700264;0
8.9;-0.316451629723301;-1.10729622241142;0
8.91;-0.32747277723586;-1.09572490120617;0
8.92;-0.338376819641135;-1.08384501224617;0
8.93;-0.349160689603024;-1.07166064697865;0
8.94;-0.359821361080112;-1.05917598108896;0
8.95;-0.370355850161787;-1.04639527310411;0
8.96;-0.380761215890289;-1.0333228629738;0
8.97;-0.391034561068468;-1.01996317062958;0
8.98;-0.401173033053047;-1.00632069452247;0
8.99;-0.41117382453315;-0.992400010139519;0
9;-0.421034174293918;-0.978205768499889;0
9.01;-0.430751367964982;-0.963742694630825;0
9.02;-0.440322738753621;-0.949015586024098;0
9.03;-0.449745668162384;-0.934029311073355;0
9.04;-0.459017586691013;-0.918788807492917;0
9.05;-0.468135974522467;-0.903299080718503;0
9.06;-0.47709836219287;-0.887565202290406;0
9.07;-0.485902331245228;-0.871592308219643;0
9.08;-0.494545514866712;-0.855385597337567;0
9.09;-0.503025598509381;-0.838950329629501;0
9.1;-0.51134032049417;-0.822291824552899;0
9.11;-0.519487472597977;-0.805415459340568;0
9.12;-0.52746490062374;-0.788326667289491;0
9.13;-0.535270504953319;-0.771030936035782;0
9.14;-0.542902241083077;-0.753533805816318;0
9.15;-0.550358120142023;-0.735840867717597;0
9.16;-0.557636209392373;-0.717957761912348;0
9.17;-0.564734632712445;-0.699890175884476;0
9.18;-0.571651571061733;-0.681643842642861;0
9.19;-0.578385262928085;-0.663224538924591;0
9.2;-0.584934004756861;-0.644638083388164;0
9.21;-0.591296151361979;-0.62589033479724;0
9.22;-0.597470116318766;-0.606987190195487;0
9.23;-0.60345437233851;-0.587934583073087;0
9.24;-0.609247451624644;-0.568738481525474;0
9.25;-0.614847946210493;-0.549404886404858;0
9.26;-0.620254508278491;-0.529939829465106;0
9.27;-0.625465850460833;-0.510349371500557;0
9.28;-0.630480746121479;-0.49063960047932;0
9.29;-0.635298029619478;-0.470816629671638;0
9.3;-0.639916596553548;-0.450886595773888;0
9.31;-0.644335403987881;-0.430855657028781;0
9.32;-0.648553470659136;-0.410729991342328;0
9.33;-0.652569877164586;-0.39051579439816;0
9.34;-0.656383766131407;-0.370219277769746;0
9.35;-0.659994342367067;-0.349846667031106;0
9.36;-0.663400872990832;-0.329404199866561;0
9.37;-0.666602687546361;-0.308898124180114;0
9.38;-0.669599178095392;-0.288334696205008;0
9.39;-0.672389799292532;-0.26772017861404;0
9.4;-0.674974068441154;-0.24706083863119;0
9.41;-0.677351565530419;-0.226362946145135;0
9.42;-0.679521933253437;-0.205632771825205;0
9.43;-0.681484877006615;-0.184876585240341;0
9.44;-0.683240164870191;-0.164100652981614;0
9.45;-0.684787627570031;-0.143311236788875;0
9.46;-0.686127158420698;-0.122514591682062;0
9.47;-0.687258713249864;-0.101716964097746;0
9.48;-0.688182310304113;-0.0809245900314462;0
9.49;-0.688898030136191;-0.0601436931862714;0
9.5;-0.68940601547378;-0.0393804831284249;0
9.51;-0.689706471069852;-0.0186411534501192;0
9.52;-0.689799663534694;0.00206812005956474;0
9.53;-0.689685921149674;0.0227411812353365;0
9.54;-0.689365633662845;0.0433718953473454;0
9.55;-0.688839252066471;0.0639541509032889;0
9.56;-0.68810728835658;0.0844818614404593;0
9.57;-0.687170315274646;0.104948967307207;0
9.58;-0.686028966031493;0.125349437433306;0
9.59;-0.684683934013568;0.145677271088707;0
9.6;-0.68313597247166;0.165926499630175;0
9.61;-0.681385894192225;0.186091188235307;0
9.62;-0.679434571151415;0.206165437623429;0
9.63;-0.677282934151976;0.226143385762885;0
9.64;-0.674931972443118;0.246019209564219;0
9.65;-0.672382733323532;0.265787126558786;0
9.66;-0.669636321727683;0.285441396562286;0
9.67;-0.666693899795533;0.304976323322775;0
9.68;-0.663556686425867;0.324386256152674;0
9.69;-0.66022595681336;0.343665591544306;0
9.7;-0.656703041969575;0.362808774768523;0
9.71;-0.652989328228042;0.381810301455962;0
9.72;-0.649086256733612;0.400664719160479;0
9.73;-0.644995322916259;0.419366628904347;0
9.74;-0.640718075949508;0.437910686704753;0
9.75;-0.636256118193686;0.456291605081201;0
9.76;-0.63161110462419;0.474504154543377;0
9.77;-0.626784742244961;0.492543165059081;0
9.78;-0.621778789487372;0.510403527501808;0
9.79;-0.616595055594732;0.528080195077583;0
9.8;-0.611235399992621;0.545568184730665;0
9.81;-0.605701731645257;0.562862578527725;0
9.82;-0.599996008398125;0.579958525020122;0
9.83;-0.594120236307081;0.596851240583913;0
9.84;-0.588076468954159;0.613536010737222;0
9.85;-0.581866806750307;0.630008191434629;0
9.86;-0.575493396225282;0.646263210338209;0
9.87;-0.56895842930494;0.6622965680649;0
9.88;-0.562264142576169;0.678103839409854;0
9.89;-0.555412816539685;0.693680674545449;0
9.9;-0.548406774850955;0.709022800195653;0
9.91;-0.541248383549493;0.724126020785406;0
9.92;-0.533940050276766;0.738986219564755;0
9.93;-0.52648422348298;0.753599359707416;0
9.94;-0.518883391622993;0.767961485383488;0
9.95;-0.511140082341623;0.782068722806056;0
9.96;-0.503256861648603;0.795917281251388;0
9.97;-0.495236333083456;0.809503454052489;0
9.98;-0.487081136870557;0.822823619565749;0
9.99;-0.478793949064648;0.835874242110439;0
10;-0.47037748068708;0.848651872880826;0
10.01;-0.461834476853064;0.861153150830684;0
10.02;-0.453167715890195;0.873374803529966;0
10.03;-0.444380008448538;0.885313647993454;0
10.04;-0.435474196602557;0.896966591481163;0
10.05;-0.426453152945162;0.908330632270321;0
10.06;-0.41731977967417;0.919402860398738;0
10.07;-0.408077007671459;0.930180458379393;0
10.08;-0.398727795575108;0.940660701886068;0
10.09;-0.389275128844809;0.950840960409885;0
10.1;-0.379722018820848;0.960718697886584;0
10.11;-0.370071501776942;0.970291473294417;0
10.12;-0.360326637967235;0.979556941222524;0
10.13;-0.350490510667737;0.98851285240967;0
10.14;-0.340566225212516;0.997157054253237;0
10.15;-0.330556908024928;1.00548749128836;0
10.16;-0.320465705644194;1.01350220563714;0
10.17;-0.310295783747622;1.02119933742779;0
10.18;-0.300050326168764;1.02857712518375;0
10.19;-0.289732533911833;1.03563390618256;0
10.2;-0.279345624162648;1.0423681167846;0
10.21;-0.268892829296445;1.04877829273146;0
10.22;-0.258377395882829;1.05486306941409;0
10.23;-0.247802583688189;1.06062118211063;0
10.24;-0.237171664675864;1.06605146619377;0
10.25;-0.226487922004377;1.07115285730791;0
10.26;-0.215754649024034;1.07592439151581;0
10.27;-0.20497514827219;1.08036520541502;0
10.28;-0.194152730467488;1.08447453622384;0
10.29;-0.183290713503379;1.0882517218371;0
10.3;-0.172392421441215;1.09169620085155;0
10.31;-0.161461183503227;1.09480751256112;0
10.32;-0.150500333065684;1.09758529692193;0
10.33;-0.139513206652544;1.10002929448721;0
10.34;-0.12850314292988;1.10213934631219;0
10.35;-0.117473481701401;1.103915393829;0
10.36;-0.106427562905357;1.10535747869175;0
10.37;-0.0953687256131258;1.10646574259174;0
10.38;-0.0843003070297779;1.10724042704309;0
10.39;-0.0732256414969257;1.10768187313879;0
10.4;-0.0621480594981393;1.10779052127728;0
10.41;-0.0510708866672301;1.10756691085979;0
10.42;-0.0399974427996924;1.10701167995846;0
10.43;-0.0289310408675938;1.10612556495555;0
10.44;-0.0178749860382043;1.10490940015367;0
10.45;-0.00683257469665207;1.10336411735745;0
10.46;0.0041929065271096;1.1014907454266;0
10.47;0.0151981817267377;1.09929040980075;0
10.48;0.0261799866830568;1.09676433199605;0
10.49;0.037135069822456;1.0939138290739;0
10.5;0.0480601931698496;1.09074031308194;0
10.51;0.0589521332959219;1.08724529046754;0
10.52;0.0698076822583848;1.08343036146393;0
10.53;0.0806236485369755;1.0792972194494;0
10.54;0.0913968579619234;1.07484765027954;0
10.55;0.102124154635622;1.07008353159303;0
10.56;0.112802401847236;1.06500683209101;0
10.57;0.123428482979992;1.05961961079045;0
10.58;0.133999302410879;1.05392401625173;0
10.59;0.144511786402511;1.04792228578065;0
10.6;0.154962883986901;1.04161674460531;0
10.61;0.165349567840888;1.03500980502794;0
10.62;0.175668835152967;1.02810396555214;0
10.63;0.185917708481289;1.02090180998582;0
10.64;0.19609323660258;1.01340600652;0
10.65;0.206192495351736;1.00561930678401;0
10.66;0.216212588451869;0.997544544877264;0
10.67;0.22615064833457;0.98918463637793;0
10.68;0.236003836950145;0.980542577328954;0
10.69;0.245769346567625;0.971621443201658;0
10.7;0.255444400564299;0.962424387837327;0
10.71;0.265026254204574;0.952954642367121;0
10.72;0.274512195407934;0.943215514110672;0
10.73;0.283899545505791;0.933210385453738;0
10.74;0.293185659987021;0.922942712705285;0
10.75;0.302367929231977;0.912416024934372;0
10.76;0.311443779234785;0.901633922787221;0
10.77;0.320410672313718;0.890600077284875;0
10.78;0.329266107809468;0.879318228601814;0
10.79;0.338007622771109;0.867792184825952;0
10.8;0.346632792629592;0.856025820700395;0
10.81;0.355139231858562;0.844023076347396;0
10.82;0.363524594622349;0.831787955974888;0
10.83;0.371786575410936;0.819324526566048;0
10.84;0.379922909661759;0.806636916552278;0
10.85;0.387931374368154;0.793729314470062;0
10.86;0.395809788674308;0.780605967602101;0
10.87;0.403556014456548;0.767271180603186;0
10.88;0.411167956890826;0.753729314111225;0
10.89;0.418643565006246;0.739984783343881;0
10.9;0.425980832224493;0.726042056681261;0
10.91;0.433177796885033;0.711905654235101;0
10.92;0.440232542755939;0.697580146404908;0
10.93;0.447143199530228;0.683070152421501;0
10.94;0.453907943307573;0.668380338878435;0
10.95;0.46052499706128;0.653515418251726;0
10.96;0.466992631090411;0.638480147408391;0
10.97;0.473309163456938;0.623279326104226;0
10.98;0.479472960407839;0.607917795471323;0
10.99;0.485482436782016;0.592400436495775;0
11;0.491336056401947;0.576732168486053;0
11.01;0.497032332449991;0.56091794753253;0
11.02;0.502569827829238;0.544962764958622;0
11.03;0.507947155508844;0.528871645764035;0
11.04;0.513162978853761;0.512649647060593;0
11.05;0.518216011938792;0.496301856501117;0
11.06;0.523105019846906;0.479833390701867;0
11.07;0.527828818951754;0.463249393658998;0
11.08;0.532386277184322;0.446555035159541;0
11.09;0.536776314283668;0.429755509187373;0
11.1;0.5409979020317;0.412856032324685;0
11.11;0.545050064471956;0.395861842149417;0
11.12;0.548931878112329;0.37877819562915;0
11.13;0.552642472111733;0.361610367511956;0
11.14;0.55618102845065;0.344363648714674;0
11.15;0.559546782085561;0.327043344709117;0
11.16;0.562739021087225;0.309654773906684;0
11.17;0.565757086762804;0.292203266041869;0
11.18;0.568600373761817;0.274694160555162;0
11.19;0.57126833016592;0.257132804975812;0
11.2;0.573760457562519;0.239524553304943;0
11.21;0.576076311102216;0.221874764399521;0
11.22;0.578215499540097;0.204188800357628;0
11.23;0.580177685260889;0.186472024905549;0
11.24;0.581962584287986;0.168729801787142;0
11.25;0.58356996627639;0.150967493155967;0
11.26;0.584999654489583;0.133190457970657;0
11.27;0.586251525760374;0.115404050394008;0
11.28;0.587325510435746;0.0976136181962519;0
11.29;0.588221592305766;0.0798245011629954;0
11.3;0.588939808516592;0.0620420295082844;0
11.31;0.589480249467637;0.0442715222932674;0
11.32;0.589843058692943;0.0265182858509199;0
11.33;0.590028432726842;0.00878761221728988;0
11.34;0.590036620953944;-0.00891522243027284;0
11.35;0.589867925443553;-0.0265849593274508;0
11.36;0.589522700768573;-0.0442163586694014;0
11.37;0.589001353808982;-0.0618042011488578;0
11.38;0.588304343539967;-0.0793432894854431;0
11.39;0.587432180804807;-0.0968284499457521;0
11.4;0.5863854280726;-0.114254533853763;0
11.41;0.585164699180929;-0.131616419091142;0
11.42;0.583770659063568;-0.148909011587008;0
11.43;0.582204023463351;-0.166127246796728;0
11.44;0.58046555863029;-0.183266091169323;0
11.45;0.578556081005082;-0.200320543603061;0
11.46;0.57647645688811;-0.217285636888818;0
11.47;0.574227602094069;-0.234156439140802;0
11.48;0.57181048159234;-0.250928055214226;0
11.49;0.569226109133254;-0.267595628109539;0
11.5;0.566475546860364;-0.284154340362797;0
11.51;0.563559904908893;-0.300599415421803;0
11.52;0.560480340990472;-0.316926119007616;0
11.53;0.557238059964336;-0.333129760461043;0
11.54;0.553834313395127;-0.349205694073751;0
11.55;0.550270399097449;-0.365149320403604;0
11.56;0.54654766066735;-0.380956087573885;0
11.57;0.542667487000877;-0.396621492556015;0
11.58;0.538631311799891;-0.412141082435429;0
11.59;0.534440613065285;-0.427510455660259;0
11.6;0.53009691257781;-0.442725263272462;0
11.61;0.525601775366659;-0.457781210121085;0
11.62;0.520956809166002;-0.472674056057294;0
11.63;0.516163663859657;-0.487399617110879;0
11.64;0.511224030914077;-0.501953766647892;0
11.65;0.506139642799851;-0.516332436509099;0
11.66;0.500912272401904;-0.530531618128963;0
11.67;0.495543732418595;-0.544547363634827;0
11.68;0.490035874749919;-0.558375786926022;0
11.69;0.484390589875005;-0.572013064732596;0
11.7;0.478609806219118;-0.5854554376534;0
11.71;0.472695489510379;-0.598699211173235;0
11.72;0.466649642126407;-0.611740756658805;0
11.73;0.460474302431091;-0.624576512333209;0
11.74;0.45417154410173;-0.637202984228717;0
11.75;0.447743475446724;-0.64961674711758;0
11.76;0.441192238714076;-0.66181444542064;0
11.77;0.434520009390895;-0.673792794093495;0
11.78;0.427728995494144;-0.685548579489999;0
11.79;0.420821436852856;-0.697078660202878;0
11.8;0.413799604382051;-0.708379967881244;0
11.81;0.406665799348572;-0.719449508024806;0
11.82;0.399422352629098;-0.730284360754576;0
11.83;0.392071623960544;-0.74088168155989;0
11.84;0.384616001183111;-0.751238702021537;0
11.85;0.377057899476197;-0.761352730510855;0
11.86;0.369399760587441;-0.771221152864592;0
11.87;0.36164405205512;-0.780841433035395;0
11.88;0.353793266424152;-0.790211113717756;0
11.89;0.345849920455952;-0.799327816949289;0
11.9;0.337816554332385;-0.808189244687184;0
11.91;0.32969573085407;-0.816793179359711;0
11.92;0.321490034633279;-0.825137484392659;0
11.93;0.313202071281683;-0.83322010471059;0
11.94;0.304834466593204;-0.841039067212798;0
11.95;0.29638986572222;-0.848592481223881;0
11.96;0.287870932357374;-0.855878538918824;0
11.97;0.279280347891254;-0.86289551572253;0
11.98;0.270620810586192;-0.869641770683691;0
11.99;0.261895034736434;-0.876115746822965;0
12;0.253105749826949;-0.882315971455375;0
12.01;0.244255699689133;-0.888241056486887;0
12.02;0.235347641653656;-0.893889698685121;0
12.03;0.226384345700725;-0.899260679924164;0
12.04;0.217368593608011;-0.904352867403438;0
12.05;0.208303178096508;-0.909165213840633;0
12.06;0.199190901974575;-0.913696757638654;0
12.07;0.190034577280431;-0.917946623026612;0
12.08;0.180837024423354;-0.921914020174833;0
12.09;0.171601071323841;-0.925598245283919;0
12.1;0.162329552553009;-0.928998680647856;0
12.11;0.153025308471464;-0.932114794691217;0
12.12;0.143691184367928;-0.934946141980473;0
12.13;0.134330029597862;-0.937492363209469;0
12.14;0.124944696722353;-0.939753185159106;0
12.15;0.115538040647519;-0.941728420631284;0
12.16;0.106112917764692;-0.943417968357176;0
12.17;0.0966721850916309;-0.944821812879903;0
12.18;0.0872186994150231;-0.945940024411679;0
12.19;0.0777553164345319;-0.946772758665532;0
12.2;0.0682848899086375;-0.947320256661681;0
12.21;0.0588102708025294;-0.947582844508667;0
12.22;0.0493343064383009;-0.947560933159364;0
12.23;0.039859839647695;-0.947255018141972;0
12.24;0.0303897079276538;-0.94666567926612;0
12.25;0.0209267425989175;-0.94579358030421;0
12.26;0.0114737679679211;-0.944639468648138;0
12.27;0.00203360049223471;-0.943204174941544;0
12.28;-0.00739095205021034;-0.941488612687735;0
12.29;-0.0167970913878643;-0.939493777833442;0
12.3;-0.0261820295780322;-0.937220748328587;0
12.31;-0.0355429898248369;-0.934670683662214;0
12.32;-0.0448772072924353;-0.931844824374782;0
12.33;-0.0541819299132511;-0.928744491547005;0
12.34;-0.063454419190992;-0.925371086265416;0
12.35;-0.0726919509982179;-0.921726089064874;0
12.36;-0.0818918163682312;-0.917811059348215;0
12.37;-0.091051322281062;-0.913627634783257;0
12.38;-0.100167792443321;-0.909177530677377;0
12.39;-0.109238568061702;-0.904462539329896;0
12.4;-0.118261008609901;-0.899484529362492;0
12.41;-0.127232492588752;-0.894245445027892;0
12.42;-0.136150418279344;-0.888747305497073;0
12.43;-0.14501220448892;-0.882992204125237;0
12.44;-0.153815291289337;-0.876982307696807;0
12.45;-0.162557140747887;-0.87071985564971;0
12.46;-0.171235237650262;-0.864207159279217;0
12.47;-0.179847090215475;-0.857446600921603;0
12.48;-0.188390230802521;-0.850440633117928;0
12.49;-0.196862216608589;-0.843191777758199;0
12.5;-0.205260630358631;-0.835702625206218;0
12.51;-0.213583080986091;-0.827975833405415;0
12.52;-0.221827204304607;-0.820014126965948;0
12.53;-0.229990663670505;-0.811820296233398;0
12.54;-0.238071150635894;-0.803397196339358;0
12.55;-0.24606638559219;-0.794747746234226;0
12.56;-0.253974118403884;-0.785874927702541;0
12.57;-0.261792129032392;-0.776781784361169;0
12.58;-0.269518228149809;-0.767471420640674;0
12.59;-0.277150257742397;-0.757947000750222;0
12.6;-0.284686091703661;-0.748211747626327;0
12.61;-0.292123636416825;-0.738268941865816;0
12.62;-0.299460831326584;-0.728121920643333;0
12.63;-0.306695649499949;-0.717774076613749;0
12.64;-0.313826098176061;-0.707228856799825;0
12.65;-0.320850219304809;-0.696489761465493;0
12.66;-0.32776609007412;-0.685560342975105;0
12.67;-0.334571823425779;-0.67444420463904;0
12.68;-0.341265568559647;-0.663144999546006;0
12.69;-0.34784551142614;-0.651666429382442;0
12.7;-0.354309875206848;-0.640012243239371;0
12.71;-0.36065692078317;-0.628186236407101;0
12.72;-0.366884947192834;-0.616192249158144;0
12.73;-0.372992292074204;-0.604034165518744;0
12.74;-0.378977332098248;-0.591715912029405;0
12.75;-0.384838483388063;-0.579241456494795;0
12.76;-0.390574201925854;-0.566614806723441;0
12.77;-0.396182983947264;-0.553840009257589;0
12.78;-0.401663366322963;-0.540921148093644;0
12.79;-0.407013926927397;-0.527862343393574;0
12.8;-0.41223328499461;-0.514667750187696;0
12.81;-0.417320101461067;-0.50134155706923;0
12.82;-0.422273079295371;-0.487887984881044;0
12.83;-0.427090963814829;-0.474311285394985;0
12.84;-0.43177254298877;-0.460615739984208;0
12.85;-0.436316647728558;-0.446805658288917;0
12.86;-0.440722152164241;-0.43288537687592;0
12.87;-0.444987973907755;-0.418859257892424;0
12.88;-0.449113074302659;-0.404731687714467;0
12.89;-0.453096458660316;-0.390507075590417;0
12.9;-0.456937176482499;-0.376189852279943;0
12.91;-0.460634321670365;-0.361784468688878;0
12.92;-0.464187032719756;-0.347295394500388;0
12.93;-0.467594492902802;-0.332727116802867;0
12.94;-0.47085593043579;-0.318084138714967;0
12.95;-0.473970618633268;-0.303370978008197;0
12.96;-0.47693787604837;-0.288592165727485;0
12.97;-0.479757066599331;-0.273752244810138;0
12.98;-0.482427599682199;-0.258855768703613;0
12.99;-0.484948930269709;-0.243907299982506;0
13;-0.487320558996328;-0.228911408965186;0
13.01;-0.489542032229474;-0.21387267233049;0
13.02;-0.49161294212689;-0.198795671734877;0
13.03;-0.493532926680204;-0.18368499243048;0
13.04;-0.495301669744673;-0.168545221884445;0
13.05;-0.496918901055124;-0.153380948399983;0
13.06;-0.498384396228116;-0.138196759739542;0
13.07;-0.499697976750349;-0.122997241750506;0
13.08;-0.500859509953338;-0.107786976993832;0
13.09;-0.501868908974389;-0.0925705433760246;0
13.1;-0.502726132703912;-0.0773525127848632;0
13.11;-0.503431185719112;-0.0621374497292726;0
13.12;-0.503984118204094;-0.0469299099837462;0
13.13;-0.504385025856435;-0.0317344392377166;0
13.14;-0.504634049780282;-0.0165555717502703;0
13.15;-0.504731376366007;-0.00139782901060074;0
13.16;-0.504677237156508;0.0137342815954081;0
13.17;-0.504471908700197;0.0288362681120789;0
13.18;-0.504115712390755;0.0439036553339325;0
13.19;-0.503609014293713;0.0589319861183897;0
13.2;-0.502952224959944;0.0739168226908021;0
13.21;-0.502145799226145;0.0888537479414347;0
13.22;-0.501190236002377;0.103738366714025;0
13.23;-0.500086078046769;0.118566307085545;0
13.24;-0.498833911727453;0.133333221636803;0
13.25;-0.497434366771851;0.148034788713512;0
13.26;-0.495888116003381;0.162666713677472;0
13.27;-0.494195875065709;0.177224730147498;0
13.28;-0.492358402134626;0.19170460122975;0
13.29;-0.490376497617686;0.206102120737107;0
13.3;-0.488251003841689;0.22041311439724;0
13.31;-0.485982804728139;0.234633441049047;0
13.32;-0.483572825456792;0.248758993827096;0
13.33;-0.481022032117417;0.262785701333763;0
13.34;-0.478331431349887;0.276709528798714;0
13.35;-0.475502069972736;0.290526479225427;0
13.36;-0.472535034600311;0.304232594524404;0
13.37;-0.469431451248654;0.317823956632789;0
13.38;-0.466192484930243;0.33129668862005;0
13.39;-0.462819339237751;0.344646955779443;0
13.4;-0.459313255916948;0.357870966704929;0
13.41;-0.4556755144289;0.370964974353276;0
13.42;-0.451907431501621;0.383925277091023;0
13.43;-0.448010360671318;0.396748219726045;0
13.44;-0.44398569181339;0.409430194523412;0
13.45;-0.439834850663351;0.421967642205286;0
13.46;-0.435559298327813;0.434357052934571;0
13.47;-0.431160530785713;0.446594967282047;0
13.48;-0.426640078379947;0.458677977176738;0
13.49;-0.421999505299573;0.47060272683925;0
13.5;-0.417240409052753;0.48236591369783;0
13.51;-0.412364419930627;0.493964289286894;0
13.52;-0.407373200462265;0.505394660127808;0
13.53;-0.402268444860907;0.516653888591652;0
13.54;-0.397051878461646;0.527738893743779;0
13.55;-0.391725257150753;0.538646652169911;0
13.56;-0.386290366786826;0.549374198783587;0
13.57;-0.380749022613946;0.559918627614727;0
13.58;-0.375103068667036;0.570277092579132;0
13.59;-0.369354377169609;0.580446808228696;0
13.6;-0.363504847924103;0.590425050482166;0
13.61;-0.357556407694995;0.600209157336241;0
13.62;-0.351511009584899;0.609796529556847;0
13.63;-0.345370632403829;0.619184631350402;0
13.64;-0.339137280031854;0.628370991014914;0
13.65;-0.332812980775324;0.63735320157075;0
13.66;-0.326399786716882;0.646128921370916;0
13.67;-0.319899773059471;0.6546958746907;0
13.68;-0.313315037464529;0.663051852296555;0
13.69;-0.306647699384598;0.671194711994055;0
13.7;-0.299899899390544;0.679122379154829;0
13.71;-0.293073798493601;0.686832847222322;0
13.72;-0.286171577462455;0.694324178196295;0
13.73;-0.279195436135583;0.701594503095932;0
13.74;-0.272147592729047;0.708642022401463;0
13.75;-0.265030283139984;0.715465006474214;0
13.76;-0.257845760245976;0.722061795954977;0
13.77;-0.250596293200548;0.728430802140634;0
13.78;-0.243284166724991;0.734570507338956;0
13.79;-0.235911680396737;0.740479465201498;0
13.8;-0.228481147934502;0.746156301034545;0
13.81;-0.220994896480424;0.751599712088038;0
13.82;-0.213455265879405;0.75680846782244;0
13.83;-0.205864607955884;0.761781410153499;0
13.84;-0.19822528578827;0.766517453674863;0
13.85;-0.190539672981237;0.771015585858543;0
13.86;-0.182810152936122;0.775274867233163;0
13.87;-0.17503911811964;0.779294431540028;0
13.88;-0.167228969331132;0.783073485866956;0
13.89;-0.159382114968585;0.786611310759909;0
13.9;-0.151500970293625;0.789907260312407;0
13.91;-0.143587956695723;0.792960762232735;0
13.92;-0.135645500955828;0.795771317888983;0
13.93;-0.127676034509643;0.798338502331912;0
13.94;-0.119681992710781;0.800661964295704;0
13.95;-0.111665814094007;0.802741426176621;0
13.96;-0.103629939638794;0.804576683989616;0
13.97;-0.0955768120334131;0.806167607302956;0
13.98;-0.0875088749397741;0.807514139150905;0
13.99;-0.0794285722592397;0.808616295924537;0
14;-0.0713383473996288;0.809474167240748;0
14.01;-0.0632406425436272;0.810087915789536;0
14.02;-0.0551378979188237;0.810457777159653;0
14.03;-0.0470325510695862;0.810584059642686;0
14.04;-0.0389270361309941;0.810467144015702;0
14.05;-0.0308237831050399;0.810107483302517;0
14.06;-0.0227252171393142;0.809505602513738;0
14.07;-0.0146337578083854;0.808662098365657;0
14.08;-0.00655181839808492;0.807577638978144;0
14.09;0.00151819480709208;0.806252963551656;0
14.1;0.00957388323326299;0.80468888202348;0
14.11;0.0176128567229032;0.802886274703381;0
14.12;0.0256327342368561;0.800846091888769;0
14.13;0.0336311445524031;0.798569353459555;0
14.14;0.0416057269571909;0.796057148452837;0
14.15;0.0495541319388166;0.793310634617596;0
14.16;0.0574740218698691;0.790331037949553;0
14.17;0.0653630716882315;0.787119652206372;0
14.18;0.0732189695724467;0.78367783840338;0
14.19;0.0810394176119544;0.780007024289997;0
14.2;0.0888221324720053;0.776108703807058;0
14.21;0.0965648460530638;0.771984436525228;0
14.22;0.10426530614451;0.767635847064709;0
14.23;0.111921277072457;0.763064624496441;0
14.24;0.119530540341494;0.758272521725021;0
14.25;0.127090895270181;0.753261354853538;0
14.26;0.13460015962011;0.748033002530563;0
14.27;0.142056170218356;0.742589405279506;0
14.28;0.149456783573143;0.736932564810586;0
14.29;0.156799876482555;0.731064543315632;0
14.3;0.164083346636112;0.724987462745976;0
14.31;0.171305113209058;0.718703504073668;0
14.32;0.178463117449183;0.712214906536267;0
14.33;0.185555323256018;0.705523966865469;0
14.34;0.192579717752249;0.698633038499825;0
14.35;0.199534311847182;0.691544530781813;0
14.36;0.206417140792116;0.684260908139528;0
14.37;0.213226264727459;0.676784689253274;0
14.38;0.219959769221447;0.669118446207322;0
14.39;0.22661576580031;0.661264803627111;0
14.4;0.233192392469751;0.653226437802197;0
14.41;0.239687814227588;0.645006075795206;0
14.42;0.246100223567425;0.636606494537111;0
14.43;0.252427840973215;0.628030519909106;0
14.44;0.258668915404581;0.619281025811395;0
14.45;0.264821724772771;0.610360933219177;0
14.46;0.27088457640711;0.601273209226149;0
14.47;0.276855807511842;0.592020866075826;0
14.48;0.282733785613218;0.582606960180989;0
14.49;0.288516908996738;0.573034591131584;0
14.5;0.294203607134419;0.56330690069138;0
14.51;0.29979234110197;0.553427071783708;0
14.52;0.305281603985793;0.543398327466608;0
14.53;0.310669921279676;0.533223929897703;0
14.54;0.315955851271093;0.522907179289137;0
14.55;0.321137985417015;0.512451412852896;0
14.56;0.326214948709124;0.501860003736854;0
14.57;0.331185400028355;0.491136359951877;0
14.58;0.336048032488661;0.480283923290314;0
14.59;0.340801573769937;0.469306168236227;0
14.6;0.345444786439998;0.458206600867691;0
14.61;0.349976468265555;0.44698875775151;0
14.62;0.354395452512101;0.435656204830697;0
14.63;0.358700608232639;0.424212536305054;0
14.64;0.362890840545193;0.412661373505208;0
14.65;0.366965090899022;0.401006363760453;0
14.66;0.370922337329493;0.389251179260744;0
14.67;0.374761594701544;0.377399515913184;0
14.68;0.378481914941694;0.365455092193383;0
14.69;0.382082387258536;0.353421647992015;0
14.7;0.385562138351689;0.341302943456941;0
14.71;0.388920332609135;0.329102757831251;0
14.72;0.392156172292934;0.316824888287577;0
14.73;0.395268897713262;0.304473148759035;0
14.74;0.398257787390741;0.292051368767155;0
14.75;0.40112215820704;0.279563392247149;0
14.76;0.403861365543716;0.267013076370877;0
14.77;0.406474803409279;0.254404290367875;0
14.78;0.408961904554455;0.241740914344785;0
14.79;0.411322140575642;0.229026838103558;0
14.8;0.413555022006538;0.216265959958786;0
14.81;0.415660098397948;0.203462185554508;0
14.82;0.41763695838575;0.190619426680857;0
14.83;0.419485229747033;0.177741600090893;0
14.84;0.421204579444402;0.164832626317991;0
14.85;0.422794713658465;0.15189642849412;0
14.86;0.424255377808504;0.138936931169375;0
14.87;0.425586356561352;0.125958059133119;0
14.88;0.426787473828484;0.112963736237073;0
14.89;0.427858592751357;0.0999578842207092;0
14.9;0.428799615675008;0.0869444215393041;0
14.91;0.429610484109952;0.0739272621949803;0
14.92;0.4302911786824;0.0609103145710988;0
14.93;0.43084171907284;0.0478974802703366;0
14.94;0.431262163943018;0.034892652956794;0
14.95;0.431552610851357;0.0218997172024719;0
14.96;0.431713196156859;0.008922547338457;0
14.97;0.431744094911549;-0.00403499368884918;0
14.98;0.431645520741499;-0.0169690554561222;0
14.99;0.431417725716494;-0.0298758011957963;0
15;0.431061000208404;-0.0427514089227066;0
15.01;0.430575672738306;-0.0555920725543625;0
15.02;0.429962109812447;-0.0683940030245295;0
15.03;0.429220715747094;-0.0811534293897968;0
15.04;0.42835193248235;-0.0938665999288091;0
15.05;0.427356239385021;-0.106529783233849;0
15.06;0.426234153040591;-0.119139269294452;0
15.07;0.424986227034405;-0.131691370572747;0
15.08;0.423613051722139;-0.144182423070213;0
15.09;0.422115253989632;-0.156608787385541;0
15.1;0.420493497002193;-0.168966849763312;0
15.11;0.418748479943457;-0.181253023133178;0
15.12;0.416880937743889;-0.193463748139264;0
15.13;0.414891640799051;-0.205595494159488;0
15.14;0.412781394677709;-0.217644760314521;0
15.15;0.410551039819907;-0.229608076466091;0
15.16;0.408201451225105;-0.241482004204362;0
15.17;0.40573353813049;-0.253263137824099;0
15.18;0.403148243679582;-0.264948105289363;0
15.19;0.40044654458124;-0.276533569186439;0
15.2;0.397629450759198;-0.288016227664762;0
15.21;0.394698004992244;-0.29939281536556;0
15.22;0.391653282545167;-0.310660104337958;0
15.23;0.388496390790607;-0.321814904942303;0
15.24;0.385228468821921;-0.332854066740447;0
15.25;0.381850687057212;-0.343774479372746;0
15.26;0.378364246834647;-0.354573073421544;0
15.27;0.374770379999204;-0.365246821260897;0
15.28;0.371070348480979;-0.375792737892311;0
15.29;0.367265443865204;-0.386207881766259;0
15.3;0.363356986954116;-0.396489355589273;0
15.31;0.359346327320814;-0.406634307116374;0
15.32;0.355234842855265;-0.416639929928638;0
15.33;0.351023939302601;-0.42650346419569;0
15.34;0.346715049793856;-0.436222197422923;0
15.35;0.342309634369304;-0.445793465183241;0
15.36;0.337809179494546;-0.455214651833139;0
15.37;0.333215197569516;-0.464483191212922;0
15.38;0.328529226430542;-0.473596567330898;0
15.39;0.323752828845655;-0.482552315031345;0
15.4;0.318887592003279;-0.491348020646101;0
15.41;0.313935126994484;-0.499981322629595;0
15.42;0.308897068288966;-0.508449912177163;0
15.43;0.303775073204916;-0.516751533826494;0
15.44;0.298570821372951;-0.524883986042047;0
15.45;0.293286014194285;-0.532845121782306;0
15.46;0.287922374293291;-0.540632849049719;0
15.47;0.28248164496466;-0.548245131423195;0
15.48;0.276965589615298;-0.555679988573023;0
15.49;0.271375991201161;-0.562935496758096;0
15.5;0.265714651659201;-0.570009789305316;0
15.51;0.259983391334591;-0.576901057071063;0
15.52;0.254184048403418;-0.583607548884639;0
15.53;0.248318478291029;-0.590127571973554;0
15.54;0.242388553086203;-0.596459492370594;0
15.55;0.236396160951326;-0.602601735302545;0
15.56;0.230343205528779;-0.60855278556052;0
15.57;0.22423160534369;-0.614311187851782;0
15.58;0.218063293203259;-0.61987554713301;0
15.59;0.211840215592834;-0.625244528924927;0
15.6;0.20556433206892;-0.630416859608239;0
15.61;0.199237614649322;-0.635391326700811;0
15.62;0.19286204720059;-0.640166779116052;0
15.63;0.186439624822971;-0.644742127402445;0
15.64;0.179972353233052;-0.649116343964188;0
15.65;0.173462248144278;-0.653288463262925;0
15.66;0.166911334645539;-0.65725758200051;0
15.67;0.160321646578017;-0.661022859282819;0
15.68;0.153695225910474;-0.664583516764558;0
15.69;0.147034122113189;-0.667938838775083;0
15.7;0.140340391530709;-0.671088172425212;0
15.71;0.133616096753625;-0.674030927695036;0
15.72;0.126863305989557;-0.676766577502729;0
15.73;0.120084092433528;-0.679294657754379;0
15.74;0.113280533637936;-0.68161476737485;0
15.75;0.106454710882292;-0.683726568319698;0
15.76;0.099608708542934;-0.685629785568176;0
15.77;0.0927446134628851;-0.687324207097358;0
15.78;0.0858645143220658;-0.688809683837421;0
15.79;0.0789705010080312;-0.690086129608134;0
15.8;0.07206466398743;-0.691153521036608;0
15.81;0.06514909367837;-0.692011897456356;0
15.82;0.0582258798238769;-0.69266136078773;0
15.83;0.051297110866632;-0.693102075399803;0
15.84;0.0443648733251745;-0.69333426795377;0
15.85;0.0374312511717528;-0.693358227227944;0
15.86;0.0304983252120078;-0.693174303924433;0
15.87;0.0235681724666725;-0.692782910457587;0
15.88;0.0166428655554678;-0.692184520724307;0
15.89;0.0097244720833771;-0.691379669856328;0
15.9;0.00281505402947858;-0.690368953954556;0
15.91;-0.0040833328614854;-0.689153029805602;0
15.92;-0.0109686396846247;-0.687732614580602;0
15.93;-0.0178388249773268;-0.686108485516454;0
15.94;-0.0246918553184155;-0.684281479579606;0
15.95;-0.03152570592387;-0.682252493112505;0
15.96;-0.0383383612389305;-0.680022481462865;0
15.97;-0.0451278155264199;-0.677592458595878;0
15.98;-0.0518920734511115;-0.674963496689527;0
15.99;-0.0586291506599739;-0.672136725713139;0
16;-0.0653370743581271;-0.669113332989337;0
16.01;-0.0720138838803436;-0.665894562739565;0
16.02;-0.0786576312579319;-0.662481715613319;0
16.03;-0.0852663817808386;-0.65887614820129;0
16.04;-0.0918382145548118;-0.655079272532566;0
16.05;-0.0983712230534639;-0.651092555556078;0
16.06;-0.104863515665079;-0.64691751860648;0
16.07;-0.111313216234011;-0.642555736854641;0
16.08;-0.117718464596516;-0.638008838742948;0
16.09;-0.124077417110872;-0.6332785054056;0
16.1;-0.130388247181633;-0.628366470074118;0
16.11;-0.136649145777873;-0.623274517468247;0
16.12;-0.142858321945276;-0.61800448317248;0
16.13;-0.149014003311925;-0.612558252998401;0
16.14;-0.155114436587651;-0.60693776233307;0
16.15;-0.161157888056806;-0.601144995473665;0
16.16;-0.16714264406432;-0.595181984948611;0
16.17;-0.17306701149491;-0.58905081082541;0
16.18;-0.178929318245306;-0.582753600005421;0
16.19;-0.184727913689371;-0.576292525505802;0
16.2;-0.190461169135983;-0.56966980572887;0
16.21;-0.196127478279546;-0.562887703719108;0
16.22;-0.201725257643034;-0.555948526408071;0
16.23;-0.207252947013411;-0.54885462384743;0
16.24;-0.212709009869343;-0.54160838843041;0
16.25;-0.218091933801067;-0.534212254101872;0
16.26;-0.223400230922311;-0.526668695557307;0
16.27;-0.228632438274158;-0.518980227430971;0
16.28;-0.233787118220738;-0.511149403473467;0
16.29;-0.238862858836655;-0.503178815718995;0
16.3;-0.24385827428604;-0.495071093642572;0
16.31;-0.248772005193125;-0.486828903307465;0
16.32;-0.253602719004262;-0.478454946503133;0
16.33;-0.258349110341263;-0.469951959873932;0
16.34;-0.263009901346003;-0.461322714038874;0
16.35;-0.267583842016166;-0.452570012702716;0
16.36;-0.272069710532078;-0.443696691758652;0
16.37;-0.27646631357452;-0.434705618382909;0
16.38;-0.280772486633456;-0.425599690121508;0
16.39;-0.284987094307594;-0.416381833969508;0
16.4;-0.289109030594704;-0.407055005442986;0
16.41;-0.29313721917263;-0.397622187644079;0
16.42;-0.297070613670916;-0.388086390319352;0
16.43;-0.300908197932991;-0.378450648911804;0
16.44;-0.304648986268842;-0.3687180236068;0
16.45;-0.308292023698129;-0.35889159837222;0
16.46;-0.311836386183662;-0.348974479993136;0
16.47;-0.315281180855219;-0.338969797101306;0
16.48;-0.31862554622362;-0.328880699199784;0
16.49;-0.321868652385038;-0.318710355682956;0
16.5;-0.325009701215485;-0.308461954852292;0
16.51;-0.328047926555441;-0.298138702928122;0
16.52;-0.330982594384577;-0.287743823057746;0
16.53;-0.333813002986556;-0.277280554320166;0
16.54;-0.336538483103853;-0.266752150727761;0
16.55;-0.339158398082591;-0.256161880225193;0
16.56;-0.341672144007346;-0.245513023685861;0
16.57;-0.344079149825915;-0.234808873906208;0
16.58;-0.346378877464007;-0.224052734598179;0
16.59;-0.348570821929866;-0.213247919380135;0
16.6;-0.350654511408785;-0.202397750766536;0
16.61;-0.352629507347517;-0.191505559156698;0
16.62;-0.354495404528573;-0.180574681822912;0
16.63;-0.356251831134393;-0.169608461898254;0
16.64;-0.357898448801405;-0.158610247364374;0
16.65;-0.35943495266395;-0.147583390039565;0
16.66;-0.360861071388102;-0.136531244567432;0
16.67;-0.36217656719537;-0.125457167406443;0
16.68;-0.363381235876304;-0.114364515820678;0
16.69;-0.364474906794017;-0.103256646872069;0
16.7;-0.365457442877636;-0.0921369164144323;0
16.71;-0.366328740605695;-0.0810086780895933;0
16.72;-0.367088729979514;-0.0698752823258981;0
16.73;-0.367737374486563;-0.0587400753394108;0
16.74;-0.368274671053857;-0.0476063981380896;0
16.75;-0.368700649991404;-0.0364775855292359;0
16.76;-0.369015374925746;-0.025356965130507;0
16.77;-0.369218942723628;-0.0142478563847854;0
16.78;-0.369311483405829;-0.00315356957918989;0
16.79;-0.369293160051207;0.00792259513148161;0
16.8;-0.369164168690999;0.018977348696594;0
16.81;-0.368924738193427;0.0300074141365179;0
16.82;-0.36857513013865;0.041009527504193;0
16.83;-0.368115638684137;0.0519804388411313;0
16.84;-0.367546590420501;0.0629169131275847;0
16.85;-0.366868344217852;0.0738157312266015;0
16.86;-0.366081291062752;0.0846736908216987;0
16.87;-0.365185853885809;0.0954876073478818;0
16.88;-0.364182487380001;0.106254314915742;0
16.89;-0.363071677809789;0.116970667228368;0
16.9;-0.361853942811088;0.127633538490808;0
16.91;-0.36052983118219;0.138239824311825;0
16.92;-0.359099922665692;0.148786442597681;0
16.93;-0.357564827721533;0.15927033443771;0
16.94;-0.355925187291208;0.169688464981411;0
16.95;-0.35418167255325;0.180037824306824;0
16.96;-0.352334984670074;0.190315428279946;0
16.97;-0.350385854526257;0.20051831940493;0
16.98;-0.348335042458372;0.21064356766485;0
16.99;-0.346183337976446;0.220688271352771;0
17;-0.343931559477161;0.230649557892911;0
17.01;-0.341580553948878;0.240524584651664;0
17.02;-0.339131196668612;0.250310539738243;0
17.03;-0.336584390891032;0.260004642794741;0
17.04;-0.33394106752962;0.269604145775375;0
17.05;-0.331202184830085;0.279106333714708;0
17.06;-0.328368728036143;0.288508525484638;0
17.07;-0.325441709047774;0.297808074539932;0
17.08;-0.322422166072092;0.307002369652126;0
17.09;-0.319311163266905;0.316088835631567;0
17.1;-0.316109790377133;0.325064934037414;0
17.11;-0.312819162364165;0.333928163875405;0
17.12;-0.309440419028297;0.342676062283196;0
17.13;-0.30597472462438;0.351306205203095;0
17.14;-0.302423267470788;0.359816208042006;0
17.15;-0.298787259551853;0.368203726318409;0
17.16;-0.295067936113886;0.376466456296206;0
17.17;-0.291266555254918;0.384602135605258;0
17.18;-0.287384397508298;0.392608543848464;0
17.19;-0.283422765420281;0.40048350319521;0
17.2;-0.279382983121743;0.408224878961036;0
17.21;-0.275266395894161;0.415830580173378;0
17.22;-0.271074369730002;0.423298560123234;0
17.23;-0.266808290887655;0.430626816902611;0
17.24;-0.262469565441058;0.437813393927616;0
17.25;-0.258059618824152;0.444856380447073;0
17.26;-0.253579895370323;0.451753912036513;0
17.27;-0.249031857846962;0.458504171077438;0
17.28;-0.244416986985307;0.465105387221724;0
17.29;-0.239736781005702;0.471555837841063;0
17.3;-0.234992755138432;0.477853848461322;0
17.31;-0.230186441140284;0.483997793181724;0
17.32;-0.225319386806981;0.489986095078746;0
17.33;-0.22039315548165;0.495817226594645;0
17.34;-0.215409325559472;0.501489709910513;0
17.35;-0.21036948998867;0.507002117303787;0
17.36;-0.205275255767999;0.512353071490123;0
17.37;-0.20012824344088;0.517541245949565;0
17.38;-0.194930086586344;0.522565365236936;0
17.39;-0.189682431306952;0.527424205276386;0
17.4;-0.184386935713828;0.532116593640035;0
17.41;-0.179045269408989;0.536641409810654;0
17.42;-0.17365911296511;0.540997585428335;0
17.43;-0.168230157402908;0.5451841045211;0
17.44;-0.162760103666274;0.549200003719415;0
17.45;-0.157250662095351;0.553044372454562;0
17.46;-0.151703551897689;0.556716353140844;0
17.47;-0.146120500617653;0.560215141341596;0
17.48;-0.140503243604248;0.563539985918977;0
17.49;-0.134853523477514;0.56669018916753;0
17.5;-0.129173089593664;0.569665106931491;0
17.51;-0.123463697509115;0.572464148705851;0
17.52;-0.117727108443588;0.575086777721154;0
17.53;-0.111965088742431;0.577532511012049;0
17.54;-0.106179409338327;0.57980091946959;0
17.55;-0.100371845212555;0.581891627877307;0
17.56;-0.0945441748559633;0.583804314931055;0
17.57;-0.0886981797298172;0.585538713242675;0
17.58;-0.0828356437266795;0.587094609327477;0
17.59;-0.0769583526314937;0.588471843575596;0
17.6;-0.0710680935830227;0.589670310207243;0
17.61;-0.065166654535809;0.590689957211897;0
17.62;-0.0592558237228143;0.591530786271484;0
17.63;-0.0533373891188993;0.592192852667595;0
17.64;-0.0474131379053034;0.59267626517279;0
17.65;-0.0414848559352821;0.592981185926066;0
17.66;-0.0355543272010611;0.593107830292529;0
17.67;-0.0296233333022646;0.593056466707359;0
17.68;-0.0236936529159742;0.592827416504139;0
17.69;-0.0177670612685743;0.592421053727608;0
17.7;-0.0118453296095406;0.591837804930952;0
17.71;-0.00593022468732407;0.591078148957692;0
17.72;-2.35082274854145e-05;0.590142616708276;0
17.73;0.00587306358676788;0.589031790891469;0
17.74;0.0117577406314905;0.587746305760635;0
17.75;0.0176287793562032;0.586286846835031;0
17.76;0.0234844432952432;0.584654150606198;0
17.77;0.029323003576111;0.582849004229593;0
17.78;0.0351427394246683;0.580872245201552;0
17.79;0.0409419386670393;0.578724761021724;0
17.8;0.0467188982280723;0.576407488841094;0
17.81;0.0524719246262161;0.573921415095729;0
17.82;0.0581993344646709;0.571267575126376;0
17.83;0.0638994549186719;0.568447052784061;0
17.84;0.0695706242187658;0.565460980021814;0
17.85;0.0752111921299437;0.562310536472691;0
17.86;0.0808195204264923;0.558996949014212;0
17.87;0.0863939833624288;0.555521491319401;0
17.88;0.0919329681373875;0.551885483394558;0
17.89;0.097434875357824;0.548090291103944;0
17.9;0.102898119493408;0.544137325681534;0
17.91;0.108321129328477;0.54002804323001;0
17.92;0.113702348408422;0.535763944207164;0
17.93;0.119040235480882;0.531346572899886;0
17.94;0.124333264931623;0.526777516885923;0
17.95;0.12957992721498;0.522058406483584;0
17.96;0.134778729278741;0.517190914189574;0
17.97;0.139928194983362;0.512176754105158;0
17.98;0.145026865515384;0.507017681350837;0
17.99;0.150073299794952;0.501715491469731;0
18;0.155066074877317;0.496272019819876;0
18.01;0.160003786348207;0.490689140955626;0
18.02;0.164885048712967;0.484968767998369;0
18.03;0.169708495779365;0.479112851996768;0
18.04;0.174472781033939;0.473123381276727;0
18.05;0.179176578011815;0.467002380781302;0
18.06;0.183818580659868;0.460751911400771;0
18.07;0.188397503693144;0.45437406929308;0
18.08;0.192912082944447;0.447870985194881;0
18.09;0.197361075706986;0.441244823723398;0
18.1;0.201743261070014;0.434497782669324;0
18.11;0.206057440247342;0.427632092281001;0
18.12;0.210302436898666;0.420650014540091;0
18.13;0.214477097443609;0.413553842428991;0
18.14;0.218580291368405;0.406345899190199;0
18.15;0.222610911525132;0.399028537577899;0
18.16;0.226567874423442;0.391604139101971;0
18.17;0.230450120514681;0.384075113264689;0
18.18;0.234256614468356;0.376443896790341;0
18.19;0.237986345440862;0.368712952848003;0
18.2;0.241638327336411;0.360884770267735;0
18.21;0.245211599060085;0.352961862750421;0
18.22;0.248705224762972;0.344946768071519;0
18.23;0.252118294079305;0.336842047278957;0
18.24;0.255449922355556;0.328650283885437;0
18.25;0.258699250871427;0.320374083055389;0
18.26;0.261865447052698;0.312016070786834;0
18.27;0.264947704675853;0.303578893088407;0
18.28;0.267945244064472;0.295065215151798;0
18.29;0.270857312277322;0.286477720519861;0
18.3;0.273683183288105;0.277819110250656;0
18.31;0.276422158156841;0.269092102077676;0
18.32;0.279073565192824;0.260299429566517;0
18.33;0.281636760109138;0.251443841268255;0
18.34;0.284111126168694;0.24252809986978;0
18.35;0.286496074321748;0.233554981341362;0
18.36;0.288791043334896;0.224527274081692;0
18.37;0.290995499911496;0.215447778060668;0
18.38;0.293108938803523;0.206319303960192;0
18.39;0.295130882914807;0.197144672313227;0
18.4;0.297060883395672;0.187926712641378;0
18.41;0.298898519728932;0.178668262591271;0
18.42;0.300643399807253;0.16937216706997;0
18.43;0.302295160001864;0.160041277379708;0
18.44;0.303853465222614;0.150678450352192;0
18.45;0.305318008969369;0.141286547482728;0
18.46;0.306688513374753;0.131868434064451;0
18.47;0.307964729238228;0.122426978322887;0
18.48;0.309146436051534;0.112965050551141;0
18.49;0.310233442015465;0.103485522245934;0
18.5;0.311225584048031;0.0939912652447837;0
18.51;0.312122727783983;0.0844851508645458;0
18.52;0.312924767565736;0.074970049041607;0
18.53;0.313631626425705;0.0654488274739625;0
18.54;0.314243256060065;0.0559243507654403;0
18.55;0.314759636793968;0.0463994795723246;0
18.56;0.315180777538238;0.0368770697526279;0
18.57;0.31550671573757;0.027359971518265;0
18.58;0.315737517310266;0.0178510285903751;0
18.59;0.315873276579535;0.00835307735804283;0
18.6;0.315914116196405;-0.0011310539593384;0
18.61;0.315860187054267;-0.0105985461458134;0
18.62;0.315711668195109;-0.020046589818481;0
18.63;0.315468766707459;-0.0294723862527362;0
18.64;0.315131717616117;-0.0388731482028991;0
18.65;0.31470078376368;-0.0482461007179928;0
18.66;0.314176255683948;-0.0575884819524331;0
18.67;0.313558451467244;-0.0668975439713973;0
18.68;0.312847716617694;-0.0761705535506379;0
18.69;0.312044423902552;-0.0854047929705133;0
18.7;0.311148973193598;-0.094597560804005;0
18.71;0.31016179130069;-0.103746172698497;0
18.72;0.309083331797525;-0.112847962151094;0
18.73;0.307914074839678;-0.121900281277256;0
18.74;0.306654526974984;-0.130900501572527;0
18.75;0.305305220946336;-0.139846014667156;0
18.76;0.30386671548697;-0.148734233073372;0
18.77;0.302339595108308;-0.157562590925124;0
18.78;0.300724469880442;-0.166328544710065;0
18.79;0.299021975205331;-0.175029573993578;0
18.8;0.297232771582798;-0.183663182134639;0
18.81;0.295357544369399;-0.192226896993322;0
18.82;0.293397003530265;-0.200718271629733;0
18.83;0.291351883383982;-0.209134884994201;0
18.84;0.289222942340623;-0.217474342608512;0
18.85;0.287010962632995;-0.225734277238015;0
18.86;0.284716750041218;-0.2339123495544;0
18.87;0.282341133610711;-0.242006248788978;0
18.88;0.279884965363692;-0.25001369337627;0
18.89;0.277349120004286;-0.257932431587738;0
18.9;0.274734494617343;-0.265760242155492;0
18.91;0.272042008361057;-0.273494934885779;0
18.92;0.269272602153507;-0.281134351262112;0
18.93;0.266427238353207;-0.288676365037869;0
18.94;0.26350690043378;-0.296118882818193;0
18.95;0.26051259265286;-0.303459844631047;0
18.96;0.257445339715338;-0.310697224487273;0
18.97;0.254306186431049;-0.317829030929494;0
18.98;0.251096197367031;-0.324853307569731;0
18.99;0.247816456494451;-0.331768133615571;0
19;0.244468066830322;-0.338571624384774;0
19.01;0.241052150074132;-0.345261931808161;0
19.02;0.237569846239492;-0.351837244920668;0
19.03;0.23402231328093;-0.358295790340433;0
19.04;0.230410726715948;-0.364635832735789;0
19.05;0.226736279242459;-0.370855675280056;0
19.06;0.223000180351743;-0.376953660094005;0
19.07;0.219203655937021;-0.382928168675882;0
19.08;0.215347947897794;-0.388777622318902;0
19.09;0.211434313740061;-0.394500482516082;0
19.1;0.207464026172544;-0.400095251352336;0
19.11;0.203438372699055;-0.40556047188373;0
19.12;0.199358655207123;-0.410894728503795;0
19.13;0.195226189553018;-0.41609664729683;0
19.14;0.191042305143306;-0.421164896378089;0
19.15;0.18680834451305;-0.426098186220795;0
19.16;0.182525662900815;-0.43089526996989;0
19.17;0.178195627820581;-0.435554943742448;0
19.18;0.173819618630726;-0.440076046914706;0
19.19;0.169399026100185;-0.444457462395617;0
19.2;0.164935251971947;-0.448698116886894;0
19.21;0.160429708524005;-0.452796981129481;0
19.22;0.155883818127904;-0.456753070136388;0
19.23;0.151299012805023;-0.460565443411868;0
19.24;0.146676733780729;-0.464233205156873;0
19.25;0.142018431036533;-0.467755504460759;0
19.26;0.137325562860395;-0.47113153547921;0
19.27;0.13259959539531;-0.47436053759834;0
19.28;0.127842002186319;-0.477441795584963;0
19.29;0.123054263726074;-0.480374639722995;0
19.3;0.118237866999104;-0.483158445935979;0
19.31;0.113394305024919;-0.48579263589572;0
19.32;0.108525076400093;-0.488276677117021;0
19.33;0.103631684839451;-0.490610083038509;0
19.34;0.0987156387165272;-0.492792413089557;0
19.35;0.0937784506034001;-0.494823272743313;0
19.36;0.0888216368100716;-0.496702313555826;0
19.37;0.0838467169235113;-0.498429233191293;0
19.38;0.0788552133465125;-0.500003775433445;0
19.39;0.0738486508364968;-0.501425730183087;0
19.4;0.0688285560444049;-0.502694933441813;0
19.41;0.0637964570538128;-0.50381126728194;0
19.42;0.0587538829204106;-0.504774659802675;0
19.43;0.0537023632119813;-0.505585085072561;0
19.44;0.0486434275490163;-0.506242563058248;0
19.45;0.0435786051461055;-0.506747159539621;0
19.46;0.0385094243542367;-0.507098986011346;0
19.47;0.0334374122041402;-0.507298199570878;0
19.48;0.0283640939508152;-0.507345002792997;0
19.49;0.0232909926193696;-0.507239643590918;0
19.5;0.0182196285523104;-0.506982415064058;0
19.51;0.0131515189584154;-0.506573655332516;0
19.52;0.00808817746331949;-0.506013747358342;0
19.53;0.0030311136619482;-0.505303118753674;0
19.54;-0.00201816732707204;-0.50444224157581;0
19.55;-0.00705816530489563;-0.503431632109329;0
19.56;-0.0120873854337027;-0.502271850635308;0
19.57;-0.0171043386755784;-0.50096350118776;0
19.58;-0.0221075422289;-0.499507231297372;0
19.59;-0.0270955199621034;-0.497903731722644;0
19.6;-0.0320668028447061;-0.496153736168531;0
19.61;-0.0370199293754596;-0.494258020992699;0
19.62;-0.0419534460075097;-0.492217404899496;0
19.63;-0.0468659075704413;-0.490032748621759;0
19.64;-0.0517558776890873;-0.487704954590563;0
19.65;-0.0566219291989806;-0.485234966593048;0
19.66;-0.061462644558332;-0.482623769418425;0
19.67;-0.0662766162564145;-0.479872388492314;0
19.68;-0.0710624472182394;-0.476981889499513;0
19.69;-0.0758187512054091;-0.473953377995362;0
19.7;-0.0805441532130315;-0.470787999005814;0
19.71;-0.0852372898625856;-0.467486936616364;0
19.72;-0.0898968097906268;-0.464051413549979;0
19.73;-0.0945213740332223;-0.460482690734167;0
19.74;-0.0991096564060085;-0.456782066857339;0
19.75;-0.103660343879765;-0.452950877914619;0
19.76;-0.108172136951401;-0.448990496743242;0
19.77;-0.112643750010245;-0.444902332547717;0
19.78;-0.117073911699547;-0.440687830414898;0
19.79;-0.121461365273079;-0.436348470819131;0
19.8;-0.125804868946753;-0.431885769117656;0
19.81;-0.130103196245138;-0.427301275036398;0
19.82;-0.134355136342802;-0.422596572146363;0
19.83;-0.138559494400371;-0.417773277330771;0
19.84;-0.142715091895222;-0.412833040243129;0
19.85;-0.14682076694671;-0.407777542756407;0
19.86;-0.150875374635856;-0.402608498403505;0
19.87;-0.154877787319397;-0.397327651809189;0
19.88;-0.158826894938112;-0.391936778113689;0
19.89;-0.162721605319361;-0.386437682388131;0
19.9;-0.166560844473728;-0.38083219904201;0
19.91;-0.170343556885713;-0.375122191222882;0
19.92;-0.174068705798379;-0.369309550208475;0
19.93;-0.177735273491898;-0.363396194791414;0
19.94;-0.181342261555898;-0.357384070656752;0
19.95;-0.184888691155562;-0.351275149752511;0
19.96;-0.188373603291405;-0.345071429653432;0
19.97;-0.191796059052647;-0.338774932918141;0
19.98;-0.195155139864138;-0.332387706439923;0
19.99;-0.198449947726762;-0.325911820791321;0
20;-0.201679605451257;-0.319349369562765;0
