0;0.0606063665682423;0.362843961772922;0
0.01;0.0642236416518369;0.360343852673484;0
0.02;0.0678154481256098;0.35774002358624;0
0.03;0.071380753080023;0.355033433296626;0
0.04;0.0749185333248768;0.352225069745992;0
0.05;0.0784277756793176;0.349315949685344;0
0.06;0.0819074772583463;0.346307118321051;0
0.07;0.0853566457557491;0.343199648952627;0
0.08;0.0887742997233694;0.339994642602714;0
0.09;0.0921594688466467;0.336693227639394;0
0.1;0.0955111942163428;0.33329655939095;0
0.11;0.0988285285963834;0.32980581975321;0
0.12;0.102110536687739;0.326222216789597;0
0.13;0.105356295388277;0.322546984324029;0
0.14;0.108564894048505;0.318781381526794;0
0.15;0.111735434723149;0.314926692493537;0
0.16;0.114867032418487;0.310984225817499;0
0.17;0.117958815335372;0.306955314155152;0
0.18;0.121009925107893;0.302841313785365;0
0.19;0.124019517037584;0.29864360416224;0
0.2;0.126986760323148;0.294363587461785;0
0.21;0.129910838285608;0.290002688122538;0
0.22;0.132790948588849;0.285562352380317;0
0.23;0.135626303455472;0.281044047797236;0
0.24;0.138416129877919;0.276449262785129;0
0.25;0.141159669824805;0.271779506123557;0
0.26;0.143856180442405;0.267036306472523;0
0.27;0.14650493425125;0.262221211880076;0
0.28;0.149105219337773;0.257335789284946;0
0.29;0.151656339540957;0.252381624014369;0
0.3;0.154157614633946;0.247360319277264;0
0.31;0.156608380500562;0.242273495652926;0
0.32;0.159007989306694;0.237122790575381;0
0.33;0.161355809666512;0.231909857813585;0
0.34;0.163651226803454;0.226636366947611;0
0.35;0.165893642705975;0.221304002841005;0
0.36;0.16808247627799;0.215914465109458;0
0.37;0.170217163483988;0.210469467585981;0
0.38;0.172297157488794;0.204970737782723;0
0.39;0.174321928791919;0.199420016349628;0
0.4;0.176290965356496;0.193819056530073;0
0.41;0.178203772732753;0.188169623613674;0
0.42;0.180059874175999;0.182473494386416;0
0.43;0.181858810759113;0.176732456578286;0
0.44;0.183600141479479;0.17094830830857;0
0.45;0.185283443360383;0.165122857528998;0
0.46;0.186908311546821;0.159257921464888;0
0.47;0.188474359395714;0.153355326054475;0
0.48;0.189981218560505;0.147416905386595;0
0.49;0.191428539070135;0.14144450113689;0
0.5;0.192815989402363;0.135439962002703;0
0.51;0.194143256551442;0.129405143136848;0
0.52;0.195410046090114;0.12334190558041;0
0.53;0.196616082225947;0.117252115694764;0
0.54;0.19776110785197;0.111137644592961;0
0.55;0.198844884591638;0.105000367570685;0
0.56;0.199867192838089;0.0988421635369177;0
0.57;0.200827831787721;0.0926649144445108;0
0.58;0.201726619468064;0.0864705047208165;0
0.59;0.202563392759964;0.0802608206985585;0
0.6;0.20333800741408;0.0740377500471098;0
0.61;0.20405033806169;0.0678031812043465;0
0.62;0.204700278219825;0.0615590028092475;0
0.63;0.205287740290728;0.0553071031354103;0
0.64;0.205812655555654;0.0490493695256485;0
0.65;0.206274974163026;0.0427876878278409;0
0.66;0.206674665110947;0.0365239418321985;0
0.67;0.207011716224104;0.0302600127101144;0
0.68;0.207286134125052;0.0239977784547645;0
0.69;0.207497944199929;0.0177391133236212;0
0.7;0.207647190558595;0.0114858872830456;0
0.71;0.207733935989229;0.00523996545512067;0
0.72;0.207758261907406;-0.00099679243311322;0
0.73;0.207720268299678;-0.00722253259785845;0
0.74;0.207620073661688;-0.0134354077440369;0
0.75;0.207457814930829;-0.0196335776078842;0
0.76;0.207233647413513;-0.0258152094965033;0
0.77;0.206947744707034;-0.0319784788242219;0
0.78;0.206600298616105;-0.0381215696455971;0
0.79;0.206191519064062;-0.0442426751849148;0
0.8;0.2057216339988;-0.0503399983620297;0
0.81;0.205190889293467;-0.0564117523143955;0
0.82;0.204599548641951;-0.062456160915135;0
0.83;0.203947893449208;-0.0684714592870017;0
0.84;0.203236222716467;-0.074455894312086;0
0.85;0.202464852921362;-0.0804077251371199;0
0.86;0.201634117893025;-0.0863252236742375;0
0.87;0.200744368682199;-0.0922066750970479;0
0.88;0.199795973426405;-0.0980503783318802;0
0.89;0.198789317210226;-0.103854646544062;0
0.9;0.197724801920744;-0.109617807619093;0
0.91;0.196602846098197;-0.115338204638581;0
0.92;0.195423884781888;-0.121014196350802;0
0.93;0.194188369351431;-0.126644157635758;0
0.94;0.192896767363353;-0.132226479964598;0
0.95;0.191549562383142;-0.137759571853277;0
0.96;0.190147253812774;-0.143241859310325;0
0.97;0.188690356713801;-0.148671786278605;0
0.98;0.187179401626035;-0.154047815070932;0
0.99;0.185614934381916;-0.159368426799442;0
1;0.183997515916608;-0.164632121798581;0
1.01;0.182327722073898;-0.169837420041612;0
1.02;0.180606143407955;-0.174982861550514;0
1.03;0.178833384981026;-0.18006700679917;0
1.04;0.177010066157125;-0.185088437109728;0
1.05;0.175136820391793;-0.190045755042036;0
1.06;0.173214295017995;-0.194937584776036;0
1.07;0.171243151028225;-0.199762572487023;0
1.08;0.169224062852889;-0.204519386713669;0
1.09;0.167157718135043;-0.209206718718703;0
1.1;0.165044817501553;-0.213823282842165;0
1.11;0.162886074330768;-0.218367816847134;0
1.12;0.160682214516753;-0.222839082257842;0
1.13;0.158433976230189;-0.227235864690079;0
1.14;0.156142109676;-0.231556974173813;0
1.15;0.153807376847784;-0.235801245467939;0
1.16;0.151430551279141;-0.239967538367067;0
1.17;0.149012417791962;-0.244054738000288;0
1.18;0.14655377224177;-0.248061755121821;0
1.19;0.144055421260192;-0.251987526393485;0
1.2;0.141518181994641;-0.255831014658926;0
1.21;0.138942881845296;-0.25959120920951;0
1.22;0.136330358199456;-0.263267126041841;0
1.23;0.133681458163363;-0.26685780810683;0
1.24;0.130997038291566;-0.270362325550254;0
1.25;0.128277964313925;-0.273779775944752;0
1.26;0.125525110860327;-0.277109284513198;0
1.27;0.122739361183213;-0.280350004343401;0
1.28;0.119921606877993;-0.28350111659409;0
1.29;0.11707274760144;-0.286561830692121;0
1.3;0.114193690788158;-0.289531384520879;0
1.31;0.111285351365199;-0.292409044599823;0
1.32;0.108348651464927;-0.295194106255137;0
1.33;0.105384520136215;-0.297885893781453;0
1.34;0.102393893054067;-0.300483760594618;0
1.35;0.0993777122277535;-0.302987089375462;0
1.36;0.0963369257075414;-0.305395292204546;0
1.37;0.0932724872901297;-0.307707810687875;0
1.38;0.09018535622286;-0.309924116073534;0
1.39;0.0870764969068047;-0.312043709359241;0
1.4;0.0839468785988202;-0.314066121390802;0
1.41;0.0807974751126561;-0.315990912951444;0
1.42;0.0776292645192132;-0.317817674842019;0
1.43;0.0744432288460392;-0.319546027952084;0
1.44;0.0712403537761557;-0.32117562332182;0
1.45;0.0680216283463072;-0.322706142194828;0
1.46;0.0647880446447223;-0.324137296061759;0
1.47;0.061540597508481;-0.325468826694825;0
1.48;0.0582802842205772;-0.326700506173149;0
1.49;0.055008104206769;-0.327832136899011;0
1.5;0.0517250587323075;-0.328863551604956;0
1.51;0.0484321505986359;-0.329794613351808;0
1.52;0.0451303838401487;-0.330625215517599;0
1.53;0.041820763421103;-0.33135528177742;0
1.54;0.0385042949327718;-0.331984766074232;0
1.55;0.0351819842909297;-0.332513652580651;0
1.56;0.0318548374337616;-0.332941955651737;0
1.57;0.0285238600202835;-0.333269719768819;0
1.58;0.0251900571293656;-0.333497019474383;0
1.59;0.0218544329594461;-0.333623959298061;0
1.6;0.0185179905290261;-0.33365067367376;0
1.61;0.0151817313780312;-0.33357732684797;0
1.62;0.0118466552701314;-0.333404112779289;0
1.63;0.00851375989610404;-0.333131255029218;0
1.64;0.00518404057832787;-0.332759006644269;0
1.65;0.00185848997649553;-0.332287650029434;0
1.66;-0.00146190220537043;-0.331717496813077;0
1.67;-0.0047761495105119;-0.331048887703292;0
1.68;-0.00808326901955499;-0.330282192335795;0
1.69;-0.0113822816390708;-0.329417809113407;0
1.7;-0.0146722123884935;-0.328456165037183;0
1.71;-0.0179520906853121;-0.327397715529264;0
1.72;-0.0212209506284542;-0.326242944247519;0
1.73;-0.0244778312797791;-0.324992362892026;0
1.74;-0.0277217769435992;-0.323646511003496;0
1.75;-0.0309518374441499;-0.32220595575369;0
1.76;-0.0341670684009279;-0.320671291727913;0
1.77;-0.0373665315018191;-0.319043140699667;0
1.78;-0.0405492947739376;-0.317322151397541;0
1.79;-0.0437144328520997;-0.315508999264419;0
1.8;-0.0468610272448549;-0.313604386209099;0
1.81;-0.0499881665980002;-0.311609040350398;0
1.82;-0.0530949469555013;-0.309523715753848;0
1.83;-0.0561804720177476;-0.307349192161063;0
1.84;-0.0592438533970689;-0.305086274711872;0
1.85;-0.062284210870441;-0.302735793659322;0
1.86;-0.0653006726293091;-0.300298604077634;0
1.87;-0.0682923755264599;-0.297775585563236;0
1.88;-0.0712584653198735;-0.295167641928937;0
1.89;-0.0741980969134858;-0.292475700891391;0
1.9;-0.0771104345947962;-0.289700713751914;0
1.91;-0.0799946522692541;-0.286843655070789;0
1.92;-0.0828499336913591;-0.283905522335158;0
1.93;-0.0856754726924122;-0.280887335620612;0
1.94;-0.0884704734048541;-0.277790137246586;0
1.95;-0.0912341504831312;-0.274614991425689;0
1.96;-0.0939657293210269;-0.271362983907064;0
1.97;-0.0966644462654007;-0.268035221613909;0
1.98;-0.0993295488262766;-0.264632832275276;0
1.99;-0.101960295883224;-0.261156964052264;0
2;-0.104555957887976;-0.257608785158727;0
2.01;-0.107115817063229;-0.25398948347663;0
2.02;-0.109639167597578;-0.25030026616616;0
2.03;-0.112125315836518;-0.246542359270742;0
2.04;-0.114573580469488;-0.242717007317057;0
2.05;-0.116983292712882;-0.238825472910221;0
2.06;-0.119353796488995;-0.234869036324236;0
2.07;-0.121684448600852;-0.230848995087841;0
2.08;-0.123974618902874;-0.226766663565917;0
2.09;-0.126223690467342;-0.22262337253655;0
2.1;-0.128431059746609;-0.218420468763911;0
2.11;-0.130596136731025;-0.214159314567074;0
2.12;-0.132718345102528;-0.209841287384913;0
2.13;-0.134797122383876;-0.205467779337213;0
2.14;-0.136831920083461;-0.201040196782136;0
2.15;-0.138822203835693;-0.196559959870181;0
2.16;-0.140767453536901;-0.192028502094773;0
2.17;-0.142667163476732;-0.187447269839628;0
2.18;-0.144520842464999;-0.182817721923028;0
2.19;-0.146328013953974;-0.178141329139154;0
2.2;-0.148088216156062;-0.173419573796619;0
2.21;-0.149801002156868;-0.168653949254342;0
2.22;-0.151465940023598;-0.163845959454903;0
2.23;-0.153082612908787;-0.158997118455531;0
2.24;-0.154650619149329;-0.15410894995687;0
2.25;-0.156169572360778;-0.149182986829653;0
2.26;-0.157639101526918;-0.144220770639454;0
2.27;-0.159058851084561;-0.13922385116964;0
2.28;-0.160428481003576;-0.134193785942686;0
2.29;-0.161747666862117;-0.129132139739988;0
2.3;-0.16301609991705;-0.12404048412033;0
2.31;-0.16423348716955;-0.118920396937143;0
2.32;-0.165399551425878;-0.113773461854708;0
2.33;-0.166514031353305;-0.108601267863452;0
2.34;-0.167576681531189;-0.103405408794475;0
2.35;-0.168587272497197;-0.098187482833462;0
2.36;-0.169545590788659;-0.0929490920341299;0
2.37;-0.170451438979062;-0.0876918418313439;0
2.38;-0.171304635709663;-0.0824173405540613;0
2.39;-0.172105015716245;-0.0771271989382445;0
2.4;-0.172852429850991;-0.071823029639889;0
2.41;-0.173546745099496;-0.0665064467483126;0
2.42;-0.174187844592911;-0.0611790652998521;0
2.43;-0.174775627615225;-0.0558425007921116;0
2.44;-0.175310009605698;-0.0504983686989073;0
2.45;-0.175790922156439;-0.0451482839860533;0
2.46;-0.176218313005155;-0.0397938606281314;0
2.47;-0.176592146023064;-0.0344367111263895;0
2.48;-0.176912401198001;-0.0290784460279089;0
2.49;-0.177179074612713;-0.0237206734461851;0
2.5;-0.177392178418377;-0.0183649985832611;0
2.51;-0.177551740803335;-0.0130130232535551;0
2.52;-0.177657805957087;-0.00766634540952227;0
2.53;-0.177710434029542;-0.00232655866928889;0
2.54;-0.177709701085556;0.00300474815360193;0
2.55;-0.177655699054779;0.00832599151819636;0
2.56;-0.177548535676831;0.013635593621751;0
2.57;-0.177388334441837;0.0189319828628337;0
2.58;-0.177175234526333;0.0242135943017695;0
2.59;-0.176909390724595;0.0294788701182985;0
2.6;-0.17659097337539;0.034726260066313;0
2.61;-0.1762201682842;0.039954221925542;0
2.62;-0.175797176640946;0.0451612219500549;0
2.63;-0.175322214933235;0.0503457353134527;0
2.64;-0.174795514855175;0.0555062465506215;0
2.65;-0.174217323211789;0.0606412499959195;0
2.66;-0.173587901819059;0.0657492502176748;0
2.67;-0.172907527399648;0.0708287624488671;0
2.68;-0.172176491474325;0.0758783130138737;0
2.69;-0.171395100249154;0.0808964397511567;0
2.7;-0.170563674498456;0.0858816924317723;0
2.71;-0.169682549443624;0.0908326331735837;0
2.72;-0.168752074627804;0.0957478368510617;0
2.73;-0.167772613786498;0.100625891500556;0
2.74;-0.166744544714147;0.105465398720927;0
2.75;-0.16566825912671;0.110264974069419;0
2.76;-0.164544162520324;0.115023247452673;0
2.77;-0.163372674026069;0.119738863512765;0
2.78;-0.162154226260889;0.124410482008163;0
2.79;-0.160889265174737;0.129036778189499;0
2.8;-0.159578249893983;0.133616443170049;0
2.81;-0.158221652561137;0.138148184290824;0
2.82;-0.156819958170951;0.142630725480169;0
2.83;-0.155373664402946;0.147062807607768;0
2.84;-0.153883281450429;0.151443188832969;0
2.85;-0.152349331846049;0.155770644947318;0
2.86;-0.150772350283954;0.16004396971123;0
2.87;-0.14915288343861;0.164261975184685;0
2.88;-0.14749148978034;0.168423492051878;0
2.89;-0.145788739387644;0.172527369939723;0
2.9;-0.144045213756358;0.176572477730133;0
2.91;-0.142261505605726;0.180557703865993;0
2.92;-0.140438218681436;0.184481956650739;0
2.93;-0.138575967555687;0.188344164541475;0
2.94;-0.136675377424361;0.192143276435542;0
2.95;-0.134737083901354;0.195878261950463;0
2.96;-0.132761732810139;0.199548111697204;0
2.97;-0.130749979972626;0.203151837546666;0
2.98;-0.128702490995389;0.206688472889348;0
2.99;-0.126619941053328;0.210157072888117;0
3;-0.124503014670831;0.213556714724006;0
3.01;-0.122352405500517;0.216886497835005;0
3.02;-0.12016881609961;0.220145544147756;0
3.03;-0.117952957704042;0.223332998302115;0
3.04;-0.115705550000337;0.226448027868522;0
3.05;-0.113427320895348;0.229489823558115;0
3.06;-0.11111900628394;0.232457599425556;0
3.07;-0.10878134981466;0.235350593064505;0
3.08;-0.106415102653499;0.238168065795704;0
3.09;-0.104021023245805;0.240909302847624;0
3.1;-0.101599877076414;0.243573613529635;0
3.11;-0.099152436428092;0.246160331397665;0
3.12;-0.0966794801383548;0.248668814412294;0
3.13;-0.0941817933547331;0.251098445089278;0
3.14;-0.0916601672885741;0.253448630642437;0
3.15;-0.0891153989674451;0.255718803118903;0
3.16;-0.0865482909862203;0.257908419526691;0
3.17;-0.0839596512569262;0.260016961954566;0
3.18;-0.0813502927574227;0.262043937684185;0
3.19;-0.0787210332789985;0.263988879294501;0
3.2;-0.0760726951729565;0.265851344758395;0
3.21;-0.0734061050962683;0.267630917531537;0
3.22;-0.070722093756375;0.26932720663345;0
3.23;-0.068021495655213;0.270939846720781;0
3.24;-0.0653051488325412;0.272468498152747;0
3.25;-0.0625738946086496;0.273912847048777;0
3.26;-0.0598285773265269;0.275272605338327;0
3.27;-0.0570700440935644;0.276547510802871;0
3.28;-0.0542991445228758;0.277737327110074;0
3.29;-0.0515167304743103;0.278841843840146;0
3.3;-0.0487236557952371;0.279860876504382;0
3.31;-0.04592077606118;0.280794266555896;0
3.32;-0.0431089483163794;0.281641881392565;0
3.33;-0.04028903081436;0.282403614352183;0
3.34;-0.0374618827585821;0.283079384699856;0
3.35;-0.0346283640432539;0.28366913760764;0
3.36;-0.0317893349943814;0.284172844126453;0
3.37;-0.0289456561111353;0.284590501150273;0
3.38;-0.0260981878076092;0.284922131372655;0
3.39;-0.0232477901550479;0.285167783235588;0
3.4;-0.0203953226246212;0.285327530870719;0
3.41;-0.0175416438308198;0.285401474032981;0
3.42;-0.0146876112755489;0.285389738026652;0
3.43;-0.0118340810929951;0.285292473623881;0
3.44;-0.00898190779534209;0.285109856975726;0
3.45;-0.00613194401940903;0.284842089515728;0
3.46;-0.00328504027428715;0.284489397856081;0
3.47;-0.000442044690047412;0.284052033676424;0
3.48;0.00239619723240655;0.28353027360532;0
3.49;0.00522884287026756;0.282924419094454;0
3.5;0.0080550527264634;0.282234796285601;0
3.51;0.0108739906759328;0.281461755870436;0
3.52;0.0136848242104672;0.280605672943211;0
3.53;0.0164867246820478;0.27966694684638;0
3.54;0.0192788675446071;0.278646001009215;0
3.55;0.0220604325941452;0.277543282779484;0
3.56;0.0248306042071319;0.276359263248242;0
3.57;0.0275885715771264;0.275094437067813;0
3.58;0.030333528949546;0.27374932226302;0
3.59;0.0330646758545165;0.272324460035727;0
3.6;0.0357812173377396;0.270820414562777;0
3.61;0.0384823641893085;0.26923777278739;0
3.62;0.04116733317041;0.267577144204088;0
3.63;0.0438353472378452;0.265839160637239;0
3.64;0.0464856357663093;0.264024476013281;0
3.65;0.0491174347683632;0.262133766126713;0
3.66;0.0517299871120393;0.260167728399939;0
3.67;0.0543225427360173;0.258127081637033;0
3.68;0.0568943588623103;0.256012565771524;0
3.69;0.0594447002064035;0.253824941608279;0
3.7;0.0619728391847839;0.251564990559569;0
3.71;0.0644780561198061;0.249233514375421;0
3.72;0.0669596394418355;0.246831334868327;0
3.73;0.0694168858886134;0.244359293632418;0
3.74;0.0718491007017905;0.241818251757189;0
3.75;0.0742555978205715;0.239209089535871;0
3.76;0.0766357000724216;0.236532706168551;0
3.77;0.0789887393607799;0.233790019460131;0
3.78;0.0813140568497294;0.230981965513233;0
3.79;0.0836110031455746;0.228109498416143;0
3.8;0.0858789384752754;0.225173589925901;0
3.81;0.0881172328616915;0.222175229146642;0
3.82;0.0903252662955884;0.219115422203285;0
3.83;0.0925024289043606;0.215995191910687;0
3.84;0.0946481211174252;0.212815577438356;0
3.85;0.0967617538282442;0.209577633970842;0
3.86;0.0988427485529308;0.20628243236391;0
3.87;0.100890537585399;0.202931058796604;0
3.88;0.102904564149018;0.199524614419323;0
3.89;0.104884282544723;0.196064214998002;0
3.9;0.106829158295562;0.192550990554536;0
3.91;0.108738668287617;0.188986085003538;0
3.92;0.110612300907289;0.185370655785566;0
3.93;0.112449556174892;0.181705873496919;0
3.94;0.114249945874532;0.177992921516128;0
3.95;0.116012993680238;0.174232995627258;0
3.96;0.117738235278309;0.170427303640139;0
3.97;0.119425218485853;0.166577065007641;0
3.98;0.121073503365487;0.162683510440125;0
3.99;0.122682662336161;0.158747881517172;0
4;0.124252280280099;0.154771430296726;0
4.01;0.125781954645812;0.150755418921772;0
4.02;0.127271295547171;0.146701119224657;0
4.03;0.128719925858511;0.142609812329198;0
4.04;0.130127481305747;0.138482788250677;0
4.05;0.131493610553483;0.134321345493867;0
4.06;0.132817975288089;0.130126790649202;0
4.07;0.134100250296734;0.125900437987211;0
4.08;0.135340123542361;0.12164360905136;0
4.09;0.136537296234571;0.117357632249399;0
4.1;0.137691482896426;0.113043842443364;0
4.11;0.138802411427144;0.108703580538343;0
4.12;0.139869823160671;0.104338193070141;0
4.13;0.14089347292013;0.0999490317919658;0
4.14;0.141873129068134;0.0955374532602557;0
4.15;0.142808573552951;0.0911048184197845;0
4.16;0.143699601950515;0.086652492188161;0
4.17;0.144546023502288;0.0821818430398533;0
4.18;0.145347661148952;0.0776942425898606;0
4.19;0.146104351559939;0.0731910651771601;0
4.2;0.146815945158799;0.0686736874480524;0
4.21;0.147482306144396;0.0641434879395324;0
4.22;0.148103312507942;0.0596018466628083;0
4.23;0.148678856045866;0.0550501446870956;0
4.24;0.14920884236852;0.0504897637238084;0
4.25;0.149693190904736;0.0459220857112732;0
4.26;0.150131834902223;0.0413484924000887;0
4.27;0.150524721423834;0.0367703649392541;0
4.28;0.150871811339682;0.0321890834631887;0
4.29;0.151173079315149;0.0276060266797666;0
4.3;0.151428513794763;0.0230225714594859;0
4.31;0.151638116981983;0.0184400924258951;0
4.32;0.151801904814892;0.0138599615473972;0
4.33;0.151919906937815;0.00928354773055119;0
4.34;0.151992166668873;0.00471221641499001;0
4.35;0.152018740963501;0.000147329170074372;0
4.36;0.151999700373932;-0.00440975670660027;0
4.37;0.151935129004686;-0.00895768858872618;0
4.38;0.151825124464063;-0.0134951189187188;0
4.39;0.151669797811675;-0.0180207056029498;0
4.4;0.151469273502039;-0.0225331124046632;0
4.41;0.151223689324246;-0.0270310093344599;0
4.42;0.150933196337744;-0.0315130730382392;0
4.43;0.150597958804242;-0.0359779871824842;0
4.44;0.150218154115789;-0.0404244428367799;0
4.45;0.149793972719023;-0.0448511388534563;0
4.46;0.149325618035656;-0.0492567822442442;0
4.47;0.148813306379188;-0.0536400885538393;0
4.48;0.148257266867911;-0.0579997822302655;0
4.49;0.147657741334223;-0.0623345969919332;0
4.5;0.147014984230283;-0.0666432761912875;0
4.51;0.146329262530047;-0.0709245731749443;0
4.52;0.14560085562772;-0.0751772516402106;0
4.53;0.144830055232656;-0.0794000859878899;0
4.54;0.144017165260753;-0.0835918616712727;0
4.55;0.14316250172237;-0.0877513755412141;0
4.56;0.142266392606812;-0.0918774361872015;0
4.57;0.141329177763427;-0.0959688642743176;0
4.58;0.140351208779344;-0.100024492876005;0
4.59;0.139332848853916;-0.104043167802537;0
4.6;0.13827447266988;-0.108023747925112;0
4.61;0.137176466261313;-0.111965105495465;0
4.62;0.136039226878401;-0.11586612646093;0
4.63;0.134863162849087;-0.119725710774851;0
4.64;0.133648693437623;-0.123542772702257;0
4.65;0.132396248700105;-0.12731624112073;0
4.66;0.131106269337005;-0.131045059816365;0
4.67;0.129779206542774;-0.134728187774766;0
4.68;0.128415521852557;-0.138364599466972;0
4.69;0.127015686986069;-0.141953285130259;0
4.7;0.125580183688692;-0.145493251043728;0
4.71;0.124109503569829;-0.148983519798614;0
4.72;0.122604147938594;-0.152423130563239;0
4.73;0.121064627636863;-0.15581113934254;0
4.74;0.119491462869761;-0.159146619232105;0
4.75;0.117885183033636;-0.162428660666654;0
4.76;0.116246326541567;-0.16565637166288;0
4.77;0.114575440646473;-0.168828878056623;0
4.78;0.112873081261875;-0.171945323734281;0
4.79;0.111139812780372;-0.175004870858413;0
4.8;0.109376207889884;-0.178006700087483;0
4.81;0.107582847387728;-0.180950010789677;0
4.82;0.105760319992578;-0.183834021250744;0
4.83;0.103909222154377;-0.186657968875811;0
4.84;0.102030157862257;-0.189421110385116;0
4.85;0.100123738450533;-0.192122722003624;0
4.86;0.0981905824028193;-0.194762099644456;0
4.87;0.0962313151543507;-0.197338559086115;0
4.88;0.0942465688925507;-0.199851436143445;0
4.89;0.0922369823559234;-0.202300086832289;0
4.9;0.0902032006313254;-0.204683887527816;0
4.91;0.0881458749496838;-0.207002235116463;0
4.92;0.086065662480223;-0.209254547141477;0
4.93;0.0839632261232655;-0.211440261942006;0
4.94;0.0818392343016707;-0.213558838785725;0
4.95;0.0796943607509765;-0.215609757994957;0
4.96;0.0775292843083097;-0.217592521066262;0
4.97;0.0753446887001292;-0.219506650783481;0
4.98;0.0731412623288688;-0.221351691324199;0
4.99;0.0709196980585447;-0.223127208359615;0
5;0.0686806929993947;-0.224832789147794;0
5.01;0.0664249482916137;-0.226468042620292;0
5.02;0.0641531688882538;-0.228032599462134;0
5.03;0.0618660633373539;-0.229526112185129;0
5.04;0.0595643435633669;-0.230948255194526;0
5.05;0.0572487246479492;-0.232298724848981;0
5.06;0.0549199246101819;-0.233577239513851;0
5.07;0.0525786641862885;-0.234783539607791;0
5.08;0.0502256666089163;-0.235917387642667;0
5.09;0.04786165738605;-0.236978568256772;0
5.1;0.0454873640796221;-0.237966888241355;0
5.11;0.0431035160838885;-0.238882176560466;0
5.12;0.0407108444036361;-0.239724284364118;0
5.13;0.038310081432288;-0.240493084994772;0
5.14;0.0359019607299747;-0.241188473987168;0
5.15;0.0334872168016364;-0.241810369061493;0
5.16;0.0310665848752237;-0.242358710109921;0
5.17;0.0286408006800624;-0.24283345917652;0
5.18;0.0262106002254498;-0.243234600430562;0
5.19;0.0237767195795464;-0.243562140133239;0
5.2;0.0213398946486309;-0.243816106597818;0
5.21;0.018900860956783;-0.243996550143258;0
5.22;0.0164603534260586;-0.244103543041299;0
5.23;0.0140191061572246;-0.244137179457073;0
5.24;0.0115778522111155;-0.244097575383247;0
5.25;0.00913732339067819;-0.243984868567742;0
5.26;0.00669825002376835;-0.243799218435048;0
5.27;0.00426136074676207;-0.24354080600118;0
5.28;0.0018273822890466;-0.243209833782312;0
5.29;-0.000602960741546918;-0.242806525697113;0
5.3;-0.00302894607230602;-0.242331126962846;0
5.31;-0.00544985397813241;-0.241783903985256;0
5.32;-0.00786496749290861;-0.241165144242291;0
5.33;-0.0102735726196743;-0.240475156161719;0
5.34;-0.0126749585395514;-0.239714268992662;0
5.35;-0.0150684178193575;-0.238882832671116;0
5.36;-0.0174532466178471;-0.237981217679503;0
5.37;-0.0198287448905228;-0.237009814900299;0
5.38;-0.0221942165929546;-0.235969035463805;0
5.39;-0.0245489698825529;-0.234859310590103;0
5.4;-0.0268923173187328;-0.23368109142527;0
5.41;-0.0292235760614171;-0.232434848871895;0
5.42;-0.0315420680678173;-0.231121073413962;0
5.43;-0.0338471202874393;-0.229740274936175;0
5.44;-0.0361380648552574;-0.228292982537766;0
5.45;-0.0384142392830016;-0.22677974434087;0
5.46;-0.0406749866485044;-0.225201127293527;0
5.47;-0.0429196557830541;-0.223557716967376;0
5.48;-0.045147601456701;-0.221850117350119;0
5.49;-0.0473581845614651;-0.220078950632812;0
5.5;-0.0495507722923937;-0.218244856992079;0
5.51;-0.0517247383264187;-0.216348494367295;0
5.52;-0.0538794629989632;-0.214390538232836;0
5.53;-0.0560143334782486;-0.212371681365463;0
5.54;-0.0581287439372541;-0.210292633606913;0
5.55;-0.0602220957232808;-0.208154121621795;0
5.56;-0.0622937975250741;-0.205956888650842;0
5.57;-0.0643432655374577;-0.203701694259638;0
5.58;-0.0663699236234346;-0.201389314082866;0
5.59;-0.0683732034737116;-0.199020539564189;0
5.6;-0.0703525447636028;-0.196596177691836;0
5.61;-0.0723073953072694;-0.19411705072998;0
5.62;-0.0742372112092554;-0.191583995946006;0
5.63;-0.0761414570132777;-0.188997865333742;0
5.64;-0.0780196058482308;-0.186359525332759;0
5.65;-0.079871139571366;-0.183669856543814;0
5.66;-0.0816955489086099;-0.180929753440544;0
5.67;-0.083492333591982;-0.1781401240775;0
5.68;-0.0852610024940764;-0.175301889794601;0
5.69;-0.0870010737595734;-0.172415984918121;0
5.7;-0.0887120749337446;-0.169483356458298;0
5.71;-0.0903935430879196;-0.166504963803655;0
5.72;-0.0920450249418821;-0.163481778412143;0
5.73;-0.0936660769831623;-0.160414783499189;0
5.74;-0.0952562655831972;-0.157304973722761;0
5.75;-0.0968151671103282;-0.154153354865544;0
5.76;-0.0983423680396074;-0.150960943514325;0
5.77;-0.0998374650593863;-0.147728766736692;0
5.78;-0.101300065174659;-0.144457861755149;0
5.79;-0.102729785807138;-0.141149275618741;0
5.8;-0.104126254892027;-0.137804064872303;0
5.81;-0.105489110971489;-0.13442329522343;0
5.82;-0.106818003284766;-0.131008041207273;0
5.83;-0.108112591854932;-0.127559385849262;0
5.84;-0.109372547572281;-0.124078420325868;0
5.85;-0.110597552274294;-0.120566243623499;0
5.86;-0.111787298822204;-0.11702396219565;0
5.87;-0.112941491174115;-0.113452689618394;0
5.88;-0.114059844454673;-0.109853546244335;0
5.89;-0.115142085021266;-0.106227658855126;0
5.9;-0.116187950526749;-0.102576160312656;0
5.91;-0.117197189978672;-0.0989001892090059;0
5.92;-0.118169563794999;-0.0952008895153048;0
5.93;-0.119104843856321;-0.0914794102295609;0
5.94;-0.12000281355453;-0.0877369050236006;0
5.95;-0.120863267837968;-0.0839745318892098;0
5.96;-0.121686013253034;-0.0801934527835895;0
5.97;-0.122470867982238;-0.0763948332742317;0
5.98;-0.123217661878703;-0.0725798421833228;0
5.99;-0.123926236497113;-0.0687496512317841;0
6;-0.124596445121098;-0.0649054346830533;0
6.01;-0.125228152787052;-0.0610483689867176;0
6.02;-0.125821236304392;-0.0571796324221032;0
6.03;-0.126375584272256;-0.0533004047419286;0
6.04;-0.126891097092628;-0.0494118668161298;0
6.05;-0.127367686979909;-0.0455152002759612;0
6.06;-0.127805277966936;-0.0416115871584815;0
6.07;-0.128203805907435;-0.0377022095515279;0
6.08;-0.128563218474936;-0.0337882492392855;0
6.09;-0.128883475158145;-0.0298708873485574;0
6.1;-0.129164547252781;-0.0259513039958388;0
6.11;-0.129406417849885;-0.0220306779353017;0
6.12;-0.129609081820623;-0.0181101862077918;0
6.13;-0.129772545797569;-0.0141910037909432;0
6.14;-0.129896828152509;-0.0102743032505125;0
6.15;-0.129981958970756;-0.00636125439303471;0
6.16;-0.130027980022001;-0.00245302391990421;0
6.17;-0.130034944727707;0.00144922491701986;0
6.18;-0.130002918125074;0.00534433265818182;0
6.19;-0.129931976827578;0.0092311439773719;0
6.2;-0.129822208982109;0.0131085080209435;0
6.21;-0.129673714222728;0.016975278745107;0
6.22;-0.129486603621054;0.0208303152512014;0
6.23;-0.129260999633317;0.0246724821188484;0
6.24;-0.128997036044079;0.0285006497368907;0
6.25;-0.128694857906667;0.0323136946320213;0
6.26;-0.128354621480316;0.0361104997950068;0
6.27;-0.127976494164077;0.0398899550044134;0
6.28;-0.12756065442749;0.0436509571477413;0
6.29;-0.127107291738056;0.0473924105398766;0
6.3;-0.126616606485544;0.0511132272387687;0
6.31;-0.126088809903149;0.054812327358245;0
6.32;-0.125524123985535;0.0584886393778725;0
6.33;-0.124922781403797;0.0621411004497796;0
6.34;-0.124285025417364;0.06576865670235;0
6.35;-0.123611109782884;0.0693702635407055;0
6.36;-0.122901298660112;0.0729448859438897;0
6.37;-0.122155866514851;0.0764914987586728;0
6.38;-0.121375098018962;0.0800090869898917;0
6.39;-0.120559287947493;0.0834966460872483;0
6.4;-0.119708741072948;0.0869531822284815;0
6.41;-0.11882377205675;0.0903777125988389;0
6.42;-0.117904705337921;0.0937692656667668;0
6.43;-0.116951875019024;0.0971268814557455;0
6.44;-0.115965624749404;0.100449611812192;0
6.45;-0.114946307605765;0.103736520669362;0
6.46;-0.113894285970132;0.106986684307168;0
6.47;-0.11280993140523;0.110199191607858;0
6.48;-0.111693624527326;0.113373144307472;0
6.49;-0.110545754876572;0.116507657243014;0
6.5;-0.109366720784904;0.119601858595275;0
6.51;-0.108156929241523;0.122654890127233;0
6.52;-0.10691679575602;0.125665907417978;0
6.53;-0.105646744219178;0.128634080092089;0
6.54;-0.1043472067615;0.131558592044409;0
6.55;-0.103018623609515;0.134438641660157;0
6.56;-0.101661442939899;0.137273442030312;0
6.57;-0.100276120731467;0.140062221162226;0
6.58;-0.0988631206150776;0.1428042221854;0
6.59;-0.0974229137215051;0.145498703552373;0
6.6;-0.0959559785273222;0.148144939234677;0
6.61;-0.0944628006988472;0.150742218913792;0
6.62;-0.0929438729342032;0.153289848167081;0
6.63;-0.0913996948035417;0.155787148648621;0
6.64;-0.0898307725874803;0.158233458264923;0
6.65;-0.0882376191138066;0.160628131345461;0
6.66;-0.0866207535925007;0.162970538807998;0
6.67;-0.0849807014491269;0.165260068318647;0
6.68;-0.0833179941566501;0.167496124446642;0
6.69;-0.0816331690657275;0.169678128813773;0
6.7;-0.0799267692335299;0.171805520238453;0
6.71;-0.0781993432511478;0.173877754874382;0
6.72;-0.0764514450696337;0.175894306343778;0
6.73;-0.0746836338247378;0.177854665865142;0
6.74;-0.0728964736603905;0.179758342375528;0
6.75;-0.0710905335509869;0.18160486264729;0
6.76;-0.0692663871225287;0.183393771399289;0
6.77;-0.067424612472679;0.185124631402518;0
6.78;-0.0655657919897867;0.186797023580145;0
6.79;-0.0636905121709348;0.188410547101934;0
6.8;-0.0617993634390703;0.189964819473044;0
6.81;-0.0598929399592714;0.191459476617167;0
6.82;-0.0579718394542092;0.192894172954013;0
6.83;-0.056036663018859;0.19426858147111;0
6.84;-0.0540880149345205;0.195582393789919;0
6.85;-0.0521265024822018;0.196835320226247;0
6.86;-0.0501527357554248;0.198027089844955;0
6.87;-0.0481673274725098;0.19915745050895;0
6.88;-0.0461708927883953;0.200226168922454;0
6.89;-0.0441640491060513;0.201233030668563;0
6.9;-0.0421474158875428;0.202177840241065;0
6.91;-0.0401216144648003;0.203060421070553;0
6.92;-0.0380872678501555;0.203880615544797;0
6.93;-0.0360450005466988;0.20463828502342;0
6.94;-0.0339954383585161;0.205333309846843;0
6.95;-0.0319392082008608;0.205965589339532;0
6.96;-0.0298769379103204;0.206535041807556;0
6.97;-0.0278092560550318;0.207041604530446;0
6.98;-0.0257367917450046;0.207485233747389;0
6.99;-0.0236601744426072;0.207865904637763;0
7;-0.0215800337732734;0.208183611296021;0
7.01;-0.0194969993364852;0.208438366700955;0
7.02;-0.0174117005170884;0.20863020267935;0
7.03;-0.015324766296997;0.208759169864047;0
7.04;-0.0132368250673413;0.208825337646449;0
7.05;-0.0111485044411168;0.208828794123474;0
7.06;-0.00906043106638815;0.208769646039007;0
7.07;-0.00697323044010258;0.208648018719844;0
7.08;-0.00488752672256963;0.208464056006194;0
7.09;-0.00280394255265951;0.208217920176741;0
7.1;-0.000723098863775458;0.207909791868309;0
7.11;0.00135438529934639;0.20753986999016;0
7.12;0.00342789296295618;0.207108371632972;0
7.13;0.00549680940567536;0.206615531972506;0
7.14;0.00756052233889476;0.206061604168036;0
7.15;0.00961842208613341;0.20544685925555;0
7.16;0.011669901761306;0.204771586035781;0
7.17;0.0137143574458479;0.204036090957102;0
7.18;0.0157511883646452;0.203240697993339;0
7.19;0.0177797970607216;0.202385748516531;0
7.2;0.0197995895686293;0.201471601164701;0
7.21;0.0218099755864952;0.200498631704678;0
7.22;0.0238103686466743;0.199467232890014;0
7.23;0.0258001862849593;0.198377814314057;0
7.24;0.0277788502082998;0.197230802258237;0
7.25;0.0297457864609831;0.196026639535591;0
7.26;0.0317004255892287;0.194765785329623;0
7.27;0.033642202804151;0.193448715028516;0
7.28;0.0355705581430429;0.192075920054782;0
7.29;0.0374849366289365;0.190647907690399;0
7.3;0.0393847884283936;0.189165200897481;0
7.31;0.0412695690074848;0.187628338134577;0
7.32;0.0431387392859106;0.18603787316862;0
7.33;0.0449917657892239;0.184394374882625;0
7.34;0.0468281207991093;0.182698427079179;0
7.35;0.0486472825016799;0.180950628279798;0
7.36;0.0504487351337484;0.179151591520216;0
7.37;0.0522319691270334;0.17730194414168;0
7.38;0.0539964812502611;0.175402327578306;0
7.39;0.0557417747491225;0.173453397140584;0
7.4;0.0574673594840495;0.171455821795096;0
7.41;0.0591727520657701;0.169410283940509;0
7.42;0.0608574759886086;0.167317479179939;0
7.43;0.0625210617614922;0.165178116089743;0
7.44;0.06416304703663;0.162992915984813;0
7.45;0.0657829767358299;0.160762612680469;0
7.46;0.0673804031744189;0.158487952251;0
7.47;0.0689548861827341;0.156169692784954;0
7.48;0.0705059932251527;0.153808604137243;0
7.49;0.0720332995166285;0.15140546767815;0
7.5;0.073536388136705;0.148961076039314;0
7.51;0.0750148501409751;0.146476232856774;0
7.52;0.0764682846699581;0.143951752511159;0
7.53;0.0778962990553665;0.141388459865103;0
7.54;0.0792985089237344;0.138787189997967;0
7.55;0.0806745382973813;0.136148787937957;0
7.56;0.0820240196926858;0.133474108391721;0
7.57;0.0833465942156442;0.130764015471503;0
7.58;0.0846419116546903;0.128019382419955;0
7.59;0.0859096305707523;0.125241091332682;0
7.6;0.087149418384526;0.122430032878606;0
7.61;0.0883609514609419;0.119587106018245;0
7.62;0.0895439151908059;0.11671321771999;0
7.63;0.0906980040695944;0.11380928267447;0
7.64;0.0918229217733845;0.110876223007092;0
7.65;0.0929183812319015;0.107914967988841;0
7.66;0.0939841046986678;0.104926453745449;0
7.67;0.0950198238182354;0.101911622964994;0
7.68;0.0960252796904883;0.0988714246040428;0
7.69;0.0970002229319999;0.0958068135924178;0
7.7;0.0979444137344323;0.0927187505366815;0
7.71;0.098857621919965;0.0896082014224272;0
7.72;0.0997396269937414;0.0864761373154704;0
7.73;0.100590218193322;0.08332353406203;0
7.74;0.101409194535138;0.0801513719879926;0
7.75;0.102196364857929;0.0769606355973504;0
7.76;0.102951547863164;0.0737523132699049;0
7.77;0.103674572152441;0.0705273969583285;0
7.78;0.104365276261845;0.0672868818846756;0
7.79;0.105023508693278;0.0640317662364359;0
7.8;0.105649127942744;0.0607630508622199;0
7.81;0.106242002525587;0.0574817389671708;0
7.82;0.106802010998689;0.054188835808193;0
7.83;0.107329041979611;0.0508853483890899;0
7.84;0.107822994162694;0.0475722851557011;0
7.85;0.108283776332108;0.0442506556911321;0
7.86;0.10871130737185;0.0409214704111664;0
7.87;0.109105516272703;0.0375857402599519;0
7.88;0.109466342136156;0.0342444764060516;0
7.89;0.109793734175273;0.0308986899389493;0
7.9;0.110087651712546;0.0275493915661013;0
7.91;0.11034806417471;0.0241975913106224;0
7.92;0.110574951084545;0.0208442982096974;0
7.93;0.110768302049659;0.0174905200138058;0
7.94;0.110928116748271;0.0141372628868493;0
7.95;0.111054404912002;0.0107855311072713;0
7.96;0.111147186305679;0.00743632677025307;0
7.97;0.111206490704164;0.00409064949107874;0
7.98;0.111232357866226;0.000749496109751493;0
7.99;0.111224837505464;-0.00258613960304961;0
8;0.111183989258298;-0.00591526723858768;0
8.01;0.111109882649035;-0.00923690004117537;0
8.02;0.111002597052033;-0.0125500551976868;0
8.03;0.110862221650985;-0.0158537541253903;0
8.04;0.110688855395321;-0.019147022758018;0
8.05;0.110482606953763;-0.0224288918299901;0
8.06;0.11024359466505;-0.0256983971587117;0
8.07;0.10997194648584;-0.0289545799248609;0
8.08;0.109667799935828;-0.0321964869505866;0
8.09;0.109331302040085;-0.0354231709755384;0
8.1;0.10896260926865;-0.0386336909306473;0
8.11;0.108561887473393;-0.0418271122095802;0
8.12;0.108129311822175;-0.0450025069377909;0
8.13;0.107665066730329;-0.0481589542390901;0
8.14;0.107169345789486;-0.0512955404996603;0
8.15;0.106642351693773;-0.0544113596294392;0
8.16;0.106084296163409;-0.0575055133207988;0
8.17;0.105495399865725;-0.0605771113044474;0
8.18;0.104875892333645;-0.0636252716024818;0
8.19;0.104226011881636;-0.066649120778519;0
8.2;0.103546005519185;-0.0696477941848383;0
8.21;0.102836128861809;-0.0726204362064633;0
8.22;0.10209664603964;-0.0755662005021176;0
8.23;0.101327829603616;-0.0784842502419856;0
8.24;0.100529960429308;-0.0813737583422143;0
8.25;0.0997033276184189;-0.08423390769609;0
8.26;0.0988482283979819;-0.0870638914018275;0
8.27;0.0979649680173006;-0.0898629129869083;0
8.28;0.097053859642659;-0.092630186628907;0
8.29;0.0961152242498401;-0.0953649373727461;0
8.3;0.0951493905144879;-0.0980664013443193;0.00122332927005236
8.31;0.0941568964773546;-0.100666579372344;0.0134566219705759
8.32;0.0931391062182348;-0.103109877432209;0.0256899146710995
8.33;0.0920975906588636;-0.105395832744488;0.0379232073716231
8.34;0.0910339251329891;-0.107524030490261;0.0501565000721467
8.35;0.089949688906566;-0.109494103853025;0.0623897927726703
8.36;0.0888464646975965;-0.111305734046158;0.0746230854731939
8.37;0.0877258381957606;-0.112958650325929;0.0868563781737174
8.38;0.086589397581982;-0.114452629990084;0.099089670874241
8.39;0.0854387330480723;-0.115787498362039;0.111322963574765
8.4;0.0842754363165986;-0.116963128760698;0.123556256275288
8.41;0.0831011001611169;-0.117979442455943;0.135789548975812
8.42;0.0819173179269151;-0.118836408609818;0.148022841676335
8.43;0.0807256830524086;-0.119534044203463;0.160256134376859
8.44;0.0795277885913306;-0.12007241394984;0.172489427077383
8.45;0.078325159292478;-0.120495786380816;0.168768110766384
8.46;0.077118067562163;-0.120985770062294;0.156449270564458
8.47;0.0759056888257842;-0.121561734921663;0.144130430362532
8.48;0.0746871646926855;-0.122223360534205;0.131811590160607
8.49;0.0734616400896475;-0.122970301348193;0.119492749958681
8.5;0.0722282635115034;-0.123802186831666;0.107173909756755
8.51;0.070986187270254;-0.124718621626429;0.094855069554829
8.52;0.0697345677426107;-0.125719185709233;0.0825362293529032
8.53;0.0684725656158945;-0.126803434560074;0.0702173891509773
8.54;0.0671993461322204;-0.127970899337546;0.0578985489490515
8.55;0.0659140793308965;-0.129221087061177;0.0455797087471256
8.56;0.0646159402889688;-0.130553480800696;0.0332608685451998
8.57;0.0633041093598419;-0.13196753987215;0.0209420283432739
8.58;0.061977772409909;-0.133462700040801;0.0086231881413481
8.59;0.0606361222850054;-0.135034678294261;0
8.6;0.0592787050434175;-0.136597927557103;0
8.61;0.0579058513397397;-0.138117543450141;0
8.62;0.0565179992314402;-0.13959314544391;0
8.63;0.0551155905190403;-0.141024366856578;0
8.64;0.0536990706072474;-0.142410854940061;0
8.65;0.052268888365245;-0.143752270961817;0
8.66;0.0508254959861859;-0.145048290282296;0
8.67;0.0493693488459295;-0.146298602428036;0
8.68;0.0479009053610681;-0.147502911160377;0
8.69;0.0464206268462857;-0.148660934539804;0
8.7;0.0449289773710932;-0.149772404985882;0
8.71;0.0434264236159841;-0.150837069332787;0
8.72;0.0419134347280547;-0.151854688880425;0
8.73;0.0403904821761331;-0.152825039441117;0
8.74;0.0388580396054611;-0.153747911381866;0
8.75;0.0373165826919737;-0.154623109662177;0
8.76;0.0357665889962198;-0.155450453867447;0
8.77;0.03420853781697;-0.156229778237904;0
8.78;0.0326429100445536;-0.156960931693114;0
8.79;0.031070188013972;-0.157643777852035;0
8.8;0.0294908553578303;-0.15827819504864;0
8.81;0.0279053968591335;-0.158864076343093;0
8.82;0.0263142983039905;-0.159401329528498;0
8.83;0.0247180463342706;-0.159889877133219;0
8.84;0.0231171283002564;-0.160329656418776;0
8.85;0.0215120321133387;-0.16072061937333;0
8.86;0.0199032460987947;-0.161062732700767;0
8.87;0.0182912588486967;-0.161355977805385;0
8.88;0.0166765590749926;-0.161600350772206;0
8.89;0.0150596354628035;-0.161795862342913;0
8.9;0.0134409765239812;-0.161942537887446;0
8.91;0.0118210704509697;-0.162040417371253;0
8.92;0.0102004049710129;-0.162089555318225;0
8.93;0.0085794672007533;-0.162090020769332;0
8.94;0.00695874350126269;-0.162041897236976;0
8.95;0.0053387193335491;-0.161945282655086;0
8.96;0.00371987911458162;-0.161800289324976;0
8.97;0.00210270607387568;-0.161607043856987;0
8.98;0.000487682110680816;-0.161365687107945;0
8.99;-0.00112471234818742;-0.16107637411445;0
9;-0.00273399848982982;-0.160739274022031;0
9.01;-0.00433969925601888;-0.160354570010198;0
9.02;-0.00594133948318635;-0.15992245921341;0
9.03;-0.00753844604160219;-0.159443152637995;0
9.04;-0.00913054797370464;-0.158916875075063;0
9.05;-0.0107171766315415;-0.15834386500943;0
9.06;-0.0122978658132828;-0.157724374524589;0
9.07;-0.0138721518987656;-0.157058669203781;0
9.08;-0.0154395739840319;-0.156347028027178;0
9.09;-0.0169996740148213;-0.155589743265232;0
9.1;-0.0185519969189799;-0.154787120368223;0
9.11;-0.0200960907377474;-0.153939477852042;0
9.12;-0.0216315067558861;-0.153047147180261;0
9.13;-0.0231577996306128;-0.15211047264252;0
9.14;-0.0246745275192995;-0.151129811229276;0
9.15;-0.0261812522059043;-0.150105532502965;0
9.16;-0.0276775392260986;-0.149038018465615;0
9.17;-0.0291629579910541;-0.147927663422957;0
9.18;-0.0306370819098559;-0.14677487384508;0
9.19;-0.0320994885105064;-0.145580068223683;0
9.2;-0.0335497595594867;-0.144343676925967;0
9.21;-0.0349874811798419;-0.143066142045215;0
9.22;-0.0364122439677574;-0.141747917248118;0
9.23;-0.0378236431075944;-0.140389467618895;0
9.24;-0.039221278485352;-0.138991269500253;0
9.25;-0.0406047548005251;-0.13755381033125;0
9.26;-0.0419736816763267;-0.13607758848211;0
9.27;-0.0433276737682455;-0.134563113086041;0
9.28;-0.0446663508709081;-0.133010903868123;0
9.29;-0.0459893380232172;-0.13142149097131;0
9.3;-0.0472962656117367;-0.129795414779607;0
9.31;-0.0485867694722962;-0.128133225738483;0
9.32;-0.0498604909897881;-0.126435484172584;0
9.33;-0.0511170771961288;-0.124702760100779;0
9.34;-0.0523561808663593;-0.12293563304864;0
9.35;-0.0535774606128589;-0.12113469185838;0
9.36;-0.0547805809776477;-0.119300534496328;0
9.37;-0.055965212522752;-0.117433767858003;0
9.38;-0.0571310319186107;-0.115535007570845;0
9.39;-0.0582777220304983;-0.113604877794664;0
9.4;-0.0594049720029424;-0.111644011019879;0
9.41;-0.0605124773421143;-0.109653047863607;0
9.42;-0.0615999399961701;-0.107632636863659;0
9.43;-0.0626670684335236;-0.105583434270526;0
9.44;-0.0637135777190298;-0.103506103837403;0
9.45;-0.0647391895880598;-0.101401316608328;0
9.46;-0.0657436325184494;-0.0992697507044964;0
9.47;-0.0667266418003027;-0.0971120911088292;0
9.48;-0.0676879596036332;-0.0949290294488443;0
9.49;-0.0686273350438274;-0.0927212637779163;0
9.5;-0.0695445242449127;-0.0904894983549829;0
9.51;-0.0704392904006164;-0.0882344434227713;0
9.52;-0.0713114038332009;-0.0859568149846106;0
9.53;-0.0721606420500595;-0.0836573345799021;0
9.54;-0.0729867897980628;-0.0813367290583157;0
9.55;-0.0737896391156404;-0.0789957303527825;0
9.56;-0.074568989382588;-0.0766350752513533;0
9.57;-0.075324647367588;-0.074255505167995;0
9.58;-0.0760564272734334;-0.0718577659123932;0
9.59;-0.0767641507799458;-0.0694426074588329;0
9.6;-0.0774476470845782;-0.067010783714229;0
9.61;-0.0781067529406945;-0.0645630522853751;0
9.62;-0.0787413126935184;-0.0621001742454845;0
9.63;-0.0793511783137445;-0.0596229139000929;0
9.64;-0.0799362094288059;-0.0571320385523944;0
9.65;-0.0804962733517934;-0.0546283182680822;0
9.66;-0.0810312451080201;-0.0521125256397658;0
9.67;-0.0815410074592294;-0.0495854355510352;0
9.68;-0.0820254509254421;-0.0470478249402439;0
9.69;-0.0824844738044402;-0.0445004725640821;0
9.7;-0.0829179821888856;-0.0419441587610111;0
9.71;-0.0833258899810734;-0.0393796652146301;0
9.72;-0.083708118905318;-0.0368077747170467;0
9.73;-0.0840645985179738;-0.0342292709323211;0
9.74;-0.0843952662150908;-0.0316449381600563;0
9.75;-0.0847000672377068;-0.0290555610992041;0
9.76;-0.084978954674779;-0.0264619246121564;0
9.77;-0.0852318894637583;-0.0238648134891938;0
9.78;-0.0854588403888096;-0.0212650122133607;0
9.79;-0.0856597840766832;-0.0186633047258359;0
9.8;-0.0858347049902423;-0.0160604741918697;0
9.81;-0.0859835954196528;-0.0134573027673548;0
9.82;-0.086106455471242;-0.0108545713661027;0
9.83;-0.0862032930540329;-0.00825305942789016;0
9.84;-0.0862741238639637;-0.00565354468734814;0
9.85;-0.0863189713657992;-0.00305680294375792;0
9.86;-0.0863378667727452;-0.000463607831823446;0
9.87;-0.0863308490237749;0.0021252694065136;0
9.88;-0.0862979647586783;0.00470906014914932;0
9.89;-0.0862392682908468;0.00728699861971746;0
9.9;-0.0861548215778034;0.00985832211224804;0
9.91;-0.0860446941894924;0.0124222712145195;0
9.92;-0.0859089632743425;0.0149780900300396;0
9.93;-0.085747713523115;0.0175250263985908;0
9.94;-0.0855610371305549;0.020062332115277;0
9.95;-0.0853490337548569;0.022589263148008;0
9.96;-0.0851118104749655;0.0251050798533585;0
9.97;-0.0848494817457222;0.0276090471907424;0
9.98;-0.0845621693508804;0.0301004349348374;0
9.99;-0.0842500023540032;0.032578517886202;0
10;-0.0839131170472638;0.035042576080024;0
10.01;-0.0835516568981668;0.0374918949929407;0
10.02;-0.08316577249421;0.0399257657478729;0
10.03;-0.0827556214855081;0.042343485316814;0
10.04;-0.0823213685253964;0.0447443567215174;0
10.05;-0.0818631852090381;0.0471276892320256;0
10.06;-0.0813812500100566;0.0494927985629851;0
10.07;-0.0808757482152137;0.0518390070676914;0
10.08;-0.0803468718571591;0.054165643929812;0
10.09;-0.0797948196452721;0.0564720453527306;0
10.1;-0.0792197968946216;0.058757554746463;0
10.11;-0.0786220154530677;0.0610215229120909;0
10.12;-0.0780016936265301;0.0632633082236634;0
10.13;-0.07735905610245;0.0654822768075154;0
10.14;-0.0766943338714692;0.0676778027189544;0
10.15;-0.0760077641473556;0.069849268116267;0
10.16;-0.0752995902852001;0.0719960634319966;0
10.17;-0.0745700616979139;0.0741175875414472;0
10.18;-0.0738194337710523;0.0762132479283666;0
10.19;-0.0730479677759959;0.0782824608477638;0
10.2;-0.0722559307815155;0.0803246514858187;0
10.21;-0.0714435955637518;0.0823392541168378;0
10.22;-0.0706112405146388;0.0843257122572176;0
10.23;-0.0697591495488012;0.0862834788163723;0
10.24;-0.0688876120089565;0.0882120162445858;0
10.25;-0.0679969225698519;0.0901107966777513;0
10.26;-0.0670873811407692;0.0919793020789566;0
10.27;-0.0661592927666267;0.0938170243768824;0
10.28;-0.0652129675277127;0.0956234656009738;0
10.29;-0.0642487204380816;0.0973981380133527;0
10.3;-0.0632668713426454;0.0991405642374353;0
10.31;-0.0622677448129942;0.100850277383224;0
10.32;-0.0612516700419791;0.102526821169237;0
10.33;-0.0602189807370906;0.104169750041057;0
10.34;-0.0591700150126671;0.105778629286446;0
10.35;-0.0581051152809676;0.107353035147028;0
10.36;-0.0570246281421436;0.108892554926485;0
10.37;-0.0559289042731442;0.110396787095256;0
10.38;-0.0548182983155905;0.111865341391709;0
10.39;-0.0536931687626539;0.113297838919757;0
10.4;-0.0525538778449747;0.114693912242908;0
10.41;-0.0514007914156562;0.116053205474705;0
10.42;-0.0502342788343702;0.117375374365564;0
10.43;-0.0490547128506113;0.11866008638596;0
10.44;-0.0478624694861356;0.119907020805968;0
10.45;-0.0466579279166193;0.121115868771121;0
10.46;-0.0454414703525776;0.122286333374588;0
10.47;-0.044213481919576;0.123418129725636;0
10.48;-0.0429743505377758;0.124510985014379;0
10.49;-0.0417244668008473;0.125564638572794;0
10.5;-0.0404642238542906;0.126578841931988;0
10.51;-0.0391940172732007;0.127553358875718;0
10.52;-0.0379142449395135;0.128487965490134;0
10.53;-0.0366253069187722;0.129382450209762;0
10.54;-0.0353276053364503;0.130236613859698;0
10.55;-0.0340215442538703;0.131050269694015;0
10.56;-0.0327075295437545;0.131823243430386;0
10.57;-0.0313859687654476;0.1325553732809;0
10.58;-0.0300572710398476;0.133246509979091;0
10.59;-0.0287218469240839;0.133896516803161;0
10.6;-0.0273801082859796;0.134505269595401;0
10.61;-0.0260324681783377;0.135072656777816;0
10.62;-0.0246793407130876;0.135598579363953;0
10.63;-0.0233211409353298;0.136082950966933;0
10.64;-0.0219582846973187;0.136525697803687;0
10.65;-0.0205911885324188;0.136926758695419;0
10.66;-0.0192202695290742;0.137286085064274;0
10.67;-0.0178459452048275;0.137603640926251;0
10.68;-0.0164686333804277;0.137879402880339;0
10.69;-0.0150887520540624;0.138113360093907;0
10.7;-0.0137067192757537;0.138305514284354;0
10.71;-0.0123229530219543;0.138455879697019;0
10.72;-0.010937871070381;0.138564483079383;0
10.73;-0.00955189087512301;0.138631363651565;0
10.74;-0.00816542944206207;0.138656573073125;0
10.75;-0.00677890320464071;0.138640175406205;0
10.76;-0.00539272790001588;0.138582247075003;0
10.77;-0.00400731844563404;0.138482876821624;0
10.78;-0.00262308881626411;0.138342165658302;0
10.79;-0.00124045192152437;0.13816022681604;0
10.8;0.000140180516060919;0.137937185689661;0
10.81;0.00151839808243942;0.137673179779315;0
10.82;0.00289379179280781;0.137368358628462;0
10.83;0.00426595421175285;0.137022883758339;0
10.84;0.00563447957272155;0.136636928598963;0
10.85;0.00699896389678572;0.136210678416671;0
10.86;0.00835900511066652;0.135744330238245;0
10.87;0.00971420316398504;0.13523809277164;0
10.88;0.0110641601457048;0.134692186323339;0
10.89;0.0124084803997331;0.134106842712388;0
10.9;0.0137467706396473;0.133482305181115;0
10.91;0.0150786400625142;0.132818828302583;0
10.92;0.0164037004617687;0.132116677884805;0
10.93;0.0177215663391208;0.131376130871759;0
10.94;0.0190318550154579;0.130597475241227;0
10.95;0.0203341867407118;0.129781009899514;0
10.96;0.0216281848026584;0.128927044573057;0
10.97;0.0229134756346205;0.128035899696993;0
10.98;0.024189688922042;0.127107906300695;0
10.99;0.0254564577079042;0.126143405890336;0
11;0.0267134184969546;0.125142750328514;0
11.01;0.0279602113587185;0.124106301710978;0
11.02;0.0291964800292659;0.123034432240497;0
11.03;0.030421872011703;0.121927524097918;0
11.04;0.0316360386753632;0.120785969310456;0
11.05;0.0328386353536676;0.119610169617255;0
11.06;0.0340293214406297;0.118400536332273;0
11.07;0.0352077604859765;0.117157490204529;0
11.08;0.0363736202888613;0.115881461275762;0
11.09;0.0375265729901403;0.114572888735555;0
11.1;0.0386662951631904;0.113232220773955;0
11.11;0.0397924679032415;0.111859914431659;0
11.12;0.0409047769152;0.1104564354478;0
11.13;0.0420029125999392;0.109022258105383;0
11.14;0.0430865701390349;0.107557865074433;0
11.15;0.0441554495779205;0.106063747252896;0
11.16;0.045209255907443;0.104540403605342;0
11.17;0.0462476991437949;0.102988340999536;0
11.18;0.0472704944068033;0.101408074040913;0
11.19;0.0482773619965545;0.0998001249050206;0
11.2;0.0492680274683331;0.098165023167984;0
11.21;0.0502422217058586;0.0965033056350382;0
11.22;0.0511996809927974;0.0948155161671919;0
11.23;0.0521401470825339;0.093102205506072;0
11.24;0.0530633672661823;0.0913639310970085;0
11.25;0.053969094438821;0.0896012569104119;0
11.26;0.0548570871639333;0.0878147532615036;0
11.27;0.055727109736039;0.0860049966284529;0
11.28;0.0565789322414993;0.0841725694689794;0
11.29;0.0574123306174817;0.0823180600354787;0
11.3;0.0582270867090698;0.0804420621887282;0
11.31;0.0590229883245034;0.0785451752102321;0
11.32;0.0597998292885371;0.0766280036132645;0
11.33;0.0605574094939022;0.0746911569526677;0
11.34;0.0612955349508629;0.0727352496334678;0
11.35;0.0620140178348526;0.0707609007183639;0
11.36;0.0627126765321799;0.068768733734153;0
11.37;0.0633913356837954;0.0667593764771487;0
11.38;0.0640498262271073;0.0647334608176547;0
11.39;0.0646879854358385;0.0626916225035536;0
11.4;0.0653056569579152;0.0606345009630702;0
11.41;0.06590269085138;0.0585627391067711;0
11.42;0.0664789436183219;0.0564769831288602;0
11.43;0.0670342782368157;0.0543778823078323;0
11.44;0.0675685641908663;0.0522660888065434;0
11.45;0.06808167749835;0.0501422574717615;0
11.46;0.0685735007369503;0.0480070456332564;0
11.47;0.0690439230680824;0.0458611129024905;0
11.48;0.0694928402588027;0.0437051209709722;0
11.49;0.0699201547017008;0.0415397334083321;0
11.5;0.0703257754327715;0.0393656154601826;0
11.51;0.0707096181472644;0.0371834338458238;0
11.52;0.0710716052135096;0.0349938565558541;0
11.53;0.0714116656847204;0.0327975526497485;0
11.54;0.0717297353087708;0.0305951920534634;0
11.55;0.0720257565359501;0.0283874453571307;0
11.56;0.0722996785246947;0.0261749836128993;0
11.57;0.0725514571452992;0.0239584781329867;0
11.58;0.0727810549816096;0.0217386002879987;0
11.59;0.0729884413307002;0.0195160213055788;0
11.6;0.0731735922005402;0.0172914120694464;0
11.61;0.0733364903056509;0.0150654429188836;0
11.62;0.0734771250607612;0.0128387834487294;0
11.63;0.0735954925724654;0.0106121023099413;0
11.64;0.0736915956288889;0.00838606701078227;0
11.65;0.0737654436873691;0.00616134371869218;0
11.66;0.0738170528601586;0.00393859706290137;0
11.67;0.0738464458981574;0.0017184899378449;0
11.68;0.0738536521726836;-0.000498316692565541;0
11.69;0.0738387076552907;-0.00271116398975453;0
11.7;0.0738016548956413;-0.00491939543432396;0
11.71;0.0737425429974465;-0.00712235701886571;0
11.72;0.0736614275924827;-0.00931939743968994;0
11.73;0.0735583708126953;-0.0115098682874134;0
11.74;0.0734334412604027;-0.0136931242363526;0
11.75;0.0732867139766116;-0.015868523232667;0
11.76;0.0731182704074567;-0.0180354266811984;0
11.77;0.0729281983687778;-0.020193199630952;0
11.78;0.0727165920088489;-0.0223412109591664;0
11.79;0.072483551769273;-0.0244788335539202;0
11.8;0.0722291843440573;-0.0266054444952216;0
11.81;0.0719536026368848;-0.0287204252345311;0
11.82;0.0716569257165978;-0.0308231617726644;0
11.83;0.0713392787709104;-0.0329130448360267;0
11.84;0.0710007930583648;-0.0349894700511267;0
11.85;0.0706416058585527;-0.0370518381173224;0
11.86;0.070261860420615;-0.0390995549777494;0
11.87;0.0698617059100423;-0.0411320319883832;0
11.88;0.0694412973537928;-0.0431486860851884;0
11.89;0.0690007955837468;-0.0451489399493081;0
11.9;0.0685403671785198;-0.0471322221702477;0
11.91;0.0680601844036512;-0.049097967407006;0
11.92;0.0675604251501925;-0.0510456165471111;0
11.93;0.0670412728717143;-0.0529746168635152;0
11.94;0.0665029165197533;-0.0548844221693061;0
11.95;0.0659455504777238;-0.056774492970192;0
11.96;0.0653693744933131;-0.0586442966147181;0
11.97;0.0647745936093857;-0.0604933074421741;0
11.98;0.064161418093419;-0.0623210069281515;0
11.99;0.0635300633654941;-0.0641268838277119;0
12;0.0628807499248655;-0.065910434316127;0
12.01;0.0622137032751349;-0.0676711621271527;0
12.02;0.0615291538480531;-0.0694085786887991;0
12.03;0.0608273369259763;-0.0711222032565614;0
12.04;0.0601084925630007;-0.0728115630440756;0
12.05;0.0593728655048026;-0.0744761933511633;0
12.06;0.0586207051072107;-0.076115637689233;0
12.07;0.0578522652535351;-0.0777294479040046;0
12.08;0.0570678042706822;-0.0793171842955244;0
12.09;0.0562675848440813;-0.0808784157354393;0
12.1;0.0554518739314512;-0.0824127197815005;0
12.11;0.0546209426754338;-0.0839196827892665;0
12.12;0.0537750663151243;-0.0853989000209766;0
12.13;0.0529145240965244;-0.0868499757515681;0
12.14;0.0520395991819493;-0.0882725233718086;0
12.15;0.0511505785584155;-0.0896661654885196;0
12.16;0.0502477529450405;-0.0910305340218642;0
12.17;0.0493314166994822;-0.092365270299677;0
12.18;0.0484018677234485;-0.0936700251488105;0
12.19;0.0474594073673077;-0.094944458983478;0
12.2;0.0465043403338276;-0.0961882418905709;0
12.21;0.0455369745810768;-0.0974010537119286;0
12.22;0.0445576212245156;-0.0985825841235447;0
12.23;0.0435665944383099;-0.0997325327116874;0
12.24;0.0425642113558968;-0.10085060904592;0
12.25;0.041550791969835;-0.101936532749001;0
12.26;0.0405266590309693;-0.102990033563655;0
12.27;0.0394921379469426;-0.104010851416188;0
12.28;0.038447556680085;-0.104998736476948;0
12.29;0.037393245644713;-0.105953449217609;0
12.3;0.0363295376038704;-0.106874760465264;0
12.31;0.0352567675655423;-0.107762451453326;0
12.32;0.0341752726783746;-0.108616313869222;0
12.33;0.0330853921269311;-0.109436149898868;0
12.34;0.0319874670265202;-0.110221772267923;0
12.35;0.0308818403176241;-0.110973004279813;0
12.36;0.0297688566599612;-0.111689679850517;0
12.37;0.0286488623262167;-0.112371643540111;0
12.38;0.027522205095471;-0.113018750581075;0
12.39;0.0263892341463606;-0.113630866903339;0
12.4;0.0252502999500028;-0.114207869156093;0
12.41;0.0241057541627166;-0.114749644726334;0
12.42;0.0229559495185735;-0.115256091754172;0
12.43;0.021801239721809;-0.115727119144883;0
12.44;0.0206419793391293;-0.11616264657771;0
12.45;0.0194785236919432;-0.116562604511428;0
12.46;0.0183112287485542;-0.116926934186658;0
12.47;0.0171404510163431;-0.117255587624955;0
12.48;0.0159665474339751;-0.117548527624658;0
12.49;0.0147898752636621;-0.117805727753523;0
12.5;0.0136107919835136;-0.118027172338133;0
12.51;0.0124296551800082;-0.11821285645011;0
12.52;0.0112468224406163;-0.11836278588912;0
12.53;0.0100626512466087;-0.118476977162703;0
12.54;0.00887749886607945;-0.118555457462916;0
12.55;0.00769172224721822;-0.118598264639819;0
12.56;0.00650567791186059;-0.118605447171816;0
12.57;0.00531972184934983;-0.118577064132853;0
12.58;0.00413420941074055;-0.118513185156498;0
12.59;0.00294949520337549;-0.118413890396924;0
12.6;0.00176593298586641;-0.118279270486797;0
12.61;0.000583875563509996;-0.118109426492099;0
12.62;-0.000596325315830868;-0.117904469863902;0
12.63;-0.00177431906534979;-0.117664522387113;0
12.64;-0.00294975636239348;-0.1173897161262;0
12.65;-0.00412228925100221;-0.117080193367946;0
12.66;-0.00529157124386438;-0.116736106561224;0
12.67;-0.0064572574236556;-0.11635761825383;0
12.68;-0.00761900454373298;-0.11594490102641;0
12.69;-0.00877647112815556;-0.115498137423475;0
12.7;-0.00992931757100207;-0.115017519881561;0
12.71;-0.0110772062349574;-0.114503250654543;0
12.72;-0.0122198015491395;-0.113955541736134;0
12.73;-0.013356770106139;-0.113374614779598;0
12.74;-0.0144877807582428;-0.112760701014705;0
12.75;-0.0156125047128159;-0.112114041161961;0
12.76;-0.0167306156268126;-0.111434885344135;0
12.77;-0.0178417897003912;-0.110723492995122;0
12.78;-0.0189457057696054;-0.109980132766178;0
12.79;-0.0200420453981468;-0.109205082429542;0
12.8;-0.0211304929681108;-0.108398628779495;0
12.81;-0.0222107357697634;-0.107561067530888;0
12.82;-0.0232824640902802;-0.106692703215163;0
12.83;-0.0243453713014358;-0.105793849073919;0
12.84;-0.0253991539462177;-0.104864826950036;0
12.85;-0.0264435118243396;-0.103905967176427;0
12.86;-0.0274781480766333;-0.102917608462416;0
12.87;-0.0285027692682923;-0.101900097777817;0
12.88;-0.0295170854709472;-0.100853790234725;0
12.89;-0.0305208103435481;-0.099779048967077;0
12.9;-0.0315136612120328;-0.0986762450080081;0
12.91;-0.0324953591477591;-0.097545757165057;0
12.92;-0.0334656290446797;-0.0963879718932517;0
12.93;-0.0344241996952377;-0.0952032831661225;0
12.94;-0.0353708038649644;-0.0939920923446824;0
12.95;-0.0363051783657569;-0.0927548080444181;0
12.96;-0.037227064127817;-0.0914918460003352;0
12.97;-0.0381362062702322;-0.0902036289301017;0
12.98;-0.0390323541701797;-0.0888905863953322;0
12.99;-0.0399152615307351;-0.0875531546610605;0
13;-0.040784686447267;-0.0861917765534432;0
13.01;-0.0416403914724026;-0.0848069013157418;0
13.02;-0.0424821436795437;-0.0833989844626285;0
13.03;-0.0433097147249192;-0.0819684876328619;0
13.04;-0.0441228809081578;-0.0805158784403812;0
13.05;-0.0449214232313633;-0.0790416303238646;0
13.06;-0.0457051274566802;-0.0775462223948;0
13.07;-0.0464737841623321;-0.0760301392841167;0
13.08;-0.0472271887971216;-0.0744938709874264;0
13.09;-0.0479651417333749;-0.0729379127089214;0
13.1;-0.0486874483183213;-0.0713627647039805;0
13.11;-0.0493939189238914;-0.0697689321205302;0
13.12;-0.0500843689949248;-0.0681569248392136;0
13.13;-0.0507586190957735;-0.0665272573124136;0
13.14;-0.0514164949552911;-0.0648804484021834;0
13.15;-0.0520578275101962;-0.0632170212171333;0
13.16;-0.0526824529468003;-0.061537502948325;0
13.17;-0.0532902127410903;-0.0598424247042243;0
13.18;-0.0538809536971568;-0.0581323213447629;0
13.19;-0.0544545279839585;-0.056407731314561;0
13.2;-0.055010793170416;-0.054669196475362;0
13.21;-0.0555496122588264;-0.0529172619377308;0
13.22;-0.0560708537165911;-0.0511524758920679;0
13.23;-0.0565743915062516;-0.0493753894389898;0
13.24;-0.0570601051138267;-0.0475865564191294;0
13.25;-0.0575278795754439;-0.0457865332424074;0
13.26;-0.057977605502263;-0.0439758787168267;0
13.27;-0.0584091791036845;-0.0421551538768421;0
13.28;-0.0588225022088406;-0.0403249218113583;0
13.29;-0.0592174822863643;-0.0384857474914068;0
13.3;-0.0595940324624345;-0.0366381975975553;0
13.31;-0.0599520715370933;-0.034782840347101;0
13.32;-0.060291523998836;-0.0329202453211006;0
13.33;-0.0606123200374688;-0.0310509832912884;0
13.34;-0.0609143955552375;-0.0291756260469351;0
13.35;-0.0611976921762227;-0.0272947462216991;0
13.36;-0.0614621572540056;-0.0254089171205226;0
13.37;-0.0617077438776014;-0.0235187125466236;0
13.38;-0.0619344108756646;-0.0216247066286356;0
13.39;-0.0621421228189656;-0.0197274736479478;0
13.4;-0.0623308500211425;-0.0178275878662957;0
13.41;-0.0625005685377297;-0.0159256233536532;0
13.42;-0.062651260163467;-0.0140221538164794;0
13.43;-0.062782912427893;-0.0121177524263688;0
13.44;-0.0628955185892273;-0.0102129916491557;0
13.45;-0.0629890776265455;-0.00830844307452541;0
13.46;-0.0630635942302528;-0.0064046772461793;0
13.47;-0.0631190787908624;-0.00450226349260654;0
13.48;-0.0631555473860842;-0.00260176975851028;0
13.49;-0.063173021766231;-0.000703762436938532;0
13.5;-0.0631715293379488;0.00119119379783128;0
13.51;-0.0631511031462807;0.00308253615660537;0
13.52;-0.0631117818550703;0.00496970390073566;0
13.53;-0.063053609725715;0.00685213850668297;0
13.54;-0.062976636594278;0.00872928382963315;0
13.55;-0.0628809178469683;0.0106005862661191;0
13.56;-0.0627665143939993;0.0124654949156017;0
13.57;-0.0626334926418362;0.0143234617409622;0
13.58;-0.0624819244638441;0.0161739417278609;0
13.59;-0.0623118871693469;0.0180163930429163;0
13.6;-0.062123463471111;0.0198502771906575;0
13.61;-0.061916741451264;0.0216750591692076;0
13.62;-0.0616918145256633;0.0234902076246517;0
13.63;-0.0614487814067269;0.0252951950040463;0
13.64;-0.0611877460647398;0.0270894977070259;0
13.65;-0.0609088176876518;0.0288725962359646;0
13.66;-0.0606121106393798;0.03064397534465;0
13.67;-0.0602977444166297;0.0324031241854266;0
13.68;-0.059965843604255;0.0341495364547681;0
13.69;-0.0596165378291663;0.0358827105372376;0
13.7;-0.0592499617128082;0.0376021496477943;0
13.71;-0.0588662548222216;0.0393073619724087;0
13.72;-0.0584655616197071;0.0409978608069453;0
13.73;-0.0580480314111074;0.0426731646942747;0
13.74;-0.0576138182927269;0.0443327975595783;0
13.75;-0.0571630810969069;0.0459762888438056;0
13.76;-0.0566959833362734;0.0476031736352498;0
13.77;-0.0562126931466796;0.0492129927992038;0
13.78;-0.0557133832288589;0.0508052931056623;0
13.79;-0.0551982307888108;0.0523796273550337;0
13.8;-0.0546674174769385;0.0539355545018284;0
13.81;-0.0541211293259589;0.0554726397762904;0
13.82;-0.0535595566876053;0.056990454803938;0
13.83;-0.0529828941681446;0.0584885777229819;0
13.84;-0.0523913405627303;0.0599665932995901;0
13.85;-0.0517850987886117;0.0614240930409667;0
13.86;-0.0511643758172231;0.0628606753062168;0
13.87;-0.0505293826051741;0.0642759454149662;0
13.88;-0.0498803340241639;0.0656695157537081;0
13.89;-0.0492174487898426;0.0670410058798487;0
13.9;-0.0485409493896423;0.0683900426234245;0
13.91;-0.0478510620096018;0.0697162601864649;0
13.92;-0.0471480164602081;0.0710193002399734;0
13.93;-0.0464320461012795;0.0722988120185043;0
13.94;-0.0457033877659129;0.0735544524123088;0
13.95;-0.0449622816835215;0.0747858860570281;0
13.96;-0.0442089714019862;0.0759927854209109;0
13.97;-0.0434437037089465;0.0771748308895326;0
13.98;-0.0426667285522547;0.0783317108479957;0
13.99;-0.0418782989596207;0.0794631217605915;0
14;-0.0410786709574707;0.0805687682479021;0
14.01;-0.0402681034890466;0.0816483631613261;0
14.02;-0.0394468583317725;0.0827016276550078;0
14.03;-0.0386152000139127;0.0837282912551549;0
14.04;-0.037773395730549;0.0847280919267269;0
14.05;-0.0369217152589028;0.0857007761374795;0
14.06;-0.0360604308730287;0.0866460989193497;0
14.07;-0.0351898172579061;0.0875638239271691;0
14.08;-0.0343101514229561;0.0884537234946907;0
14.09;-0.0334217126150103;0.0893155786879177;0
14.1;-0.0325247822307574;0.0901491793557242;0
14.11;-0.031619643728698;0.0909543241777545;0
14.12;-0.03070658254063;0.0917308207095943;0
14.13;-0.0297858859826972;0.0924784854252031;0
14.14;-0.0288578431660236;0.0931971437566002;0
14.15;-0.0279227449069653;0.0938866301307974;0
14.16;-0.026980883637004;0.0945467880039718;0
14.17;-0.0260325533123116;0.0951774698928732;0
14.18;-0.0250780493230138;0.0957785374034618;0
14.19;-0.0241176684021789;0.096349861256772;0
14.2;-0.0231517085345612;0.096891321311999;0
14.21;-0.0221804688651252;0.0974028065868068;0
14.22;-0.0212042496073806;0.0978842152748566;0
14.23;-0.0202233519515527;0.0983354547605528;0
14.24;-0.0192380779726195;0.0987564416310106;0
14.25;-0.0182487305382407;0.0991471016852426;0
14.26;-0.0172556132166076;0.0995073699405699;0
14.27;-0.0162590301842416;0.0998371906362575;0
14.28;-0.015259286133768;0.10013651723438;0
14.29;-0.0142566861816949;0.100405312417921;0
14.3;-0.0132515357762224;0.100643548086112;0
14.31;-0.012244140605111;0.100851205347014;0
14.32;-0.0112348065036375;0.101028274507357;0
14.33;-0.0102238393626634;0.101174755059633;0
14.34;-0.00921154503684587;0.101290655666463;0
14.35;-0.00819822925301643;0.101375994142239;0
14.36;-0.00718419751875615;0.101430797432056;0
14.37;-0.00616975503119323;0.101455101587939;0
14.38;-0.00515520658605052;0.101448951742391;0
14.39;-0.0041408564869697;0.101412402079249;0
14.4;-0.00312700845513882;0.101345515801893;0
14.41;-0.0021139655392497;0.101248365098794;0
14.42;-0.00110203002581173;0.101121031106435;0
14.43;-9.15033498482312e-05;0.100963603869608;0
14.44;0.000917313993998384;0.100776182299115;0
14.45;0.00192412253992687;0.100558874126879;0
14.46;0.00292862393897692;0.100311795858489;0
14.47;0.0039305210465429;0.100035072723197;0
14.48;0.00492951800937616;0.0997288386213898;0
14.49;0.00592532035205077;0.0993932360695433;0
14.5;0.00691763506286758;0.0990284161426961;0
14.51;0.00790617067917188;0.0986345384144534;0
14.52;0.00889063737206008;0.0982117708945468;0
14.53;0.00987074703045113;0.0977602899639725;0
14.54;0.0108462133444984;0.0972802803077325;0
14.55;0.0118167518883184;0.0967719348452006;0
14.56;0.0127820802020126;0.0962354546581414;0
14.57;0.0137419178729584;0.0956710489164049;0
14.58;0.0146959866163479;0.0950789348013254;0
14.59;0.0156440103549492;0.0944593374268495;0
14.6;0.0165857152980692;0.0938124897584228;0
14.61;0.0175208300196961;0.0931386325296616;0
14.62;0.0184490855357973;0.0924380141568397;0
14.63;0.0193702153807537;0.0917108906512192;0
14.64;0.0202839556829072;0.0909575255292546;0
14.65;0.0211900452392008;0.0901781897207028;0
14.66;0.0220882255888904;0.0893731614746675;0
14.67;0.0229782410863081;0.0885427262636119;0
14.68;0.0238598389726563;0.0876871766853705;0
14.69;0.0247327694468138;0.0868068123631939;0
14.7;0.0255967857351321;0.0859019398438591;0
14.71;0.0264516441602062;0.0849728724938796;0
14.72;0.0272971042085971;0.0840199303938497;0
14.73;0.0281329285974911;0.0830434402309578;0
14.74;0.0289588833402751;0.0820437351897038;0
14.75;0.0297747378110115;0.0810211548408568;0
14.76;0.0305802648077948;0.0799760450286894;0
14.77;0.0313752406149733;0.078908757756525;0
14.78;0.0321594450642182;0.0778196510706362;0
14.79;0.0329326615944245;0.0767090889425303;0
14.8;0.0336946773104285;0.0755774411496617;0
14.81;0.034445283040524;0.0744250831546089;0
14.82;0.035184273392765;0.0732523959827547;0
14.83;0.0359114468100376;0.0720597660985089;0
14.84;0.036626605623888;0.0708475852801144;0
14.85;0.0373295561070925;0.0696162504930739;0
14.86;0.0380201085249557;0.068366163762241;0
14.87;0.0386980771853234;0.0670977320426131;0
14.88;0.0393632804872981;0.0658113670888695;0
14.89;0.0400155409686443;0.064507485323694;0
14.9;0.0406546853518715;0.0631865077049257;0
14.91;0.0412805445889839;0.0618488595915778;0
14.92;0.0418929539048853;0.0604949706087674;0
14.93;0.042491752839428;0.0591252745115991;0
14.94;0.0430767852880972;0.0577402090480442;0
14.95;0.0436478995413184;0.0563402158208588;0
14.96;0.0442049483223807;0.0549257401485834;0
14.97;0.0447477888239661;0.0534972309256681;0
14.98;0.0452762827432758;0.0520551404817659;0
14.99;0.0457902963157463;0.050599924440238;0
15;0.046289700347347;0.0491320415759152;0
15.01;0.0467743702454522;0.0476519536721593;0
15.02;0.0472441860482806;0.0461601253772673;0
15.03;0.0476990324528967;0.0446570240602652;0
15.04;0.0481387988417664;0.0431431196661326;0
15.05;0.0485633793078635;0.0416188845705048;0
15.06;0.0489726726783207;0.0400847934338955;0
15.07;0.0493665825366204;0.038541323055486;0
15.08;0.0497450172433223;0.036988952226523;0
15.09;0.050107889955323;0.0354281615833732;0
15.1;0.0504551186436449;0.0338594334602757;0
15.11;0.050786626109751;0.0322832517418395;0
15.12;0.0511023400003845;0.0307001017153292;0
15.13;0.0514021928209295;0.0291104699227847;0
15.14;0.0516861219472935;0.027514844013018;0
15.15;0.051954069636308;0.0259137125935339;0
15.16;0.0522059830346498;0.0243075650824166;0
15.17;0.0524418141862795;0.0226968915602284;0
15.18;0.0526615200384005;0.0210821826219647;0
15.19;0.0528650624459374;0.0194639292291084;0
15.2;0.0530524081745356;0.0178426225618294;0
15.21;0.0532235289020836;0.0162187538713725;0
15.22;0.0533784012187606;0.0145928143326772;0
15.23;0.0535170066256109;0.0129652948972743;0
15.24;0.0536393315316493;0.0113366861465017;0
15.25;0.0537453672495001;0.0097074781450841;0
15.26;0.0538351099895728;0.00807816029511853;0
15.27;0.0539085608527813;0.00644922119050994;0
15.28;0.0539657258218081;0.00482114847189901;0
15.29;0.0540066157509213;0.00319442868212512;0
15.3;0.0540312463543477;0.00156954712226681;0
15.31;0.05403963819321;-5.3012291698186e-05;0
15.32;0.0540318166610331;-0.00167276717157124;0
15.33;0.0540078119678269;-0.00328923679890804;0
15.34;0.0539676591227524;-0.00490194226624923;0
15.35;0.0539113979153793;-0.00651040661756542;0
15.36;0.0538390728955429;-0.00811415498787597;0
15.37;0.0537507333518081;-0.00971271474200083;0
15.38;0.0536464332885504;-0.0113056156124057;0
15.39;0.0535262314016632;-0.0128923898361003;0
15.4;0.053390191052899;-0.014472572290551;0
15.41;0.0532383802428577;-0.0160457006285679;0
15.42;0.0530708715826297;-0.0176113154121285;0
15.43;0.0528877422641061;-0.0191689602450987;0
15.44;0.052689074028967;-0.0207181819048153;0
15.45;0.0524749531363585;-0.022258530472489;0
15.46;0.0522454703292722;-0.0237895594623947;0
15.47;0.0520007207996373;-0.0253108259498099;0
15.48;0.0517408041521396;-0.0268218906976656;0
15.49;0.0514658243667802;-0.0283223182818745;0
15.5;0.0511758897601865;-0.0298116772153007;0
15.51;0.0508711129456898;-0.0312895400703362;0
15.52;0.0505516107921839;-0.0327554836000497;0
15.53;0.0502175043817782;-0.0342090888578742;0
15.54;0.0498689189662616;-0.0356499413157996;0
15.55;0.0495059839223896;-0.0370776309810382;0
15.56;0.0491288327060139;-0.0384917525111291;0
15.57;0.0487376028050664;-0.039891905327452;0
15.58;0.0483324356914158;-0.0412776937271174;0
15.59;0.0479134767716134;-0.0426487269932024;0
15.6;0.0474808753365431;-0.0440046195033036;0
15.61;0.0470347845099943;-0.0453449908363752;0
15.62;0.0465753611961734;-0.0466694658778252;0
15.63;0.0461027660261738;-0.0479776749228393;0
15.64;0.0456171633034187;-0.0492692537779069;0
15.65;0.0451187209480987;-0.0505438438605192;0
15.66;0.0446076104406193;-0.0518010922970149;0
15.67;0.0440840067640798;-0.0530406520185462;0
15.68;0.0435480883457994;-0.0542621818551397;0
15.69;0.043000036997913;-0.0554653466278273;0
15.7;0.0424400378570533;-0.0566498172388234;0
15.71;0.0418682793231407;-0.0578152707597236;0
15.72;0.0412849529972998;-0.0589613905177027;0
15.73;0.0406902536189229;-0.0600878661796897;0
15.74;0.0400843790019019;-0.0611943938344973;0
15.75;0.0394675299700466;-0.0622806760728854;0
15.76;0.0388399102917132;-0.0633464220655378;0
15.77;0.0382017266136618;-0.0643913476389327;0
15.78;0.0375531883941645;-0.065415175349088;0
15.79;0.0368945078353864;-0.0664176345531613;0
15.8;0.0362258998150599;-0.0673984614788899;0
15.81;0.0355475818174741;-0.0683573992918506;0
15.82;0.0348597738638024;-0.0692941981605246;0
15.83;0.0341626984417879;-0.0702086153191517;0
15.84;0.0334565804348122;-0.0711004151283581;0
15.85;0.032741647050366;-0.0719693691335438;0
15.86;0.0320181277479474;-0.072815256121016;0
15.87;0.0312862541664086;-0.0736378621718556;0
15.88;0.0305462600507738;-0.0744369807135042;0
15.89;0.0297983811785522;-0.0752124125690606;0
15.9;0.0290428552855677;-0.0759639660042754;0
15.91;0.0282799219913298;-0.0766914567722336;0
15.92;0.0275098227239674;-0.0773947081557171;0
15.93;0.0267328006447498;-0.0780735510072353;0
15.94;0.0259491005722181;-0.0787278237867203;0
15.95;0.0251589689059498;-0.0793573725968744;0
15.96;0.0243626535499804;-0.0799620512161676;0
15.97;0.0235604038359065;-0.0805417211294772;0
15.98;0.022752470445692;-0.0810962515563638;0
15.99;0.0219391053342031;-0.0816255194769809;0
16;0.0211205616514941;-0.0821294096556141;0
16.01;0.0202970936648693;-0.0826078146618448;0
16.02;0.0194689566807432;-0.0830606348893398;0
16.03;0.0186364069663239;-0.0834877785722618;0
16.04;0.0177997016711433;-0.0838891617993024;0
16.05;0.0169590987484569;-0.0842647085253354;0
16.06;0.016114856876539;-0.0846143505806935;0
16.07;0.0152672353798941;-0.0849380276780668;0
16.08;0.0144164941504121;-0.0852356874170282;0
16.09;0.0135628935684871;-0.0855072852861855;0
16.1;0.0127066944241262;-0.0857527846629655;0
16.11;0.0118481578380712;-0.085972156811034;0
16.12;0.0109875451829563;-0.0861653808753558;0
16.13;0.0101251180045259;-0.0863324438749009;0
16.14;0.00926113794293653;-0.086473340693003;0
16.15;0.00839586665416438;-0.0865880740653769;0
16.16;0.00752956573154465;-0.0866766545658026;0
16.17;0.00666249662746362;-0.0867391005894854;0
16.18;0.0057949205752278;-0.0867754383340983;0
16.19;0.00492709851113306;-0.0867857017785199;0
16.2;0.00405929099675668;-0.0867699326592751;0
16.21;0.00319175814149534;-0.0867281804446915;0
16.22;0.00232475952537172;-0.0866605023067824;0
16.23;0.0014585541221325;-0.0865669630908687;0
16.24;0.000593400222660221;-0.0864476352829527;0
16.25;-0.000270444641278454;-0.0863025989748585;0
16.26;-0.00113272377292595;-0.0861319418271511;0
16.27;-0.0019931813860462;-0.0859357590298514;0
16.28;-0.00285156268003438;-0.0857141532609613;0
16.29;-0.0037076139146021;-0.0854672346428155;0
16.3;-0.00456108248401635;-0.0851951206962769;0
16.31;-0.00541171699087081;-0.0848979362927925;0
16.32;-0.00625926731936815;-0.0845758136043294;0
16.33;-0.00710348470809218;-0.0842288920512069;0
16.34;-0.00794412182224901;-0.0838573182478467;0
16.35;-0.00878093282535628;-0.0834612459464593;0
16.36;-0.00961367345036019;-0.0830408359786878;0
16.37;-0.0104421010701598;-0.0825962561952295;0
16.38;-0.0112659747675183;-0.0821276814034575;0
16.39;-0.0120850554043421;-0.0816352933030643;0
16.4;-0.0128991056903071;-0.0811192804197498;0
16.41;-0.0137078902508131;-0.0805798380369768;0
16.42;-0.0145111756942476;-0.0800171681258186;0
16.43;-0.0153087306785389;-0.0794314792729223;0
16.44;-0.0161003259769812;-0.0788229866066126;0
16.45;-0.0168857345433119;-0.078191911721162;0
16.46;-0.0176647315760237;-0.0775384825992528;0
16.47;-0.0184370945818931;-0.076862933532657;0
16.48;-0.0192026034387082;-0.0761655050411623;0
16.49;-0.0199610404571771;-0.0754464437897691;0
16.5;-0.0207121904420019;-0.0747060025041892;0
16.51;-0.0214558407520988;-0.0739444398846715;0
16.52;-0.0221917813599499;-0.0731620205181864;0
16.53;-0.0229198049100692;-0.0723590147889954;0
16.54;-0.0236397067765673;-0.0715356987876367;0
16.55;-0.0243512851197991;-0.0706923542183575;0
16.56;-0.025054340942078;-0.0698292683050218;0
16.57;-0.0257486781424442;-0.0689467336955254;0
16.58;-0.0264341035704687;-0.0680450483647501;0
16.59;-0.0271104270790813;-0.0671245155160866;0
16.6;-0.0277774615764077;-0.0661854434815606;0
16.61;-0.0284350230766013;-0.0652281456205925;0
16.62;-0.0290829307496563;-0.0642529402174236;0
16.63;-0.02972100697019;-0.0632601503772439;0
16.64;-0.0303490773651799;-0.0622501039210516;0
16.65;-0.0309669708606443;-0.0612231332792805;0
16.66;-0.0315745197272534;-0.0601795753842288;0
16.67;-0.0321715596248596;-0.0591197715613224;0
16.68;-0.0327579296459353;-0.058044067419249;0
16.69;-0.0333334723579073;-0.0569528127389965;0
16.7;-0.0338980338443761;-0.0558463613618321;0
16.71;-0.0344514637452115;-0.0547250710762558;0
16.72;-0.0349936152955117;-0.0535893035039662;0
16.73;-0.0355243453634194;-0.0524394239848721;0
16.74;-0.0360435144867827;-0.0512758014611879;0
16.75;-0.0365509869086533;-0.0500988083606481;0
16.76;-0.0370466306116131;-0.0489088204788776;0
16.77;-0.0375303173509211;-0.047706216860955;0
16.78;-0.0380019226864715;-0.0464913796822047;0
16.79;-0.0384613260135575;-0.0452646941282566;0
16.8;-0.0389084105924321;-0.0440265482744083;0
16.81;-0.0393430635766589;-0.0427773329643294;0
16.82;-0.0397651760402484;-0.0415174416881441;0
16.83;-0.0401746430035713;-0.0402472704599301;0
16.84;-0.0405713634580448;-0.038967217694671;0
16.85;-0.0409552403895862;-0.0376776840847015;0
16.86;-0.0413261808008288;-0.036379072475681;0
16.87;-0.0416840957320951;-0.0350717877421359;0
16.88;-0.0420289002811239;-0.0337562366626073;0
16.89;-0.0423605136215477;-0.0324328277944423;0
16.9;-0.0426788590201159;-0.0311019713482676;0
16.91;-0.0429838638526617;-0.0297640790621831;0
16.92;-0.0432754596188097;-0.0284195640757137;0
16.93;-0.0435535819554222;-0.0270688408035583;0
16.94;-0.0438181706487824;-0.0257123248091724;0
16.95;-0.0440691696455125;-0.0243504326782245;0
16.96;-0.0443065270622259;-0.0229835818919638;0
16.97;-0.0445301951939129;-0.0216121907005358;0
16.98;-0.0447401305210599;-0.0202366779962867;0
16.99;-0.0449362937155011;-0.0188574631870916;0
17;-0.0451186496450039;-0.0174749660697473;0
17.01;-0.045287167376589;-0.0160896067034647;0
17.02;-0.0454418201785854;-0.0147018052835012;0
17.03;-0.0455825855214233;-0.0133119820149685;0
17.04;-0.0457094450771651;-0.0119205569868551;0
17.05;-0.0458223847177784;-0.0105279500462996;0
17.06;-0.0459213945121528;-0.00913458067315292;0
17.07;-0.0460064687218637;-0.0077408678548659;0
17.08;-0.0460776057956865;-0.00634722996173984;0
17.09;-0.0461348083628653;-0.00495408462257622;0
17.1;-0.0461780832251401;-0.00356184860076249;0
17.11;-0.0462074413475363;-0.00217093767083025;0
17.12;-0.0462228978479228;-0.000781766495521945;0
17.13;-0.0462244719853429;0.000605251496597781;0
17.14;-0.046212187147124;0.00198970423295053;0
17.15;-0.0461860708347714;0.00337118111813673;0
17.16;-0.0461461546486541;0.0047492731544771;0
17.17;-0.0460924742714873;0.0061235730618681;0
17.18;-0.0460250694506198;0.0074936753969164;0
17.19;-0.0459439839791343;0.00885917667131815;0
17.2;-0.0458492656757655;0.0102196754694486;0
17.21;-0.0457409663636484;0.0115747725651285;0
17.22;-0.0456191418479005;0.0129240710375334;0
17.23;-0.0454838518920508;0.0142671763862125;0
17.24;-0.0453351601933212;0.0156036966451846;0
17.25;-0.045173134356772;0.0169332424960782;0
17.26;-0.0449978458683206;0.0182554273802834;0
17.27;-0.0448093700666427;0.0195698676100834;0
17.28;-0.0446077861139671;0.0208761824787354;0
17.29;-0.0443931769657746;0.0221739943694675;0
17.3;-0.044165629339412;0.0234629288633633;0
17.31;-0.0439252336816322;0.0247426148461012;0
17.32;-0.0436720841350721;0.0260126846135207;0
17.33;-0.0434062785036803;0.0272727739759848;0
17.34;-0.0431279182171073;0.0285225223615086;0
17.35;-0.0428371082940687;0.029761572917628;0
17.36;-0.0425339573046969;0.0309895726119766;0
17.37;-0.0422185773318924;0.0322061723315454;0
17.38;-0.041891083931688;0.0334110269805977;0
17.39;-0.0415515960926408;0.0346037955772099;0
17.4;-0.0412002361942649;0.0357841413484148;0
17.41;-0.0408371299645187;0.0369517318239184;0
17.42;-0.0404624064363618;0.0381062389283673;0
17.43;-0.0400761979033958;0.0392473390721385;0
17.44;-0.039678639874604;0.0403747132406298;0
17.45;-0.039269871028205;0.0414880470820244;0
17.46;-0.0388500331646355;0.0425870309935079;0
17.47;-0.0384192711586782;0.0436713602059126;0
17.48;-0.03797773291075;0.044740734866768;0
17.49;-0.0375255692973677;0.0457948601217343;0
17.5;-0.0370629341208057;0.0468334461943984;0
17.51;-0.0365899840579641;0.0478562084644098;0
17.52;-0.0361068786084627;0.048862867543937;0
17.53;-0.0356137800419777;0.049853149352424;0
17.54;-0.0351108533448391;0.0508267851896274;0
17.55;-0.034598266165905;0.0517835118069153;0
17.56;-0.0340761887617314;0.0527230714768087;0
17.57;-0.0335447939410542;0.05364521206075;0
17.58;-0.0330042570086013;0.0545496870750776;0
17.59;-0.0324547557082538;0.0554362557551939;0
17.6;-0.0318964701655731;0.0563046831179071;0
17.61;-0.0313295828297131;0.0571547400219344;0
17.62;-0.0307542784147355;0.0579862032265484;0
17.63;-0.0301707438403475;0.0587988554483551;0
17.64;-0.0295791681720795;0.0595924854161884;0
17.65;-0.0289797425609234;0.0603668879241074;0
17.66;-0.028372660182448;0.061121863882485;0
17.67;-0.0277581161754138;0.0618572203671754;0
17.68;-0.0271363075799035;0.0625727706667487;0
17.69;-0.0265074332749897;0.0632683343277818;0
17.7;-0.0258716939159581;0.0639437371981958;0
17.71;-0.0252292918711064;0.0645988114686301;0
17.72;-0.0245804311581379;0.0652333957118439;0
17.73;-0.0239253173801706;0.0658473349201371;0
17.74;-0.0232641576613803;0.066440480540782;0
17.75;-0.0225971605822991;0.0670126905094603;0
17.76;-0.0219245361147882;0.0675638292816961;0
17.77;-0.0212464955567053;0.0680937678622819;0
17.78;-0.0205632514662866;0.0686023838326902;0
17.79;-0.0198750175962648;0.0690895613764663;0
17.8;-0.0191820088277407;0.0695551913025988;0
17.81;-0.0184844411038317;0.0699991710668642;0
17.82;-0.017782531363115;0.0704214047911415;0
17.83;-0.0170764974728872;0.070821803280696;0
17.84;-0.01636655816226;0.0712002840394298;0
17.85;-0.0156529329551129;0.0715567712830982;0
17.86;-0.0149358421029228;0.0718911959504915;0
17.87;-0.0142155065174901;0.0722034957125818;0
17.88;-0.0134921477035841;0.0724936149796365;0
17.89;-0.0127659876915249;0.0727615049062996;0
17.9;-0.0120372489697245;0.0730071233946419;0
17.91;-0.0113061544172061;0.0732304350951837;0
17.92;-0.0105729272361225;0.0734314114058931;0
17.93;-0.00983779088429362;0.0736100304691628;0
17.94;-0.00910096900778334;0.073766277166771;0
17.95;-0.00836268537353547;0.0739001431128304;0
17.96;-0.00762316380208967;0.0740116266447309;0
17.97;-0.0068826281003968;0.0741007328120837;0
17.98;-0.00614130199475373;0.0741674733636709;0
17.99;-0.00539940906387766;0.0742118667324099;0
18;-0.00465717267213976;0.0742339380183408;0
18.01;-0.00391481590297766;0.0742337189696433;0
18.02;-0.00317256149250675;0.0742112479616941;0
18.03;-0.00243063176334957;0.0741665699741733;0
18.04;-0.00168924855870298;0.0740997365662309;0
18.05;-0.000948633176662292;0.0740108058497234;0
18.06;-0.000209006304821673;0.0738998424605322;0
18.07;0.000529412044829998;0.0737669175279755;0
18.08;0.0012664026006989;0.073612108642327;0
18.09;0.00200174689604274;0.0734354998204525;0
18.1;0.00273522733307515;0.0732371814695802;0
18.11;0.00346662724669952;0.0730172503492172;0
18.12;0.00419573096785356;0.0727758095312271;0
18.13;0.00492232388644658;0.0725129683580848;0
18.14;0.00564619251387107;0.0722288423993222;0
18.15;0.00636712454507067;0.0719235534061832;0
18.16;0.00708490892014675;0.0715972292645031;0
18.17;0.00779933588548576;0.0712500039458302;0
18.18;0.00851019705439005;0.0708820174568067;0
18.19;0.00921728546719465;0.0704934157868285;0
18.2;0.00992039565085303;0.0700843508540004;0
18.21;0.0106193236779748;0.0696549804494082;0
18.22;0.0113138672252986;0.0692054681797247;0
18.23;0.0120038256315837;0.0687359834081725;0
18.24;0.0126889999549036;0.0682467011938617;0
18.25;0.0133691930293265;0.0677378022295245;0
18.26;0.014044209520965;0.0672094727776688;0
18.27;0.0147138559833812;0.0666619046051711;0
18.28;0.0153779409123302;0.0660952949163325;0
18.29;0.0160362747998275;0.0655098462844192;0
18.3;0.0166886701875251;0.0649057665817116;0
18.31;0.0173349417193817;0.0642832689080854;0
18.32;0.0179749061936115;0.0636425715181479;0
18.33;0.0186083826138989;0.0629838977469547;0
18.34;0.019235192239863;0.0623074759343312;0
18.35;0.0198551586367604;0.0616135393478237;0
18.36;0.0204681077244102;0.0609023261043056;0
18.37;0.0210738678253296;0.0601740790902655;0
18.38;0.0216722697120671;0.0594290458808017;0
18.39;0.022263146653719;0.0586674786573509;0
18.4;0.0228463344616179;0.0578896341241774;0
18.41;0.0234216715341812;0.0570957734236499;0
18.42;0.023988998900906;0.056286162050334;0
18.43;0.0245481602655005;0.0554610697639272;0
18.44;0.0250990020481395;0.0546207705010654;0
18.45;0.0256413734268324;0.0537655422860286;0
18.46;0.0261751263778943;0.0528956671403749;0
18.47;0.026700115715508;0.0520114309915318;0
18.48;0.0272161991303679;0.0511131235803733;0
18.49;0.0277232372273948;0.050201038367813;0
18.5;0.0282210935625122;0.049275472440443;0
18.51;0.0287096346784754;0.048336726415247;0
18.52;0.0291887301397432;0.0473851043434204;0
18.53;0.0296582525663841;0.046420913613325;0
18.54;0.030118077667008;0.0454444648526107;0
18.55;0.0305680842707156;0.0444560718295344;0
18.56;0.0310081543580581;0.0434560513535073;0
18.57;0.0314381730909978;0.0424447231749005;0
18.58;0.0318580288418646;0.0414224098841428;0
18.59;0.0322676132212999;0.040389436810139;0
18.6;0.0326668211051818;0.039346131918043;0
18.61;0.0330555506605256;0.0382928257064159;0
18.62;0.0334337033703522;0.0372298511038013;0
18.63;0.0338011840575216;0.0361575433647505;0
18.64;0.034157900907522;0.0350762399653287;0
18.65;0.0345037654902138;0.0339862804981345;0
18.66;0.0348386927805202;0.0328880065668665;0
18.67;0.0351626011780628;0.0317817616804672;0
18.68;0.0354754125257358;0.0306678911468783;0
18.69;0.0357770521272165;0.0295467419664388;0
18.7;0.0360674487634088;0.0284186627249599;0
18.71;0.0363465347078154;0.0272840034865072;0
18.72;0.0366142457408367;0.0261431156859254;0
18.73;0.0368705211629947;0.0249963520211354;0
18.74;0.0371153038070777;0.023844066345239;0
18.75;0.0373485400492063;0.0226866135584623;0
18.76;0.0375701798188182;0.0215243494999711;0
18.77;0.0377801766075696;0.0203576308395901;0
18.78;0.0379784874771552;0.0191868149694604;0
18.79;0.0381650730660431;0.0180122598956659;0
18.8;0.0383398975951265;0.0168343241298617;0
18.81;0.0385029288722925;0.0156533665809378;0
18.82;0.0386541382959064;0.0144697464467497;0
18.83;0.0387935008572149;0.0132838231059487;0
18.84;0.0389209951416677;0.0120959560099429;0
18.85;0.0390366033291595;0.0109065045750237;0
18.86;0.0391403111931941;0.00971582807468659;0
18.87;0.0392321080989726;0.00852428553218126;0
18.88;0.0393119870004086;0.00733223561332019;0
18.89;0.0393799444360721;0.00614003651957933;0
18.9;0.0394359805240669;0.00494804588152151;0
18.91;0.0394800989558425;0.00375662065257407;0
18.92;0.0395123069889466;0.00256611700319216;0
18.93;0.0395326154387204;0.00137689021543853;0
18.94;0.039541038668942;0.000189294578010904;0
18.95;0.0395375945814222;-0.000996316718252551;0
18.96;0.0395223046045574;-0.00217959168435899;0
18.97;0.0394951936808452;-0.00336017963660771;0
18.98;0.039456290253368;-0.00453773129946794;0
18.99;0.0394056262512508;-0.0057118989078576;0
19;0.0393432370740985;-0.00688233630879364;0
19.01;0.0392691615754198;-0.0080486990623843;0
19.02;0.0391834420450447;-0.00921064454213438;0
19.03;0.0390861241905416;-0.0103678320345345;0
19.04;0.0389772571176417;-0.0115199228379057;0
19.05;0.0388568933096793;-0.0126665803604712;0
19.06;0.038725088606054;-0.0138074702176272;0
19.07;0.0385819021797244;-0.0149422603283845;0
19.08;0.0384273965137411;-0.0160706210109543;0
19.09;0.0382616373768277;-0.0171922250774503;0
19.1;0.0380846937980191;-0.0183067479276805;0
19.11;0.0378966380403658;-0.0194138676420023;0
19.12;0.0376975455737144;-0.0205132650732138;0
19.13;0.0374874950465727;-0.0216046239374573;0
19.14;0.0372665682570714;-0.022687630904107;0
19.15;0.0370348501230311;-0.0237619756846177;0
19.16;0.0367924286511453;-0.0248273511203089;0
19.17;0.0365393949052908;-0.0258834532690594;0
19.18;0.0362758429739762;-0.026929981490889;0
19.19;0.0360018699369394;-0.0279666385324031;0
19.2;0.0357175758309063;-0.0289931306100775;0
19.21;0.0354230636145211;-0.0300091674923588;0
19.22;0.0351184391324619;-0.0310144625805606;0
19.23;0.0348038110787527;-0.03200873298853;0
19.24;0.0344792909592837;-0.0329916996210655;0
19.25;0.0341449930535539;-0.033963087251063;0
19.26;0.0338010343756476;-0.0349226245953703;0
19.27;0.0334475346344583;-0.035870044389329;0
19.28;0.0330846161931733;-0.0368050834599824;0
19.29;0.0327124040280321;-0.0377274827979333;0
19.3;0.0323310256863727;-0.0386369876278281;0
19.31;0.0319406112439788;-0.0395333474774519;0
19.32;0.0315412932617429;-0.0404163162454146;0
19.33;0.0311332067416585;-0.0412856522674097;0
19.34;0.0307164890821565;-0.0421411183810307;0
19.35;0.0302912800328;-0.0429824819891253;0
19.36;0.0298577216483518;-0.0438095151216724;0
19.37;0.0294159582422303;-0.0446219944961667;0
19.38;0.0289661363393684;-0.0454197015764931;0
19.39;0.0285084046284897;-0.0462024226302778;0
19.4;0.028042913913819;-0.0469699487847012;0
19.41;0.0275698170662414;-0.0477220760807571;0
19.42;0.0270892689739255;-0.0484586055259469;0
19.43;0.026601426492427;-0.0491793431453936;0
19.44;0.0261064483942887;-0.0498841000313641;0
19.45;0.0256044953181516;-0.0505726923911878;0
19.46;0.0250957297173948;-0.0512449415935593;0
19.47;0.0245803158083195;-0.0519006742132139;0
19.48;0.0240584195178935;-0.0525397220739667;0
19.49;0.0235302084310729;-0.0531619222901032;0
19.5;0.022995851737717;-0.053767117306114;0
19.51;0.0224555201791137;-0.0543551549347626;0
19.52;0.0219093859941316;-0.0549258883934785;0
19.53;0.0213576228650157;-0.0554791763390687;0
19.54;0.0208004058628439;-0.0560148829007377;0
19.55;0.0202379113926602;-0.0565328777114112;0
19.56;0.019670317138303;-0.0570330359373559;0
19.57;0.0190978020069451;-0.0575152383060896;0
19.58;0.0185205460733612;-0.0579793711325769;0
19.59;0.0179387305239421;-0.0584253263437037;0
19.6;0.0173525376004722;-0.0588530015010291;0
19.61;0.0167621505436858;-0.0592622998218076;0
19.62;0.0161677535366227;-0.0596531301982806;0
19.63;0.0155695316477976;-0.0600254072152339;0
19.64;0.0149676707742021;-0.0603790511658176;0
19.65;0.0143623575841558;-0.0607139880656288;0
19.66;0.0137537794600258;-0.0610301496650537;0
19.67;0.0131421244408287;-0.0613274734598704;0
19.68;0.012527581164736;-0.0616059027001105;0
19.69;0.0119103388114976;-0.061865386397181;0
19.7;0.0112905870448029;-0.0621058793292465;0
19.71;0.0106685159545949;-0.0623273420448739;0
19.72;0.0100443159993568;-0.0625297408649414;0
19.73;0.00941817794838569;-0.0627130478828126;0
19.74;0.00879029282407428;-0.0628772409627817;0
19.75;0.00816085184421434;-0.0630223037367898;0
19.76;0.00753004636434151;-0.0631482255994194;0
19.77;0.00689806782013775;-0.063255001701169;0
19.78;0.00626510766990871;-0.0633426329400145;0
19.79;0.00563135733715322;-0.0634111259512617;0
19.8;0.00499700815324191;-0.063460493095697;0
19.81;0.00436225130022196;-0.063490752446042;0
19.82;0.00372727775376495;-0.0635019277717187;0
19.83;0.00309227822627453;-0.063494048521934;0
19.84;0.00245744311017088;-0.06346714980709;0
19.85;0.00182296242136854;-0.0634212723785299;0
19.86;0.00118902574296423;-0.0633564626066272;0
19.87;0.000555822169151181;-0.0632727724572285;0
19.88;-7.64597506235537e-05;-0.0631702594664595;0
19.89;-0.000707632067242531;-0.0630489867139044;0
19.9;-0.00133750748722587;-0.0629090227941696;0
19.91;-0.00196589942774763;-0.0627504417868437;0
19.92;-0.00259262207134457;-0.0625733232248641;0
19.93;-0.00321749042030146;-0.0623777520613037;0
19.94;-0.00384032035069727;-0.0621638186345902;0
19.95;-0.00446092866609643;-0.06193161863217;0
19.96;-0.00507913315086985;-0.0616812530526325;0
19.97;-0.0056947526231303;-0.0614128281663058;0
19.98;-0.0063076069872669;-0.0611264554743412;0
19.99;-0.00691751728606376;-0.0608222516662993;0
20;-0.0075243057523877;-0.0605003385762539;0
