0;0.789028923313949;0.158916526863114;0
0.01;0.7905103128038;0.1349658244657;0
0.02;0.791752192518902;0.111015827984716;0
0.03;0.792754601830891;0.0870737154695249;0
0.04;0.793517651827501;0.0631466502694962;0
0.05;0.79404152515601;0.039241778911979;0
0.06;0.794326475845496;0.0153662289889683;0
0.07;0.794372829108014;-0.00847289294692227;0
0.08;0.794180981118768;-0.0322685034765642;0
0.09;0.79375139877539;-0.0560135443978844;0
0.1;0.793084619436437;-0.0797009847982957;0
0.11;0.792181250639208;-0.103323823115385;0
0.12;0.791041969797019;-0.126875089185262;0
0.13;0.789667523876048;-0.150347846277973;0
0.14;0.78805872905188;-0.173735193119402;0
0.15;0.786216470345907;-0.197030265899058;0
0.16;0.784141701241709;-0.220226240263186;0
0.17;0.781835443281573;-0.243316333292631;0
0.18;0.779298785643305;-0.266293805464873;0
0.19;0.776532884697492;-0.289151962599684;0
0.2;0.77353896354539;-0.311884157787853;0
0.21;0.770318311537597;-0.334483793302423;0
0.22;0.766872283773693;-0.356944322491898;0
0.23;0.763202300583038;-0.379259251654894;0
0.24;0.759309846986902;-0.401422141895684;0
0.25;0.755196472142132;-0.423426610960139;0
0.26;0.750863788766549;-0.445266335051518;0
0.27;0.746313472546274;-0.466935050625634;0
0.28;0.741547261525208;-0.488426556164853;0
0.29;0.736566955476859;-0.50973471393047;0
0.3;0.731374415258749;-0.530853451692938;0
0.31;0.725971562149619;-0.551776764439498;0
0.32;0.720360377169661;-0.57249871605872;0
0.33;0.714542900384013;-0.593013441001496;0
0.34;0.708521230189748;-0.613315145918027;0
0.35;0.702297522586601;-0.633398111270354;0
0.36;0.695873990431691;-0.653256692919989;0
0.37;0.689252902678471;-0.672885323690221;0
0.38;0.682436583600176;-0.692278514902662;0
0.39;0.67542741199802;-0.711430857887624;0
0.4;0.668227820394414;-0.730337025467915;0
0.41;0.660840294211454;-0.748991773415659;0
0.42;0.653267370934984;-0.767389941881743;0
0.43;0.645511639264467;-0.785526456797521;0
0.44;0.637575738248985;-0.803396331248388;0
0.45;0.629462356409614;-0.820994666818871;0
0.46;0.621174230848494;-0.838316654908881;0
0.47;0.612714146344849;-0.855357578020779;0
0.48;0.604084934438289;-0.872112811016916;0
0.49;0.595289472499655;-0.888577822347335;0
0.5;0.586330682789729;-0.904748175247305;0
0.51;0.577211531506105;-0.920619528904377;0
0.52;0.567935027818528;-0.936187639594684;0
0.53;0.55850422289301;-0.951448361788175;0
0.54;0.548922208905029;-0.966397649222523;0
0.55;0.539192118042139;-0.981031555945419;0
0.56;0.529317121496297;-0.995346237325018;0
0.57;0.519300428446225;-1.00933795102827;0
0.58;0.509145285030143;-1.02300305796691;0
0.59;0.498854973309181;-1.03633802321086;0
0.6;0.488432810221809;-1.04933941686885;0
0.61;0.477882146529604;-1.06200391493605;0
0.62;0.467206365754699;-1.07432830010847;0
0.63;0.456408883109226;-1.08630946256402;0
0.64;0.445493144417111;-1.09794440070996;0
0.65;0.434462625028536;-1.10923022189668;0
0.66;0.423320828727423;-1.12016414309754;0
0.67;0.412071286632272;-1.13074349155471;0
0.68;0.400717556090686;-1.14096570539085;0
0.69;0.389263219567946;-1.15082833418648;0
0.7;0.377711883529956;-1.16032903952298;0
0.71;0.366067177320921;-1.16946559549104;0
0.72;0.354332752036089;-1.17823588916455;0
0.73;0.342512279389918;-1.18663792103978;0
0.74;0.330609450580003;-1.19466980543983;0
0.75;0.318627975147113;-1.20232977088423;0
0.76;0.306571579831692;-1.20961616042372;0
0.77;0.294444007427173;-1.21652743194007;0
0.78;0.282249015630441;-1.22306215841102;0
0.79;0.269990375889814;-1.22921902814019;0
0.8;0.257671872250874;-1.23499684495211;0
0.81;0.245297300200515;-1.24039452835223;0
0.82;0.232870465509533;-1.24541111365197;0
0.83;0.220395183074143;-1.25004575205892;0
0.84;0.207875275756729;-1.25429771073201;0
0.85;0.195314573226218;-1.25816637280196;0
0.86;0.182716910798396;-1.26165123735686;0
0.87;0.170086128276524;-1.26475191939305;0
0.88;0.157426068792607;-1.26746814973127;0
0.89;0.144740577649654;-1.26979977489833;0
0.9;0.132033501165276;-1.27174675697427;0
0.91;0.119308685516968;-1.27330917340506;0
0.92;0.106569975589418;-1.27448721678117;0
0.93;0.093821213824185;-1.27528119458194;0
0.94;0.0810662390720851;-1.27569152888591;0
0.95;0.0683088854486271;-1.27571875604738;0
0.96;0.0555529811928347;-1.27536352633923;0
0.97;0.0428023475297915;-1.27462660356217;0
0.98;0.0300607975372433;-1.27350886462072;0
0.99;0.0173321350165906;-1.27201129906588;0
1;0.00462015336860233;-1.27013500860501;0
1.01;-0.0080713655258207;-1.26788120657872;0
1.02;-0.0207386524195054;-1.26525121740536;0
1.03;-0.0333779518071644;-1.26224647599306;0
1.04;-0.0459855230275307;-1.25886852711977;0
1.05;-0.0585576413591479;-1.25511902478128;0
1.06;-0.0710905991094992;-1.2509997315078;0
1.07;-0.0835807066971602;-1.24651251764902;0
1.08;-0.0960242937266625;-1.24165936062817;0
1.09;-0.108417710055759;-1.23644234416525;0
1.1;-0.120752787016163;-1.22632435302069;0
1.11;-0.132989642750759;-1.22039497579281;0
1.12;-0.145165602336674;-1.21410996301186;0
1.13;-0.157277120562679;-1.20747180989627;0
1.14;-0.169320677627565;-1.2004831132335;0
1.15;-0.18129278015157;-1.19314657042711;0
1.16;-0.193189962178141;-1.18546497851523;0
1.17;-0.205008786165767;-1.17744123316092;0
1.18;-0.216745843969575;-1.16907832761462;0
1.19;-0.22839775781244;-1.16037935164917;0
1.2;-0.23996118124531;-1.15134749046778;0
1.21;-0.251432800096505;-1.14198602358515;0
1.22;-0.262809333409694;-1.13229832368236;0
1.23;-0.274087534370312;-1.12228785543574;0
1.24;-0.28526419122015;-1.11195817432018;0
1.25;-0.296336128159859;-1.10131292538728;0
1.26;-0.307300206239134;-1.09035584201876;0
1.27;-0.318153324234307;-1.07909074465556;0
1.28;-0.328892419513142;-1.06752153950295;0
1.29;-0.339514468886556;-1.05565221721222;0
1.3;-0.350016489447069;-1.04348685153932;0
1.31;-0.360395539393724;-1.03102959798087;0
1.32;-0.370648718843283;-1.01828469238801;0
1.33;-0.380773170627447;-1.00525644955858;0
1.34;-0.390766081075912;-0.991949261807996;0
1.35;-0.400624680785039;-0.978367597519429;0
1.36;-0.410346245371929;-0.964515999673577;0
1.37;-0.419928096213713;-0.950399084358678;0
1.38;-0.429367601171848;-0.936021539261135;0
1.39;-0.43866217530124;-0.921388122137274;0
1.4;-0.447809281543993;-0.906503659266741;0
1.41;-0.456806431407623;-0.891373043887993;0
1.42;-0.465651185627538;-0.876001234616425;0
1.43;-0.474341154813629;-0.860393253845614;0
1.44;-0.482874000080793;-0.844554186132181;0
1.45;-0.491247433663241;-0.828489176564815;0
1.46;-0.499459219512421;-0.812203429117935;0
1.47;-0.507507173878412;-0.795702204990546;0
1.48;-0.515389165874642;-0.778990820930784;0
1.49;-0.52310311802579;-0.762074647546698;0
1.5;-0.530647006798732;-0.744959107603784;0
1.51;-0.538018863116412;-0.727649674309816;0
1.52;-0.545216772854497;-0.710151869587497;0
1.53;-0.552238877320713;-0.692471262335482;0
1.54;-0.559083373716735;-0.674613466678307;0
1.55;-0.565748515582537;-0.656584140205766;0
1.56;-0.57223261322308;-0.638388982202289;0
1.57;-0.578534034117257;-0.620033731866858;0
1.58;-0.584651203308995;-0.601524166524029;0
1.59;-0.590582603780431;-0.582866099826586;0
1.6;-0.596326776807076;-0.564065379950407;0
1.61;-0.601882322294893;-0.545127887782073;0
1.62;-0.607247899099231;-0.526059535099798;0
1.63;-0.612422225325525;-0.506866262748212;0
1.64;-0.617404078611731;-0.48755403880758;0
1.65;-0.622192296392422;-0.468128856757997;0
1.66;-0.626785776144511;-0.448596733639125;0
1.67;-0.631183475614548;-0.428963708206031;0
1.68;-0.635384413027567;-0.409235839081686;0
1.69;-0.639387667277438;-0.389419202906683;0
1.7;-0.643192378098708;-0.369519892486732;0
1.71;-0.646797746219911;-0.3495440149385;0
1.72;-0.650203033498329;-0.329497689834335;0
1.73;-0.653407563036199;-0.30938704734646;0
1.74;-0.656410719278358;-0.289218226391169;0
1.75;-0.659211948091338;-0.268997372773594;0
1.76;-0.661810756823905;-0.248730637333597;0
1.77;-0.664206714349073;-0.228424174093338;0
1.78;-0.666399451087597;-0.20808413840707;0
1.79;-0.668388659012979;-0.187716685113724;0
1.8;-0.670174091638012;-0.16732796669281;0
1.81;-0.671755563982903;-0.146924131424208;0
1.82;-0.673132952525009;-0.126511321552369;0
1.83;-0.674306195130244;-0.106095671455489;0
1.84;-0.675275290966195;-0.0856833058201847;0
1.85;-0.676040300397012;-0.0652803378222092;0
1.86;-0.676601344860142;-0.0448928673137474;0
1.87;-0.676958606724958;-0.0245269790178205;0
1.88;-0.677112329133372;-0.00418874073032841;0
1.89;-0.677062815822501;0.0161157984697438;0
1.9;-0.676810430929476;0.0363806100014323;0
1.91;-0.676355598778483;0.0565996875536957;0
1.92;-0.67569880365012;0.0767670488475953;0
1.93;-0.674840589533192;0.0968767373882422;0
1.94;-0.673781559859017;0.116922824206005;0
1.95;-0.672522377218384;0.136899409586476;0
1.96;-0.671063763061261;0.156800624788686;0
1.97;-0.669406497379368;0.176620633751097;0
1.98;-0.667551418371754;0.19635363478485;0
1.99;-0.665499422093503;0.21599386225381;0
2;-0.663251462087691;0.235535588240915;0
2.01;-0.660808549000751;0.254973124200348;0
2.02;-0.658171750181381;0.274300822595076;0
2.03;-0.655342189263139;0.293513078519276;0
2.04;-0.652321045730892;0.312604331305197;0
2.05;-0.649109554471258;0.331569066113994;0
2.06;-0.64570900530722;0.3504018155101;0
2.07;-0.642120742517073;0.369097161018671;0
2.08;-0.638346164337869;0.387649734665688;0
2.09;-0.634386722453545;0.406054220500264;0
2.1;-0.630243921467907;0.424305356098752;0
2.11;-0.62591931836266;0.442397934050209;0
2.12;-0.62141452194066;0.46032680342283;0
2.13;-0.616731192254604;0.47808687121092;0
2.14;-0.611871040021323;0.495673103762022;0
2.15;-0.606835826021903;0.513080528183798;0
2.16;-0.601627360487832;0.53030423373028;0
2.17;-0.596247502473373;0.547339373167109;0
2.18;-0.590698159214381;0.564181164115386;0
2.19;-0.584981285473784;0.580824890373777;0
2.2;-0.579098882873937;0.597265903218509;0
2.21;-0.57305299921608;0.613499622680895;0
2.22;-0.566845727787122;0.62952153880207;0
2.23;-0.560479206653978;0.645327212864566;0
2.24;-0.553955617945704;0.660912278600428;0
2.25;-0.54727718712365;0.676272443375533;0
2.26;-0.540446182239882;0.691403489349795;0
2.27;-0.533464913184108;0.706301274612966;0
2.28;-0.526335730919363;0.720961734295715;0
2.29;-0.519061026706686;0.735380881655711;0
2.3;-0.511643231319062;0.749554809138412;0
2.31;-0.504084814244859;0.763479689412299;0
2.32;-0.496388282881039;0.777151776378285;0
2.33;-0.488556181716381;0.790567406153034;0
2.34;-0.480591091505002;0.803722998025943;0
2.35;-0.472495628430414;0.816615055389559;0
2.36;-0.464272443260412;0.829240166643169;0
2.37;-0.45592422049303;0.841595006069374;0
2.38;-0.447453677493872;0.853676334683395;0
2.39;-0.438863563625061;0.865481001054931;0
2.4;-0.430156659366097;0.877005942102357;0
2.41;-0.4213357754269;0.888248183859072;0
2.42;-0.412403751853311;0.899204842211817;0
2.43;-0.403363457125347;0.909873123610789;0
2.44;-0.394217787248465;0.92025032575139;0
2.45;-0.384969664838156;0.930333838227452;0
2.46;-0.375622038198121;0.940121143155785;0
2.47;-0.366177880392338;0.94960981577193;0
2.48;-0.356640188311302;0.958797524996962;0
2.49;-0.347011981732722;0.967682033975242;0
2.5;-0.337296302376979;0.976261200582999;0
2.51;-0.327496212957623;0.984532977907645;0
2.52;-0.317614796227217;0.992495414697716;0
2.53;-0.307655154018803;1.00014665578337;0
2.54;-0.297620406283305;1.00748494246738;0
2.55;-0.287513690123156;1.01450861288648;0
2.56;-0.277338158822433;1.02121610234314;0
2.57;-0.267096980873823;1.02760594360757;0
2.58;-0.256793339002691;1.03367676719006;0
2.59;-0.246430429188568;1.03942730158348;0
2.6;-0.236011459684337;1.04485637347604;0
2.61;-0.225539650033439;1.04996290793425;0
2.62;-0.215018230085369;1.05474592855607;0
2.63;-0.204450439009789;1.0592045575942;0
2.64;-0.193839524309527;1.0633380160497;0
2.65;-0.183188740832789;1.06714562373576;0
2.66;-0.172501349784858;1.07062679931178;0
2.67;-0.161780617739584;1.07378106028772;0
2.68;-0.151029815650972;1.07660802299887;0
2.69;-0.140252217865149;1.07910740255102;0
2.7;-0.129451101133016;1.08127901273604;0
2.71;-0.118629743623872;1.08312276591818;0
2.72;-0.107791423940313;1.08463867289087;0
2.73;-0.0969394201346911;1.08582684270431;0
2.74;-0.0860770087274282;1.08668748246394;0
2.75;-0.0752074637274802;1.08722089709984;0
2.76;-0.0643340556552328;1.08742748910716;0
2.77;-0.0534600505681251;1.0873077582578;0
2.78;-0.0425887090892851;1.08686230128343;0
2.79;-0.0317232854394631;1.08609181152994;0
2.8;-0.0208670264725487;1.08499707858359;0
2.81;-0.0100231707149537;1.0835789878689;0
2.82;0.000805052590858449;1.0818385202185;0
2.83;0.0116144244384154;1.07977675141518;0
2.84;0.022401737004575;1.07739485170618;0
2.85;0.033163794591883;1.07469408529011;0
2.86;0.0438974145656775;1.07167580977644;0
2.87;0.0545994282856657;1.06834147561806;0
2.88;0.0652666820317059;1.0646926255169;0
2.89;0.0758960379235252;1.06073089380294;0
2.9;0.0864843748341083;1.05645800578685;0
2.91;0.0970285892964952;1.0518757770864;0
2.92;0.107525596403726;1.04698611292705;0
2.93;0.117972330701675;1.0417910074168;0
2.94;0.128365747074521;1.0362925427957;0
2.95;0.138702821622596;1.03049288866016;0
2.96;0.14898055253237;1.02439430116252;0
2.97;0.159195960938315;1.01799912218594;0
2.98;0.169346091776412;1.01130977849505;0
2.99;0.179428014629054;1.00432878086266;0
3;0.189438824561115;0.997058723172678;0
3.01;0.199375642946932;0.989502281499807;0
3.02;0.209235618287991;0.981662213166045;0
3.03;0.219015927021071;0.973541355774533;0
3.04;0.228713774316622;0.965142626220979;0
3.05;0.238326394867162;0.956469019683001;0
3.06;0.247851053665471;0.947523608587761;0
3.07;0.257285046772357;0.938309541558197;0
3.08;0.266625702073799;0.928830042338241;0
3.09;0.275870380027242;0.919088408697358;0
3.1;0.285016474396848;0.909088011314778;0
3.11;0.294061412977499;0.898832292643794;0
3.12;0.303002658307358;0.888324765756493;0
3.13;0.311837708368783;0.877569013169307;0
3.14;0.320564097277418;0.866568685649764;0
3.15;0.329179395959269;0.855327501004828;0
3.16;0.337681212815575;0.843849242851235;0
3.17;0.346067194375312;0.832137759368202;0
3.18;0.354335025935138;0.820196962032939;0
3.19;0.362482432186623;0.808030824339351;0
3.2;0.370507177830586;0.795643380500356;0
3.21;0.378407068178394;0.783038724134232;0
3.22;0.386179949740039;0.770221006935414;0
3.23;0.393823710798867;0.757194437330167;0
3.24;0.401336281972791;0.743963279117559;0
3.25;0.408715636761852;0.730531850096181;0
3.26;0.415959792081983;0.716904520677029;0
3.27;0.423066808784839;0.703085712483007;0
3.28;0.430034792163572;0.689079896935482;0
3.29;0.436861892444402;0.674891593828341;0
3.3;0.443546305263886;0.660525369890001;0
3.31;0.450086272131748;0.645985837333816;0
3.32;0.456480080879165;0.631277652397347;0
3.33;0.462726066092394;0.616405513870941;0
3.34;0.468822609531641;0.601374161616089;0
3.35;0.474768140535073;0.586188375074008;0
3.36;0.480561136407865;0.570852971764936;0
3.37;0.486200122796205;0.55537280577858;0
3.38;0.491683674046166;0.539752766256204;0
3.39;0.497010413547364;0.523997775864812;0
3.4;0.502179014061315;0.508112789263911;0
3.41;0.507188198034443;0.492102791565314;0
3.42;0.51203673789564;0.475972796786461;0
3.43;0.516723456338347;0.459727846297738;0
3.44;0.521247226587072;0.443373007264263;0
3.45;0.525606972648307;0.426913371082614;0
3.46;0.529801669545791;0.410354051812989;0
3.47;0.533830343540077;0.393700184607255;0
3.48;0.53769207233236;0.37695692413339;0
3.49;0.541385985252535;0.360129442996769;0
3.5;0.544911263431462;0.343222930158797;0
3.51;0.548267139957395;0.326242589353351;0
3.52;0.551452900016579;0.309193637501517;0
3.53;0.554467881017983;0.292081303125101;0
3.54;0.557311472702164;0.274910824759385;0
3.55;0.559983117234256;0.257687449365609;0
3.56;0.562482309281093;0.240416430743665;0
3.57;0.564808596072447;0.223103027945453;0
3.58;0.566961577446417;0.205752503689407;0
3.59;0.568940905878964;0.188370122776631;0
3.6;0.57074628649762;0.170961150509146;0
3.61;0.572377477079383;0.153530851110698;0
3.62;0.573834288032846;0.136084486150601;0
3.63;0.575116582364566;0.118627312971094;0
3.64;0.576224275629737;0.101164583118662;0
3.65;0.577157335867184;0.083701540779785;0
3.66;0.577915783518745;0.0662434212215946;0
3.67;0.57849969133308;0.0487954492378733;0
3.68;0.578909184253963;0.0313628376008688;0
3.69;0.579144439293124;0.0139507855193723;0
3.7;0.579205685387703;-0.00343552289648838;0
3.71;0.579093203242377;-0.0207909201632899;0
3.72;0.578807325156245;-0.0381102569447456;0
3.73;0.578348434834548;-0.0553884035640836;0
3.74;0.577716967185294;-0.0726202515079332;0
3.75;0.576913408100894;-0.0898007149212825;0
3.76;0.575938294224882;-0.106924732093075;0
3.77;0.574792212703826;-0.123987266932013;0
3.78;0.573475800924528;-0.14098331043215;0
3.79;0.571989746236616;-0.157907882127841;0
3.8;0.570334785660629;-0.174756031537635;0
3.81;0.568511705581726;-0.191522839596706;0
3.82;0.56652134142911;-0.208203420077395;0
3.83;0.564364577341317;-0.224792920997474;0
3.84;0.562042345817464;-0.241286526015721;0
3.85;0.55955562735461;-0.257679455814415;0
3.86;0.556905450071349;-0.273966969468353;0
3.87;0.554092889317774;-0.290144365800013;0
3.88;0.551119067271956;-0.30620698472046;0
3.89;0.547985152523076;-0.322150208555648;0
3.9;0.544692359641363;-0.337969463357711;0
3.91;0.541241948734987;-0.353660220200908;0
3.92;0.537635224994067;-0.369217996461832;0
3.93;0.53387353822194;-0.384638357083547;0
3.94;0.529958282353873;-0.399916915823295;0
3.95;0.525890894963365;-0.415049336483418;0
3.96;0.521672856756223;-0.43003133412517;0
3.97;0.517305691052569;-0.444858676265075;0
3.98;0.512790963256975;-0.459527184053505;0
3.99;0.508130280316884;-0.474032733435156;0
4;0.503325290169513;-0.488371256291103;0
4.01;0.498377681177418;-0.502538741562122;0
4.02;0.493289181552911;-0.516531236352987;0
4.03;0.488061558771527;-0.53034484701742;0
4.04;0.482696618974717;-0.543975740223428;0
4.05;0.477196206361988;-0.557420143998723;0
4.06;0.471562202572675;-0.570674348755951;0
4.07;0.465796526057554;-0.583734708297463;0
4.08;0.459901131440499;-0.596597640799353;0
4.09;0.453878008870393;-0.609259629774514;0
4.1;0.447729183363503;-0.621717225014445;0
4.11;0.441456714136539;-0.633967043509578;0
4.12;0.435062693930597;-0.646005770347879;0
4.13;0.428549248326227;-0.657830159591489;0
4.14;0.421918535049821;-0.669437035131183;0
4.15;0.41517274327157;-0.680823291518434;0
4.16;0.408314092895191;-0.691985894774857;0
4.17;0.401344833839671;-0.702921883178844;0
4.18;0.39426724531324;-0.713628368029186;0
4.19;0.387083635079818;-0.724102534385493;0
4.2;0.379796338718161;-0.73434164178523;0
4.21;0.372407718873941;-0.744343024937201;0
4.22;0.364920164505;-0.754104094391299;0
4.23;0.357336090120014;-0.763622337184376;0
4.24;0.349657935010801;-0.772895317462074;0
4.25;0.34188816247853;-0.781920677076478;0
4.26;0.334029259054051;-0.790696136159435;0
4.27;0.326083733712609;-0.79921949367144;0
4.28;0.31805411708318;-0.807488627925935;0
4.29;0.30994296065267;-0.815501497088928;0
4.3;0.301752835965233;-0.823256139653812;0
4.31;0.293486333816952;-0.830750674891293;0
4.32;0.285146063446134;-0.837983303274326;0
4.33;0.276734651719465;-0.844952306877986;0
4.34;0.268254742314284;-0.851656049754185;0
4.35;0.259708994897222;-0.858092978281173;0
4.36;0.251100084299453;-0.86426162148776;0
4.37;0.24243069968883;-0.870160591352209;0
4.38;0.233703543739134;-0.875788583075745;0
4.39;0.224921331796708;-0.881144375330651;0
4.4;0.216086791044724;-0.886226830482911;0
4.41;0.207202659665337;-0.891034894789391;0
4.42;0.198271685999983;-0.895567598569527;0
4.43;0.189296627708074;-0.899824056351518;0
4.44;0.180280250924348;-0.903803466993034;0
4.45;0.171225329415122;-0.907505113776427;0
4.46;0.162134643733711;-0.910928364478479;0
4.47;0.153010980375266;-0.914072671414702;0
4.48;0.143857130931276;-0.916937571458214;0
4.49;0.134675891244004;-0.919522686033239;0
4.5;0.1254700605611;-0.92182772108328;0
4.51;0.116242440690638;-0.923852467013996;0
4.52;0.106995835156849;-0.925596798610877;0
4.53;0.0977330483567863;-0.927060674931748;0
4.54;0.088456884718174;-0.928244139174213;0
4.55;0.0791701478587008;-0.929147318518094;0
4.56;0.0698756397469976;-0.92977042394297;0
4.57;0.0605761598655521;-0.93011375002091;0
4.58;0.0512745043758071;-0.930177674684505;0
4.59;0.0419734652856903;-0.929962658970309;0
4.6;0.0326758296198185;-0.929469246737809;0
4.61;0.0233843785926226;-0.928698064364054;0
4.62;0.0141018867846355;-0.927649820414069;0
4.63;0.0048311213221835;-0.926325305287206;0
4.64;-0.00442515893927715;-0.924725390839561;0
4.65;-0.0136642042279414;-0.922851029982636;0
4.66;-0.0228832746643166;-0.920703256258377;0
4.67;-0.0320796410655282;-0.918283183390793;0
4.68;-0.0412505857450374;-0.91559200481429;0
4.69;-0.0503934033075374;-0.912630993178935;0
4.7;-0.0595054014387996;-0.909401499832818;0
4.71;-0.0685839016902413;-0.905904954281721;0
4.72;-0.0776262402579876;-0.902142863626271;0
4.73;-0.0866297687562057;-0.898116811976823;0
4.74;-0.0955918549844877;-0.893828459846243;0
4.75;-0.104509883689063;-0.889279543520844;0
4.76;-0.113381257317621;-0.884471874409687;0
4.77;-0.122203396767535;-0.879407338372484;0
4.78;-0.130973742127263;-0.874087895026328;0
4.79;-0.139689753410725;-0.86851557703152;0
4.8;-0.148348911284449;-0.862692489356716;0
4.81;-0.156948717787267;-0.856620808523671;0
4.82;-0.165486697042378;-0.850302781831821;0
4.83;-0.173960395961561;-0.843740726562995;0
4.84;-0.182367384941345;-0.836937029166505;0
4.85;-0.19070525855095;-0.829894144424907;0
4.86;-0.198971636211791;-0.822614594600713;0
4.87;-0.207164162868372;-0.815100968564339;0
4.88;-0.215280509650373;-0.807355920903591;0
4.89;-0.223318374525746;-0.799382171014971;0
4.9;-0.23127548294465;-0.791182502177132;0
4.91;-0.239149588474038;-0.782759760606764;0
4.92;-0.246938473422725;-0.774116854497244;0
4.93;-0.254639949456768;-0.765256753040353;0
4.94;-0.262251858204983;-0.756182485431398;0
4.95;-0.269772071854446;-0.746897139858051;0
4.96;-0.277198493735808;-0.737403862473244;0
4.97;-0.284529058898268;-0.727705856352452;0
4.98;-0.291761734674047;-0.717806380435709;0
4.99;-0.298894521232223;-0.707708748454693;0
5;-0.305925452121759;-0.697416327845231;0
5.01;-0.312852594803605;-0.686932538645574;0
5.02;-0.319674051171709;-0.676260852380804;0
5.03;-0.326387958062816;-0.66540479093371;0
5.04;-0.332992487754917;-0.654367925402526;0
5.05;-0.339485848454215;-0.643153874945868;0
5.06;-0.345866284770484;-0.631766305615257;0
5.07;-0.352132078180704;-0.620208929175584;0
5.08;-0.35828154748084;-0.608485501913904;0
5.09;-0.36431304922566;-0.596599823436935;0
5.1;-0.370224978156488;-0.584555735457628;0
5.11;-0.376015767616757;-0.572357120571209;0
5.12;-0.381683889955293;-0.560007901021072;0
5.13;-0.387227856917206;-0.547512037454892;0
5.14;-0.3926462200223;-0.534873527671388;0
5.15;-0.397937570930909;-0.522096405358082;0
5.16;-0.403100541797077;-0.509184738820479;0
5.17;-0.408133805608987;-0.496142629703056;0
5.18;-0.413036076516564;-0.482974211702451;0
5.19;-0.417806110146183;-0.469683649273255;0
5.2;-0.422442703902395;-0.456275136326813;0
5.21;-0.426944697256618;-0.442752894923429;0
5.22;-0.431310972022716;-0.429121173958376;0
5.23;-0.435540452619416;-0.41538424784213;0
5.24;-0.439632106319498;-0.401546415175215;0
5.25;-0.443584943485718;-0.38761199741808;0
5.26;-0.447398017793403;-0.373585337556405;0
5.27;-0.451070426439682;-0.359470798762251;0
5.28;-0.45460131033931;-0.345272763051464;0
5.29;-0.457989854307052;-0.330995629937726;0
5.3;-0.461235287226595;-0.316643815083689;0
5.31;-0.464336882205957;-0.302221748949575;0
5.32;-0.467293956719373;-0.287733875439665;0
5.33;-0.470105872735642;-0.273184650547093;0
5.34;-0.472772036832906;-0.258578540997333;0
5.35;-0.475291900299872;-0.243920022890806;0
5.36;-0.477664959223446;-0.229213580345014;0
5.37;-0.479890754562798;-0.214463704136595;0
5.38;-0.481968872209838;-0.199674890343722;0
5.39;-0.48389894303613;-0.184851638989247;0
5.4;-0.485680642926235;-0.169998452684992;0
5.41;-0.487313692797503;-0.155119835277591;0
5.42;-0.48879785860634;-0.140220290496295;0
5.43;-0.490132951340951;-0.125304320603135;0
5.44;-0.491318827000609;-0.110376425045841;0
5.45;-0.49235538656146;-0.0954410991139233;0
5.46;-0.493242575928906;-0.0805028325983079;0
5.47;-0.493980385876599;-0.0655661084549265;0
5.48;-0.494568851972099;-0.0506354014726492;0
5.49;-0.49500805448922;-0.0357151769459571;0
5.5;-0.495298118307136;-0.02080988935274;0
5.51;-0.495439212796286;-0.0059239810376111;0
5.52;-0.495431551691131;0.00893811909887968;0
5.53;-0.495275392949848;0.0237719969047493;0
5.54;-0.494971038600988;0.0385732542744219;0
5.55;-0.494518834577205;0.0533375104395285;0
5.56;-0.4939191705361;0.0680604032522915;0
5.57;-0.493172479668266;0.0827375904611217;0
5.58;-0.492279238492619;0.0973647509780584;0
5.59;-0.491239966639087;0.111937586137688;0
5.6;-0.490055226618756;0.126451820947176;0
5.61;-0.488725623581547;0.140903205327058;0
5.62;-0.487251805061537;0.155287515342425;0
5.63;-0.48563446071001;0.169600554424159;0
5.64;-0.483874322016342;0.183838154579869;0
5.65;-0.481972162016819;0.19799617759417;0
5.66;-0.479928794991513;0.212070516217988;0
5.67;-0.4777450761493;0.226057095346521;0
5.68;-0.475421901301168;0.239951873185557;0
5.69;-0.472960206521899;0.25375084240579;0
5.7;-0.470360967800276;0.267450031284825;0
5.71;-0.467625200677918;0.281045504836551;0
5.72;-0.464753959876884;0.29453336592755;0
5.73;-0.461748338916171;0.307909756380254;0
5.74;-0.45860946971724;0.321170858062519;0
5.75;-0.455338522198709;0.334312893963326;0
5.76;-0.451936703860355;0.347332129254303;0
5.77;-0.448405259356565;0.360224872336785;0
5.78;-0.444745470059374;0.372987475874113;0
5.79;-0.440958653611265;0.385616337808882;0
5.8;-0.437046163467848;0.398107902364885;0
5.81;-0.433009388430596;0.410458661033446;0
5.82;-0.428849752169796;0.422665153543894;0
5.83;-0.424568712737853;0.434723968817918;0
5.84;-0.420167762073139;0.446631745907518;0
5.85;-0.415648425494524;0.458385174916335;0
5.86;-0.41101226118678;0.469980997904081;0
5.87;-0.40626085967701;0.481416009773851;0
5.88;-0.401395843302289;0.492687059142057;0
5.89;-0.396418865668677;0.503791049190778;0
5.9;-0.391331611101792;0.514724938502283;0
5.91;-0.386135794089123;0.52548574187551;0
5.92;-0.380833158714251;0.536070531124298;0
5.93;-0.375425478083181;0.546476435857148;0
5.94;-0.36991455374295;0.556700644238323;0
5.95;-0.364302215092717;0.566740403730091;0
5.96;-0.358590318787511;0.576593021815911;0
5.97;-0.352780748134836;0.586255866704385;0
5.98;-0.346875412484323;0.5957263680138;0
5.99;-0.340876246610627;0.605002017437087;0
6;-0.334785210089754;0.614080369387019;0
6.01;-0.328604286669042;0.622959041621516;0
6.02;-0.32233548363096;0.63163571584887;0
6.03;-0.315980831150961;0.640108138312773;0
6.04;-0.309542381649568;0.648374120356984;0
6.05;-0.303022209138907;0.656431538969521;0
6.06;-0.296422408563892;0.664278337306234;0
6.07;-0.289745095138268;0.671912525193643;0
6.08;-0.282992403675715;0.679332179610931;0
6.09;-0.276166487916234;0.686535445150972;0
6.1;-0.269269519848007;0.693520534460312;0
6.11;-0.262303689024962;0.700285728657975;0
6.12;-0.255271201880243;0.70682937773304;0
6.13;-0.248174281035792;0.713149900920885;0
6.14;-0.241015164608281;0.719245787058022;0
6.15;-0.233796105511574;0.725115594915465;0
6.16;-0.226519370755967;0.730757953510559;0
6.17;-0.219187240744397;0.736171562397219;0
6.18;-0.211802008565851;0.741355191934517;0
6.19;-0.204365979286189;0.746307683533596;0
6.2;-0.196881469236584;0.751027949882849;0
6.21;-0.189350805299825;0.755514975151353;0
6.22;-0.181776324194667;0.759767815170522;0
6.23;-0.174160371758477;0.763785597593967;0
6.24;-0.166505302228368;0.767567522035556;0
6.25;-0.158813477521058;0.771112860185656;0
6.26;-0.151087266511659;0.774420955905581;0
6.27;-0.143329044311626;0.777491225300238;0
6.28;-0.135541191546073;0.78032315676899;0
6.29;-0.12772609363068;0.782916311034764;0
6.3;-0.119886140048404;0.785270321151432;0
6.31;-0.112023723626218;0.78738489248949;0
6.32;-0.10414123981209;0.789259802700091;0
6.33;-0.0962410859524151;0.790894901657465;0
6.34;-0.0883256605701235;0.792290111379802;0
6.35;-0.0803973626436778;0.793445425928625;0
6.36;-0.0724585908871694;0.794360911286761;0
6.37;-0.0645117430317341;0.795036705214948;0
6.38;-0.0565592151084958;0.795473017087179;0
6.39;-0.0486034007332532;0.795670127704859;0
6.4;-0.0406466903931193;0.795628389089873;0
6.41;-0.0326914707353253;0.795348224256661;0
6.42;-0.0247401238583971;0.794830126963396;0
6.43;-0.0167950266059143;0.794074661442399;0
6.44;-0.00885854986305805;0.793082462109874;0
6.45;-0.000933057856153438;0.791854233255117;0
6.46;0.00697909254458737;0.790390748709308;0
6.47;0.0148755525189191;0.788692851494029;0
6.48;0.0227539819868118;0.78676145344964;0
6.49;0.0306120502948926;0.784597534843673;0
6.5;0.0384474368988821;0.782202143959379;0
6.51;0.046257832041828;0.779576396664603;0
6.52;0.0540409374279391;0.776721475961128;0
6.53;0.0617944668918253;0.773638631514682;0
6.54;0.0695161470629517;0.770329179165765;0
6.55;0.077203718025115;0.766794500421474;0
6.56;0.0848549339707539;0.763036041928528;0
6.57;0.092467563849905;0.759055314927666;0
6.58;0.10003939201362;0.754853894689617;0
6.59;0.107568218851661;0.750433419932855;0
6.6;0.11505186142429;0.745795592223327;0
6.61;0.12248815408798;0.740942175356379;0
6.62;0.129874949114858;0.735874994721084;0
6.63;0.137210117305723;0.73059593664721;0
6.64;0.144491548596449;0.725106947735028;0
6.65;0.15171715265761;0.719410034168219;0
6.66;0.158884859487163;0.713507261010094;0
6.67;0.165992619996018;0.707400751483373;0
6.68;0.173038406586329;0.701092686233772;0
6.69;0.18002021372235;0.694585302577639;0
6.7;0.186936058493705;0.687880893733897;0
6.71;0.19378398117089;0.680981808040552;0
6.72;0.200562045752893;0.67389044815602;0
6.73;0.207268340506741;0.666609270245545;0
6.74;0.213900978498858;0.659140783152982;0
6.75;0.220458098118068;0.651487547558201;0
6.76;0.226937863590116;0.643652175120415;0
6.77;0.233338465483549;0.635637327607684;0
6.78;0.239658121206845;0.627445716012906;0
6.79;0.245895075496629;0.619080099656565;0
6.8;0.252047600896864;0.610543285276538;0
6.81;0.258113998228885;0.601838126105252;0
6.82;0.264092597052146;0.592967520934486;0
6.83;0.269981756115558;0.583934413168127;0
6.84;0.275779863799307;0.574741789863182;0
6.85;0.281485338547024;0.565392680759351;0
6.86;0.28709662928821;0.555890157297473;0
6.87;0.292612215850784;0.546237331627155;0
6.88;0.298030609363672;0.536437355603916;0
6.89;0.30335035264931;0.526493419776134;0
6.9;0.308570020605981;0.516408752362154;0
6.91;0.313688220579879;0.506186618217849;0
6.92;0.318703592726798;0.495830317794977;0
6.93;0.323614810363375;0.485343186090662;0
6.94;0.328420580307784;0.474728591588317;0
6.95;0.333119643209802;0.463989935190358;0
6.96;0.337710773870168;0.453130649143027;0
6.97;0.342192781549154;0.442154195953674;0
6.98;0.346564510264279;0.431064067300822;0
6.99;0.350824839077089;0.419863782937366;0
7;0.35497268236894;0.408556889587238;0
7.01;0.359006990105725;0.397146959835887;0
7.02;0.362926748091469;0.385637591014911;0
7.03;0.366730978210754;0.374032404081188;0
7.04;0.37041873865991;0.362335042490852;0
7.05;0.37398912416692;0.350549171068461;0
7.06;0.3774412662;0.338678474871703;0
7.07;0.380774333164806;0.326726658051985;0
7.08;0.38398753059023;0.314697442711259;0
7.09;0.387080101302751;0.302594567755434;0
7.1;0.390051325589297;0.290421787744718;0
7.11;0.392900521348612;0.278182871741245;0
7.12;0.395627044231075;0.265881602154335;0
7.13;0.398230287766971;0.253521773583736;0
7.14;0.400709683483184;0.241107191661206;0
7.15;0.403064701008295;0.228641671890769;0
7.16;0.405294848166089;0.216129038488016;0
7.17;0.407399671057438;0.203573123218779;0
7.18;0.409378754130581;0.190977764237546;0
7.19;0.411231720239783;0.178346804925953;0
7.2;0.412958230692378;0.165684092731706;0
7.21;0.414557985284211;0.15299347800828;0
7.22;0.416030722323479;0.140278812855742;0
7.23;0.417376218642982;0.127543949963041;0
7.24;0.41859428960081;0.11479274145211;0
7.25;0.419684789069481;0.102029037724132;0
7.26;0.420647609413551;0.0892566863082926;0
7.27;0.421482681455719;0.0764795307133852;0
7.28;0.422189974431473;0.0637014092825837;0
7.29;0.422769495932289;0.050926154051739;0
7.3;0.423221291837434;0.0381575896115264;0
7.31;0.423545446234412;0.0253995319737795;0
7.32;0.423742081328088;0.0126557874423453;0
7.33;0.423811357338548;-6.98485112104533e-05;0
7.34;0.423753472387731;-0.0127735923667189;0
7.35;0.423568662374901;-0.0254516736690172;0
7.36;0.42325720084101;-0.0381003361357275;0
7.37;0.422819398822004;-0.0507158387588838;0
7.38;0.422255604691145;-0.0632944569000865;0
7.39;0.421566203990416;-0.0758324833788683;0
7.4;0.420751619251064;-0.0883262295539555;0
7.41;0.419812309803377;-0.100772026397115;0
7.42;0.418748771575741;-0.113166225559273;0
7.43;0.417561536883088;-0.125505200428611;0
7.44;0.416251174204788;-0.137785347180314;0
7.45;0.414818287952087;-0.150003085817698;0
7.46;0.413263518225176;-0.162154861204396;0
7.47;0.411587540559973;-0.174237144087319;0
7.48;0.409791065664725;-0.186246432110106;0
7.49;0.407874839146515;-0.198179250816762;0
7.5;0.405839641227778;-0.210032154645213;0
7.51;0.40368628645293;-0.221801727910489;0
7.52;0.40141562338521;-0.233484585777264;0
7.53;0.39902853429385;-0.245077375221474;0
7.54;0.396525934831675;-0.25657677598075;0
7.55;0.393908773703247;-0.267979501493392;0
7.56;0.391178032323684;-0.279282299825632;0
7.57;0.388334724468243;-0.290481954586923;0
7.58;0.385379895912822;-0.301575285832994;0
7.59;0.382314624065472;-0.312559150956439;0
7.6;0.379140017589073;-0.323430445564569;0
7.61;0.375857216015281;-0.334186104344315;0
7.62;0.372467389349889;-0.344823101913918;0
7.63;0.36897173766973;-0.355338453661193;0
7.64;0.365371490711261;-0.365729216568127;0
7.65;0.361667907450958;-0.375992490021593;0
7.66;0.357862275677674;-0.38612541660996;0
7.67;0.353955911557092;-0.396125182905382;0
7.68;0.349950159188418;-0.40598902023156;0
7.69;0.345846390153463;-0.415714205416766;0
7.7;0.341646003058271;-0.425298061531939;0
7.71;0.337350423067416;-0.434737958613644;0
7.72;0.332961101431159;-0.444031314371714;0
7.73;0.328479515005579;-0.453175594881383;0
7.74;0.323907165765869;-0.462168315259733;0
7.75;0.319245580312926;-0.471007040326275;0
7.76;0.314496309373418;-0.479689385247503;0
7.77;0.309660927293468;-0.488213016165236;0
7.78;0.304741031526139;-0.496575650808614;0
7.79;0.299738242112861;-0.504775059089564;0
7.8;0.294654201158993;-0.512809063681614;0
7.81;0.289490572303654;-0.520675540581884;0
7.82;0.284249040184028;-0.528372419656137;0
7.83;0.278931309894286;-0.535897685166737;0
7.84;0.273539106439306;-0.543249376283401;0
7.85;0.268074174183363;-0.550425587576611;0
7.86;0.262538276293971;-0.557424469493566;0
7.87;0.256933194181031;-0.564244228816579;0
7.88;0.251260726931491;-0.570883129103783;0
7.89;0.245522690739659;-0.577339491112078;0
7.9;0.239720918333387;-0.583611693202185;0
7.91;0.233857258396273;-0.589698171725758;0
7.92;0.227933574986075;-0.59559742139443;0
7.93;0.221951746949515;-0.60130799563074;0
7.94;0.215913667333663;-0.606828506900856;0
7.95;0.209821242794068;-0.612157627029022;0
7.96;0.203676392999828;-0.617294087493683;0
7.97;0.197481050035785;-0.622236679705204;0
7.98;0.191237157802024;-0.62698425526516;0
7.99;0.184946671410859;-0.631535726207127;0
8;0.178611556581502;-0.635890065218955;0
8.01;0.172233789032585;-0.640046305846464;0
8.02;0.165815353872733;-0.644003542678559;0
8.03;0.15935824498937;-0.647760931513721;0
8.04;0.152864464435938;-0.651317689507867;0
8.05;0.146336021817731;-0.654673095303564;0
8.06;0.139774933676514;-0.657826489140585;0
8.07;0.133183222874118;-0.660777272947816;0
8.08;0.126562917975212;-0.663524910416512;0
8.09;0.11991605262941;-0.66606892705491;0
8.1;0.113244664952928;-0.668408910224221;0
8.11;0.106550796909961;-0.670544509156015;0
8.12;0.0998364936939665;-0.67247543495104;0
8.13;0.0931038031090495;-0.674201460559482;0
8.14;0.0863547749516233;-0.67572242074273;0
8.15;0.0795914603925377;-0.677038212016678;0
8.16;0.0728159113598564;-0.678148792576605;0
8.17;0.0660301799224695;-0.679054182203701;0
8.18;0.0592363176747216;-0.679754462153296;0
8.19;0.0524363751222406;-0.680249775024843;0
8.2;0.0456324010691486;-0.680540324613744;0
8.21;0.0388264420068352;-0.680626375745088;0
8.22;0.0320205415044756;-0.680508254089373;0
8.23;0.0252167396014712;-0.680186345960311;0
8.24;0.0184170722019933;-0.679661098094801;0
8.25;0.011623570471806;-0.678933017415167;0
8.26;0.00483826023754743;-0.678002670773766;0
8.27;-0.00193683861135742;-0.676870684680064;0
8.28;-0.00869971271797531;-0.675537745010307;0
8.29;-0.0154483558501626;-0.674004596699885;0
8.3;-0.022180769489709;-0.672272043418534;0
8.31;-0.0288949634181568;-0.670340947228476;0
8.32;-0.0355889562991254;-0.668212228225653;0
8.33;-0.0422607762569718;-0.665886864164176;0
8.34;-0.0489084614516216;-0.663365890064138;0
8.35;-0.0555300606494031;-0.660650397802938;0
8.36;-0.062123633789721;-0.657741535690255;0
8.37;-0.0686872525474076;-0.654640508026843;0
8.38;-0.0752190008905886;-0.651348574647304;0
8.39;-0.0817169756339059;-0.647867050446989;0
8.4;-0.0881792869869386;-0.644197304893214;0
8.41;-0.0946040590976655;-0.640340761520961;0
8.42;-0.100989430590817;-0.636298897413229;0
8.43;-0.107333555100959;-0.632073242666234;0
8.44;-0.113634601800167;-0.627665379839636;0
8.45;-0.119890755920127;-0.623076943391977;0
8.46;-0.126100219268536;-0.618309619101545;0
8.47;-0.132261210739635;-0.613365143472838;0
8.48;-0.138371966818752;-0.608245303128849;0
8.49;-0.144430742080697;-0.602951934189368;0
8.5;-0.150435809681887;-0.59748692163552;0
8.51;-0.156385461846044;-0.591852198660744;0
8.52;-0.162278010343353;-0.586049746008435;0
8.53;-0.168111786962928;-0.580081591296478;0
8.54;-0.173885143978474;-0.573949808328881;0
8.55;-0.179596454607005;-0.567656516394755;0
8.56;-0.185244113460489;-0.56120387955486;0
8.57;-0.190826536990313;-0.554594105915957;0
8.58;-0.196342163924433;-0.547829446893208;0
8.59;-0.201789455697096;-0.540912196460851;0
8.6;-0.207166896871015;-0.533844690391418;0
8.61;-0.212472995551889;-0.526629305483723;0
8.62;-0.21770628379515;-0.51926845877988;0
8.63;-0.222865318004833;-0.511764606771609;0
8.64;-0.227948679324462;-0.50412024459607;0
8.65;-0.232954974019852;-0.496337905221503;0
8.66;-0.237882833853709;-0.488420158622926;0
8.67;-0.242730916451965;-0.480369610948158;0
8.68;-0.247497905661707;-0.472188903674422;0
8.69;-0.252182511900651;-0.463880712755824;0
8.7;-0.256783472498035;-0.455447747761946;0
8.71;-0.26129955202687;-0.446892751007856;0
8.72;-0.265729542627449;-0.438218496675788;0
8.73;-0.270072264322034;-0.429427789928783;0
8.74;-0.274326565320649;-0.420523466016567;0
8.75;-0.278491322317893;-0.411508389373948;0
8.76;-0.282565440780713;-0.402385452712007;0
8.77;-0.286547855227043;-0.393157576102385;0
8.78;-0.290437529495273;-0.383827706054935;0
8.79;-0.29423345700445;-0.374398814589037;0
8.8;-0.297934661005177;-0.364873898298859;0
8.81;-0.30154019482113;-0.355255977412865;0
8.82;-0.30504914208115;-0.345548094847847;0
8.83;-0.30846061694185;-0.335753315257784;0
8.84;-0.31177376430069;-0.325874724077826;0
8.85;-0.314987759999465;-0.315915426563681;0
8.86;-0.31810181101818;-0.305878546826719;0
8.87;-0.32111515565924;-0.295767226865083;0
8.88;-0.324027063721954;-0.285584625591095;0
8.89;-0.326836836667279;-0.275333917855274;0
8.9;-0.329543807772803;-0.265018293467247;0
8.91;-0.33214734227792;-0.25464095621386;0
8.92;-0.334646837519172;-0.244205122874786;0
8.93;-0.337041723055741;-0.233714022235935;0
8.94;-0.339331460785065;-0.223170894100952;0
8.95;-0.341515545048559;-0.212578988301121;0
8.96;-0.343593502727432;-0.201941563703953;0
8.97;-0.345564893328586;-0.191261887220786;0
8.98;-0.347429309060583;-0.180543232813658;0
8.99;-0.349186374899682;-0.169788880501795;0
9;-0.350835748645942;-0.159002115367971;0
9.01;-0.352377120969381;-0.148186226565077;0
9.02;-0.353810215446216;-0.13734450632316;0
9.03;-0.355134788585163;-0.126480248957258;0
9.04;-0.356350629843828;-0.11559674987631;0
9.05;-0.357457561635192;-0.104697304593442;0
9.06;-0.358455439324203;-0.093785207737925;0
9.07;-0.359344151214501;-0.0828637520690922;0
9.08;-0.360123618525287;-0.0719362274925153;0
9.09;-0.36079379535837;-0.061005920078725;0
9.1;-0.361354668655407;-0.0500761110847677;0
9.11;-0.361806258145382;-0.0391500759788876;0
9.12;-0.362148616282336;-0.0282310834686194;0
9.13;-0.362381828173405;-0.0173223945325786;0
9.14;-0.362506011497183;-0.00642726145623243;0
9.15;-0.362521316412472;0.00445107312806641;0
9.16;-0.362427925457445;0.0153093771965021;0
9.17;-0.362226053439277;0.0261444302843962;0
9.18;-0.361915947314301;0.0369530244317093;0
9.19;-0.361497886058718;0.0477319651231696;0
9.2;-0.360972180529946;0.058478072222755;0
9.21;-0.36033917331864;0.0691881809022591;0
9.22;-0.359599238591463;0.0798591425636725;0
9.23;-0.358752781924649;0.0904878257551142;0
9.24;-0.357800240128452;0.101071117080048;0
9.25;-0.356742081062522;0.111605922099524;0
9.26;-0.355578803442298;0.12208916622719;0
9.27;-0.354310936636481;0.132517795616808;0
9.28;-0.352939040455668;0.142888778042031;0
9.29;-0.351463704932221;0.153199103768192;0
9.3;-0.349885550091461;0.163445786415841;0
9.31;-0.348205225714257;0.173625863815807;0
9.32;-0.346423411091113;0.183736398855533;0
9.33;-0.344540814767818;0.193774480316437;0
9.34;-0.342558174282781;0.203737223702077;0
9.35;-0.340476255896111;0.213621772056888;0
9.36;-0.338295854310561;0.223425296775246;0
9.37;-0.336017792384424;0.23314499840065;0
9.38;-0.333642920836486;0.242778107414789;0
9.39;-0.331172117943124;0.252321885016282;0
9.4;-0.328606289227677;0.261773623888872;0
9.41;-0.325946367142176;0.271130648958852;0
9.42;-0.323193310741549;0.280390318141544;0
9.43;-0.320348105350414;0.289550023076584;0
9.44;-0.317411762222566;0.298607189851851;0
9.45;-0.314385318193284;0.307559279715813;0
9.46;-0.311269835324559;0.316403789778122;0
9.47;-0.308066400543374;0.325138253698243;0
9.48;-0.304776125273153;0.33376024236195;0
9.49;-0.301400145058496;0.3422673645455;0
9.5;-0.297939619183337;0.350657267567302;0
9.51;-0.294395730282627;0.358927637926923;0
9.52;-0.290769683947706;0.367076201931239;0
9.53;-0.287062708325448;0.375100726307586;0
9.54;-0.283276053711354;0.382999018803736;0
9.55;-0.279410992136695;0.390768928774548;0
9.56;-0.275468816949846;0.398408347755136;0
9.57;-0.271450842391961;0.405915210020412;0
9.58;-0.267358403167102;0.413287493130852;0
9.59;-0.263192854006983;0.420523218464347;0
9.6;-0.258955569230451;0.427620451734016;0
9.61;-0.254647942297855;0.43457730349182;0
9.62;-0.250271385360449;0.44139192961789;0
9.63;-0.245827328804953;0.448062531795415;0
9.64;-0.241317220793449;0.454587357970982;0
9.65;-0.236742526798719;0.460964702800265;0
9.66;-0.23210472913521;0.467192908078941;0
9.67;-0.227405326485748;0.473270363158737;0
9.68;-0.222645833424157;0.479195505348503;0
9.69;-0.217827779933941;0.484966820300227;0
9.7;-0.212952710923173;0.490582842379886;0
9.71;-0.208022185735739;0.496042155023064;0
9.72;-0.203037777659097;0.50134339107525;0
9.73;-0.198001073428708;0.506485233116732;0
9.74;-0.192913672729278;0.511466413772037;0
9.75;-0.187777187692984;0.516285716003824;0
9.76;-0.182593242394823;0.520941973391192;0
9.77;-0.177363472345258;0.525434070392335;0
9.78;-0.172089523980299;0.52976094259149;0
9.79;-0.166773054149189;0.533921576930141;0
9.8;-0.161415729599852;0.537915011922427;0
9.81;-0.156019226462254;0.54174033785472;0
9.82;-0.15058522972984;0.545396696969341;0
9.83;-0.145115432739205;0.548883283632391;0
9.84;-0.139611536648164;0.552199344485661;0
9.85;-0.134075249912365;0.555344178582615;0
9.86;-0.128508287760622;0.558317137508428;0
9.87;-0.122912371669116;0.561117625484071;0
9.88;-0.117289228834625;0.563745099454437;0
9.89;-0.11164059164695;0.566199069160517;0
9.9;-0.105968197160687;0.568479097195614;0
9.91;-0.100273786566507;0.57058479904563;0
9.92;-0.094559104662111;0.572515843113421;0
9.93;-0.0888258993230068;0.574271950727252;0
9.94;-0.0830759209732759;0.575852896133367;0
9.95;-0.0773109220564856;0.577258506472717;0
9.96;-0.0715326565069047;0.578488661741864;0
9.97;-0.0657428792211812;0.579543294738114;0
9.98;-0.0599433455306398;0.580422390988915;0
9.99;-0.0541358106743554;0.581125988665566;0
10;-0.0483220292731612;0.581654178481304;0
10.01;-0.0425037548047442;0.582007103573801;0
10.02;-0.0366827390799875;0.582184959372167;0
10.03;-0.0308607317207107;0.582187993448486;0
10.04;-0.0250394796389649;0.582016505353994;0
10.05;-0.0192207265180347;0.581670846439949;0
10.06;-0.0134062122953;0.58115141966328;0
10.07;-0.00759767264710949;0.580458679377107;0
10.08;-0.00179683847581685;0.579593131106209;0
10.09;0.00399456460087062;0.578555331307539;0
10.1;0.00977481675808132;0.57734588711589;0
10.11;0.015542204469359;0.575965456074792;0
10.12;0.0212950210094852;0.574414745852783;0
10.13;0.0270315669543994;0.572694513945118;0
10.14;0.0327501506780703;0.570805567361072;0
10.15;0.0384490888461769;0.568748762296934;0
10.16;0.0441267069064541;0.566525003794812;0
10.17;0.0497813395755648;0.56413524538739;0
10.18;0.0554113313223551;0.561580488728757;0
10.19;0.0610150368473566;0.558861783211446;0
10.2;0.0665908215583973;0.555980225569822;0
10.21;0.0721370620421854;0.552936959469957;0
10.22;0.0776521465317317;0.549733175086146;0
10.23;0.0831344753694775;0.546370108664206;0
10.24;0.0885824614659965;0.542849042071719;0
10.25;0.0939945307541412;0.539171302335366;0
10.26;0.0993691226385052;0.535338261165529;0
10.27;0.104704690440074;0.531351334468305;0
10.28;0.109999701835941;0.527211981845116;0
10.29;0.115252639293964;0.522921706080084;0
10.3;0.120462000502242;0.518482052615335;0
10.31;0.125626298793286;0.513894609014423;0
10.32;0.130744063562782;0.509161004414049;0
10.33;0.135813840682809;0.504282908964259;0
10.34;0.140834192909411;0.49926203325731;0
10.35;0.145803700284409;0.494100127745396;0
10.36;0.150720960531343;0.488798982147426;0
10.37;0.155584589445423;0.48336042484505;0
10.38;0.160393221277407;0.477786322268133;0
10.39;0.165145509111275;0.472078578269883;0
10.4;0.169840125235615;0.466239133491831;0
10.41;0.17447576150861;0.460269964718875;0
10.42;0.179051129716538;0.454173084224604;0
10.43;0.183564961925673;0.4479505391071;0
10.44;0.188016010827509;0.441604410615449;0
10.45;0.192403050077206;0.435136813467172;0
10.46;0.196724874625169;0.428549895156792;0
10.47;0.200980301041677;0.421845835255769;0
10.48;0.205168167834467;0.415026844704021;0
10.49;0.209287335759207;0.408095165093257;0
10.5;0.21333668812275;0.401053067942362;0
10.51;0.217315131079127;0.393902853965044;0
10.52;0.221221593918164;0.386646852329998;0
10.53;0.225055029346678;0.379287419913808;0
10.54;0.228814413762172;0.371826940546829;0
10.55;0.232498747518948;0.364267824252281;0
10.56;0.236107055186593;0.356612506478805;0
10.57;0.23963838580075;0.348863447326714;0
10.58;0.243091813106137;0.341023130768183;0
10.59;0.246466435791734;0.333094063861625;0
10.6;0.249761377718083;0.325078775960496;0
10.61;0.252975788136667;0.316979817916775;0
10.62;0.256108841901288;0.308799761279377;0
10.63;0.259159739671409;0.300541197487724;0
10.64;0.262127708107419;0.292206737060757;0
10.65;0.265012000057758;0.283799008781608;0
10.66;0.267811894737877;0.275320658878209;0
10.67;0.270526697900985;0.266774350200071;0
10.68;0.273155742000543;0.258162761391506;0
10.69;0.275698386344487;0.249488586061523;0
10.7;0.278154017241119;0.240754531950676;0
10.71;0.280522048136671;0.231963320095099;0
10.72;0.282801919744485;0.223117683987999;0
10.73;0.284993100165802;0.214220368738852;0
10.74;0.287095085002133;0.205274130230565;0
10.75;0.289107397459199;0.19628173427485;0
10.76;0.291029588442406;0.187245955766085;0
10.77;0.292861236643863;0.178169577833896;0
10.78;0.294601948620914;0.169055390994733;0
10.79;0.296251358866192;0.159906192302687;0
10.8;0.297809129869163;0.150724784499809;0
10.81;0.29927495216919;0.14151397516618;0
10.82;0.300648544400083;0.132276575869998;0
10.83;0.301929653326156;0.123015401317924;0
10.84;0.303118053869795;0.113733268505953;0
10.85;0.304213549130527;0.104432995871051;0
10.86;0.30521597039562;0.0951174024438265;0
10.87;0.306125177142211;0.085789307002475;0
10.88;0.306941057030976;0.0764515272282536;0
10.89;0.30766352589137;0.0671068788627376;0
10.9;0.308292527698447;0.0577581748671058;0
10.91;0.308828034541277;0.0484082245837043;0
10.92;0.309270046582994;0.0390598329001371;0
10.93;0.309618592012503;0.0297157994161267;0
10.94;0.309873726987855;0.0203789176133936;0
10.95;0.310035535571348;0.0110519740287957;0
10.96;0.31010412965637;0.00173774743096987;0
10.97;0.310079648886024;-0.00756099199928113;0
10.98;0.309962260563578;-0.0168414834846204;0
10.99;0.309752159554773;-0.0261009764625874;0
11;0.309449568182039;-0.0353367313925513;0
11.01;0.309054736110665;-0.044546020557975;0
11.02;0.308567940226966;-0.0537261288637542;0
11.03;0.307989484508497;-0.0628743546284045;0
11.04;0.30731969988637;-0.071988010370864;0
11.05;0.306558944099737;-0.0810644235916893;0
11.06;0.305707601542473;-0.0901009375484159;0
11.07;0.304766083102142;-0.0990949120248642;0
11.08;0.303734825991293;-0.108043724094168;0
11.09;0.302614293571162;-0.116944768875311;0
11.1;0.301404975167827;-0.125795460282951;0
11.11;0.300107385880908;-0.134593231770323;0
11.12;0.298722066384861;-0.143335537065008;0
11.13;0.297249582722954;-0.152019850897362;0
11.14;0.295690526093982;-0.16064366972139;0
11.15;0.294045512631824;-0.169204512427883;0
11.16;0.292315183177888;-0.177699921049584;0
11.17;0.290500203046553;-0.186127461458227;0
11.18;0.288601261783667;-0.194484724053213;0
11.19;0.286619072918211;-0.202769324441763;0
11.2;0.284554373707185;-0.210978904110338;0
11.21;0.282407924873829;-0.219111131087153;0
11.22;0.280180510339259;-0.227163700595589;0
11.23;0.277872936947606;-0.235134335698342;0
11.24;0.275486034184764;-0.243020787932102;0
11.25;0.273020653890823;-0.250820837932626;0
11.26;0.270477669966306;-0.258532296049998;0
11.27;0.267857978072291;-0.266153002953933;0
11.28;0.26516249532453;-0.273680830228948;0
11.29;0.262392159981659;-0.281113680959244;0
11.3;0.259547931127608;-0.288449490303145;0
11.31;0.256630788348314;-0.295686226056926;0
11.32;0.253641731402843;-0.302821889207896;0
11.33;0.250581779889032;-0.30985451447658;0
11.34;0.247451972903755;-0.316782170847853;0
11.35;0.244253368697934;-0.323602962090894;0
11.36;0.240987044326396;-0.330315027267819;0
11.37;0.237654095292694;-0.336916541230859;0
11.38;0.234255635189019;-0.343405715107958;0
11.39;0.23079279533129;-0.349780796776655;0
11.4;0.227266724389577;-0.356040071326148;0
11.41;0.223678588013946;-0.362181861507395;0
11.42;0.220029568455862;-0.368204528171163;0
11.43;0.216320864185262;-0.374106470693898;0
11.44;0.212553689503426;-0.379886127391316;0
11.45;0.208729274151774;-0.385541975919609;0
11.46;0.204848862916696;-0.391072533664175;0
11.47;0.200913715230561;-0.396476358115759;0
11.48;0.196925104769012;-0.401752047233937;0
11.49;0.192884319044696;-0.406898239797841;0
11.5;0.188792658997532;-0.411913615744039;0
11.51;0.184651438581664;-0.416796896491504;0
11.52;0.180461984349226;-0.421546845253592;0
11.53;0.176225635031039;-0.426162267336943;0
11.54;0.171943741114381;-0.430642010427264;0
11.55;0.167617664417961;-0.434984964861911;0
11.56;0.163248777664224;-0.439190063889215;0
11.57;0.158838464049121;-0.443256283914508;0
11.58;0.154388116809484;-0.447182644732777;0
11.59;0.14989913878813;-0.450968209747921;0
11.6;0.145372941996835;-0.454612086178558;0
11.61;0.140810947177311;-0.458113425250341;0
11.62;0.136214583360317;-0.461471422374753;0
11.63;0.13158528742305;-0.464685317314351;0
11.64;0.126924503644939;-0.467754394334428;0
11.65;0.122233683261982;-0.47067798234108;0
11.66;0.117514284019773;-0.473455455005649;0
11.67;0.112767769725333;-0.476086230875535;0
11.68;0.107995609797907;-0.478569773471365;0
11.69;0.103199278818839;-0.480905591370513;0
11.7;0.0983802560806829;-0.483093238276976;0
11.71;0.0935400251356702;-0.485132313077592;0
11.72;0.0886800733436791;-0.487022459884629;0
11.73;0.0838018914198388;-0.488763368064736;0
11.74;0.0789069729819053;-0.490354772254279;0
11.75;0.0739968140975449;-0.491796452361088;0
11.76;0.0690729128316624;-0.493088233552622;0
11.77;0.0641367687939069;-0.49422998623059;0
11.78;0.0591898826864941;-0.495221625992058;0
11.79;0.0542337558524764;-0.496063113577076;0
11.8;0.0492698898245989;-0.496754454802856;0
11.81;0.0442997858748731;-0.497295700484557;0
11.82;0.0393249445650024;-0.49768694634272;0
11.83;0.0343468652977945;-0.497928332897392;0
11.84;0.0293670458696911;-0.49802004534901;0
11.85;0.0243869820245486;-0.497962313446096;0
11.86;0.0194081670088007;-0.497755411339822;0
11.87;0.0144320911281348;-0.497399657425517;0
11.88;0.00946024130581095;-0.496895414171186;0
11.89;0.0044941006427546;-0.496243087933106;0
11.9;-0.00046485202044928;-0.49544312875859;0
11.91;-0.00541514253953198;-0.494496030175989;0
11.92;-0.0103553019003599;-0.493402328972025;0
11.93;-0.0152838666504699;-0.49216260495653;0
11.94;-0.0201993793281958;-0.490777480714707;0
11.95;-0.0251003888892618;-0.489247621346982;0
11.96;-0.0299854511307185;-0.487573734196566;0
11.97;-0.0348531291121003;-0.485756568564819;0
11.98;-0.0397019935736812;-0.483796915414525;0
11.99;-0.04453062335171;-0.481695607061196;0
12;-0.0493376057905047;-0.479453516852498;0
12.01;-0.0541215371512881;-0.477071558835942;0
12.02;-0.0588810230176482;-0.474550687414932;0
12.03;-0.0636146786975071;-0.471891896993321;0
12.04;-0.0683211296214838;-0.469096221608575;0
12.05;-0.0729990117375387;-0.466164734553697;0
12.06;-0.077646971901786;-0.463098547988024;0
12.07;-0.0822636682653659;-0.459898812537052;0
12.08;-0.0868477706572652;-0.456566716881411;0
12.09;-0.0913979609629795;-0.453103487335139;0
12.1;-0.0959129334989107;-0.449510387413407;0
12.11;-0.100391395382395;-0.445788717389827;0
12.12;-0.104832066897258;-0.441939813843507;0
12.13;-0.109233681854792;-0.437965049196002;0
12.14;-0.113594987950064;-0.43386583123831;0
12.15;-0.117914747113439;-0.429643602648088;0
12.16;-0.122191735857249;-0.425299840497236;0
12.17;-0.126424745617472;-0.420836055750012;0
12.18;-0.130612583090375;-0.416253792751861;0
12.19;-0.134754070563983;-0.411554628709103;0
12.2;-0.138848046244317;-0.406740173159681;0
12.21;-0.142893364576298;-0.401812067435108;0
12.22;-0.146888896559226;-0.396771984113826;0
12.23;-0.15083353005676;-0.391621626466124;0
12.24;-0.154726170101309;-0.386362727890821;0
12.25;-0.158565739192753;-0.380997051343876;0
12.26;-0.16235117759141;-0.375526388759127;0
12.27;-0.166081443605188;-0.369952560461336;0
12.28;-0.169755513870814;-0.364277414571732;0
12.29;-0.173372383629108;-0.358502826406248;0
12.3;-0.176931066994189;-0.352630697866632;0
12.31;-0.180430597216567;-0.346662956824641;0
12.32;-0.183870026940054;-0.34060155649951;0
12.33;-0.187248428452406;-0.334448474828889;0
12.34;-0.190564893929655;-0.328205713833448;0
12.35;-0.19381853567406;-0.321875298975369;0
12.36;-0.197008486345612;-0.315459278510894;0
12.37;-0.200133899187039;-0.308959722837171;0
12.38;-0.203193948242255;-0.302378723833573;0
12.39;-0.206187828568201;-0.295718394197718;0
12.4;-0.20911475644002;-0.288980866776383;0
12.41;-0.211973969549517;-0.282168293891533;0
12.42;-0.214764727196864;-0.275282846661668;0
12.43;-0.217486310475496;-0.268326714318702;0
12.44;-0.220138022450148;-0.261302103520587;0
12.45;-0.222719188328017;-0.254211237659896;0
12.46;-0.225229155622976;-0.247056356168574;0
12.47;-0.227667294312828;-0.239839713819079;0
12.48;-0.230032996989553;-0.232563580022126;0
12.49;-0.23232567900252;-0.225230238121251;0
12.5;-0.234544778594628;-0.217841984684403;0
12.51;-0.236689757031354;-0.210401128792801;0
12.52;-0.238760098722674;-0.202909991327254;0
12.53;-0.24075531133784;-0.195370904252173;0
12.54;-0.242674925912987;-0.187786209897491;0
12.55;-0.244518496951549;-0.180158260238713;0
12.56;-0.246285602517467;-0.172489416175305;0
12.57;-0.247975844321181;-0.164782046807654;0
12.58;-0.249588847798375;-0.157038528712812;0
12.59;-0.251124262181484;-0.14926124521924;0
12.6;-0.252581760563944;-0.141452585680777;0
12.61;-0.253961039957169;-0.133614944750053;0
12.62;-0.255261821340275;-0.125750721651559;0
12.63;-0.256483849702526;-0.117862319454592;0
12.64;-0.257626894078505;-0.109952144346311;0
12.65;-0.258690747576029;-0.102022604905089;0
12.66;-0.25967522739679;-0.094076111374414;0
12.67;-0.260580174849741;-0.086115074937527;0
12.68;-0.261405455357236;-0.0781419069930314;0
12.69;-0.262150958453923;-0.0701590184316805;0
12.7;-0.262816597778421;-0.0621688189145605;0
12.71;-0.263402311057778;-0.0541737161528823;0
12.72;-0.263908060084737;-0.0461761151895968;0
12.73;-0.264333830687834;-0.0381784176830431;0
12.74;-0.264679632694329;-0.0301830211928439;0
12.75;-0.264945499886019;-0.0221923184682557;0
12.76;-0.26513148994794;-0.014208696739185;0
12.77;-0.265237684409992;-0.00623453701007661;0
12.78;-0.265264188581524;0.00172778664311759;0
12.79;-0.265211131478889;0.00967590777268512;0
12.8;-0.265078665746033;0.01760746825541;0
12.81;-0.264866967568124;0.0255201189851379;0
12.82;-0.264576236578287;0.0334115205614479;0
12.83;-0.264206695757453;0.0412793439742315;0
12.84;-0.263758591327398;0.04912127128398;0
12.85;-0.263232192636989;0.0569349962975849;0
12.86;-0.2626277920417;0.0647182252394551;0
12.87;-0.261945704776426;0.0724686774177584;0
12.88;-0.261186268821678;0.0801840858855964;0
12.89;-0.260349844763165;0.0878621980969224;0
12.9;-0.259436815644864;0.0955007765570158;0
12.91;-0.258447586815594;0.103097599467326;0
12.92;-0.257382585769177;0.110650461364502;0
12.93;-0.256242261978231;0.118157173753433;0
12.94;-0.25502708672166;0.125615565734103;0
12.95;-0.25373755290591;0.133023484622106;0
12.96;-0.252374174880039;0.140378796562629;0
12.97;-0.250937488244688;0.14767938713773;0
12.98;-0.249428049654999;0.154923161966761;0
12.99;-0.247846436617573;0.162108047299731;0
13;-0.246193247281513;0.169231990603489;0
13.01;-0.244469100223647;0.17629296114052;0
13.02;-0.242674634227997;0.183288950540221;0
13.03;-0.240810508059565;0.190217973362493;0
13.04;-0.238877400232521;0.197078067653487;0
13.05;-0.236876008772868;0.203867295493352;0
13.06;-0.234807050975671;0.210583743535842;0
13.07;-0.232671263156916;0.21722552353963;0
13.08;-0.230469400400109;0.223790772891177;0
13.09;-0.228202236297671;0.230277655119028;0
13.1;-0.225870562687235;0.236684360399381;0
13.11;-0.223475189382932;0.243009106052804;0
13.12;-0.221016943901739;0.249250137031959;0
13.13;-0.218496671184999;0.255405726400207;0
13.14;-0.215915233315197;0.261474175800958;0
13.15;-0.213273509228077;0.267453815917657;0
13.16;-0.210572394420209;0.273343006924265;0
13.17;-0.207812800652093;0.279140138926131;0
13.18;-0.204995655646896;0.284843632391134;0
13.19;-0.202121902784921;0.290451938570978;0
13.2;-0.199192500793912;0.295963539912541;0
13.21;-0.196208423435287;0.301376950459162;0
13.22;-0.193170659186405;0.30669071624177;0
13.23;-0.190080210918966;0.311903415659747;0
13.24;-0.186938095573655;0.31701365985144;0
13.25;-0.183745343831118;0.322020093054219;0
13.26;-0.180502999779394;0.326921392953993;0
13.27;-0.177212120577896;0.331716271024102;0
13.28;-0.173873776118047;0.336403472853498;0
13.29;-0.170489048680691;0.340981778464131;0
13.3;-0.167059032590372;0.345450002617476;0
13.31;-0.163584833866603;0.349806995110109;0
13.32;-0.16006756987222;0.354051641058285;0
13.33;-0.15650836895895;0.35818286117143;0
13.34;-0.152908370110286;0.362199612014495;0
13.35;-0.149268722581797;0.366100886259117;0
13.36;-0.145590585538965;0.369885712923517;0
13.37;-0.14187512769269;0.373553157601099;0
13.38;-0.138123526932544;0.37710232267768;0
13.39;-0.134336969957913;0.380532347537334;0
13.4;-0.130516651907132;0.383842408756776;0
13.41;-0.126663775984727;0.387031720288272;0
13.42;-0.122779553086874;0.390099533631033;0
13.43;-0.118865201425204;0.393045137991047;0
13.44;-0.114921946149059;0.39586786042935;0
13.45;-0.110951018966314;0.398567065998679;0
13.46;-0.106953657762893;0.401142157868513;0
13.47;-0.102931106221075;0.40359257743847;0
13.48;-0.0988846134367293;0.405917804440045;0
13.49;-0.0948154335355824;0.408117357026688;0
13.5;-0.0907248252886333;0.410190791852208;0
13.51;-0.0866140517268414;0.4121377041375;0
13.52;-0.0824843797551983;0.4139577277256;0
13.53;-0.0783370797663013;0.415650535125064;0
13.54;-0.074173425253546;0.417215837541684;0
13.55;-0.0699946924240539;0.418653384898548;0
13.56;-0.0658021598114521;0.419962965844465;0
13.57;-0.0615971078886208;0.421144407750759;0
13.58;-0.0573808186805253;0.422197576696466;0
13.59;-0.0531545753772481;0.423122377441954;0
13.6;-0.0489196619473365;0.423918753390991;0
13.61;-0.0446773627515819;0.424586686541293;0
13.62;-0.040428962157345;0.425126197423592;0
13.63;-0.0361757441535418;0.425537345029258;0
13.64;-0.0319189919664051;0.425820226726511;0
13.65;-0.0276599876761344;0.425974978165279;0
13.66;-0.0234000118345492;0.42600177317074;0
13.67;-0.0191403430838562;0.425900823625609;0
13.68;-0.0148822577766453;0.42567237934121;0
13.69;-0.0106270295972247;0.425316727917414;0
13.7;-0.00637592918440645;0.424834194591471;0
13.71;-0.0021302237558531;0.424225142075841;0
13.72;0.00210882326590389;0.423489970385054;0
13.73;0.00633995262566588;0.42262911665169;0
13.74;0.0105619096058798;0.421643054931557;0
13.75;0.014773444394954;0.420532295998123;0
13.76;0.0189733124534709;0.419297387126301;0
13.77;0.0231602748781894;0.417938911865667;0
13.78;0.0273330987637324;0.41645748980319;0
13.79;0.0314905575618551;0.414853776315566;0
13.8;0.0356314314381894;0.413128462311251;0
13.81;0.0397545076263634;0.411282273962291;0
13.82;0.0438585807793931;0.409315972426031;0
13.83;0.0479424533182468;0.407230353556829;0
13.84;0.0520049357774808;0.405026247607852;0
13.85;0.0560448471478499;0.402704518923083;0
13.86;0.060061015215794;0.400266065619629;0
13.87;0.0640522768997042;0.397711819260463;0
13.88;0.0680174785828741;0.39504274451769;0
13.89;0.0719554764430416;0.392259838826475;0
13.9;0.075865136778428;0.389364132029741;0
13.91;0.0797453363301832;0.386356686013768;0
13.92;0.0835949626011466;0.383238594334807;0
13.93;0.0874129141708339;0.380010981836843;0
13.94;0.0911981010065621;0.376675004260643;0
13.95;0.0949494447706267;0.373231847844205;0
13.96;0.0986658791234446;0.369682728914757;0
13.97;0.10234635002258;0.366028893472439;0
13.98;0.10598981601757;0.362271616765799;0
13.99;0.10959524854047;0.358412202859261;0
14;0.113161632192032;0.354451984192687;0
14.01;0.116687965023456;0.350392321133202;0
14.02;0.120173258813612;0.346234601519409;0
14.03;0.123616539341679;0.341980240198154;0
14.04;0.127016846655116;0.337630678553997;0
14.05;0.130373235332894;0.333187384031529;0
14.06;0.133684774743921;0.328651849650699;0
14.07;0.136950549300591;0.324025593515318;0
14.08;0.140169658707385;0.319310158314873;0
14.09;0.143341218204463;0.314507110819839;0
14.1;0.146464358806177;0.309618041370633;0
14.11;0.149538227534453;0.304644563360387;0
14.12;0.152561987646962;0.299588312711696;0
14.13;0.155534818860041;0.294450947347509;0
14.14;0.158455917566298;0.289234146656342;0
14.15;0.161324497046836;0.283939610951968;0
14.16;0.164139787678055;0.278569060927771;0
14.17;0.166901037132977;0.273124237105919;0
14.18;0.169607510577035;0.26760689928155;0
14.19;0.17225849085828;0.262018825962125;0
14.2;0.174853278691972;0.25636181380215;0
14.21;0.177391192839483;0.250637677033412;0
14.22;0.179871570281492;0.244848246890942;0
14.23;0.182293766385422;0.238995371034856;0
14.24;0.184657155067071;0.23308091296827;0
14.25;0.186961128946411;0.22710675145147;0
14.26;0.189205099497509;0.221074779912507;0
14.27;0.191388497192542;0.214986905854418;0
14.28;0.193510771639862;0.208845050259239;0
14.29;0.1955713917161;0.202651146989003;0
14.3;0.197569845692257;0.196407142183912;0
14.31;0.199505641353765;0.190114993657856;0
14.32;0.201378306114498;0.183776670291477;0
14.33;0.203187387124699;0.177394151422953;0
14.34;0.204932451372807;0.170969426236699;0
14.35;0.206613085781158;0.16450449315017;0
14.36;0.208228897295554;0.158001359198936;0
14.37;0.209779512968669;0.151462039420252;0
14.38;0.211264580037288;0.144888556235268;0
14.39;0.212683765993358;0.138282938830102;0
14.4;0.214036758648855;0.131647222535939;0
14.41;0.215323266194438;0.124983448208363;0
14.42;0.216543017251897;0.118293661606092;0
14.43;0.217695760920392;0.11157991276931;0
14.44;0.218781266816463;0.104844255397794;0
14.45;0.219799325107832;0.0980887462290026;0
14.46;0.22074974654098;0.0913154444163268;0
14.47;0.221632362462509;0.0845264109076854;0
14.48;0.222447024834295;0.0777237078246503;0
14.49;0.223193606242429;0.0709093978422864;0
14.5;0.223871999899971;0.0640855435698921;0
14.51;0.224482119643503;0.0572542069328235;0
14.52;0.225023899923515;0.050417448555586;0
14.53;0.225497295788628;0.0435773271463764;0
14.54;0.225902282863663;0.0367358988832571;0
14.55;0.226238857321587;0.0298952168021432;0
14.56;0.226507035849343;0.0230573301867843;0
14.57;0.226706855607593;0.0162242839609185;0
14.58;0.226838374184389;0.00939811808277893;0
14.59;0.226901669542805;0.00258086694212847;0
14.6;0.226896839962547;-0.00422544123999927;0
14.61;0.226824003975574;-0.0110187850086785;0
14.62;0.226683300295762;-0.017797150269415;0
14.63;0.226474887742638;-0.0245585308792417;0
14.64;0.226198945159214;-0.0313009292344152;0
14.65;0.225855671323965;-0.0380223568545423;0
14.66;0.22544528485698;-0.0447208349629677;0
14.67;0.224968024120328;-0.0513943950632558;0
14.68;0.224424147112676;-0.0580410795115996;0
14.69;0.223813931358203;-0.0646589420849931;0
14.7;0.223137673789849;-0.071246048545003;0
14.71;0.222395690626953;-0.0778004771969803;0
14.72;0.221588317247312;-0.0843203194445489;0
14.73;0.220715908053723;-0.0908036803392163;0
14.74;0.219778836335049;-0.0972486791249481;0
14.75;0.218777494121864;-0.103653449777552;0
14.76;0.217712292036724;-0.110016141538718;0
14.77;0.216583659139129;-0.116334919444569;0
14.78;0.215392042765216;-0.12260796484856;0
14.79;0.21413790836226;-0.128833475938598;0
14.8;0.212821739318017;-0.135009668248214;0
14.81;0.211444036784998;-0.141134775161673;0
14.82;0.210005319499702;-0.147207048412849;0
14.83;0.208506123596909;-0.153224758577751;0
14.84;0.206947002419055;-0.159186195560556;0
14.85;0.205328526320796;-0.165089669073005;0
14.86;0.203651282468797;-0.170933509107042;0
14.87;0.201915874636827;-0.176716066400567;0
14.88;0.20012292299623;-0.182435712896158;0
14.89;0.198273063901841;-0.188090842192655;0
14.9;0.19636694967342;-0.193679869989482;0
14.91;0.194405248372668;-0.199201234523565;0
14.92;0.192388643575917;-0.204653396998759;0
14.93;0.190317834142558;-0.210034842007644;0
14.94;0.188193533979282;-0.215344077945586;0
14.95;0.186016471800215;-0.220579637416952;0
14.96;0.183787390883034;-0.22574007763337;0
14.97;0.181507048821129;-0.230823980803928;0
14.98;0.179176217271905;-0.235829954517213;0
14.99;0.176795681701293;-0.240756632115076;0
15;0.174366241124573;-0.245602673058044;0
15.01;0.171888707843567;-0.250366763282271;0
15.02;0.169363907180314;-0.25504761554794;0
15.03;0.166792677207289;-0.259643969779025;0
15.04;0.164175868474272;-0.264154593394325;0
15.05;0.161514343731938;-0.26857828162969;0
15.06;0.158808977652273;-0.272913857851353;0
15.07;0.156060656545891;-0.277160173860291;0
15.08;0.153270278076352;-0.281316110187542;0
15.09;0.150438750971565;-0.285380576380396;0
15.1;0.147566994732369;-0.289352511279405;0
15.11;0.144655939338391;-0.293230883286126;0
15.12;0.141706524951266;-0.297014690621552;0
15.13;0.138719701615309;-0.300702961575157;0
15.14;0.135696428955752;-0.304294754744493;0
15.15;0.132637675874612;-0.307789159265301;0
15.16;0.129544420244314;-0.311185295032065;0
15.17;0.126417648599144;-0.314482312908968;0
15.18;0.123258355824639;-0.317679394931204;0
15.19;0.120067544845006;-0.320775754496599;0
15.2;0.116846226308669;-0.3237706365475;0
15.21;0.113595418272043;-0.326663317742898;0
15.22;0.110316145881626;-0.329453106620746;0
15.23;0.107009441054518;-0.332139343750443;0
15.24;0.103676342157455;-0.334721401875454;0
15.25;0.100317893684463;-0.337198686046038;0
15.26;0.0969351459332284;-0.339570633742068;0
15.27;0.0935291546802883;-0.341836714985919;0
15.28;0.0901009808551317;-0.343996432445396;0
15.29;0.0866516902133191;-0.346049321526719;0
15.3;0.0831823530087171;-0.347994950457514;0
15.31;0.0796940436649471;-0.349832920359837;0
15.32;0.0761878404461494;-0.351562865313206;0
15.33;0.0726648251271613;-0.353184452407646;0
15.34;0.0691260826632102;-0.35469738178675;0
15.35;0.065572700859221;-0.356101386680755;0
15.36;0.0620057700388373;-0.35739623342964;0
15.37;0.0584263827132564;-0.358581721496272;0
15.38;0.0548356332499786;-0.359657683469583;0
15.39;0.0512346175415679;-0.360623985057826;0
15.4;0.0476244326745261;-0.361480525071907;0
15.41;0.0440061765983776;-0.362227235398827;0
15.42;0.0403809477950642;-0.362864080965249;0
15.43;0.0367498449487485;-0.36339105969123;0
15.44;0.0331139666161243;-0.363808202434141;0
15.45;0.0294744108973318;-0.364115572922804;0
15.46;0.0258322751075754;-0.3643132676819;0
15.47;0.0221886554495406;-0.364401415946665;0
15.48;0.0185446466867082;-0.36438017956793;0
15.49;0.0149013418176608;-0.364249752907556;0
15.5;0.0112598317514783;-0.364010362724291;0
15.51;0.00762120498431754;-0.363662268050116;0
15.52;0.00398654727727145;-0.363205760057135;0
15.53;0.000356941335601197;-0.362641161915053;0
15.54;-0.00326653351056403;-0.361968828639307;0
15.55;-0.00688280162396679;-0.361189146929918;0
15.56;-0.0104907913763081;-0.360302535001114;0
15.57;-0.0140894354625893;-0.359309442401808;0
15.58;-0.0176776712136174;-0.358210349826983;0
15.59;-0.0212544409065841;-0.357005768920072;0
15.6;-0.0248186920736279;-0.355696242066393;0
15.61;-0.0283693778082909;-0.354282342177734;0
15.62;-0.0319054570697821;-0.352764672468148;0
15.63;-0.0354258949849586;-0.351143866221055;0
15.64;-0.03892966314794;-0.349420586547727;0
15.65;-0.0424157399172684;-0.347595526137253;0
15.66;-0.0458831107105308;-0.345669406998061;0
15.67;-0.049330768296358;-0.343642980191099;0
15.68;-0.0527577130837194;-0.341517025554765;0
15.69;-0.0561629534084292;-0.339292351421684;0
15.7;-0.0595455058167849;-0.336969794327427;0
15.71;-0.0629043953462565;-0.334550218711283;0
15.72;-0.0662386558031481;-0.332034516609174;0
15.73;-0.0695473300371544;-0.329423607338829;0
15.74;-0.0728294702127333;-0.326718437177323;0
15.75;-0.0760841380772209;-0.323919979031082;0
15.76;-0.0793104052256129;-0.32102923209848;0
15.77;-0.0825073533619384;-0.318047221525131;0
15.78;-0.0856740745571553;-0.314974998051996;0
15.79;-0.0888096715034935;-0.311813637656422;0
15.8;-0.0919132577651785;-0.308564241186235;0
15.81;-0.0949839580254642;-0.305227933987004;0
15.82;-0.098020908329908;-0.301805865522602;0
15.83;-0.101023256325823;-0.298299208989194;0
15.84;-0.103990161497839;-0.29470916092277;0
15.85;-0.106920795399512;-0.291036940800354;0
15.86;-0.109814341880918;-0.28728379063503;0
15.87;-0.112669997312167;-0.283450974564901;0
15.88;-0.115486970802784;-0.279539778436124;0
15.89;-0.118264484416888;-0.275551509380157;0
15.9;-0.121001773384126;-0.271487495385351;0
15.91;-0.123698086306293;-0.26734908486302;0
15.92;-0.126352685359587;-0.263137646208146;0
15.93;-0.128964846492451;-0.258854567354844;0
15.94;-0.131533859618944;-0.254501255326724;0
15.95;-0.134059028807598;-0.250079135782324;0
15.96;-0.136539672465697;-0.245589652555718;0
15.97;-0.138975123518957;-0.241034267192477;0
15.98;-0.141364729586528;-0.236414458481116;0
15.99;-0.143707853151303;-0.231731721980174;0
16;-0.146003871725474;-0.226987569541087;0
16.01;-0.148252178011298;-0.222183528826986;0
16.02;-0.150452180057036;-0.217321142827597;0
16.03;-0.15260330140802;-0.212401969370365;0
16.04;-0.154704981252818;-0.207427580627981;0
16.05;-0.156756674564458;-0.202399562622453;0
16.06;-0.158757852236674;-0.197319514725875;0
16.07;-0.160708001215154;-0.192189049158054;0
16.08;-0.162606624623743;-0.187009790481152;0
16.09;-0.16445324188558;-0.181783375091489;0
16.1;-0.166247388839146;-0.176511450708683;0
16.11;-0.167988617849186;-0.171195675862262;0
16.12;-0.169676497912491;-0.165837719375929;0
16.13;-0.171310614758511;-0.160439259849618;0
16.14;-0.172890570944778;-0.155001985139517;0
16.15;-0.17441598594712;-0.149527591836204;0
16.16;-0.175886496244655;-0.144017784741068;0
16.17;-0.177301755399533;-0.138474276341162;0
16.18;-0.178661434131424;-0.132898786282663;0
16.19;-0.179965220386739;-0.127293040843078;0
16.2;-0.18121281940256;-0.121658772402385;0
16.21;-0.182403953765286;-0.115997718913239;0
16.22;-0.183538363463966;-0.110311623370432;0
16.23;-0.184615805938339;-0.104602233279739;0
16.24;-0.185636056121545;-0.0988713001263387;0
16.25;-0.186598906477529;-0.0931205788429422;0
16.26;-0.187504167033123;-0.0873518272778124;0
16.27;-0.188351665404805;-0.0815668056628181;0
16.28;-0.189141246820146;-0.0757672760816895;0
16.29;-0.189872774133932;-0.0699550019386327;0
16.3;-0.190546127838984;-0.064131747427461;0
16.31;-0.191161206071664;-0.0582992770014025;0
16.32;-0.19171792461209;-0.0524593548437407;0
16.33;-0.192216216879054;-0.0466137443394462;0
16.34;-0.192656033919668;-0.0407642075479554;0
16.35;-0.19303734439374;-0.0349125046772529;0
16.36;-0.193360134552898;-0.0290603935594129;0
16.37;-0.193624408214477;-0.0232096291277539;0
16.38;-0.193830186730186;-0.0173619628957609;0
16.39;-0.193977508949569;-0.0115191424379286;0
16.4;-0.194066431178291;-0.00568291087267743;0
16.41;-0.194097027131254;0.000144993652506026;0
16.42;-0.194069387880581;0.00596283847355354;0
16.43;-0.193983621798486;0.0117688969197753;0
16.44;-0.193839854495053;0.0175614488211468;0
16.45;-0.193638228750961;0.0233387810127757;0
16.46;-0.193378904445167;0.029099187836401;0
16.47;-0.193062058477599;0.0348409716387807;0
16.48;-0.192687884686877;0.0405624432668237;0
16.49;-0.192256593763088;0.0462619225593213;0
16.5;-0.191768413155674;0.0519377388351398;0
16.51;-0.191223586976446;0.0575882313777312;0
16.52;-0.190622375897773;0.0632117499158249;0
16.53;-0.189965057045977;0.0688066551001614;0
16.54;-0.189251923889985;0.0743713189761335;0
16.55;-0.188483286125272;0.0799041254521989;0
16.56;-0.187659469553138;0.0854034707639319;0
16.57;-0.186780815955363;0.0908677639335825;0
16.58;-0.185847682964292;0.0962954272250127;0
16.59;-0.184860443928385;0.101684896593881;0
16.6;-0.183819487773297;0.10703462213295;0
16.61;-0.182725218858517;0.11234306851239;0
16.62;-0.181578056829633;0.117608715414956;0
16.63;-0.180378436466264;0.12283005796592;0
16.64;-0.179126807525726;0.128005607157626;0
16.65;-0.177823634582466;0.133133890268574;0
16.66;-0.176469396863335;0.138213451276884;0
16.67;-0.175064588078757;0.143242851268062;0
16.68;-0.173609716249834;0.148220668836919;0
16.69;-0.172105303531473;0.153145500483566;0
16.7;-0.17055188603157;0.158015961003352;0
16.71;-0.168950013626326;0.162830683870648;0
16.72;-0.167300249771753;0.16758832161638;0
16.73;-0.165603171311431;0.172287546199189;0
16.74;-0.163859368280587;0.176927049370138;0
16.75;-0.162069443706553;0.181505543030859;0
16.76;-0.160234013405671;0.186021759585037;0
16.77;-0.15835370577672;0.190474452283153;0
16.78;-0.156429161590917;0.194862395560381;0
16.79;-0.154461033778576;0.199184385367552;0
16.8;-0.152449987212491;0.203439239495105;0
16.81;-0.150396698488105;0.207625797889928;0
16.82;-0.148301855700547;0.211742922965023;0
16.83;-0.146166158218604;0.215789499901888;0
16.84;-0.143990316455704;0.219764436945576;0
16.85;-0.141775051637976;0.223666665692309;0
16.86;-0.139521095569475;0.227495141369619;0
16.87;-0.137229190394636;0.231248843108914;0
16.88;-0.134900088358034;0.234926774210407;0
16.89;-0.132534551561535;0.238527962400352;0
16.9;-0.130133351718904;0.242051460080514;0
16.91;-0.127697269907959;0.245496344569809;0
16.92;-0.125227096320337;0.248861718338067;0
16.93;-0.122723630008966;0.252146709231847;0
16.94;-0.12018767863331;0.255350470692261;0
16.95;-0.117620058202471;0.258472181964751;0
16.96;-0.115021592816231;0.261511048300767;0
16.97;-0.11239311440412;0.26446630115131;0
16.98;-0.109735462462572;0.26733719835228;0
16.99;-0.107049483790276;0.270123024301602;0
17;-0.10433603222179;0.272823090128086;0
17.01;-0.1015959683595;0.275436733851978;0
17.02;-0.0988301593040176;0.277963320537181;0
17.03;-0.0960394783830838;0.280402242435103;0
17.04;-0.0932248048790824;0.28275291912011;0
17.05;-0.0903870237552291;0.285014797616556;0
17.06;-0.0875270253805324;0.287187352517366;0
17.07;-0.0846457052536044;0.289270086094149;0
17.08;-0.0817439637254102;0.29126252839883;0
17.09;-0.0788227057210385;0.293164237356774;0
17.1;-0.0758828404605793;0.294974798851399;0
17.11;-0.0729252811791942;0.296693826800259;0
17.12;-0.0699509448464636;0.298320963222598;0
17.13;-0.0669607518850979;0.29985587829836;0
17.14;-0.0639556258890955;0.301298270418652;0
17.15;-0.0609364933414361;0.302647866227678;0
17.16;-0.0579042833313922;0.303904420656115;0
17.17;-0.0548599272715456;0.305067716945963;0
17.18;-0.0518043586145935;0.306137566666864;0
17.19;-0.0487385125700304;0.307113809723896;0
17.2;-0.0456633258207893;0.307996314356867;0
17.21;-0.0425797362399295;0.308784977131114;0
17.22;-0.0394886826074534;0.309479722919825;0
17.23;-0.0363911043273386;0.310080504877906;0
17.24;-0.0332879411448696;0.310587304407419;0
17.25;-0.0301801328643525;0.311000131114608;0
17.26;-0.0270686190672975;0.311319022758546;0
17.27;-0.0239543388311522;0.311544045191431;0
17.28;-0.0208382304486698;0.311675292290563;0
17.29;-0.0177212311479944;0.311712885882038;0
17.3;-0.0146042768135472;0.311656975656193;0
17.31;-0.0114883017077941;0.311507739074849;0
17.32;-0.00837423819397904;0.311265381270381;0
17.33;-0.00526301645990182;0.310930134936672;0
17.34;-0.00215556424282387;0.310502260211992;0
17.35;0.000947193444419243;0.309982044553853;0
17.36;0.00404433458601769;0.309369802605883;0
17.37;0.00713494043442038;0.308665876056788;0
17.38;0.0102180957801221;0.307870633491446;0
17.39;0.0132928892199266;0.306984470234191;0
17.4;0.0163584134236072;0.306007808184357;0
17.41;0.0194137653988886;0.304941095644134;0
17.42;0.0224580467546727;0.30378480713881;0
17.43;0.0254903639624331;0.302539443229453;0
17.44;0.0285098286157022;0.301205530318119;0
17.45;0.0315155576875773;0.299783620445646;0
17.46;0.0345066737861715;0.298274291082108;0
17.47;0.0374823054079366;0.296678144910007;0
17.48;0.0404415871887849;0.294995809600283;0
17.49;0.0433836601529399;0.293227937581214;0
17.5;0.0463076719594434;0.291375205800296;0
17.51;0.0492127771462512;0.289438315479179;0
17.52;0.0520981373718461;0.287417991861752;0
17.53;0.054962921654302;0.285314983955451;0
17.54;0.0578063066077306;0.283130064265902;0
17.55;0.0606274766760451;0.280864028524963;0
17.56;0.0634256243639746;0.278517695412282;0
17.57;0.0661999504652655;0.276091906270444;0
17.58;0.068949664288006;0.273587524813822;0
17.59;0.0716739838770107;0.271005436831223;0
17.6;0.0743721362332044;0.268346549882419;0
17.61;0.0770433575299445;0.265611792988684;0
17.62;0.0796868933262208;0.262802116317422;0
17.63;0.0823019987766773;0.259918490861005;0
17.64;0.0848879388383948;0.25696190810991;0
17.65;0.0874439884743811;0.253933379720288;0
17.66;0.0899694328537115;0.250833937176044;0
17.67;0.0924635675482657;0.247664631445566;0
17.68;0.0949256987260089;0.244426532633199;0
17.69;0.0973551433407639;0.241120729625577;0
17.7;0.0997512293184241;0.237748329732944;0
17.71;0.102113295739557;0.234310458325555;0
17.72;0.104440693018352;0.230808258465302;0
17.73;0.106732783077858;0.227242890532658;0
17.74;0.10898893952148;0.223615531849077;0
17.75;0.111208547800668;0.219927376294968;0
17.76;0.113391005378772;0.21617963392335;0
17.77;0.115535721891018;0.212373530569336;0
17.78;0.117642119300553;0.20851030745555;0
17.79;0.11970963205053;0.204591220793613;0
17.8;0.121737707212194;0.200617541381816;0
17.81;0.12372580462892;0.196590554199118;0
17.82;0.125673397056184;0.192511557995588;0
17.83;0.127579970297414;0.188381864879422;0
17.84;0.129445023335706;0.184202799900666;0
17.85;0.131268068461352;0.179975700631779;0
17.86;0.133048631395169;0.175701916745156;0
17.87;0.134786251407586;0.171382809587756;0
17.88;0.136480481433464;0.167019751752956;0
17.89;0.138130888182626;0.162614126649779;0
17.9;0.139737052246062;0.158167328069608;0
17.91;0.141298568197799;0.153680759750541;0
17.92;0.142815044692395;0.149155834939511;0
17.93;0.144286104558051;0.144593975952309;0
17.94;0.145711384885315;0.13999661373164;0
17.95;0.147090537111349;0.135365187403359;0
17.96;0.148423227099765;0.130701143831014;0
17.97;0.149709135215985;0.126005937168832;0
17.98;0.150947956398136;0.121281028413294;0
17.99;0.152139400223447;0.116527884953425;0
18;0.153283190970147;0.111747980119941;0
18.01;0.15437906767485;0.106942792733395;0
18.02;0.155426784185417;0.102113806651444;0
18.03;0.156426109209284;0.0972625103153931;0
18.04;0.15737682635726;0.0923903962961434;0
18.05;0.158278734182777;0.0874989608396776;0
18.06;0.15913164621659;0.08258970341223;0
18.07;0.159935390996938;0.0776641262452712;0
18.08;0.160689812095145;0.0727237338804456;0
18.09;0.161394768136675;0.0677700327145988;0
18.1;0.162050132817638;0.0628045305450312;0
18.11;0.162655794916749;0.0578287361151127;0
18.12;0.163211658302745;0.0528441586603953;0
18.13;0.163717641937269;0.047852307455358;0
18.14;0.164173679873217;0.0428546913609188;0
18.15;0.164579721248579;0.0378528183728488;0
18.16;0.164935730275748;0.0328481951712217;0
18.17;0.165241686226347;0.0278423266710315;0
18.18;0.16549758341156;0.0228367155741125;0
18.19;0.165703431157986;0.0178328619224919;0
18.2;0.16585925377904;0.012832262653308;0
18.21;0.165965090541907;0.00783641115542412;0
18.22;0.166020995630068;0.0028467968278675;0
18.23;0.166027038101425;-0.00213509535977618;0
18.24;0.165983301842033;-0.00710778530488536;0
18.25;0.165889885515474;-0.0120697982071142;0
18.26;0.165746902507877;-0.0170196650013664;0
18.27;0.165554480868635;-0.0219559227883062;0
18.28;0.16531276324681;-0.0268771152622807;0
18.29;0.165021906823289;-0.0317817931365303;0
18.3;0.164682083238686;-0.0366685145655647;0
18.31;0.164293478517041;-0.0415358455645818;0
18.32;0.163856292985339;-0.04638236042581;0
18.33;0.163370741188877;-0.0512066421316536;0
18.34;0.162837051802513;-0.0560072827645231;0
18.35;0.162255467537837;-0.0607828839132331;0
18.36;0.161626245046289;-0.0655320570758527;0
18.37;0.160949654818269;-0.0702534240588927;0
18.38;0.160225981078269;-0.0749456173727166;0
18.39;0.159455521676069;-0.0796072806230639;0
18.4;0.158638587974038;-0.0842370688985737;0
18.41;0.157775504730573;-0.0888336491542011;0
18.42;0.15686660997973;-0.0933957005904172;0
18.43;0.155912254907073;-0.0979219150280861;0
18.44;0.154912803721804;-0.102410997278916;0
18.45;0.153868633525203;-0.106861665511377;0
18.46;0.152780134175429;-0.111272651611989;0
18.47;0.151647708148733;-0.115642701541875;0
18.48;0.150471770397125;-0.119970575688483;0
18.49;0.149252748202543;-0.124255049212377;0
18.5;0.147991081027586;-0.128494912389008;0
18.51;0.14668722036284;-0.132688970945363;0
18.52;0.145341629570867;-0.136836046391404;0
18.53;0.14395478372691;-0.140934976346207;0
18.54;0.142527169456346;-0.144984614858714;0
18.55;0.141059284768967;-0.148983832723004;0
18.56;0.139551638890133;-0.152931517788004;0
18.57;0.138004752088845;-0.156826575261562;0
18.58;0.136419155502815;-0.16066792800878;0
18.59;0.134795390960566;-0.164454516844555;0
18.6;0.133134010800643;-0.16818530082023;0
18.61;0.13143557768798;-0.171859257504286;0
18.62;0.129700664427487;-0.175475383257004;0
18.63;0.127929853774918;-0.179032693499017;0
18.64;0.126123738245084;-0.182530222973688;0
18.65;0.124282919917464;-0.185967026003252;0
18.66;0.122408010239289;-0.189342176738639;0
18.67;0.120499629826157;-0.19265476940293;0
18.68;0.118558408260235;-0.195903918528372;0
18.69;0.116584983886125;-0.199088759186909;0
18.7;0.114580003604456;-0.202208447214144;0
18.71;0.112544122663266;-0.205262159426704;0
18.72;0.110478004447231;-0.20824909383294;0
18.73;0.108382320264829;-0.211168469836909;0
18.74;0.106257749133492;-0.214019528435593;0
18.75;0.104104977562808;-0.216801532409308;0
18.76;0.101924699335861;-0.219513766505256;0
18.77;0.09971761528876;-0.222155537614172;0
18.78;0.0974844330884343;-0.224726174940038;0
18.79;0.0952258670087623;-0.22722503016281;0
18.8;0.0929426377051061;-0.229651477594129;0
18.81;0.0906354719873197;-0.232004914325983;0
18.82;0.0883051025913021;-0.234284760372282;0
18.83;0.0859522679491678;-0.236490458803319;0
18.84;0.0835777119581035;-0.238621475873093;0
18.85;0.0811821837479849;-0.240677301139453;0
18.86;0.0787664374478238;-0.242657447577065;0
18.87;0.076331231951118;-0.24456145168315;0
18.88;0.0738773306801765;-0.246388873576001;0
18.89;0.0714055013494924;-0.248139297086244;0
18.9;0.0689165157282351;-0.249812329840833;0
18.91;0.0664111494019361;-0.251407603339774;0
18.92;0.06389018153344;-0.252924773025554;0
18.93;0.0613543946231941;-0.254363518345279;0
18.94;0.058804574268949;-0.255723542805504;0
18.95;0.0562415089249449;-0.257004574019762;0
18.96;0.0536659896606542;-0.258206363748781;0
18.97;0.0510788099191559;-0.259328687933399;0
18.98;0.0484807652752128;-0.260371346720165;0
18.99;0.0458726531931264;-0.26133416447965;0
19;0.0432552727844407;-0.262216989817459;0
19.01;0.0406294245655696;-0.263019695577961;0
19.02;0.0379959102154186;-0.263742178840746;0
19.03;0.0353555323330757;-0.264384360909826;0
19.04;0.032709094195642;-0.264946187295592;0
19.05;0.0300573995162761;-0.26542762768954;0
19.06;0.0274012522025229;-0.265828675931802;0
19.07;0.024741456115;-0.266149349971488;0
19.08;0.0220788148265125;-0.266389691819868;0
19.09;0.0194141313816684;-0.266549767496427;0
19.1;0.0167482080570655;-0.266629666967809;0
19.11;0.0140818461221201;-0.266629504079696;0
19.12;0.0114158456006097;-0.266549416481635;0
19.13;0.00875100503299782;-0.266389565544872;0
19.14;0.00608812123961261;-0.266150136273207;0
19.15;0.00342798908474803;-0.265831337206916;0
19.16;0.000771401241756644;-0.265433400319796;0
19.17;-0.00188085204079703;-0.264956580909347;0
19.18;-0.00452798317185439;-0.26440115748016;0
19.19;-0.00716920744938404;-0.26376743162055;0
19.2;-0.00980374329063921;-0.263055727872475;0
19.21;-0.0124308124610843;-0.262266393594801;0
19.22;-0.0150496403019245;-0.261399798819966;0
19.23;-0.0176594559561722;-0.260456336104088;0
19.24;-0.0202594925931854;-0.259436420370584;0
19.25;-0.0228489876316137;-0.258340488747346;0
19.26;-0.0254271829606862;-0.257169000397549;0
19.27;-0.0279933251597805;-0.255922436344139;0
19.28;-0.0305466657162068;-0.254601299288075;0
19.29;-0.0330864612411481;-0.253206113420373;0
19.3;-0.035611973683692;-0.251737424228052;0
19.31;-0.0381224705428953;-0.250195798294007;0
19.32;-0.0406172250778205;-0.248581823090921;0
19.33;-0.0430955165154838;-0.246896106769254;0
19.34;-0.0455566302566584;-0.245139277939412;0
19.35;-0.0479998580794715;-0.243311985448148;0
19.36;-0.0504244983407414;-0.24141489814928;0
19.37;-0.0528298561749952;-0.239448704668817;0
19.38;-0.0552152436911141;-0.237414113164548;0
19.39;-0.0575799801665486;-0.235311851080198;0
19.4;-0.0599233922390522;-0.233142664894222;0
19.41;-0.0622448140958792;-0.23090731986333;0
19.42;-0.0645435876603931;-0.228606599760812;0
19.43;-0.0668190627760369;-0.226241306609777;0
19.44;-0.0690705973876123;-0.223812260411369;0
19.45;-0.0712975577198184;-0.221320298868065;0
19.46;-0.0734993184530024;-0.218766277102145;0
19.47;-0.0756752628960737;-0.216151067369417;0
19.48;-0.0778247831565329;-0.213475558768305;0
19.49;-0.0799472803075731;-0.210740656944385;0
19.5;-0.0820421645522047;-0.207947283790469;0
19.51;-0.0841088553843624;-0.205096377142336;0
19.52;-0.0861467817469499;-0.2021888904702;0
19.53;-0.0881553821867807;-0.199225792566034;0
19.54;-0.0901341050063736;-0.196208067226827;0
19.55;-0.0920824084125627;-0.193136712933891;0
19.56;-0.0939997606618836;-0.190012742528324;0
19.57;-0.0958856402026973;-0.186837182882711;0
19.58;-0.0977395358140136;-0.183611074569204;0
19.59;-0.0995609467409805;-0.180335471524045;0
19.6;-0.101349382827003;-0.177011440708674;0
19.61;-0.103104364642457;-0.17364006176751;0
19.62;-0.104825423609969;-0.170222426682516;0
19.63;-0.106512102126223;-0.166759639424665;0
19.64;-0.108163953680273;-0.163252815602405;0
19.65;-0.109780542968326;-0.159703082107243;0
19.66;-0.111361446004966;-0.156111576756559;0
19.67;-0.112906250230793;-0.152479447933751;0
19.68;-0.114414554616461;-0.148807854225839;0
19.69;-0.11588596976307;-0.145097964058627;0
19.7;-0.117320117998901;-0.141350955329546;0
19.71;-0.118716633472479;-0.137568015038291;0
19.72;-0.120075162241921;-0.133750338915359;0
19.73;-0.121395362360564;-0.129899131048609;0
19.74;-0.122676903958855;-0.126015603507968;0
19.75;-0.123919469322474;-0.122100975968371;0
19.76;-0.125122752966682;-0.11815647533109;0
19.77;-0.126286461706875;-0.114183335343533;0
19.78;-0.127410314725329;-0.110182796217648;0
19.79;-0.128494043634121;-0.106156104247049;0
19.8;-0.129537392534225;-0.102104511422974;0
19.81;-0.130540118070748;-0.0980292750491913;0
19.82;-0.131501989484324;-0.0939316573559842;0
19.83;-0.132422788658639;-0.0898129251133136;0
19.84;-0.133302310164082;-0.0856743492432894;0
19.85;-0.134140361297522;-0.0815172044320623;0
19.86;-0.1349367621182;-0.0773427687412536;0
19.87;-0.135691345479734;-0.073152323219042;0
19.88;-0.136403957058231;-0.0689471515110226;0
19.89;-0.137074455376516;-0.0647285394709571;0
19.9;-0.137702711824454;-0.06049777477153;0
19.91;-0.138288610675395;-0.0562561465152294;0
19.92;-0.138832049098715;-0.0520049448454677;0
19.93;-0.139332937168485;-0.0477454605580582;0
19.94;-0.139791197868239;-0.0434789847131649;0
19.95;-0.14020676709188;-0.0392068082478386;0
19.96;-0.140579593640708;-0.0349302215892571;0
19.97;-0.140909639216578;-0.0306505142687824;0
19.98;-0.141196878411215;-0.0263689745369494;0
19.99;-0.141441298691671;-0.0220868889795008;0
20;-0.141642900381959;-0.0178055421345811;0
