0;0.560713411044556;0.134545771765499;0
0.01;0.561982101364986;0.117484799058124;0
0.02;0.56308015119808;0.100417931220749;0
0.03;0.564007524666457;0.0833502943577612;0
0.04;0.564764237116429;0.0662870059939943;0
0.05;0.565350355025361;0.0492331735554392;0
0.06;0.565765995893871;0.0321938928555983;0
0.07;0.566011328122909;0.0151742465879193;0
0.08;0.566086570875803;-0.00182069717524632;0
0.09;0.565991993925315;-0.0187858864767225;0
0.1;0.565727917485792;-0.035716286961189;0
0.11;0.565294712030492;-0.0526068833540301;0
0.12;0.564692798094143;-0.069452680931923;0
0.13;0.563922646060853;-0.086248706984737;0
0.14;0.562984775937427;-0.102990012268322;0
0.15;0.561879757112207;-0.119671672447768;0
0.16;0.560608208099522;-0.136288789530712;0
0.17;0.559170796269849;-0.15283649329029;0
0.18;0.557568237565793;-0.169309942677322;0
0.19;0.555801296204;-0.185704327221314;0
0.2;0.553870784363104;-0.202014868419899;0
0.21;0.551777561857841;-0.218236821116296;0
0.22;0.549522535799434;-0.234365474864411;0
0.23;0.547106660242399;-0.250396155281189;0
0.24;0.544530935817866;-0.266324225385827;0
0.25;0.54179640935359;-0.282145086925475;0
0.26;0.53890417348075;-0.297854181687053;0
0.27;0.535855366227701;-0.313446992794801;0
0.28;0.532651170600819;-0.328919045993226;0
0.29;0.529292814152577;-0.344265910915044;0
0.3;0.525781568537013;-0.359483202333811;0
0.31;0.522118749052745;-0.374566581400851;0
0.32;0.518305714173683;-0.389511756866166;0
0.33;0.51434386506761;-0.404314486282978;0
0.34;0.510234645102791;-0.418970577195567;0
0.35;0.505979539342776;-0.433475888310089;0
0.36;0.501580074029582;-0.447826330648041;0
0.37;0.497037816055407;-0.462017868682059;0
0.38;0.492354372423081;-0.47604652145375;0
0.39;0.487531389695405;-0.489908363673237;0
0.4;0.482570553433593;-0.503599526800131;0
0.41;0.477473587624978;-0.517116200105631;0
0.42;0.472242254100189;-0.530454631715474;0
0.43;0.466878351939981;-0.543611129633446;0
0.44;0.461383716871924;-0.556582062745184;0
0.45;0.45576022065714;-0.569363861802007;0
0.46;0.45000977046729;-0.58195302038451;0
0.47;0.444134308252027;-0.594346095845665;0
0.48;0.438135810097096;-0.606539710233187;0
0.49;0.43201628557332;-0.618530551190923;0
0.5;0.425777777076656;-0.630315372839026;0
0.51;0.419422359159553;-0.641890996632695;0
0.52;0.412952137853813;-0.653254312199244;0
0.53;0.406369249985187;-0.664402278153306;0
0.54;0.399675862479912;-0.675331922889957;0
0.55;0.392874171663421;-0.686040345355552;0
0.56;0.385966402551441;-0.696524715796094;0
0.57;0.378954808133718;-0.706782276482942;0
0.58;0.371841668650574;-0.716810342415679;0
0.59;0.364629290862552;-0.726606302001977;0
0.6;0.357320007313358;-0.736167617714283;0
0.61;0.349916175586346;-0.745491826723174;0
0.62;0.342420177554772;-0.754576541507241;0
0.63;0.334834418626053;-0.763419450439337;0
0.64;0.327161326980279;-0.772018318349079;0
0.65;0.319403352803199;-0.780370987061459;0
0.66;0.31156296751393;-0.788475375911448;0
0.67;0.303642662987632;-0.796329482234486;0
0.68;0.295644950773387;-0.803931381832741;0
0.69;0.287572361307519;-0.811279229417053;0
0.7;0.279427443122612;-0.818371259024461;0
0.71;0.271212762052454;-0.825205784411227;0
0.72;0.262930900433173;-0.831781199421303;0
0.73;0.254584456300788;-0.838095978330144;0
0.74;0.246176042585437;-0.844148676163823;0
0.75;0.237708286302529;-0.849937928993399;0
0.76;0.22918382774106;-0.855462454204474;0
0.77;0.220605319649344;-0.860721050741923;0
0.78;0.211975426418411;-0.865712599329743;0
0.79;0.203296823263318;-0.870436062666021;0
0.8;0.194572195402623;-0.874890485592989;0
0.81;0.185804237236269;-0.879074995242162;0
0.82;0.176995651522132;-0.882988801154565;0
0.83;0.16814914855147;-0.886631195376042;0
0.84;0.159267445323547;-0.890001552527677;0
0.85;0.150353264719646;-0.89309932985134;0
0.86;0.141409334676754;-0.895924067230383;0
0.87;0.13243838736114;-0.898475387185534;0
0.88;0.123443158342097;-0.900752994846021;0
0.89;0.11442638576607;-0.90275667789599;0
0.9;0.105390809531447;-0.904486306496263;0
0.91;0.096339170464228;-0.905941833181506;0
0.92;0.0872742094948421;-0.907123292732886;0
0.93;0.0781986668363458;-0.908030802026289;0
0.94;0.0691152811642476;-0.908664559856197;0
0.95;0.0600267887982038;-0.909024846735297;0
0.96;0.0509359228858273;-0.909112024669955;0
0.97;0.0418454125888494;-0.908926536911637;0
0.98;0.0327579822718752;-0.908468907684409;0
0.99;0.0236763506939717;-0.907739741888626;0
1;0.0146032302033254;-0.906739724780955;0
1.01;0.00554132593520533;-0.905469621630854;0
1.02;-0.00350666498653289;-0.903930277353658;0
1.03;-0.012538054244169;-0.902122616120424;0
1.04;-0.021550163116835;-0.900047640944687;0
1.05;-0.0305403232669958;-0.89770643324629;0
1.06;-0.039505877522466;-0.895100152392463;0
1.07;-0.0484441806537354;-0.892230035216327;0
1.08;-0.057352600146379;-0.889097395512997;0
1.09;-0.0662285169683275;-0.885703623513492;0
1.1;-0.0750693263317783;-0.882050185336626;0
1.11;-0.0838724384495264;-0.878138622419101;0
1.12;-0.0926352792854994;-0.873970550923996;0
1.13;-0.101355291299281;-0.869547661127875;0
1.14;-0.110029934184409;-0.864871716786735;0
1.15;-0.118656685600241;-0.859944554481013;0
1.16;-0.127233041897173;-0.854768082939891;0
1.17;-0.135756518835015;-0.849344282345132;0
1.18;-0.144224652294303;-0.843675203614702;0
1.19;-0.152634998980371;-0.83776296766641;0
1.2;-0.160985137119956;-0.831609764661833;0
1.21;-0.169272667150171;-0.825217853230787;0
1.22;-0.177495212399616;-0.818589559676606;0
1.23;-0.185650419761476;-0.811727277162495;0
1.24;-0.193735960358386;-0.804633464879251;0
1.25;-0.201749530198894;-0.797310647194607;0
1.26;-0.209688850825336;-0.789761412784518;0
1.27;-0.217551669952945;-0.781988413746646;0
1.28;-0.225335762100012;-0.773994364696367;0
1.29;-0.233038929208935;-0.765782041845593;0
1.3;-0.240659001257973;-0.757354282064704;0
1.31;-0.248193836863551;-0.748713981927918;0
1.32;-0.255641323872943;-0.7398640967424;0
1.33;-0.262999379947171;-0.730807639561435;0
1.34;-0.270265953133972;-0.721547680181988;0
1.35;-0.277439022430664;-0.712087344126976;0
1.36;-0.284516598336771;-0.702429811612586;0
1.37;-0.291496723396258;-0.692578316500971;0
1.38;-0.298377472729221;-0.682536145238667;0
1.39;-0.305156954552904;-0.672306635781071;0
1.4;-0.311833310691901;-0.661893176503327;0
1.41;-0.318404717077396;-0.651299205097969;0
1.42;-0.324869384235336;-0.640528207459679;0
1.43;-0.331225557763385;-0.629583716557508;0
1.44;-0.337471518796547;-0.618469311294927;0
1.45;-0.343605584461338;-0.607188615358066;0
1.46;-0.349626108318387;-0.59574529605251;0
1.47;-0.355531480793356;-0.584143063129021;0
1.48;-0.361320129596065;-0.572385667598546;0
1.49;-0.366990520127729;-0.560476900536905;0
1.5;-0.372541155876186;-0.548420591879516;0
1.51;-0.377970578799036;-0.536220609206545;0
1.52;-0.383277369694587;-0.52388085651886;0
1.53;-0.388460148560522;-0.511405273005168;0
1.54;-0.393517574940198;-0.49879783180073;0
1.55;-0.398448348256495;-0.486062538738025;0
1.56;-0.403251208133141;-0.473203431089768;0
1.57;-0.407924934703427;-0.460224576304656;0
1.58;-0.412468348906255;-0.447130070736246;0
1.59;-0.416880312769443;-0.433924038365355;0
1.6;-0.421159729680222;-0.420610629516368;0
1.61;-0.425305544642878;-0.40719401956786;0
1.62;-0.429316744523473;-0.393678407657922;0
1.63;-0.43319235828159;-0.380068015384595;0
1.64;-0.436931457189073;-0.366367085501791;0
1.65;-0.440533155035702;-0.352579880611133;0
1.66;-0.443996608321766;-0.338710681850079;0
1.67;-0.44732101643751;-0.324763787576749;0
1.68;-0.450505621829407;-0.310743512051851;0
1.69;-0.453549710153251;-0.296654184118107;0
1.7;-0.456452610414019;-0.282500145877571;0
1.71;-0.45921369509251;-0.268285751367255;0
1.72;-0.461832380258729;-0.254015365233444;0
1.73;-0.464308125672011;-0.239693361405116;0
1.74;-0.466640434867874;-0.225324121766856;0
1.75;-0.468828855231608;-0.210912034831671;0
1.76;-0.470872978058582;-0.196461494414087;0
1.77;-0.472772438601293;-0.181976898303953;0
1.78;-0.474526916103156;-0.167462646941324;0
1.79;-0.476136133819047;-0.152923142092823;0
1.8;-0.477599859022619;-0.138362785529892;0
1.81;-0.478917903000412;-0.1237859777093;0
1.82;-0.480090121032776;-0.109197116456328;0
1.83;-0.481116412361644;-0.0946005956509869;0
1.84;-0.481996720145177;-0.0800008039176957;0
1.85;-0.482731031399327;-0.0654021233187724;0
1.86;-0.483319376926354;-0.0508089280521455;0
1.87;-0.483761831230333;-0.0362255831536573;0
1.88;-0.484058512419719;-0.021656443204346;0
1.89;-0.484209582096994;-0.00710585104308224;0
1.9;-0.48421524523548;0.00742186351506104;0
1.91;-0.484075750043348;0.0219223849543329;0
1.92;-0.483791387814918;0.0363914133273494;0
1.93;-0.483362492769281;0.0508246655172913;0
1.94;-0.482789441876344;0.0652178764928868;0
1.95;-0.482072654670357;0.0795668005558164;0
1.96;-0.481212593050993;0.0938672125801788;0
1.97;-0.480209761072083;0.108114909243659;0
1.98;-0.479064704718066;0.122305710250046;0
1.99;-0.477778011668265;0.136435459542744;0
2;-0.476350311049058;0.150500026508938;0
2.01;-0.474782273174063;0.164495307174054;0
2.02;-0.473074609272414;0.178417225386191;0
2.03;-0.471228071205244;0.192261733990167;0
2.04;-0.46924345117047;0.206024815990866;0
2.05;-0.467121581396003;0.219702485705536;0
2.06;-0.464863333821478;0.233290789904722;0
2.07;-0.462469619768629;0.246785808941516;0
2.08;-0.459941389600426;0.260183657868791;0
2.09;-0.457279632369097;0.273480487544122;0
2.1;-0.454485375453153;0.286672485722062;0
2.11;-0.451559684183552;0.299755878133498;0
2.12;-0.448503661459125;0.312726929551753;0
2.13;-0.445318447351405;0.325581944845162;0
2.14;-0.442005218698991;0.338317270015814;0
2.15;-0.438565188691589;0.35092929322418;0
2.16;-0.434999606443866;0.363414445799348;0
2.17;-0.431309756559279;0.37576920323457;0
2.18;-0.427496958684;0.387990086167876;0
2.19;-0.423562567051117;0.400073661347448;0
2.2;-0.419507970015242;0.412016542581537;0
2.21;-0.415334589577695;0.42381539167262;0
2.22;-0.411043880902417;0.43546691933558;0
2.23;-0.406637331822772;0.446967886099633;0
2.24;-0.402116462339406;0.458315103193786;0
2.25;-0.397482824109328;0.469505433415561;0
2.26;-0.392737999926376;0.480535791982782;0
2.27;-0.387883603193241;0.491403147368173;0
2.28;-0.382921277385234;0.502104522116566;0
2.29;-0.377852695505944;0.512636993644486;0
2.3;-0.372679559534992;0.52299769502193;0
2.31;-0.367403599868045;0.533183815736098;0
2.32;-0.362026574749274;0.543192602436921;0
2.33;-0.356550269696437;0.553021359664157;0
2.34;-0.35097649691878;0.56266745055589;0
2.35;-0.345307094727932;0.572128297538249;0
2.36;-0.339543926941993;0.581401382996164;0
2.37;-0.333688882282995;0.590484249925;0
2.38;-0.327743873767938;0.599374502562897;0
2.39;-0.321710838093589;0.608069807003673;0
2.4;-0.315591735015236;0.616567891790124;0
2.41;-0.309388546719603;0.624866548487591;0
2.42;-0.303103277192116;0.632963632237643;0
2.43;-0.296737951578725;0.640857062291758;0
2.44;-0.29029461554247;0.648544822524863;0
2.45;-0.283775334615021;0.656024961928622;0
2.46;-0.277182193543355;0.66329559508436;0
2.47;-0.270517295631814;0.670354902615505;0
2.48;-0.263782762079718;0.677201131619468;0
2.49;-0.256980731314762;0.68383259607884;0
2.5;-0.250113358322389;0.690247677251843;0
2.51;-0.243182813971351;0.696444824041942;0
2.52;-0.236191284335671;0.702422553346537;0
2.53;-0.229140970013215;0.708179450384687;0
2.54;-0.222034085441072;0.713714169003778;0
2.55;-0.214872858207974;0.719025431965098;0
2.56;-0.207659528363945;0.724112031208261;0
2.57;-0.200396347727411;0.728972828094447;0
2.58;-0.19308557918996;0.7336067536284;0
2.59;-0.185729496018994;0.738012808659182;0
2.6;-0.178330381158455;0.742190064059638;0
2.61;-0.170890526527858;0.746137660884565;0
2.62;-0.163412232319843;0.749854810507566;0
2.63;-0.155897806296442;0.7533407947366;0
2.64;-0.1483495630843;0.756594965908212;0
2.65;-0.140769823469042;0.759616746960458;0
2.66;-0.133160913689005;0.762405631484552;0
2.67;-0.125525164728554;0.764961183755231;0
2.68;-0.117864911611192;0.767283038739891;0
2.69;-0.110182492692662;0.769370902086509;0
2.7;-0.102480248954281;0.771224550090405;0
2.71;-0.0947605232966905;0.772843829639878;0
2.72;-0.0870256598342486;0.774228658140775;0
2.73;-0.0792780031902718;0.775379023420059;0
2.74;-0.071519897793335;0.776294983608421;0
2.75;-0.0637536871748385;0.776976667002031;0
2.76;-0.0559817132680526;0.777424271903484;0
2.77;-0.0482063157088445;0.777638066442043;0
2.78;-0.040429831138297;0.777618388373253;0
2.79;-0.0326545925074223;0.777365644858031;0
2.8;-0.024882928384178;0.77688031222133;0
2.81;-0.017117162262987;0.776162935690489;0
2.82;-0.00935961187696575;0.775214129113369;0
2.83;-0.00161258851306118;0.774034574656414;0
2.84;0.00612160366970316;0.772625022482746;0
2.85;0.0138406683186722;0.770986290410433;0
2.86;0.0215423175624988;0.76911926355106;0
2.87;0.0292242726823802;0.767024893928758;0
2.88;0.0368842647793981;0.764704200079816;0
2.89;0.0445200354377676;0.76215826663306;0
2.9;0.0521293373838039;0.759388243871128;0
2.91;0.0597099351404168;0.756395347272823;0
2.92;0.0672596056769436;0.753180857036715;0
2.93;0.074776139054135;0.749746117586148;0
2.94;0.0822573390641073;0.746092537055863;0
2.95;0.0897010238650794;0.74222158676039;0
2.96;0.0971050266107121;0.73813480064442;0
2.97;0.104467196073871;0.733833774715356;0
2.98;0.111785397264634;0.729320166458217;0
2.99;0.119057512042372;0.72459569423314;0
3;0.126281439721725;0.719662136655652;0
3.01;0.133455097672305;0.714521331959956;0
3.02;0.140576421911955;0.709175177345435;0
3.03;0.147643367693398;0.703625628306607;0
3.04;0.154653910084116;0.697874697946749;0
3.05;0.16160604453929;0.691924456275447;0
3.06;0.168497787467637;0.685777029490277;0
3.07;0.17532717679001;0.679434599242892;0
3.08;0.182092272504334;0.67289944317342;4.12860898458966e-05
3.09;0.188791161094586;0.666174800448016;0.000178906389332218
3.1;0.195421960883347;0.659263397381712;0.00031652668881854
3.11;0.201982814992024;0.652167626719324;0.000454146988304862
3.12;0.208471890700335;0.644889932359453;0.000591767287791184
3.13;0.214887379954165;0.63743280853398;0.000729387587277506
3.14;0.221227499865158;0.629798798973893;0.000867007886763828
3.15;0.227490493201905;0.6219904960617;0.00100462818625015
3.16;0.233674628872596;0.614010539970719;0.00114224848573647
3.17;0.239778202399008;0.605861617791526;0.00127986878522279
3.18;0.245799536381699;0.597546462645833;0.00141748908470912
3.19;0.251736980956289;0.589067852788093;0.00155510938419544
3.2;0.257588914240697;0.580428610695126;0.00169272968368176
3.21;0.26335374277323;0.57163160214404;0.00183034998316808
3.22;0.269029901941388;0.562679735278772;0.0019679702826544
3.23;0.274615856401298;0.553575959665528;0.00210559058214073
3.24;0.280110100487641;0.544323265337419;0.00224321088162705
3.25;0.285511158613983;0.53492468182863;0.00238083118111337
3.26;0.290817585663407;0.525383277198386;0.00251845148059969
3.27;0.29602796736933;0.515702157045065;0.00265607178008601
3.28;0.301140920686426;0.505884463510739;0.00279369207957233
3.29;0.306155094151546;0.495933374276481;0.00293131237905866
3.3;0.311069168234557;0.485852101548741;0.00306893267854498
3.31;0.315881855679001;0.475643891037116;0.0032065529780313
3.32;0.320591901832497;0.465312020923832;0.00334417327751762
3.33;0.325198084966799;0.454859800825267;0.00348179357700394
3.34;0.329699216587437;0.444290570745834;0.00361941387649027
3.35;0.334094141732863;0.433607700024549;0.00375703417597659
3.36;0.338381739263032;0.422814586274624;0.00389465447546291
3.37;0.342560922137344;0.411914654316403;0.00403227477494923
3.38;0.346630637681894;0.400911355103972;0.00416989507443555
3.39;0.350589867845955;0.389808164645787;0.00430751537392187
3.4;0.354437629447644;0.378608582919644;0.0044451356734082
3.41;0.358172974408712;0.367316132782326;0.00458275597289452
3.42;0.361794989978412;0.355934358874274;0.00472037627238084
3.43;0.365302798946385;0.344466826519597;0.00485799657186716
3.44;0.368695559844534;0.332917120621787;0.00499561687135348
3.45;0.371972467137833;0.321288844555453;0.00513323717083981
3.46;0.375132751404038;0.309585619054426;0.00527085747032613
3.47;0.378175679502261;0.297811081096573;0.00540847776981245
3.48;0.381100554730384;0.285968882785654;0.00554609806929877
3.49;0.383906716971276;0.274062690230572;0.00568371836878509
3.5;0.386593542827789;0.262096182422345;0.00582133866827142
3.51;0.389160445746525;0.250073050109154;0.00595895896775774
3.52;0.391606876130333;0.237996994669793;0.00609657926724406
3.53;0.393932321439545;0.225871726985869;0.00623419956673038
3.54;0.396136306281921;0.213700966313101;0.0063718198662167
3.55;0.398218392491317;0.201488439152034;0.00650944016570303
3.56;0.40017817919504;0.189237878118537;0.00664706046518935
3.57;0.402015302869926;0.176953020814397;0.00678468076467567
3.58;0.403729437387118;0.164637608698366;0.00692230106416199
3.59;0.405320294045554;0.152295385957991;0.00705992136364831
3.6;0.406787621594186;0.139930098382565;0.00719754166313463
3.61;0.408131206242929;0.127545492237534;0.00733516196262096
3.62;0.409350871662364;0.115145313140695;0.00747278226210728
3.63;0.410446478972212;0.102733304940525;0.0076104025615936
3.64;0.411417926718605;0.090313208596959;0.00774802286107992
3.65;0.41226515084017;0.0778887610649644;0.00788564316056624
3.66;0.412988124622968;0.0654636941812343;0.00802326346005257
3.67;0.413586858644315;0.053041733554325;0.00816088375953889
3.68;0.414061400705521;0.040626597458571;0.00829850405902521
3.69;0.414411835753581;0.0282219957320977;0.00843612435851153
3.7;0.414638285791875;0.015831628679258;0.00857374465799785
3.71;0.414740909779906;0.00345918597781234;0.00871136495748418
3.72;0.414719903522134;-0.00889165440882708;0.0088489852569705
3.73;0.41457549954596;-0.0212172273139714;0.00898660555645682
3.74;0.414307966968908;-0.0335138814443337;0.00912422585594314
3.75;0.413917611355064;-0.0457779804506992;0.00926184615542946
3.76;0.413404774560847;-0.0580059039922746;0.00939946645491579
3.77;0.412769834570156;-0.0701940487944101;0.00953708675440211
3.78;0.412013205318971;-0.082338829699388;0.00967470705388843
3.79;0.411135336509488;-0.0944366807099742;0.00981232735337475
3.8;0.410136713413842;-0.106484056025432;0.00994994765286107
3.81;0.409017856667509;-0.118477431069704;0.0100875679523474
3.82;0.407779322052461;-0.13041330351146;0.0102251882518337
3.83;0.406421700270164;-0.142288194275728;0.01036280855132
3.84;0.404945616704487;-0.154098648546811;0.0105004288508064
3.85;0.403351731174636;-0.165841236762215;0.0106380491502927
3.86;0.401640737678179;-0.177512555597291;0.010775669449779
3.87;0.39981336412427;-0.189109228940322;0.0109132897492653
3.88;0.397870372057175;-0.200627908857781;0.0110509100487516
3.89;0.395812556370176;-0.21206527654948;0.011188530348238
3.9;0.393640745009981;-0.223418043293343;0.0113261506477243
3.91;0.391355798671731;-0.234682951379538;0.0114637709472106
3.92;0.388958610484712;-0.245856775033717;0.0116013912466969
3.93;0.386450105688887;-0.256936321329083;0.0117390115461833
3.94;0.383831241302358;-0.267918431087053;0.0118766318456696
3.95;0.381103005779875;-0.278799979766248;0.0120142521451559
3.96;0.378266418662506;-0.289577878339584;0.0121518724446422
3.97;0.375322530218591;-0.300249074159196;0.0122894927441285
3.98;0.372272421076103;-0.310810551808984;0.0124271130436149
3.99;0.369117201846545;-0.321259333944521;0.0125647333431012
4;0.365858012740492;-0.331592482120113;0.0127023536425875
4.01;0.362496023174938;-0.341807097602775;0.0128399739420738
4.02;0.359032431372552;-0.351900322172902;0.0129775942415602
4.03;0.355468463952987;-0.361869338911424;0.0131152145410465
4.04;0.35180537551639;-0.371711372973223;0.0132528348405328
4.05;0.348044448219228;-0.381423692346611;0.0133904551400191
4.06;0.344186991342589;-0.391003608598663;0.0135280754395054
4.07;0.340234340853095;-0.400448477606205;0.0136656957389918
4.08;0.336187858956564;-0.409755700272264;0.0138033160384781
4.09;0.332048933644583;-0.41892272322779;0.0139409363379644
4.1;0.327818978234125;-0.427947039518464;0.0140785566374507
4.11;0.323499430900362;-0.43682618927641;0.0142161769369371
4.12;0.319091754202838;-0.445557760376643;0.0143537972364234
4.13;0.314597434605143;-0.454139389078075;0.0144914175359097
4.14;0.310017981988245;-0.462568760648912;0.014629037835396
4.15;0.30535492915764;-0.47084360997629;0.0147666581348823
4.16;0.300609831344479;-0.478961722159988;0.0149042784343687
4.17;0.295784265700831;-0.48692093309007;0.015041898733855
4.18;0.290879830789236;-0.494719130008305;0.0151795190333413
4.19;0.285898146066725;-0.502354252053233;0.0153171393328276
4.2;0.280840851363457;-0.509824290788739;0.0154547596323139
4.21;0.275709606356152;-0.517127290715996;0.0155923799318003
4.22;0.270506090036473;-0.524261349768669;0.0157300002312866
4.23;0.265232000174533;-0.531224619791244;0.0158676205307729
4.24;0.259889052777703;-0.538015307000379;0.0160052408302592
4.25;0.254478981544871;-0.54463167242916;0.0161428611297456
4.26;0.249003537316342;-0.551072032354163;0.0162804814292319
4.27;0.243464487519548;-0.557334758705224;0.0164181017287182
4.28;0.237863615610735;-0.56341827945782;0.0165557220282045
4.29;0.232202720512801;-0.569321079007977;0.0166933423276908
4.3;0.226483616049474;-0.575041698529616;0.0168309626271772
4.31;0.220708130375984;-0.580578736314272;0.0169685829266635
4.32;0.214878105406426;-0.585930848093107;0.0171062032261498
4.33;0.208995396237981;-0.591096747341143;0.0172438235256361
4.34;0.203061870572171;-0.596075205563673;0.0173814438251225
4.35;0.197079408133336;-0.60086505256478;0.0175190641246088
4.36;0.1910499000845;-0.605465176697917;0.0176566844240951
4.37;0.184975248440822;-0.60987452509851;0.0177943047235814
4.38;0.178857365480787;-0.614092103898537;0.0179319250230677
4.39;0.172698173155351;-0.618116978423055;0.0180695453225541
4.4;0.166499602495183;-0.621948273368647;0.0182071656220404
4.41;0.160263593016221;-0.62558517296376;0.0183447859215267
4.42;0.153992092123691;-0.629026921110928;0.018482406221013
4.43;0.147687054514802;-0.632272821510862;0.0186200265204994
4.44;0.141350441580263;-0.635322237768392;0.0187576468199857
4.45;0.134984220804837;-0.638174593480289;0.018895267119472
4.46;0.128590365167094;-0.640829372304931;0.0190328874189583
4.47;0.122170852538543;-0.643286118013862;0.0191705077184446
4.48;0.11572766508234;-0.645544434525237;0.019308128017931
4.49;0.109262788651735;-0.647603985919173;0.0194457483174173
4.5;0.102778212188452;-0.649464496435055;0.0195833686169036
4.51;0.0962759271211702;-0.651125750450798;0.0197209889163899
4.52;0.0897579267643039;-0.652587592444124;0.0198586092158763
4.53;0.0832262057172408;-0.653849926935895;0.0199962295153626
4.54;0.0766827592642325;-0.654912718415531;0.0201338498148489
4.55;0.0701295827751106;-0.655775991248597;0.0202714701143352
4.56;0.0635686711070056;-0.656439829566588;0.0204090904138215
4.57;0.0570020180072498;-0.656904377138991;0.0205467107133079
4.58;0.0504316155176369;-0.65716983722769;0.0206843310127942
4.59;0.0438594533802188;-0.657236472423794;0.0208219513122805
4.6;0.0372875184448116;-0.657104604466949;0.0209595716117668
4.61;0.0307177940783871;-0.656774614047238;0.0210971919112531
4.62;0.0241522595765242;-0.656246940589751;0.0212348122107395
4.63;0.0175928895770911;-0.655522082021914;0.0213724325102258
4.64;0.0110416534763324;-0.654600594523686;0.0215100528097121
4.65;0.00450051484753019;-0.653483092260721;0.0216476731091984
4.66;-0.00202856913758956;-0.652170247100604;0.0217852934086848
4.67;-0.00854364828453787;-0.650662788312287;0.0219229137081711
4.68;-0.0150427799486623;-0.648961502248822;0.0220605340076574
4.69;-0.0215240296044994;-0.647067232013542;0.0221981543071437
4.7;-0.0279854714117148;-0.644980877109792;0.02233577460663
4.71;-0.0344251887774672;-0.642703393074361;0.0224733949061164
4.72;-0.0408412749150338;-0.640235791094749;0.0226110152056027
4.73;-0.0472318333985361;-0.637579137610406;0.022748635505089
4.74;-0.0535949787136065;-0.634734553898097;0.0228862558045753
4.75;-0.0599288368038381;-0.631703215641538;0.0230238761040617
4.76;-0.0662315456128598;-0.628486352485468;0.023161496403548
4.77;-0.0725012556218834;-0.625085247574306;0.0232991167030343
4.78;-0.078736131634657;-0.621501911191589;0.0232303065532911
4.79;-0.0849343676193452;-0.617739683089885;0.0230926862538048
4.8;-0.0910941821204637;-0.613800122170474;0.0229550659543185
4.81;-0.0972138084538881;-0.609684714134529;0.0228174456548322
4.82;-0.103291495018665;-0.605394994841811;0.0226798253553458
4.83;-0.109325505796147;-0.600932549764075;0.0225422050558595
4.84;-0.115314120843608;-0.596299013424538;0.0224045847563732
4.85;-0.121255636782178;-0.591496068823611;0.0222669644568869
4.86;-0.127148367278984;-0.58652544685109;0.0221293441574006
4.87;-0.132990643523349;-0.581388925684992;0.0219917238579142
4.88;-0.138780814696923;-0.576088330177256;0.0218541035584279
4.89;-0.144517248437607;-0.570625531226511;0.0217164832589416
4.9;-0.150198331297151;-0.565002445138112;0.0215788629594553
4.91;-0.155822469192297;-0.559221032971668;0.021441242659969
4.92;-0.16138808784934;-0.553283299876279;0.0213036223604826
4.93;-0.166893633241984;-0.547191294413692;0.0211660020609963
4.94;-0.172337572022383;-0.540947107869617;0.02102838176151
4.95;-0.177718391945236;-0.534552873553408;0.0208907614620237
4.96;-0.183034602284834;-0.528010766086358;0.0207531411625373
4.97;-0.188284734244927;-0.521323000678837;0.020615520863051
4.98;-0.193467341361333;-0.51449183239649;0.0204779005635647
4.99;-0.19858099989714;-0.507519555415771;0.0203402802640784
5;-0.203624309230431;-0.500408502269012;0.0202026599645921
5.01;-0.208595892234405;-0.493161043079305;0.0200650396651057
5.02;-0.213494395649807;-0.485779584785426;0.0199274193656194
5.03;-0.218318490449558;-0.478266570357057;0.0197897990661331
5.04;-0.223066872195503;-0.470624478000552;0.0196521787666468
5.05;-0.227738261387164;-0.462855820355512;0.0195145584671604
5.06;-0.232331403802429;-0.454963143682412;0.0193769381676741
5.07;-0.236845070830069;-0.446949027041552;0.0192393178681878
5.08;-0.241278059794014;-0.438816081463586;0.0191016975687015
5.09;-0.24562919426929;-0.430566949111887;0.0189640772692152
5.1;-0.249897324389553;-0.422204302437028;0.0188264569697288
5.11;-0.254081327146121;-0.413730843323632;0.0186888366702425
5.12;-0.258180106678454;-0.405149302229865;0.0185512163707562
5.13;-0.262192594555991;-0.396462437319847;0.0184135960712699
5.14;-0.266117750051275;-0.387673033589244;0.0182759757717835
5.15;-0.269954560404314;-0.378783901984322;0.0181383554722972
5.16;-0.2737020410781;-0.369797878514734;0.0180007351728109
5.17;-0.277359236005224;-0.360717823360326;0.0178631148733246
5.18;-0.280925217825541;-0.351546619972223;0.0177254945738383
5.19;-0.284399088114817;-0.342287174168488;0.0175878742743519
5.2;-0.287779977604311;-0.332942413224635;0.0174502539748656
5.21;-0.291067046391234;-0.323515284959268;0.0173126336753793
5.22;-0.294259484140055;-0.314008756815132;0.017175013375893
5.23;-0.297356510274585;-0.304425814935866;0.0170373930764066
5.24;-0.300357374160822;-0.294769463238735;0.0168997727769203
5.25;-0.303261355280496;-0.285042722483625;0.016762152477434
5.26;-0.306067763395296;-0.275248629338593;0.0166245321779477
5.27;-0.308775938701733;-0.265390235442255;0.0164869118784614
5.28;-0.311385251976616;-0.25547060646329;0.016349291578975
5.29;-0.313895104713113;-0.245492821157368;0.0162116712794887
5.3;-0.316304929247366;-0.235459970421763;0.0160740509800024
5.31;-0.318614188875646;-0.225375156347959;0.0159364306805161
5.32;-0.320822377962025;-0.215241491272527;0.0157988103810298
5.33;-0.32292902203655;-0.205062096826558;0.0156611900815434
5.34;-0.324933677883911;-0.194840102983954;0.0155235697820571
5.35;-0.326835933622573;-0.184578647108838;0.0153859494825708
5.36;-0.328635408774402;-0.174280873002403;0.0152483291830845
5.37;-0.330331754324733;-0.163949929949457;0.0151107088835981
5.38;-0.331924652772926;-0.153588971764968;0.0149730885841118
5.39;-0.333413818173371;-0.143201155840889;0.0148354682846255
5.4;-0.334798996166973;-0.13278964219355;0.0146978479851392
5.41;-0.336079964003113;-0.1223575925119;0.0145602276856529
5.42;-0.337256530552091;-0.111908169206879;0.0144226073861665
5.43;-0.338328536308081;-0.101444534462217;0.0142849870866802
5.44;-0.339295853382586;-0.090969849286922;0.0141473667871939
5.45;-0.340158385488437;-0.0804872725697561;0.0140097464877076
5.46;-0.340916067914345;-0.0699999601359683;0.0138721261882212
5.47;-0.34156886749003;-0.0595110638065682;0.0137345058887349
5.48;-0.342116782541953;-0.0490237304604168;0.0135968855892486
5.49;-0.342559842839689;-0.0385411010994102;0.0134592652897623
5.5;-0.34289810953296;-0.028066309917032;0.013321644990276
5.51;-0.343131675079375;-0.0176024833705473;0.0131840246907896
5.52;-0.343260663162903;-0.00715273925711054;0.0130464043913033
5.53;-0.343285228603136;0.00327981420594331;0.012908784091817
5.54;-0.343205557255361;0.0136920792963547;0.0127711637923307
5.55;-0.343021865901515;0.024080969697477;0.0126335434928443
5.56;-0.342734402132043;0.0344434114038293;0.012495923193358
5.57;-0.342343444218735;0.0447763436214034;0.0123583028938717
5.58;-0.341849300978581;0.0550767196624626;0.0122206825943854
5.59;-0.341252311628696;0.0653415078345742;0.0120830622948991
5.6;-0.340552845632396;0.0755676923236193;0.0119454419954127
5.61;-0.339751302536462;0.0857522740705251;0.0118078216959264
5.62;-0.338848111799663;0.0958922716414678;0.0116702013964401
5.63;-0.337843732612621;0.105984722091297;0.0115325810969538
5.64;-0.336738653709058;0.116026681819932;0.0113949607974675
5.65;-0.335533393168521;0.126015227421494;0.0112573404979811
5.66;-0.334228498210646;0.135947456525912;0.0111197201984948
5.67;-0.332824544981041;0.145820488632794;0.0109820998990085
5.68;-0.331322138328864;0.155631465937295;0.0108444795995222
5.69;-0.329721911576187;0.165377554147769;0.0107068593000358
5.7;-0.328024526279207;0.175055943294968;0.0105692390005495
5.71;-0.32623067198142;0.184663848532553;0.0104316187010632
5.72;-0.324341065958821;0.19419851092871;0.0102939984015769
5.73;-0.322356452957224;0.203657198248623;0.0101563781020906
5.74;-0.320277604921813;0.213037205727612;0.0100187578026042
5.75;-0.318105320718992;0.222335856834699;0.00988113750311791
5.76;-0.315840425850647;0.231550504026406;0.00974351720363159
5.77;-0.313483772160922;0.240678529490558;0.00960589690414527
5.78;-0.311036237535586;0.249717345879906;0.00946827660465895
5.79;-0.30849872559413;0.258664397035352;0.00933065630517262
5.8;-0.305872165374665;0.267517158698582;0.0091930360056863
5.81;-0.303157511011746;0.276273139213907;0.00905541570619998
5.82;-0.300355741407233;0.28492988021914;0.00891779540671366
5.83;-0.297467859894282;0.293484957325286;0.00878017510722734
5.84;-0.2944948938946;0.301935980784893;0.00864255480774101
5.85;-0.291437894569061;0.310280596148868;0.00850493450825469
5.86;-0.288297936461814;0.318516484911579;0.00836731420876837
5.87;-0.285076117137985;0.326641365144076;0.00822969390928205
5.88;-0.281773556815108;0.334652992115265;0.00809207360979573
5.89;-0.278391397988394;0.342549158900852;0.00795445331030941
5.9;-0.274930805049968;0.350327696979919;0.00781683301082308
5.91;-0.271392963902199;0.357986476818956;0.00767921271133676
5.92;-0.267779081565242;0.365523408443206;0.00754159241185044
5.93;-0.264090385778927;0.372936441995166;0.00740397211236412
5.94;-0.260328124599122;0.380223568280109;0.0072663518128778
5.95;-0.256493565988697;0.387382819298471;0.00712873151339147
5.96;-0.252587997403227;0.394412268764982;0.00699111121390515
5.97;-0.24861272537156;0.401310032614395;0.00685349091441883
5.98;-0.244569075071392;0.408074269493694;0.00671587061493251
5.99;-0.240458389899983;0.414703181240648;0.00657825031544619
6;-0.236282031040137;0.421195013348599;0.00644063001595986
6.01;-0.232041377021618;0.427548055417369;0.00630300971647354
6.02;-0.227737823278096;0.433760641590158;0.00616538941698722
6.03;-0.223372781699808;0.439831150976352;0.0060277691175009
6.04;-0.21894768018204;0.445758008060119;0.00589014881801458
6.05;-0.214463962169594;0.451539683094703;0.00575252851852825
6.06;-0.209923086197378;0.457174692482316;0.00561490821904193
6.07;-0.205326525427259;0.462661599139551;0.00547728791955561
6.08;-0.200675767181327;0.467999012848218;0.00533966762006929
6.09;-0.195972312471719;0.473185590591534;0.00520204732058297
6.1;-0.191217675527147;0.478220036875577;0.00506442702109665
6.11;-0.186413383316274;0.483101104035953;0.00492680672161032
6.12;-0.181560975068099;0.487827592529589;0.004789186422124
6.13;-0.176662001789479;0.492398351211608;0.00465156612263768
6.14;-0.17171802577996;0.496812277597215;0.00451394582315136
6.15;-0.166730620144054;0.501068318108546;0.00437632552366504
6.16;-0.16170136830111;0.505165468306437;0.00423870522417871
6.17;-0.156631863492943;0.509102773107057;0.00410108492469239
6.18;-0.151523708289362;0.512879326983387;0.00396346462520607
6.19;-0.146378514091747;0.516494274151482;0.00382584432571975
6.2;-0.141197900634842;0.519946808741512;0.00368822402623343
6.21;-0.135983495486894;0.523236174953546;0.00355060372674711
6.22;-0.130736933548314;0.526361667198053;0.00341298342726078
6.23;-0.125459856548994;0.529322630221121;0.00327536312777446
6.24;-0.120153912544445;0.532118459214358;0.00313774282828814
6.25;-0.114820755410904;0.534748599909498;0.00300012252880182
6.26;-0.109462044339561;0.537212548657683;0.0028625022293155
6.27;-0.104079443330066;0.539509852493438;0.00272488192982917
6.28;-0.0986746206834636;0.541640109183348;0.00258726163034285
6.29;-0.0932492484947103;0.543602967259437;0.00244964133085653
6.3;-0.0878050021449237;0.545398126037278;0.00231202103137021
6.31;-0.0823435597935234;0.54702533561884;0.00217440073188389
6.32;-0.0768666018704096;0.548484396880122;0.00203678043239756
6.33;-0.0713758105683347;0.54977516144357;0.00189916013291124
6.34;-0.0658728693356183;0.550897531635344;0.00176153983342492
6.35;-0.060359462369358;0.551851460427451;0.0016239195339386
6.36;-0.0548372741092871;0.552636951364799;0.00148629923445228
6.37;-0.0493079887324287;0.553254058477218;0.00134867893496595
6.38;-0.043773289648698;0.553702886176496;0.00121105863547963
6.39;-0.0382348589976002;0.553983589138488;0.00107343833599331
6.4;-0.0326943771461757;0.554096372170368;0.00093581803650699
6.41;-0.0271535221883382;0.554041490063074;0.000798197737020667
6.42;-0.0216139694457556;0.553819247429025;0.000660577437534345
6.43;-0.016077390970419;0.553429998525186;0.000522957138048022
6.44;-0.0105454550490473;0.552874147061551;0.000385336838561703
6.45;-0.0050198257094719;0.552152145995136;0.00024771653907538
6.46;0.000497837770853362;0.551264497309558;0.000110096239589057
6.47;0.00600588135407381;0.550211765542332;0
6.48;0.011502659755166;0.548995416469684;0
6.49;0.0169865429689181;0.547616590765673;0
6.5;0.0224559093063923;0.546075980991367;0
6.51;0.0279091442173835;0.544374327014022;0
6.52;0.0333446407621291;0.542512415703994;0
6.53;0.0387608000799256;0.540491080618087;0
6.54;0.044156031854519;0.538311201669443;0
6.55;0.0495287547761337;0.535973704784112;0
6.56;0.0548773970000074;0.533479561544411;0
6.57;0.0602003966013007;0.530829788819216;0
6.58;0.0654962020262518;0.528025448381313;0
6.59;0.0707632725394461;0.525067646511943;0
6.6;0.076000078667075;0.52195753359269;0
6.61;0.0812051026360563;0.518696303684846;0
6.62;0.0863768388088935;0.515285194096409;0
6.63;0.0915137941141489;0.511725484936859;0
6.64;0.0966144884724106;0.508018498659873;0
6.65;0.101677455217633;0.504165599594124;0
6.66;0.106701241513733;0.500168193462347;0
6.67;0.11168440876632;0.496027726888812;0
6.68;0.11662553302946;0.491745686895388;0
6.69;0.121523205407333;0.487323600386361;0
6.7;0.126376032450709;0.482763033622186;0
6.71;0.131182636548091;0.478065591682344;0
6.72;0.135941656311456;0.473232917917484;0
6.73;0.14065174695646;0.468266693391034;0
6.74;0.145311580677012;0.463168636310473;0
6.75;0.149919847014125;0.457940501448442;0
6.76;0.154475253218918;0.452584079553882;0
6.77;0.1589765246097;0.447101196753418;0
6.78;0.163422404923012;0.441493713943145;0
6.79;0.167811656658553;0.435763526171056;0
6.8;0.172143061417888;0.429912562010279;0
6.81;0.176415420236842;0.423942782923355;0
6.82;0.180627553911502;0.417856182617737;0
6.83;0.184778303317738;0.41165478639274;0
6.84;0.188866529724146;0.405340650478141;0
6.85;0.192891115098352;0.398915861364641;0
6.86;0.196850962406576;0.392382535126411;0
6.87;0.20074499590639;0.38574281673593;0
6.88;0.204572161432591;0.378998879371343;0
6.89;0.208331426676114;0.372152923716552;0
6.9;0.212021781455913;0.365207177254262;0
6.91;0.215642237983745;0.358163893552212;0
6.92;0.21919183112178;0.351025351542815;0
6.93;0.222669618632987;0.34379385479643;0
6.94;0.226074681424218;0.336471730788495;0
6.95;0.229406123781938;0.329061330160762;0
6.96;0.232663073600547;0.321565025976848;0
6.97;0.235844682603225;0.31398521297235;0
6.98;0.238950126555258;0.306324306799753;0
6.99;0.241978605469792;0.298584743268359;0
7;0.244929343805964;0.29076897757949;0
7.01;0.247801590659362;0.282879483557183;0
7.02;0.250594619944775;0.274918752874631;0
7.03;0.253307730571191;0.2668892942766;0
7.04;0.255940246608995;0.258793632798068;0
7.05;0.258491517449346;0.25063430897932;0
7.06;0.260960917955686;0.242413878077746;0
7.07;0.263347848607348;0.234134909276582;0
7.08;0.265651735635249;0.225799984890839;0
7.09;0.267872031149621;0.217411699570652;0
7.1;0.270008213259772;0.208972659502314;0
7.11;0.27205978618584;0.200485481607211;0
7.12;0.274026280362536;0.191952792738927;0
7.13;0.275907252534847;0.183377228878741;0
7.14;0.277702285845684;0.174761434329784;0
7.15;0.279410989915474;0.166108060910073;0
7.16;0.281033000913672;0.157419767144689;0
7.17;0.282567981622197;0.148699217457326;0
7.18;0.284015621490772;0.139949081361466;0
7.19;0.28537563668419;0.131172032651416;0
7.2;0.286647770121477;0.122370748593454;0
7.21;0.287831791506972;0.113547909117321;0
7.22;0.288927497353331;0.104706196008307;0
7.23;0.289934710996443;0.0958482921001722;0
7.24;0.290853282602294;0.0869768804691318;0
7.25;0.291683089165761;0.0780946436291626;0
7.26;0.292424034501383;0.069204262728857;0
7.27;0.293076049226091;0.0603084167500668;0
7.28;0.293639090733947;0.0514097817085747;0
7.29;0.294113143162895;0.0425110298570276;0
7.3;0.294498217353548;0.0336148288903691;0
7.31;0.294794350800049;0.0247238411540025;0
7.32;0.29500160759302;0.0158407228549195;0
7.33;0.295120078354644;0.00696812327602383;0
7.34;0.295149880165897;-0.00189131600611862;0
7.35;0.295091156485977;-0.0107349618998756;0
7.36;0.294944077063971;-0.0195601905732626;0
7.37;0.294708837842783;-0.0283643882245494;0
7.38;0.294385660855378;-0.0371449518485363;0
7.39;0.293974794113389;-0.0458992899982761;0
7.4;0.293476511488123;-0.054624823542023;0
7.41;0.292891112584019;-0.0633189864151886;0
7.42;0.292218922604615;-0.0719792263670885;0
7.43;0.291460292211065;-0.0806030057022645;0
7.44;0.290615597373274;-0.0891878020161701;0
7.45;0.289685239213698;-0.0977311089250076;0
7.46;0.288669643843875;-0.106230436789508;0
7.47;0.287569262193747;-0.11468331343245;0
7.48;0.286384569833834;-0.123087284849707;0
7.49;0.285116066790323;-0.131439915914629;0
7.5;0.283764277353156;-0.139738791075551;0
7.51;0.282329749877163;-0.147981515046241;0
7.52;0.280813056576329;-0.156165713489077;0
7.53;0.279214793311258;-0.164289033690783;0
7.54;0.27753557936992;-0.172349145230507;0
7.55;0.275776057241749;-0.18034374064008;0
7.56;0.27393689238517;-0.188270536056255;0
7.57;0.272018772988652;-0.19612727186475;0
7.58;0.270022409725345;-0.203911713335914;0
7.59;0.267948535501405;-0.211621651251845;0
7.6;0.26579790519809;-0.219254902524775;0
7.61;0.263571295407707;-0.22680931080657;0
7.62;0.261269504163503;-0.234282747089159;0
7.63;0.258893350663602;-0.241673110295734;0
7.64;0.25644367498906;-0.248978327862574;0
7.65;0.253921337816157;-0.256196356311305;0
7.66;0.251327220123;-0.263325181811469;0
7.67;0.24866222289055;-0.270362820733237;0
7.68;0.245927266798164;-0.277307320190118;0
7.69;0.243123291913758;-0.284156758571516;0
7.7;0.240251257378691;-0.290909246065002;0
7.71;0.237312141087465;-0.297562925168159;0
7.72;0.234306939362367;-0.30411597118985;0
7.73;0.231236666623138;-0.310566592740801;0
7.74;0.228102355051784;-0.316913032213354;0
7.75;0.224905054252643;-0.323153566250267;0
7.76;0.221645830907814;-0.329286506202443;0
7.77;0.218325768428052;-0.335310198575472;0
7.78;0.214945966599258;-0.341223025464861;0
7.79;0.211507541224659;-0.34702340497985;0
7.8;0.208011623762808;-0.352709791655707;0
7.81;0.204459360961514;-0.35828067685439;0
7.82;0.200851914487808;-0.363734589153489;0
7.83;0.197190460554087;-0.369070094723333;0
7.84;0.193476189540528;-0.374285797692191;0
7.85;0.189710305613914;-0.379380340499457;0
7.86;0.185894026342973;-0.384352404236755;0
7.87;0.18202858231037;-0.389200708976861;0
7.88;0.178115216721457;-0.393924014090378;0
7.89;0.174155185009917;-0.398521118550093;0
7.9;0.170149754440416;-0.402990861222927;0
7.91;0.166100203708396;-0.40733212114944;0
7.92;0.162007822537125;-0.411543817810799;0
7.93;0.157873911272137;-0.415624911383172;0
7.94;0.153699780473182;-0.419574402979489;0
7.95;0.149486750503821;-0.423391334878507;0
7.96;0.145236151118778;-0.427074790741147;0
7.97;0.140949321049196;-0.430623895814059;0
7.98;0.136627607585908;-0.434037817120359;0
7.99;0.132272366160866;-0.43731576363753;0
8;0.127884959926836;-0.440456986462429;0
8.01;0.123466759335519;-0.443460778963389;0
8.02;0.11901914171419;-0.446326476919391;0
8.03;0.11454349084102;-0.44905345864628;0
8.04;0.110041196519182;-0.451641145110016;0
8.05;0.105513654149892;-0.454089000026942;0
8.06;0.100962264304499;-0.456396529951067;0
8.07;0.0963884322957621;-0.458563284348359;0
8.08;0.0917935677484492;-0.460588855658047;0
8.09;0.0871790841693718;-0.462472879340932;0
8.1;0.0825463985170014;-0.464215033914722;0
8.11;0.0778969307707887;-0.465815040976402;0
8.12;0.0732321035003181;-0.467272665211646;0
8.13;0.0685533414344254;-0.468587714391299;0
8.14;0.06386207103041;-0.469760039354957;0
8.15;0.0591597200434683;-0.470789533981649;0
8.16;0.0544477170964786;-0.471676135147685;0
8.17;0.049727491250265;-0.472419822671677;0
8.18;0.0450004715744691;-0.473020619246783;0
8.19;0.0402680867191558;-0.473478590360222;0
8.2;0.0355317644872817;-0.473793844200091;0
8.21;0.0307929314081524;-0.473966531549545;0
8.22;0.026053012311994;-0.473996845668395;0
8.23;0.0213134299057656;-0.473885022162172;0
8.24;0.0165756043503372;-0.473631338838721;0
8.25;0.0118409528391572;-0.473236115552396;0
8.26;0.00711088917853436;-0.472699714035913;0
8.27;0.00238682336965533;-0.472022537719949;0
8.28;-0.00232983880753787;-0.471205031540534;0
8.29;-0.00703769620849038;-0.470247681734351;0
8.3;-0.0117353527360755;-0.469151015621997;0
8.31;-0.0164214177504146;-0.467915601379301;0
8.32;-0.0210945064763568;-0.466542047796795;0
8.33;-0.0257532404085005;-0.465031004027416;0
8.34;-0.0303962477136387;-0.463383159322546;0
8.35;-0.0350221636305136;-0.461599242756489;0
8.36;-0.0396296308667638;-0.459680022939477;0
8.37;-0.0442172999929497;-0.457626307719324;0
8.38;-0.0487838298335462;-0.455438943871828;0
8.39;-0.0533278878547876;-0.453118816780038;0
8.4;-0.057848150549257;-0.450666850102496;0
8.41;-0.0623433038171076;-0.448084005430579;0
8.42;-0.0668120433438096;-0.445371281935058;0
8.43;-0.0712530749743148;-0.442529716001998;0
8.44;-0.0756651150835316;-0.439560380858133;0
8.45;-0.0800468909430084;-0.436464386185834;0
8.46;-0.0843971410837189;-0.433242877727818;0
8.47;-0.08871461565485;-0.429897036881722;0
8.48;-0.0929980767784892;-0.426428080284689;0
8.49;-0.0972462989001146;-0.4228372593881;0
8.5;-0.101458069134788;-0.419125860022611;0
8.51;-0.105632187608954;-0.415295201953617;0
8.52;-0.109767467797753;-0.411346638427321;0
8.53;-0.113862736857754;-0.407281555707541;0
8.54;-0.11791683595501;-0.403101372603415;0
8.55;-0.121928620588355;-0.398807539988166;0
8.56;-0.125896960907846;-0.394401540309077;0
8.57;-0.129820742028269;-0.389884887088849;0
8.58;-0.133698864337613;-0.385259124418496;0
8.59;-0.137530243800446;-0.380525826441953;0
8.6;-0.141313812256093;-0.375686596832557;0
8.61;-0.145048517711544;-0.370743068261581;0
8.62;-0.148733324629013;-0.36569690185898;0
8.63;-0.152367214208073;-0.360549786666544;0
8.64;-0.155949184662283;-0.355303439083618;0
8.65;-0.159478251490244;-0.349959602305571;0
8.66;-0.162953447741007;-0.344520045755208;0
8.67;-0.16637382427376;-0.338986564507283;0
8.68;-0.169738450011738;-0.333360978706326;0
8.69;-0.173046412190273;-0.327645132977944;0
8.7;-0.176296816598935;-0.321840895833804;0
8.71;-0.17948878781769;-0.315950159070471;0
8.72;-0.182621469447024;-0.309974837162308;0
8.73;-0.185694024331966;-0.303916866648611;0
8.74;-0.188705634779959;-0.297778205515193;0
8.75;-0.191655502772525;-0.291560832570597;0
8.76;-0.194542850170664;-0.285266746817138;0
8.77;-0.197366918913942;-0.278897966816976;0
8.78;-0.200126971213222;-0.272456530053414;0
8.79;-0.202822289736983;-0.265944492287622;0
8.8;-0.205452177791187;-0.259363926910988;0
8.81;-0.208015959492652;-0.252716924293293;0
8.82;-0.210512979935888;-0.246005591126927;0
8.83;-0.21294260535336;-0.239232049767325;0
8.84;-0.215304223269133;-0.232398437569856;0
8.85;-0.21759724264588;-0.225506906223345;0
8.86;-0.219821094025202;-0.218559621080447;0
8.87;-0.221975229661241;-0.211558760485077;0
8.88;-0.224059123647563;-0.204506515097102;0
8.89;-0.226072272037259;-0.197405087214497;0
8.9;-0.228014192956277;-0.190256690093185;0
8.91;-0.229884426709926;-0.183063547264758;0
8.92;-0.231682535882559;-0.175827891852284;0
8.93;-0.2334081054304;-0.168551965884424;0
8.94;-0.23506074276751;-0.161238019608058;0
8.95;-0.236640077844871;-0.153888310799616;0
8.96;-0.238145763222576;-0.146505104075357;0
8.97;-0.239577474135125;-0.139090670200761;0
8.98;-0.240934908549801;-0.13164728539928;0
8.99;-0.242217787218144;-0.124177230660635;0
9;-0.243425853720493;-0.116682791048872;0
9.01;-0.244558874503621;-0.10916625501039;0
9.02;-0.245616638911444;-0.101629913682142;0
9.03;-0.246598959208811;-0.094076060200214;0
9.04;-0.247505670598391;-0.0865069890090049;0
9.05;-0.248336631230647;-0.0789249951711882;0
9.06;-0.24909172220692;-0.0713323736786828;0
9.07;-0.249770847575621;-0.0637314187648265;0
9.08;-0.25037393432156;-0.0561244232179589;0
9.09;-0.250900932348409;-0.0485136776966177;0
9.1;-0.25135181445433;-0.0409014700465503;0
9.11;-0.251726576300784;-0.0332900846197422;0
9.12;-0.252025236374532;-0.0256818015956631;0
9.13;-0.252247835942867;-0.0180788963049303;0
9.14;-0.252394439002094;-0.0104836385555885;0
9.15;-0.252465132219276;-0.00289829196220193;0
9.16;-0.252460024867298;0.00467488672204296;0
9.17;-0.252379248753256;0.0122336482700306;0
9.18;-0.252222958140218;0.0197757516420107;0
9.19;-0.251991329662387;0.0272989646433024;0
9.2;-0.251684562233706;0.034801064578216;0
9.21;-0.251302876949939;0.0422798389000039;0
9.22;-0.250846516984273;0.0497330858566516;0
9.23;-0.250315747476478;0.0571586151323239;0
9.24;-0.249710855415679;0.0645542484842797;0
9.25;-0.249032149516772;0.0719178203750735;0
9.26;-0.248279960090547;0.0792471785998619;0
9.27;-0.247454638907559;0.086540184908635;0
9.28;-0.246556559055793;0.0937947156231958;0
9.29;-0.245586114792196;0.101008662248711;0
9.3;-0.244543721388107;0.108179932079657;0
9.31;-0.243429814968663;0.1153064488;0
9.32;-0.242244852346218;0.122386153077416;0
9.33;-0.240989310847863;0.129417003151417;0
9.34;-0.239663688137078;0.136396975415183;0
9.35;-0.238268502029602;0.143324064990965;0
9.36;-0.236804290303577;0.150196286298874;0
9.37;-0.235271610504038;0.157011673618915;0
9.38;-0.233671039741804;0.1637682816461;0
9.39;-0.232003174486862;0.170464186038488;0
9.4;-0.230268630356292;0.177097483957994;0
9.41;-0.228468041896827;0.183666294603831;0
9.42;-0.226602062362101;0.190168759738422;0
9.43;-0.224671363484684;0.19660304420565;0
9.44;-0.222676635242959;0.202967336441293;0
9.45;-0.220618585622941;0.209259848975516;0
9.46;-0.218497940375095;0.215478818927269;0
9.47;-0.216315442766258;0.221622508490476;0
9.48;-0.214071853326733;0.227689205411857;0
9.49;-0.211767949592636;0.233677223460284;0
9.5;-0.209404525843602;0.239584902887518;0
9.51;-0.206982392835906;0.245410610880224;0
9.52;-0.204502377531121;0.251152742003128;0
9.53;-0.201965322820369;0.256809718633214;0
9.54;-0.199372087244284;0.262379991384829;0
9.55;-0.196723544708754;0.2678620395256;0
9.56;-0.194020584196553;0.27325437138304;0
9.57;-0.191264109474947;0.278555524741754;0
9.58;-0.18845503879937;0.283764067231118;0
9.59;-0.185594304613269;0.288878596703364;0
9.6;-0.182682853244206;0.293897741601935;0
9.61;-0.179721644596328;0.298820161320058;0
9.62;-0.176711651839288;0.303644546549401;0
9.63;-0.173653861093732;0.308369619618772;0
9.64;-0.170549271113441;0.312994134822729;0
9.65;-0.167398892964225;0.317516878740065;0
9.66;-0.164203749699694;0.32193667054205;0
9.67;-0.160964876033979;0.326252362290387;0
9.68;-0.157683318011526;0.330462839224786;0
9.69;-0.154360132674058;0.334567020040107;0
9.7;-0.150996387724819;0.33856385715299;0
9.71;-0.147593161190194;0.342452336957926;0
9.72;-0.144151541078814;0.3462314800727;0
9.73;-0.140672625038261;0.349900341573148;0
9.74;-0.137157520009471;0.353458011217188;0
9.75;-0.133607341878942;0.356903613658072;0
9.76;-0.130023215128861;0.360236308646799;0
9.77;-0.12640627248526;0.363455291223673;0
9.78;-0.122757654564295;0.366559791898944;0
9.79;-0.119078509516777;0.369549076822514;0
9.8;-0.115369992671052;0.372422447942657;0
9.81;-0.111633266174344;0.375179243153747;0
9.82;-0.107869498632667;0.377818836432949;0
9.83;-0.104079864749427;0.380340637965863;0
9.84;-0.100265544962808;0.382744094261097;0
9.85;-0.0964277250820698;0.385028688253751;0
9.86;-0.0925675959228598;0.387193939397814;0
9.87;-0.0886863529416455;0.389239403747441;0
9.88;-0.0847851958693902;0.391164674027134;0
9.89;-0.0808653283445738;0.392969379690799;0
9.9;-0.0769279575456741;0.394653186969695;0
9.91;-0.0729742938232182;0.396215798909279;0
9.92;-0.0690055503315157;0.397656955394949;0
9.93;-0.065022942660184;0.398976433166698;0
9.94;-0.061027688465577;0.400174045822702;0
9.95;-0.0570210071022281;0.401249643811844;0
9.96;-0.053004119254417;0.402203114415214;0
9.97;-0.0489782465679717;0.403034381716592;0
9.98;-0.0449446112824144;0.403743406561954;0
9.99;-0.0409044358635623;0.404330186508029;0
10;-0.0368589426366916;0.404794755759932;0
10.01;-0.0328093534203743;0.40513718509793;0
10.02;-0.0287568891610961;0.405357581793363;0
10.03;-0.0247027695687634;0.405456089513771;0
10.04;-0.0206482127532086;0.405432888217273;0
10.05;-0.0165944348617978;0.405288194036257;0
10.06;-0.0125426497182515;0.405022259150416;0
10.07;-0.00849406846278153;0.4046353716492;0
10.08;-0.00444989919365106;0.404127855383746;0
10.09;-0.000411346610262688;0.403500069808334;0
10.1;0.00362038834212136;0.402752409811449;0
10.11;0.00764410882592303;0.401885305536506;0
10.12;0.0116586224629533;0.400899222192322;0
10.13;0.0156627416841759;0.399794659853399;0
10.14;0.0196552840774281;0.398572153250093;0
10.15;0.0236350727329983;0.39723227154877;0
10.16;0.0276009365869602;0.395775618122002;0
10.17;0.0315517107621644;0.394202830308912;0
10.18;0.0354862369067895;0.392514579165748;0
10.19;0.0394033635303556;0.390711569206778;0
10.2;0.043301946337103;0.388794538135603;0
10.21;0.0471808485566414;0.386764256566978;0
10.22;0.0510389412717756;0.384621527739251;0
10.23;0.0548751037434126;0.382367187217512;0
10.24;0.0586882237324602;0.38000210258757;0
10.25;0.0624771978186227;0.377527173140847;0
10.26;0.066240931716007;0.374943329550315;0
10.27;0.0699783405854468;0.372251533537585;0
10.28;0.0736883493434587;0.369452777531257;0
10.29;0.0773698929677431;0.366548084316654;0
10.3;0.0810219167991438;0.363538506677059;0
10.31;0.0846433768399826;0.360425127026574;0
10.32;0.0882332400486848;0.35720905703473;0
10.33;0.0917904846306142;0.353891437242974;0
10.34;0.0953141003250372;0.350473436673155;0
10.35;0.0988030886881362;0.346956252428153;0
10.36;0.102256463371994;0.343341109284769;0
10.37;0.105673250399472;0.339629259279025;0
10.38;0.109052488434913;0.335821981284003;0
10.39;0.112393229050578;0.331920580580367;0
10.4;0.11569453698877;0.327926388419703;0
10.41;0.118955490419548;0.323840761580828;0
10.42;0.122175181193979;0.319665081919208;0
10.43;0.125352715092852;0.315400755909636;0
10.44;0.128487212070787;0.311049214182311;0
10.45;0.131577806495682;0.306611911052478;0
10.46;0.134623647383418;0.302090324043775;0
10.47;0.137623898627781;0.297485953405441;0
10.48;0.14057773922552;0.292800321623546;0
10.49;0.143484363496495;0.288034972926387;0
10.5;0.146342981298852;0.283191472784227;0
10.51;0.149152818239173;0.278271407403517;0
10.52;0.15191311587754;0.273276383215776;0
10.53;0.15462313192747;0.26820802636129;0
10.54;0.157282140450657;0.26306798216778;0
10.55;0.159889432046482;0.257857914624227;0
10.56;0.162444314036247;0.252579505849996;0
10.57;0.164946110642063;0.247234455559448;0
10.58;0.167394163160386;0.241824480522189;0
10.59;0.169787830130115;0.236351314019141;0
10.6;0.17212648749525;0.230816705294591;0
10.61;0.174409528762039;0.225222419004406;0
10.62;0.176636365150606;0.219570234660569;0
10.63;0.178806425740991;0.213861946072219;0
10.64;0.180919157613598;0.208099360783365;0
10.65;0.182974025984001;0.20228429950745;0
10.66;0.184970514332086;0.196418595558944;0
10.67;0.186908124525486;0.190504094282124;0
10.68;0.188786376937306;0.184542652477243;0
10.69;0.190604810558088;0.178536137824243;0
10.7;0.192362983102006;0.172486428304201;0
10.71;0.194060471107268;0.166395411618681;0
10.72;0.195696870030698;0.160264984607166;0
10.73;0.19727179433649;0.154097052662761;0
10.74;0.198784877579107;0.147893529146323;0
10.75;0.20023577248032;0.141656334799224;0
10.76;0.201624151000361;0.135387397154901;0
10.77;0.202949704403197;0.129088649949385;0
10.78;0.204212143315897;0.122762032530981;0
10.79;0.205411197782096;0.116409489269287;0
10.8;0.206546617309548;0.110032968963713;0
10.81;0.207618170911761;0.103634424251698;0
10.82;0.208625647143712;0.0972158110167931;0
10.83;0.209568854131648;0.0907790877967782;0
10.84;0.21044761959696;0.0843262151920145;0
10.85;0.211261790874154;0.0778591552741867;0
10.86;0.212011234922902;0.0713798709956227;0
10.87;0.212695838334192;0.0648903255993649;0
10.88;0.21331550733059;0.0583924820301676;0
10.89;0.213870167760601;0.0518883023465967;0
10.9;0.214359765087174;0.0453797471344047;0
10.91;0.214784264370338;0.0388687749213564;0
10.92;0.215143650243991;0.0323573415936761;0
10.93;0.215437926886869;0.0258473998142905;0
10.94;0.215667117987701;0.0193408984430371;0
10.95;0.215831266704574;0.0128397819590093;0
10.96;0.215930435618541;0.00634598988520772;0
10.97;0.215964706681473;-0.000138543784334703;0
10.98;0.215934181158207;-0.00661189115478493;0
10.99;0.215838979562994;-0.0130721309979341;0
11;0.215679241590292;-0.0195173493166482;0
11.01;0.215455126039925;-0.0259456399061807;0
11.02;0.215166810736648;-0.0323551049121853;0
11.03;0.214814492444143;-0.0387438553852655;0
11.04;0.214398386773489;-0.045110011831903;0
11.05;0.213918728086132;-0.0514517047616034;0
11.06;0.213375769391417;-0.0577670752301044;0
11.07;0.212769782238686;-0.0640542753784877;0
11.08;0.212101056604022;-0.0703114689680423;0
11.09;0.21136990077165;-0.0765368319107251;0
11.1;0.210576641210064;-0.0827285527950676;0
11.11;0.209721622442913;-0.0888848334073779;0
11.12;0.208805206914689;-0.0950038892480925;0
11.13;0.207827774851288;-0.101083950043128;0
11.14;0.206789724115469;-0.107123260250091;0
11.15;0.205691470057278;-0.1131200795592;0
11.16;0.20453344535949;-0.119072683388784;0
11.17;0.203316099878118;-0.124979363375211;0
11.18;0.202039900478046;-0.130838427857114;0
11.19;0.200705330863852;-0.136648202353781;0
11.2;0.199312891405872;-0.142407030037566;0
11.21;0.197863098961559;-0.148113272200205;0
11.22;0.196356486692221;-0.153765308712894;0
11.23;0.194793603875176;-0.159361538480005;0
11.24;0.193175015711402;-0.164900379886321;0
11.25;0.191501303128746;-0.170380271237663;0
11.26;0.189773062580754;-0.175799671194784;0
11.27;0.187990905841196;-0.181157059200419;0
11.28;0.186155459794347;-0.186450935899372;0
11.29;0.184267366221107;-0.191679823551522;0
11.3;0.182327281581012;-0.196842266437644;0
11.31;0.180335876790231;-0.201936831257927;0
11.32;0.178293836995601;-0.206962107523091;0
11.33;0.176201861344794;-0.211916707937993;0
11.34;0.174060662752673;-0.216799268777617;0
11.35;0.171870967663929;-0.221608450255358;0
11.36;0.16963351581207;-0.226342936883495;0
11.37;0.167349059974835;-0.231001437825759;0
11.38;0.165018365726126;-0.235582687241909;0
11.39;0.162642211184525;-0.240085444624218;0
11.4;0.160221386758485;-0.244508495125795;0
11.41;0.157756694888274;-0.248850649880639;0
11.42;0.155248949784757;-0.253110746315367;0
11.43;0.1526989771651;-0.257287648452517;0
11.44;0.150107613985472;-0.261380247205359;0
11.45;0.147475708170846;-0.26538746066414;0
11.46;0.144804118341975;-0.26930823437369;0
11.47;0.142093713539623;-0.273141541602319;0
11.48;0.139345372946158;-0.276886383601946;0
11.49;0.136559985604574;-0.280541789859386;0
11.5;0.133738450135046;-0.284106818338748;0
11.51;0.130881674449098;-0.287580555714875;0
11.52;0.127990575461479;-0.29096211759778;0
11.53;0.125066078799834;-0.294250648748021;0
11.54;0.122109118512265;-0.297445323282966;0
11.55;0.119120636772864;-0.300545344873909;0
11.56;0.116101583585324;-0.303549946933981;0
11.57;0.113052916484708;-0.306458392796827;0
11.58;0.109975600237475;-0.309269975886007;0
11.59;0.106870606539848;-0.311984019875084;0
11.6;0.103738913714637;-0.314599878838372;0
11.61;0.100581506406577;-0.317116937392307;0
11.62;0.0973993752763125;-0.319534610827425;0
11.63;0.0941935166930952;-0.321852345230917;0
11.64;0.0909649324262996;-0.324069617599738;0
11.65;0.087714629335852;-0.326185935944262;0
11.66;0.0844436190616646;-0.328200839382457;0
11.67;0.0811529177121708;-0.330113898224578;0
11.68;0.0778435455520556;-0.331924714048358;0
11.69;0.0745165266892779;-0.333632919764706;0
11.7;0.0711728887614777;-0.335238179673888;0
11.71;0.0678136626218648;-0.336740189512215;0
11.72;0.064439882024683;-0.338138676489216;0
11.73;0.061052583310346;-0.339433399315322;0
11.74;0.0576528050903381;-0.340624148220052;0
11.75;0.0542415879319767;-0.341710744960725;0
11.76;0.0508199740431298;-0.342693042821703;0
11.77;0.0473890069569835;-0.343570926604186;0
11.78;0.0439497312169547;-0.34434431260658;0
11.79;0.0405031920618416;-0.345013148595449;0
11.8;0.0370504351113072;-0.345577413767095;0
11.81;0.0335925060517897;-0.34603711869977;0
11.82;0.0301304503229317;-0.346392305296576;0
11.83;0.0266653128046234;-0.346643046719065;0
11.84;0.0231981375047506;-0.346789447311584;0
11.85;0.0197299672477412;-0.346831642516404;0
11.86;0.0162618433640015;-0.346769798779674;0
11.87;0.0127948053803343;-0.34660411344824;0
11.88;0.00932989071142967;-0.346334814657382;0
11.89;0.00586813435251903;-0.345962161209512;0
11.9;0.00241056857328265;-0.345486442443888;0
11.91;-0.00104177738689964;-0.344907978097399;0
11.92;-0.00448787762226566;-0.344227118156478;0
11.93;-0.0079267098624675;-0.343444242700199;0
11.94;-0.0113572557727597;-0.342559761734628;0
11.95;-0.0147785012524919;-0.341574115018483;0
11.96;-0.0181894367318187;-0.340487771880175;0
11.97;-0.0215890574665426;-0.339301231026304;0
11.98;-0.0249763638310022;-0.338015020341676;0
11.99;-0.0283503616089237;-0.336629696680911;0
12;-0.0317100622821509;-0.335145845651738;0
12.01;-0.0350544833171702;-0.333564081390029;0
12.02;-0.0383826484493502;-0.331885046326679;0
12.03;-0.0416935879648129;-0.330109410946399;0
12.04;-0.044986338979857;-0.328237873538516;0
12.05;-0.0482599457178537;-0.326271159939869;0
12.06;-0.051513459783536;-0.324210023269882;0
12.07;-0.0547459404346037;-0.322055243657925;0
12.08;-0.0579564548505686;-0.319807627963034;0
12.09;-0.0611440783987615;-0.317468009486112;0
12.1;-0.0643078948974286;-0.315037247674693;0
12.11;-0.0674469968758426;-0.312516227820374;0
12.12;-0.0705604858313548;-0.309905860749023;0
12.13;-0.0736474724833176;-0.307207082503865;0
12.14;-0.0767070770238062;-0.304420854021553;0
12.15;-0.0797384293650698;-0.301548160801335;0
12.16;-0.0827406693836437;-0.29859001256742;0
12.17;-0.085712947161055;-0.295547442924674;0
12.18;-0.0886544232210558;-0.29242150900774;0
12.19;-0.0915642687633177;-0.289213291123711;0
12.2;-0.0944416658935259;-0.285923892388473;0
12.21;-0.0972858078498068;-0.28255443835683;0
12.22;-0.100095899225431;-0.279106076646545;0
12.23;-0.102871156187729;-0.275579976556409;0
12.24;-0.105610806693161;-0.271977328678472;0
12.25;-0.108314090698483;-0.268299344504548;0
12.26;-0.110980260367956;-0.264547256027146;0
12.27;-0.113608580276531;-0.260722315334928;0
12.28;-0.116198327608978;-0.256825794202842;0
12.29;-0.11874879235488;-0.252858983677068;0
12.3;-0.121259277499459;-0.248823193654884;0
12.31;-0.123729099210181;-0.244719752459616;0
12.32;-0.126157587019087;-0.240550006410789;0
12.33;-0.128544084000796;-0.236315319389627;0
12.34;-0.13088794694616;-0.23201707240003;0
12.35;-0.133188546531492;-0.227656663125176;0
12.36;-0.135445267483351;-0.223235505479882;0
12.37;-0.137657508738828;-0.21875502915888;0
12.38;-0.139824683601297;-0.214216679181118;0
12.39;-0.141946219891594;-0.209621915430274;0
12.4;-0.144021560094584;-0.204972212191588;0
12.41;-0.146050161501074;-0.200269057685178;0
12.42;-0.148031496345057;-0.195513953595983;0
12.43;-0.149965051936227;-0.190708414600472;0
12.44;-0.151850330787755;-0.18585396789028;0
12.45;-0.153686850739287;-0.180952152692905;0
12.46;-0.155474145075134;-0.176004519789622;0
12.47;-0.157211762637633;-0.171012631030763;0
12.48;-0.158899267935644;-0.165978058848514;0
12.49;-0.16053624124817;-0.160902385767374;0
12.5;-0.162122278723068;-0.155787203912429;0
12.51;-0.163656992470834;-0.150634114515599;0
12.52;-0.165140010653445;-0.14544472742;0
12.53;-0.16657097756823;-0.140220660582574;0
12.54;-0.167949553726769;-0.134963539575147;0
12.55;-0.169275415928786;-0.129674997084059;0
12.56;-0.170548257331045;-0.124356672408521;0
12.57;-0.171767787511208;-0.119010210957853;0
12.58;-0.172933732526678;-0.113637263747753;0
12.59;-0.174045834968389;-0.108239486895756;0
12.6;-0.175103854009553;-0.10281854111602;0
12.61;-0.176107565449347;-0.0973760912136162;0
12.62;-0.177056761751551;-0.091913805578452;0
12.63;-0.177951252078115;-0.0864333556789932;0
12.64;-0.178790862317666;-0.0809364155559325;0
12.65;-0.179575435108953;-0.0754246613159579;0
12.66;-0.180304829859227;-0.0698997706257712;0
12.67;-0.18097892275757;-0.0643634222065082;0
12.68;-0.181597606783164;-0.058817295328713;0
12.69;-0.182160791708515;-0.0532630693080143;0
12.7;-0.182668404097637;-0.0477024230016555;0
12.71;-0.183120387299206;-0.0421370343060276;0
12.72;-0.183516701434696;-0.0365685796553533;0
12.73;-0.183857323381507;-0.0309987335216714;0
12.74;-0.184142246751094;-0.0254291679162688;0
12.75;-0.184371481862125;-0.0198615518927064;0
12.76;-0.184545055708674;-0.0142975510515863;0
12.77;-0.184663011923469;-0.00873882704720529;0
12.78;-0.184725410736216;-0.0031870370962385;0
12.79;-0.184732328927018;0.0023561665114015;0
12.8;-0.184683859774918;0.00788913689938864;0
12.81;-0.184580113001582;0.0134102330893476;0
12.82;-0.184421214710145;0.0189178204826176;0
12.83;-0.184207307319257;0.0244102713392759;0
12.84;-0.183938549492356;0.0298859652542821;0
12.85;-0.18361511606218;0.0353432896306051;0
12.86;-0.183237197950574;0.040780640149197;0
12.87;-0.182805002083607;0.0461964212356768;0
12.88;-0.182318751302034;0.051589046523592;0
12.89;-0.181778684267151;0.0569569393141226;0
12.9;-0.18118505536206;0.0622985330320984;0
12.91;-0.180538134588392;0.0676122716781963;0
12.92;-0.179838207458534;0.0728966102771916;0
12.93;-0.179085574883383;0.0781500153221336;0
12.94;-0.178280553055676;0.0833709652143199;0
12.95;-0.177423473328952;0.0885579506989458;0
12.96;-0.176514682092159;0.0937094752963039;0
12.97;-0.175554540639989;0.0988240557284131;0
12.98;-0.17454342503895;0.103900222340958;0
12.99;-0.173481725989253;0.108936519520418;0
13;-0.172369848682543;0.113931506106271;0
13.01;-0.171208212655536;0.118883755798159;0
13.02;-0.169997251639597;0.123791857557892;0
13.03;-0.168737413406336;0.128654416006195;0
13.04;-0.16742915960925;0.133470051814074;0
13.05;-0.166072965621478;0.138237402088699;0
13.06;-0.164669320369724;0.142955120753696;0
13.07;-0.163218726164406;0.147621878923748;0
13.08;-0.161721698526074;0.152236365273395;0
13.09;-0.160178766008179;0.156797286399937;0
13.1;-0.158590470016233;0.161303367180344;0
13.11;-0.156957364623425;0.16575335112207;0
13.12;-0.155280016382767;0.170146000707677;0
13.13;-0.153559004135809;0.17448009773319;0
13.14;-0.151794918818009;0.178754443640062;0
13.15;-0.149988363260804;0.182967859840701;0
13.16;-0.148139951990467;0.187119188037433;0
13.17;-0.14625031102379;0.191207290534845;0
13.18;-0.144320077660682;0.195231050545413;0
13.19;-0.142349900273744;0.199189372488338;0
13.2;-0.140340438094875;0.203081182281508;0
13.21;-0.138292360999005;0.206905427626516;0
13.22;-0.136206349284992;0.210661078286663;0
13.23;-0.13408309345379;0.214347126357859;0
13.24;-0.13192329398392;0.217962586532376;0
13.25;-0.129727661104354;0.221506496355365;0
13.26;-0.127496914564854;0.224977916474089;0
13.27;-0.12523178340386;0.228375930879794;0
13.28;-0.122933005713984;0.231699647142177;0
13.29;-0.120601328405204;0.234948196636373;0
13.3;-0.11823750696581;0.238120734762424;0
13.31;-0.115842305221198;0.241216441157165;0
13.32;-0.113416495090577;0.24423451989848;0
13.33;-0.110960856341667;0.247174199701885;0
13.34;-0.108476176343465;0.25003473410938;0
13.35;-0.105963249817162;0.252815401670546;0
13.36;-0.103422878585277;0.255515506115819;0
13.37;-0.100855871319101;0.258134376521934;0
13.38;-0.0982630432845163;0.260671367469474;0
13.39;-0.0956452160862793;0.263125859192513;0
13.4;-0.0930032174108407;0.265497257720305;0
13.41;-0.0903378807677857;0.267784995010999;0
13.42;-0.0876500452299727;0.269988529077354;0
13.43;-0.0849405551724509;0.272107344104425;0
13.44;-0.0822102600102374;0.274140950559203;0
13.45;-0.079460013935034;0.276088885292187;0
13.46;-0.076690675650965;0.277950711630874;0
13.47;-0.0739031081094159;0.279726019465152;0
13.48;-0.0710981782430553;0.281414425324579;0
13.49;-0.0682767566991201;0.283015572447554;0
13.5;-0.0654397175720458;0.284529130842349;0
13.51;-0.0625879381355229;0.285954797340025;0
13.52;-0.0597222985740608;0.287292295639205;0
13.53;-0.0568436817141409;0.288541376342728;0
13.54;-0.0539529727550386;0.289701816986164;0
13.55;-0.0510510589993983;0.290773422058214;0
13.56;-0.0481388295836399;0.291756023012991;0
13.57;-0.0452171752082789;0.292649478274203;0
13.58;-0.0422869878682416;0.293453673231234;0
13.59;-0.0393491605832558;0.294168520227161;0
13.6;-0.0364045871283971;0.294793958538699;0
13.61;-0.0334541617648727;0.295329954348121;0
13.62;-0.0304987789711213;0.295776500707147;0
13.63;-0.0275393331743106;0.29613361749285;0
13.64;-0.0245767184823116;0.296401351355594;0
13.65;-0.0216118284162292;0.296579775659033;0
13.66;-0.0186455556435681;0.296668990412213;0
13.67;-0.0156787917121135;0.296669122193793;0
13.68;-0.0127124267846048;0.296580324068443;0
13.69;-0.00974734937428045;0.296402775495433;0
13.7;-0.00678444608137163;0.296136682229485;0
13.71;-0.00382460133062237;0.295782276213892;0
13.72;-0.000868697109912958;0.295339815465988;0
13.73;0.00208238728993705;0.294809583954992;0
13.74;0.00502777553411011;0.294191891472277;0
13.75;0.00796659450140083;0.293487073494131;0
13.76;0.0108979745404201;0.292695491037053;0
13.77;0.0138210497243188;0.291817530505633;0
13.78;0.016734958103957;0.290853603533096;0
13.79;0.0196388419594462;0.289804146814544;0
13.8;0.0225318480499908;0.288669621932986;0
13.81;0.0254131278619584;0.287450515178195;0
13.82;0.0282818378551055;0.286147337358478;0
13.83;0.0311371397068908;0.284760623605411;0
13.84;0.0339782005548029;0.283290933171632;0
13.85;0.0368041932366362;0.281738849221736;0
13.86;0.0396142965286438;0.280104978616373;0
13.87;0.0424076953815024;0.278389951689606;0
13.88;0.0451835811540198;0.276594422019623;0
13.89;0.04794115184452;0.274719066192867;0
13.9;0.0506796123198405;0.27276458356168;0
13.91;0.0533981745418774;0.27073169599554;0
13.92;0.0560960577916135;0.268621147625969;0
13.93;0.0587724888905687;0.266433704585214;0
13.94;0.0614267024196076;0.264170154738781;0
13.95;0.0640579409350474;0.261831307411903;0
13.96;0.0666654551820012;0.259417993110066;0
13.97;0.0692485043049021;0.256931063233644;0
13.98;0.0718063560551464;0.254371389786777;0
13.99;0.0743382869958003;0.251739865080567;0
14;0.0768435827033133;0.249037401430697;0
14.01;0.0793215379661831;0.246264930849572;0
14.02;0.0817714569805181;0.243423404733089;0
14.03;0.0841926535424427;0.24051379354213;0
14.04;0.0865844512372952;0.23753708647889;0
14.05;0.0889461836255661;0.234494291158145;0
14.06;0.0912771944255253;0.231386433273563;0
14.07;0.093576837692493;0.228214556259169;0
14.08;0.095844477994701;0.224979720946075;0
14.09;0.098079490585703;0.221683005214586;0
14.1;0.100281261573284;0.21832550364179;0
14.11;0.102449188084824;0.214908327144756;0
14.12;0.104582678429082;0.211432602619434;0
14.13;0.106681152254337;0.2078994725754;0
14.14;0.108744040702872;0.20431009476654;0
14.15;0.110770786561738;0.200665641817802;0
14.16;0.112760844409769;0.196967300848127;0
14.17;0.114713680760816;0.193216273089695;0
14.18;0.116628774203148;0.189413773503579;0
14.19;0.118505615535005;0.185561030391957;0
14.2;0.120343707896242;0.181659285006986;0
14.21;0.122142566896068;0.177709791156466;0
14.22;0.123901720736808;0.173713814806418;0
14.23;0.12562071033369;0.169672633680704;0
14.24;0.12729908943061;0.165587536857806;0
14.25;0.128936424711853;0.161459824364899;0
14.26;0.130532295909747;0.157290806769332;0
14.27;0.132086295908212;0.153081804767662;0
14.28;0.133598030842199;0.14883414877235;0
14.29;0.135067120192979;0.144549178496257;0
14.3;0.136493196879269;0.14022824253507;0
14.31;0.137875907344175;0.135872697947773;0
14.32;0.139214911637929;0.131483909835317;0
14.33;0.140509883496409;0.127063250917589;0
14.34;0.141760510415417;0.122612101108833;0
14.35;0.142966493720705;0.118131847091641;0
14.36;0.144127548633741;0.113623881889648;0
14.37;0.14524340433319;0.10908960443906;0
14.38;0.146313804012105;0.104530419159147;0
14.39;0.147338504930827;0.0999477355218303;0
14.4;0.148317278465567;0.0953429676204924;0
14.41;0.14924991015268;0.0907175337381479;0
14.42;0.150136199728616;0.0860728559150961;0
14.43;0.150975961165546;0.0814103595161922;0
14.44;0.151769022702659;0.0767314727978655;0
14.45;0.152515226873127;0.0720376264750151;0
14.46;0.153214430526744;0.0673302532879123;0
14.47;0.15386650484823;0.0626107875692414;0
14.48;0.154471335371206;0.057880664811406;0
14.49;0.155028821987848;0.0531413212342323;0
14.5;0.155538878954217;0.0483941933531967;0
14.51;0.156001434891272;0.0436407175483074;0
14.52;0.156416432781585;0.038882329633767;0
14.53;0.15678382996174;0.0341204644285446;0
14.54;0.157103598110462;0.0293565553279842;0
14.55;0.15737572323245;0.0245920338765765;0
14.56;0.157600205637955;0.019828329342019;0
14.57;0.157777059918095;0.0150668682906912;0
14.58;0.157906314915946;0.0103090741646694;0
14.59;0.157988013693392;0.00555636686040395;0
14.6;0.158022213493785;0.000810162309184789;0
14.61;0.158008985700413;-0.00392812794048431;0
14.62;0.157948415790795;-0.00865709713847957;0
14.63;0.15784060328684;-0.0133753437464985;0
14.64;0.157685661700875;-0.0180814718492283;0
14.65;0.157483718477572;-0.022774091563122;0
14.66;0.157234914931805;-0.0274518194426641;0
14.67;0.156939406182442;-0.0321132788840081;0
14.68;0.156597361082133;-0.0367571005258691;0
14.69;0.156208962143081;-0.0413819226475567;0
14.7;0.155774405458863;-0.0459863915640339;0
14.71;0.155293900622303;-0.050569162017887;0
14.72;0.154767670639444;-0.0551288975680967;0
14.73;0.15419595183965;-0.0596642709754981;0
14.74;0.153578993781859;-0.064173964584819;0
14.75;0.152917059157046;-0.0686566707031898;0
14.76;0.152210423686902;-0.0731110919750161;0
14.77;0.15145937601879;-0.0775359417531078;0
14.78;0.150664217617009;-0.0819299444659615;0
14.79;0.149825262650392;-0.0862918359810907;0
14.8;0.148942837876302;-0.0906203639643026;0
14.81;0.148017282521042;-0.0949142882348218;0
14.82;0.147048948156745;-0.0991723811161589;0
14.83;0.146038198574761;-0.103393427782629;0
14.84;0.144985409655609;-0.107576226601423;0
14.85;0.14389096923553;-0.111719589470134;0
14.86;0.142755276969672;-0.11582234214965;0
14.87;0.141578744191984;-0.119883324592318;0
14.88;0.140361793771839;-0.12390139126529;0
14.89;0.139104859967451;-0.127875411468961;0
14.9;0.137808388276123;-0.131804269650417;0
14.91;0.136472835281395;-0.1356868657118;0
14.92;0.13509866849712;-0.139522115313513;0
14.93;0.133686366208538;-0.143308950172176;0
14.94;0.132236417310392;-0.147046318353263;0
14.95;0.130749321142142;-0.150733184558332;0
14.96;0.129225587320333;-0.154368530406772;0
14.97;0.12766573556817;-0.157951354711998;0
14.98;0.12607029554235;-0.161480673752019;0
14.99;0.124439806657228;-0.164955521534301;0
15;0.122774817906344;-0.168374950054861;0
15.01;0.121075887681398;-0.171738029551528;0
15.02;0.119343583588711;-0.175043848751293;0
15.03;0.117578482263245;-0.178291515111701;0
15.04;0.115781169180229;-0.181480155056205;0
15.05;0.113952238464468;-0.184608914203435;0
15.06;0.112092292697379;-0.187676957590314;0
15.07;0.110201942721828;-0.19068346988898;0
15.08;0.108281807444824;-0.193627655617436;0
15.09;0.106332513638135;-0.196508739343902;0
15.1;0.104354695736894;-0.199325965884793;0
15.11;0.102348995636242;-0.202078600496295;0
15.12;0.1003160624861;-0.204765929059487;0
15.13;0.0982565524841039;-0.207387258258953;0
15.14;0.0961711286667952;-0.209941915754858;0
15.15;0.0940604606991115;-0.212429250348441;0
15.16;0.0919252246622572;-0.214848632140881;0
15.17;0.0897661028400126;-0.217199452685509;0
15.18;0.0875837835035527;-0.219481125133329;0
15.19;0.08537896069484;-0.22169308437181;0
15.2;0.0831523340086603;-0.223834787156931;0
15.21;0.0809046083733682;-0.225905712238433;0
15.22;0.0786364938304105;-0.227905360478275;0
15.23;0.0763487053126968;-0.229833254962248;0
15.24;0.0740419624218835;-0.231688941104744;0
15.25;0.071716989204642;-0.233471986746644;0
15.26;0.069374513927978;-0.235181982246318;0
15.27;0.0670152688536733;-0.236818540563723;0
15.28;0.0646399900119163;-0.238381297337573;0
15.29;0.062249416974193;-0.239869910955587;0
15.3;0.059844292625506;-0.241284062617792;0
15.31;0.0574253629359924;-0.242623456392875;0
15.32;0.0549933767320091;-0.243887819267594;0
15.33;0.0525490854667549;-0.245076901189228;0
15.34;0.0500932429905005;-0.246190475101064;0
15.35;0.0476266053204939;-0.247228336970947;0
15.36;0.0451499304106116;-0.248190305812861;0
15.37;0.0426639779208264;-0.249076223701577;0
15.38;0.0401695089865585;-0.24988595578036;0
15.39;0.0376672859879813;-0.250619390261742;0
15.4;0.0351580723193512;-0.251276438421387;0
15.41;0.0326426321584289;-0.251857034585046;0
15.42;0.0301217302360623;-0.252361136108633;0
15.43;0.0275961316060005;-0.252788723351421;0
15.44;0.0250666014150054;-0.253139799642397;0
15.45;0.0225339046733311;-0.253414391239789;0
15.46;0.019998806025639;-0.253612547283782;0
15.47;0.0174620695224158;-0.253734339742466;0
15.48;0.0149244583919621;-0.253779863351026;0
15.49;0.0123867348130203;-0.253749235544216;0
15.5;0.00984965968810719;-0.253642596382146;0
15.51;0.00731399241761887;-0.253460108469406;0
15.52;0.00478049067477407;-0.253201956867585;0
15.53;0.0022499101814622;-0.252868349001193;0
15.54;-0.000276995514938547;-0.252459514557055;0
15.55;-0.00279947526370764;-0.251975705377195;0
15.56;-0.00531678053182848;-0.251417195345267;0
15.57;-0.00782816562387005;-0.250784280266573;0
15.58;-0.0103328879006401;-0.250077277741717;0
15.59;-0.0128302079965462;-0.249296527033942;0
15.6;-0.0153193900356023;-0.248442388930199;0
15.61;-0.0177997018460179;-0.24751524559601;0
15.62;-0.0202704151733074;-0.246515500424161;0
15.63;-0.0227308058918601;-0.245443577877304;0
15.64;-0.025180154214908;-0.244299923324504;0
15.65;-0.0276177449028321;-0.243085002871804;0
15.66;-0.0300428674697486;-0.241799303186867;0
15.67;-0.0324548163883137;-0.240443331317753;0
15.68;-0.0348528912926913;-0.239017614505896;0
15.69;-0.0372363971796236;-0.237522699993355;0
15.7;-0.0396046446075497;-0.235959154824399;0
15.71;-0.0419569498937133;-0.234327565641492;0
15.72;-0.0442926353092075;-0.232628538475762;0
15.73;-0.0466110292718972;-0.230862698532012;0
15.74;-0.0489114665371698;-0.229030689968354;0
15.75;-0.051193288386456;-0.227133175670546;0
15.76;-0.0534558428134726;-0.225170837021092;0
15.77;-0.055698484708131;-0.223144373663207;0
15.78;-0.0579205760380643;-0.221054503259702;0
15.79;-0.0601214860277193;-0.218901961246891;0
15.8;-0.0623005913349664;-0.216687500583589;0
15.81;-0.0644572762251771;-0.214411891495286;0
15.82;-0.0665909327427223;-0.212075921213594;0
15.83;-0.0687009608798439;-0.209680393711033;0
15.84;-0.0707867687428532;-0.207226129431261;0
15.85;-0.0728477727156127;-0.20471396501483;0
15.86;-0.0748833976202538;-0.202144753020559;0
15.87;-0.0768930768750905;-0.199519361642607;0
15.88;-0.078876252649684;-0.196838674423355;0
15.89;-0.0808323760170176;-0.194103589962175;0
15.9;-0.0827609071027414;-0.191315021620187;0
15.91;-0.0846613152314469;-0.1884738972211;0
15.92;-0.0865330790699322;-0.185581158748231;0
15.93;-0.0883756867674213;-0.182637762037796;0
15.94;-0.0901886360926995;-0.179644676468587;0
15.95;-0.0919714345681294;-0.176602884648106;0
15.96;-0.0937235996005133;-0.173513382095292;0
15.97;-0.0954446586087676;-0.170377176919904;0
15.98;-0.0971341491483761;-0.167195289498698;0
15.99;-0.0987916190325912;-0.16396875214847;0
16;-0.100416626450352;-0.160698608796091;0
16.01;-0.10200874008089;-0.157385914645621;0
16.02;-0.103567539204992;-0.154031735842623;0
16.03;-0.105092613812894;-0.150637149135766;0
16.04;-0.10658356470878;-0.147203241535841;0
16.05;-0.108040003611864;-0.143731109972271;0
16.06;-0.109461553254012;-0.14022186094726;0
16.07;-0.110847847473916;-0.136676610187644;0
16.08;-0.112198531307759;-0.133096482294594;0
16.09;-0.113513261076376;-0.12948261039125;0
16.1;-0.11479170446888;-0.125836135768406;0
16.11;-0.11603354062274;-0.122158207528365;0
16.12;-0.117238460200284;-0.118449982227053;0
16.13;-0.118406165461621;-0.11471262351452;0
16.14;-0.119536370333958;-0.110947301773935;0
16.15;-0.1206288004773;-0.107155193759172;0
16.16;-0.121683193346524;-0.103337482231123;0
16.17;-0.122699298249808;-0.099495355592828;0
16.18;-0.123676876403402;-0.0956300075235377;0
16.19;-0.124615700982748;-0.0917426366118322;0
16.2;-0.125515557169913;-0.0878344459878916;0
16.21;-0.126376242197347;-0.0839066429550399;0
16.22;-0.12719756538796;-0.0799604386206716;0
16.23;-0.127979348191494;-0.0759970475266708;0
16.24;-0.128721424217205;-0.0720176872794373;0
16.25;-0.129423639262845;-0.0680235781796293;0
16.26;-0.130085851339933;-0.0640159428517349;0
16.27;-0.130707930695331;-0.0599960058735836;0
16.28;-0.131289759829105;-0.0559649934059094;0
16.29;-0.131831233508693;-0.0519241328220752;0
16.3;-0.132332258779363;-0.0478746523380716;0
16.31;-0.132792754970975;-0.043817780642897;0
16.32;-0.133212653701053;-0.039754746529433;0
16.33;-0.13359189887416;-0.0356867785259221;0
16.34;-0.133930446677601;-0.0316151045281581;0
16.35;-0.134228265573442;-0.0275409514324989;0
16.36;-0.13448533628687;-0.0234655447698084;0
16.37;-0.134701651790895;-0.0193901083404385;0
16.38;-0.134877217287405;-0.0153158638503556;0
16.39;-0.135012050184588;-0.0112440305485212;0
16.4;-0.13510618007074;-0.00717582486563224;0
16.41;-0.135159648684456;-0.0031124600543265;0
16.42;-0.135172509881241;0.000944854169040268;0
16.43;-0.135144829596537;0.00499491198094189;0
16.44;-0.135076685805203;0.00903651180544956;0
16.45;-0.13496816847744;0.0130684566671166;0
16.46;-0.134819379531216;0.0170895545418776;0
16.47;-0.134630432781173;0.0210986187058605;0
16.48;-0.134401453884066;0.0250944680820102;0
16.49;-0.134132580280744;0.0290759275844236;0
16.5;-0.133823961134697;0.0330418284602974;0
16.51;-0.133475757267197;0.0369910086293894;0
16.52;-0.133088141089051;0.0409223130208961;0
16.53;-0.132661296529002;0.0448345939076505;0
16.54;-0.1321954189588;0.0487267112375444;0
16.55;-0.13169071511497;0.0525975329620797;0
16.56;-0.131147403017307;0.0564459353619563;0
16.57;-0.130565711884133;0.0602708033696036;0
16.58;-0.129945882044335;0.0640710308885645;0
16.59;-0.129288164846233;0.0678455211096406;0
16.6;-0.128592822563295;0.0715931868237111;0
16.61;-0.127860128296743;0.0753129507311352;0
16.62;-0.127090365875073;0.079003745747653;0
16.63;-0.126283829750547;0.0826645153066987;0
16.64;-0.125440824892659;0.0862942136580407;0
16.65;-0.124561666678651;0.0898918061626664;0
16.66;-0.123646680781081;0.09345626958383;0
16.67;-0.122696203052508;0.0969865923741815;0
16.68;-0.121710579407318;0.100481774958898;0
16.69;-0.120690165700746;0.103940830014741;0
16.7;-0.119635327605112;0.10736278274496;0
16.71;-0.118546440483337;0.110746671149968;0
16.72;-0.117423889259774;0.114091546293717;0
16.73;-0.116268068288382;0.117396472565704;0
16.74;-0.115079381218313;0.12066052793852;0
16.75;-0.113858240856937;0.1238828042209;0
16.76;-0.112605069030361;0.127062407306179;0
16.77;-0.111320296441477;0.130198457416104;0
16.78;-0.110004362525604;0.13329008933993;0
16.79;-0.108657715303748;0.136336452668742;0
16.8;-0.107280811233554;0.139336712024931;0
16.81;-0.105874115057972;0.142290047286777;0
16.82;-0.104438099651712;0.145195653808066;0
16.83;-0.102973245865512;0.148052742632696;0
16.84;-0.101480042368296;0.150860540704207;0
16.85;-0.0999589854872495;0.15361829107019;0
16.86;-0.0984105790458795;0.156325253081508;0
16.87;-0.0968353342001052;0.1589807025863;0
16.88;-0.0952337692724307;0.161583932118694;0
16.89;-0.0936064095842556;0.164134251082205;0
16.9;-0.0919537872863758;0.16663098592775;0
16.91;-0.0902764411877281;0.169073480326257;0
16.92;-0.0885749165824333;0.17146109533581;0
16.93;-0.0868497650751931;0.173793209563294;0
16.94;-0.0851015444050944;0.176069219320506;0
16.95;-0.083330818267879;0.178288538774685;0
16.96;-0.0815381561367314;0.180450600093436;0
16.97;-0.0797241330816444;0.182554853584009;0
16.98;-0.0778893295874168;0.184600767826893;0
16.99;-0.0760343313703403;0.186587829803716;0
17;-0.0741597291936339;0.188515545019398;0
17.01;-0.0722661186816826;0.190383437618544;0
17.02;-0.0703541001331378;0.192191050496058;0
17.03;-0.0684242783329379;0.193937945401932;0
17.04;-0.0664772623633077;0.195623703040214;0
17.05;-0.0645136654137932;0.197247923162121;0
17.06;-0.0625341045903933;0.198810224653282;0
17.07;-0.0605392007238442;0.200310245615092;0
17.08;-0.0585295781771174;0.201747643440174;0
17.09;-0.0565058646521897;0.203122094881921;0
17.1;-0.0544686909961443;0.204433296118118;0
17.11;-0.0524186910066622;0.205680962808633;0
17.12;-0.0503565012369638;0.206864830147166;0
17.13;-0.0482827608002594;0.207984652907058;0
17.14;-0.0461981111737686;0.209040205481146;0
17.15;-0.0441031960023679;0.210031281915675;0
17.16;-0.0419986609019257;0.210957695938253;0
17.17;-0.0398851532623849;0.211819280979866;0
17.18;-0.0377633220506519;0.212615890190945;0
17.19;-0.0356338176133515;0.213347396451492;0
17.2;-0.0334972914795076;0.214013692375278;0
17.21;-0.0313543961632082;0.21461469030812;0
17.22;-0.0292057849663149;0.215150322320238;0
17.23;-0.0270521117812743;0.215620540192723;0
17.24;-0.0248940308940921;0.216025315398112;0
17.25;-0.0227321967875279;0.216364639075098;0
17.26;-0.0205672639445685;0.216638521997385;0
17.27;-0.0183998866522397;0.216846994536713;0
17.28;-0.0162307188058135;0.21699010662007;0
17.29;-0.0140604137134697;0.217067927681121;0
17.3;-0.0118896239014685;0.217080546605863;0
17.31;-0.00971900091989331;0.217028071672554;0
17.32;-0.00754919514901895;0.216910630485923;0
17.33;-0.00538085560636431;0.216728369905703;0
17.34;-0.00321462975448445;0.21648145596952;0
17.35;-0.00105116330955939;0.216170073810154;0
17.36;0.00110889994916457;0.215794427567232;0
17.37;0.00326491836902557;0.215354740293363;0
17.38;0.00541625261263335;0.214851253854774;0
17.39;0.00756226584553817;0.214284228826473;0
17.4;0.00970232392282687;0.213653944381983;0
17.41;0.0118357955745921;0.212960698177696;0
17.42;0.0139620525902207;0.212204806231876;0
17.43;0.016080470001449;0.211386602798374;0
17.44;0.0181904262641303;0.210506440235095;0
17.45;0.0202913034386652;0.209564688867251;0
17.46;0.0223824873690397;0.208561736845481;0
17.47;0.0244633678604226;0.207497989998858;0
17.48;0.0265333388552698;0.206373871682854;0
17.49;0.0285917986078856;0.205189822622317;0
17.5;0.0306381498573919;0.203946300749502;0
17.51;0.032671799999055;0.202643781037228;0
17.52;0.0346921612539235;0.201282755327217;0
17.53;0.0366986508367265;0.19986373215366;0
17.54;0.0386906911219876;0.198387236562097;0
17.55;0.0406677098083059;0.196853809923647;0
17.56;0.0426291400807593;0.19526400974467;0
17.57;0.0445744207713838;0.193618409471916;0
17.58;0.0465029965176836;0.191917598293233;0
17.59;0.0484143179191302;0.1901621809339;0
17.6;0.0503078416916033;0.188352777448645;0
17.61;0.0521830308197345;0.186490023009438;0
17.62;0.0540393547071092;0.184574567689102;0
17.63;0.0558762893242861;0.182607076240847;0
17.64;0.0576933173545945;0.180588227873762;0
17.65;0.0594899283376682;0.178518716024377;0
17.66;0.0612656188106774;0.176399248124347;0
17.67;0.0630198924472208;0.17423054536433;0
17.68;0.0647522601938394;0.172013342454167;0
17.69;0.0664622404041155;0.1697483873794;0
17.7;0.0681493589703214;0.167436441154247;0
17.71;0.069813149452581;0.165078277571082;0
17.72;0.0714531532055122;0.162674682946523;0
17.73;0.073068919502314;0.160226455864203;0
17.74;0.0746600056562674;0.1577344069143;0
17.75;0.0762259771396173;0.155199358429919;0
17.76;0.0777664076998038;0.152622144220408;0
17.77;0.079280879473014;0.150003609301693;0
17.78;0.0807689830950229;0.14734460962371;0
17.79;0.0822303178092976;0.144646011795037;0
17.8;0.0836644915723336;0.141908692804801;0
17.81;0.0850711211561997;0.139133539741945;0
17.82;0.0864498322482633;0.136321449511964;0
17.83;0.087800259548072;0.13347332855117;0
17.84;0.0891220468613676;0.130590092538599;0
17.85;0.0904148471912082;0.127672666105644;0
17.86;0.0916783228261773;0.1247219825435;0
17.87;0.0929121454256574;0.121738983508515;0
17.88;0.0941159961021482;0.118724618725543;0
17.89;0.09528956550061;0.115679845689389;0
17.9;0.0964325538748126;0.112605629364431;0
17.91;0.0975446711606732;0.109502941882527;0
17.92;0.0986256370465656;0.106372762239293;0
17.93;0.0996751810405857;0.103216075988836;0
17.94;0.100693042534757;0.100033874937054;0
17.95;0.101678970866163;0.0968271568335913;0
17.96;0.102632725374995;0.0935969250625309;0
17.97;0.1035540754595;0.0903441883319401;0
17.98;0.104442800627818;0.0870699603623479;0
17.99;0.105298690546702;0.0837752595742573;0
18;0.106121545087112;0.0804611087747851;0
18.01;0.10691117436666;0.0771285348435257;0
18.02;0.107667398788926;0.0737785684177342;0
18.03;0.108390049079614;0.0704122435769236;0
18.04;0.109078966319551;0.0670305975269726;0
18.05;0.10973400197453;0.063634670283839;0
18.06;0.110355017921984;0.0602255043569746;0
18.07;0.110941886474499;0.0568041444325363;0
18.08;0.111494490400152;0.0533716370564898;0
18.09;0.112012722939686;0.0499290303176997;0
18.1;0.112496487820509;0.0464773735311024;0
18.11;0.112945699267533;0.0430177169210556;0
18.12;0.113360282010843;0.0395511113049595;0
18.13;0.113740171290204;0.0360786077772443;0
18.14;0.114085312856415;0.0326012573938171;0
18.15;0.114395662969501;0.0291201108570633;0
18.16;0.114671188393763;0.0256362182014952;0
18.17;0.114911866389691;0.0221506284801408;0
18.18;0.115117684702738;0.0186643894517663;0
18.19;0.115288641548975;0.0151785472690233;0
18.2;0.115424745597627;0.0116941461676145;0
18.21;0.115526015950514;0.00821222815656746;0
18.22;0.11559248211839;0.00473383270970843;0
18.23;0.115624183994208;0.00125999645842624;0
18.24;0.115621171823322;-0.00220824711418348;0
18.25;0.11558350617063;-0.00566986797770491;0
18.26;0.115511257884681;-0.0091238398572304;0
18.27;0.115404508058769;-0.0125691405345427;0
18.28;0.115263347989012;-0.0160047521475634;0
18.29;0.115087879129451;-0.0194296614879811;0
18.3;0.114878213044182;-0.0228428602969728;0
18.31;0.114634471356537;-0.0262433455589338;0
18.32;0.114356785695334;-0.0296301197931305;0
18.33;0.114045297638229;-0.0330021913431932;0
18.34;0.113700158652174;-0.0363585746643653;0
18.35;0.11332153003102;-0.0396982906084268;0
18.36;0.112909582830275;-0.0430203667062111;0
18.37;0.112464497799054;-0.0463238374476332;0
18.38;0.111986465309234;-0.0496077445591512;0
18.39;0.111475685281854;-0.0528711372785822;0
18.4;0.110932367110772;-0.0561130726271928;0
18.41;0.110356729583617;-0.0593326156789905;0
18.42;0.109749000800061;-0.0625288398271371;0
18.43;0.109109418087437;-0.0657008270474109;0
18.44;0.108438227913742;-0.0688476681586438;0
18.45;0.107735685798043;-0.0719684630800592;0
18.46;0.107002056218327;-0.0750623210854405;0
18.47;0.106237612516826;-0.0781283610540577;0
18.48;0.10544263680284;-0.0811657117182844;0
18.49;0.104617419853111;-0.0841735119078348;0
18.5;0.103762261009758;-0.0871509107905551;0
18.51;0.102877468075825;-0.0900970681097008;0
18.52;0.101963357208476;-0.0930111544176373;0
18.53;0.101020252809863;-0.0958923513058982;0
18.54;0.100048487415711;-0.098739851631539;0
18.55;0.0990484015816619;-0.101552859739725;0
18.56;0.098020343767404;-0.104330591682493;0
18.57;0.0969646702186323;-0.107072275433628;0
18.58;0.0958817448468793;-0.109777151099596;0
18.59;0.094771939107254;-0.112444471126478;0
18.6;0.0936356318741287;-0.115073500502849;0
18.61;0.0924732093148168;-0.117663516958551;0
18.62;0.0912850647612804;-0.120213811159301;0
18.63;0.0900715985799117;-0.12272368689709;0
18.64;0.088833218039429;-0.125192461276317;0
18.65;0.0875703371769306;-0.127619464895619;0
18.66;0.0862833766621504;-0.130004042025332;0
18.67;0.0849727636599586;-0.132345550780562;0
18.68;0.0836389316911512;-0.1346433632898;0
18.69;0.082282320491574;-0.136896865859048;0
18.7;0.0809033758696258;-0.139105459131414;0
18.71;0.0795025495621855;-0.141268558242134;0
18.72;0.0780802990890105;-0.143385592968987;0
18.73;0.0766370876056514;-0.145456007878057;0
18.74;0.0751733837549302;-0.147479262464814;0
18.75;0.0736896615170286;-0.149454831290479;0
18.76;0.0721864000582349;-0.151382204113633;0
18.77;0.0706640835783953;-0.153260886017052;0
18.78;0.0691232011571187;-0.155090397529726;0
18.79;0.0675642465987838;-0.156870274744035;0
18.8;0.0659877182763954;-0.158600069428067;0
18.81;0.06439411897434;-0.160279349133032;0
18.82;0.0627839557300889;-0.161907697295776;0
18.83;0.0611577396748994;-0.16348471333634;0
18.84;0.0595159858735613;-0.165010012750572;0
18.85;0.0578592131632409;-0.166483227197757;0
18.86;0.0561879439914704;-0.167904004583251;0
18.87;0.0545027042533336;-0.169272009136104;0
18.88;0.0528040231278985;-0.170586921481652;0
18.89;0.0510924329139461;-0.171848438709081;0
18.9;0.0493684688650464;-0.173056274433925;0
18.91;0.0476326690240323;-0.17421015885551;0
18.92;0.0458855740569216;-0.175309838809331;0
18.93;0.0441277270863388;-0.176355077814347;0
18.94;0.0423596735244859;-0.177345656115193;0
18.95;0.0405819609057144;-0.178281370719312;0
18.96;0.0387951387187488;-0.179162035428992;0
18.97;0.036999758238613;-0.179987480868316;0
18.98;0.0351963723583093;-0.180757554505024;0
18.99;0.0333855354203027;-0.181472120667286;0
19;0.0315678030478593;-0.182131060555397;0
19.01;0.0297437319762913;-0.182734272248385;0
19.02;0.0279138798841585;-0.18328167070556;0
19.03;0.0260788052244774;-0.183773187762992;0
19.04;0.0242390670559877;-0.184208772124934;0
19.05;0.0223952248745276;-0.184588389350216;0
19.06;0.0205478384445679;-0.184912021833594;0
19.07;0.0186974676309551;-0.185179668782097;0
19.08;0.0168446722309135;-0.185391346186366;0
19.09;0.0149900118063561;-0.18554708678702;0
19.1;0.0131340455165548;-0.185646940036048;0
19.11;0.0112773319512184;-0.18569097205327;0
19.12;0.0094204289640284;-0.185679265577865;0
19.13;0.00756389350668134;-0.18561191991501;0
19.14;0.00570828146348717;-0.18548905087764;0
19.15;0.00385414748657138;-0.185310790723356;0
19.16;0.00200204483173004;-0.185077288086525;0
19.17;0.000152525194985333;-0.184788707905569;0
19.18;-0.00169386145011035;-0.184445231345511;0
19.19;-0.00353656701437439;-0.184047055715774;0
19.2;-0.00537504545405082;-0.183594394383293;0
19.21;-0.00720875293097727;-0.183087476680955;0
19.22;-0.00903714797181542;-0.182526547811415;0
19.23;-0.010859691626299;-0.181911868746323;0
19.24;-0.0126758476244536;-0.181243716120984;0
19.25;-0.0144850825327422;-0.180522382124525;0
19.26;-0.0162868659090933;-0.179748174385566;0
19.27;-0.0180806704567644;-0.178921415853476;0
19.28;-0.0198659721769997;-0.17804244467523;0
19.29;-0.0216422505204353;-0.177111614067931;0
19.3;-0.0234089885372116;-0.176129292187024;0
19.31;-0.0251656730257477;-0.175095861990267;0
19.32;-0.0269117946801371;-0.174011721097495;0
19.33;-0.0286468482361219;-0.172877281646226;0
19.34;-0.0303703326156053;-0.171692970143173;0
19.35;-0.0320817510696596;-0.170459227311693;0
19.36;-0.0337806113199923;-0.169176507935247;0
19.37;-0.0354664256988275;-0.167845280696905;0
19.38;-0.0371387112871658;-0.166466028014966;0
19.39;-0.0387969900513828;-0.165039245874742;0
19.4;-0.0404407889781282;-0.163565443656564;0
19.41;-0.0420696402074882;-0.162045143960068;0
19.42;-0.0436830811643748;-0.160478882424821;0
19.43;-0.0452806546881042;-0.158867207547346;0
19.44;-0.0468619091601302;-0.157210680494607;0
19.45;-0.0484263986298965;-0.155509874914017;0
19.46;-0.0499736829387733;-0.153765376740033;0
19.47;-0.0515033278420458;-0.151977783997395;0
19.48;-0.0530149051289185;-0.15014770660109;0
19.49;-0.0545079927405068;-0.148275766153077;0
19.5;-0.0559821748857792;-0.146362595735881;0
19.51;-0.0574370421554237;-0.14440883970308;0
19.52;-0.0588721916336038;-0.142415153466786;0
19.53;-0.0602872270075771;-0.140382203282171;0
19.54;-0.0616817586751452;-0.138310666029117;0
19.55;-0.0630554038499083;-0.136201228991049;0
19.56;-0.0644077866642946;-0.134054589631038;0
19.57;-0.0657385382703405;-0.131871455365233;0
19.58;-0.0670472969381912;-0.1296525433337;0
19.59;-0.0683337081522999;-0.127398580168737;0
19.6;-0.0695974247052984;-0.125110301760749;0
19.61;-0.0708381067895158;-0.122788453021739;0
19.62;-0.0720554220861217;-0.120433787646514;0
19.63;-0.0732490458518718;-0.11804706787166;0
19.64;-0.0744186610034325;-0.11562906423237;0
19.65;-0.0755639581992657;-0.113180555317211;0
19.66;-0.0766846359190513;-0.110702327520888;0
19.67;-0.0777804005406291;-0.108195174795102;0
19.68;-0.0788509664144407;-0.105659898397564;0
19.69;-0.0798960559354537;-0.10309730663925;0
19.7;-0.0809153996125509;-0.100508214629989;0
19.71;-0.0819087361353679;-0.097893444022427;0
19.72;-0.0828758124385637;-0.0952538227544949;0
19.73;-0.083816383763509;-0.092590184790416;0
19.74;-0.0847302137173791;-0.0899033698603617;0
19.75;-0.0856170743296364;-0.0871942231988236;0
19.76;-0.0864767461058927;-0.0844635952817853;0
19.77;-0.0873090180791364;-0.0817123415627751;0
19.78;-0.088113687858317;-0.07894132220788;0
19.79;-0.0888905616742742;-0.0761514018298025;0
19.8;-0.0896394544230044;-0.0733434492210417;0
19.81;-0.0903601897062549;-0.07051833708628;0
19.82;-0.0910525998694387;-0.0676769417740567;0
19.83;-0.0917165260368635;-0.0648201430078111;0
19.84;-0.0923518181442683;-0.0619488236163756;0
19.85;-0.0929583349686623;-0.0590638692640015;0
19.86;-0.0935359441554638;-0.0561661681799986;0
19.87;-0.0940845222429317;-0.0532566108880708;0
19.88;-0.0946039546838918;-0.0503360899354287;0
19.89;-0.0950941358647515;-0.0474054996217618;0
19.9;-0.0955549691218051;-0.0444657357281506;0
19.91;-0.0959863667548277;-0.041517695246001;0
19.92;-0.0963882500379592;-0.0385622761060815;0
19.93;-0.0967605492278791;-0.0356003769077445;0
19.94;-0.0971032035692746;-0.0326328966484128;0
19.95;-0.0974161612976056;-0.0296607344534115;0
19.96;-0.0976993796391693;-0.0266847893062256;0
19.97;-0.0979528248084696;-0.0237059597792647;0
19.98;-0.0981764720028973;-0.0207251437652125;0
19.99;-0.0983703053947262;-0.0177432382090424;0
20;-0.0985343181204324;-0.0147611388407776;0
