0;0.269883663704401;0.262318672698155;0
0.01;0.272468274471986;0.253734751281747;0
0.02;0.274966767925761;0.245089523135287;0
0.03;0.2773785431233;0.23638568512257;0
0.04;0.279703026149702;0.227625947041294;0
0.05;0.281939670243182;0.218813030788541;0
0.06;0.284087955912299;0.20994966952407;0
0.07;0.286147391044807;0.201038606831661;0
0.08;0.288117511008123;0.192082595878783;0
0.09;0.289997878741368;0.183084398574836;0
0.1;0.291788084839003;0.17404678472821;0
0.11;0.293487747626012;0.164972531202432;0
0.12;0.295096513224664;0.155864421071649;0
0.13;0.296614055612809;0.146725242775695;0
0.14;0.298040076673737;0.137557789275005;0
0.15;0.299374306237579;0.128364857205629;0
0.16;0.300616502114261;0.119149246034594;0
0.17;0.30176645011802;0.109913757215864;0
0.18;0.302823964083472;0.100661193347166;0
0.19;0.303788885873262;0.0913943573279127;0
0.2;0.304661085377299;0.0821160515184863;0
0.21;0.305440460503582;0.0728290769011282;0
0.22;0.306126937160656;0.0635362322426833;0
0.23;0.306720469231694;0.0542403132594485;0
0.24;0.307221038540244;0.0449441117843697;0
0.25;0.307628654807654;0.0356504149368353;0
0.26;0.307943355602214;0.0263620042953083;0
0.27;0.308165206280035;0.0170816550730427;0
0.28;0.308294299917697;0.00781213529712375;0
0.29;0.30833075723671;-0.00144379500892699;0
0.3;0.308274726519808;-0.0106833846387416;0
0.31;0.308126383519139;-0.0199038920126554;0
0.32;0.307885931356362;-0.0291025859829787;0
0.33;0.307553600414727;-0.0382767466347582;0
0.34;0.307129648223159;-0.0474236660817945;0
0.35;0.306614359332404;-0.056540649257686;0
0.36;0.306008045183295;-0.0656250147016701;0
0.37;0.305311043967177;-0.074674095339036;0
0.38;0.304523720478554;-0.083685239255883;0
0.39;0.303646465960016;-0.0926558104680034;0
0.4;0.30267969793951;-0.101583189683668;0
0.41;0.301623860059998;-0.1104647750601;0
0.42;0.30047942190159;-0.119297982953409;0
0.43;0.299246878796209;-0.128080248661797;0
0.44;0.297926751634846;-0.136809027161791;0
0.45;0.296519586667492;-0.145481793837325;0
0.46;0.295025955295809;-0.154096045201445;0
0.47;0.293446453858623;-0.162649299610441;0
0.48;0.291781703410301;-0.171139097970204;0
0.49;0.290032349492107;-0.179563004434613;0
0.5;0.288199061896614;-0.187918607095746;0
0.51;0.286282534425239;-0.196203518665734;0
0.52;0.284283484639012;-0.204415377150065;0
0.53;0.282202653602641;-0.212551846512139;0
0.54;0.280040805621976;-0.220610617328915;0
0.55;0.277798727974959;-0.228589407437437;0
0.56;0.275477230636142;-0.236485962572089;0
0.57;0.273077145994886;-0.24429805699239;0
0.58;0.270599328567317;-0.252023494101152;0
0.59;0.268044654702149;-0.259660107052853;0
0.6;0.265414022280466;-0.267205759352032;0
0.61;0.262708350409564;-0.274658345441568;0
0.62;0.259928579110958;-0.282015791280668;0
0.63;0.257075669002662;-0.289276054912417;0
0.64;0.254150600975825;-0.296437127020735;0
0.65;0.251154375865866;-0.303497031476592;0
0.66;0.248088014118176;-0.310453825873332;0
0.67;0.244952555448534;-0.31730560205098;0
0.68;0.241749058498318;-0.324050486609365;0
0.69;0.238478600484638;-0.330686641409957;0
0.7;0.235142276845506;-0.337212264066265;0
0.71;0.231741200880151;-0.34362558842267;0
0.72;0.228276503384595;-0.349924885021589;0
0.73;0.224749332282619;-0.356108461558815;0
0.74;0.221160852252221;-0.362174663326958;0
0.75;0.217512244347694;-0.368121873646839;0
0.76;0.213804705617455;-0.373948514286751;0
0.77;0.210039448717719;-0.379653045869472;0
0.78;0.206217701522175;-0.385233968266931;0
0.79;0.202340706727761;-0.390689820982428;0
0.8;0.198409721456677;-0.396019183520325;0
0.81;0.194426016854757;-0.401220675743104;0
0.82;0.190390877686328;-0.406292958215713;0
0.83;0.186305601925683;-0.411234732537125;0
0.84;0.182171500345297;-0.416044741659021;0
0.85;0.177989896100908;-0.420721770191532;0
0.86;0.173762124313612;-0.425264644695971;0
0.87;0.169489531649078;-0.429672233964479;0
0.88;0.16517347589403;-0.433943449286538;0
0.89;0.16081532553012;-0.438077244702283;0
0.9;0.156416459305337;-0.442072617242568;0
0.91;0.151978265803062;-0.445928607155725;0
0.92;0.147502143008925;-0.449644298120989;0
0.93;0.142989497875583;-0.453218817448526;0
0.94;0.138441745885562;-0.456651336266047;0
0.95;0.13386031061229;-0.459941069691963;0
0.96;0.12924662327946;-0.463087276995055;0
0.97;0.124602122318856;-0.466089261740634;0
0.98;0.119928252926785;-0.468946371923181;0
0.99;0.115226466619233;-0.471658000085423;0
1;0.110498220785897;-0.47422358342387;0
1.01;0.105744978243225;-0.476642603880771;0
1.02;0.100968206786592;-0.478914588222507;0
1.03;0.0961693787417582;-0.481039108104408;0
1.04;0.0913499705157346;-0.483015780122003;0
1.05;0.0865114621472028;-0.484844265848717;0
1.06;0.0816553368566151;-0.486524271860012;0
1.07;0.0767830805961156;-0.488055549744001;0
1.08;0.0718961815994151;-0.489437896098553;0
1.09;0.0669961299317568;-0.490671152514902;0
1.1;0.0620844170401053;-0.49175520554781;0
1.11;0.0571625353036953;-0.492689986672291;0
1.12;0.0522319775850731;-0.493475472226951;0
1.13;0.0472942367817642;-0.494111683343975;0
1.14;0.0423508053787023;-0.494598685865807;0
1.15;0.0374031750015496;-0.49493659024857;0
1.16;0.0324528359710438;-0.495125551452281;0
1.17;0.0275012768585012;-0.495165768817911;0
1.18;0.0225499840426086;-0.495057485931356;0
1.19;0.0176004412676341;-0.494800990474375;0
1.2;0.0126541292031869;-0.494396614062571;0
1.21;0.00771252500565567;-0.493844732070476;0
1.22;0.00277710188145284;-0.49314576344382;0
1.23;-0.00215067134780518;-0.492300170499068;0
1.24;-0.00706933067805693;-0.49130845871029;0
1.25;-0.0119774173533666;-0.49017117648347;0
1.26;-0.0168734782941817;-0.488888914918331;0
1.27;-0.021756066523153;-0.487462307557764;0
1.28;-0.0266237415883935;-0.485892030124978;0
1.29;-0.031475069984054;-0.484178800248447;0
1.3;-0.0363086255680932;-0.482323377174774;0
1.31;-0.0411229899771235;-0.480326561469569;0
1.32;-0.0459167530382105;-0.478189194706459;0
1.33;-0.0506885131775109;-0.475912159144337;0
1.34;-0.0554368778256303;-0.473496377392974;0
1.35;-0.0601604638195839;-0.470942812067102;0
1.36;-0.0648578978012486;-0.46825246542911;0
1.37;-0.0695278166121894;-0.465426379020462;0
1.38;-0.0741688676847509;-0.462465633281976;0
1.39;-0.0787797094293018;-0.459371347163095;0
1.4;-0.0833590116175223;-0.456144677720288;0
1.41;-0.0879054557616282;-0.452786819704716;0
1.42;-0.092417735489423;-0.44929900513931;0
1.43;-0.096894556915074;-0.445682502885396;0
1.44;-0.101334639005509;-0.441938618199033;0
1.45;-0.105736713942327;-0.438068692277198;0
1.46;-0.110099527479134;-0.434074101793974;0
1.47;-0.114421839294183;-0.429956258426905;0
1.48;-0.118702423338249;-0.425716608373676;0
1.49;-0.122940068177617;-0.421356631859264;0
1.5;-0.1271335773321;-0.416877842633751;0
1.51;-0.131281769608002;-0.412281787460936;0
1.52;-0.135383479425917;-0.407570045597943;0
1.53;-0.139437557143289;-0.40274422826597;0
1.54;-0.143442869371638;-0.397805978112381;0
1.55;-0.147398299288373;-0.392756968664285;0
1.56;-0.151302746943096;-0.387598903773817;0
1.57;-0.155155129558327;-0.38233351705526;0
1.58;-0.158954381824566;-0.376962571314235;0
1.59;-0.162699456189606;-0.371487857969105;0
1.6;-0.166389323142029;-0.365911196464806;0
1.61;-0.17002297148881;-0.360234433679278;0
1.62;-0.173599408626945;-0.354459443322698;0
1.63;-0.177117660809047;-0.3485881253297;0
1.64;-0.180576773402828;-0.342622405244778;0
1.65;-0.183975811144412;-0.336564233601067;0
1.66;-0.187313858385396;-0.330415585292705;0
1.67;-0.190590019333617;-0.324178458940972;0
1.68;-0.19380341828755;-0.317854876254396;0
1.69;-0.196953199864274;-0.311446881383052;0
1.7;-0.200038529220967;-0.304956540267235;0
1.71;-0.203058592269852;-0.298385939980721;0
1.72;-0.206012595886562;-0.291737188068824;0
1.73;-0.208899768111856;-0.285012411881455;0
1.74;-0.211719358346644;-0.278213757901386;0
1.75;-0.214470637540281;-0.271343391067941;0
1.76;-0.217152898372067;-0.264403494096306;0
1.77;-0.219765455425933;-0.257396266792691;0
1.78;-0.222307645358249;-0.250323925365538;0
1.79;-0.224778827058738;-0.243188701733004;0
1.8;-0.227178381804441;-0.235992842826913;0
1.81;-0.229505713406711;-0.22873860989342;0
1.82;-0.231760248351194;-0.221428277790568;0
1.83;-0.233941435930783;-0.214064134282988;0
1.84;-0.236048748371493;-0.206648479333933;0
1.85;-0.238081680951257;-0.199183624394874;0
1.86;-0.240039752111601;-0.191671891692873;0
1.87;-0.241922503562187;-0.184115613515956;0
1.88;-0.2437295003782;-0.176517131496686;0
1.89;-0.24546033109056;-0.168878795894182;0
1.9;-0.247114607768959;-0.161202964874771;0
1.91;-0.248691966097684;-0.153492003791519;0
1.92;-0.250192065444243;-0.145748284462835;0
1.93;-0.251614588920769;-0.137974184450387;0
1.94;-0.252959243438202;-0.130172086336526;0
1.95;-0.254225759753241;-0.122344377001458;0
1.96;-0.255413892508071;-0.114493446900363;0
1.97;-0.256523420262859;-0.106621689340687;0
1.98;-0.257554145521029;-0.0987314997598214;0
1.99;-0.25850589474731;-0.0908252750033845;0
2;-0.259378518378575;-0.0829054126043209;0
2.01;-0.260171890827473;-0.0749743100630359;0
2.02;-0.260885910478868;-0.0670343641287744;0
2.03;-0.261520499679103;-0.059087970082462;0
2.04;-0.262075604718089;-0.0511375210212176;0
2.05;-0.262551195804261;-0.0431854071447506;0
2.06;-0.262947267032395;-0.0352340150438533;0
2.07;-0.263263836344328;-0.027285726991198;0
2.08;-0.263500945482594;-0.0193429202346467;0
2.09;-0.263658659937006;-0.0114079662932828;0
2.1;-0.263737068884211;-0.00348323025636845;0
2.11;-0.263736285120247;0.00442892991456422;0
2.12;-0.26365644498614;0.0123261640802871;0
2.13;-0.263497708286565;0.020206130614911;0
2.14;-0.263260258201621;0.0280664970931806;0
2.15;-0.262944301191742;0.0359049409738308;0
2.16;-0.262550066895799;0.0437191502788057;0
2.17;-0.262077808022427;0.0515068242681432;0
2.18;-0.261527800234625;0.0592656741103315;0
2.19;-0.260900342027668;0.0669934235479438;0
2.2;-0.260195754600395;0.0746878095583594;0
2.21;-0.259414381719901;0.0823465830093826;0
2.22;-0.258556589579705;0.0899675093095701;0
2.23;-0.257622766651433;0.0975483690530828;0
2.24;-0.256613323530085;0.105086958658877;0
2.25;-0.255528692772929;0.112581091004053;0
2.26;-0.254369328732092;0.120028596051182;0
2.27;-0.253135707380905;0.127427321469435;0
2.28;-0.251828326134067;0.134775133249331;0
2.29;-0.250447703661688;0.142069916310945;0
2.3;-0.24899437969728;0.149309575105387;0
2.31;-0.247468914839766;0.156492034209401;0
2.32;-0.245871890349574;0.163615238912905;0
2.33;-0.244203907938889;0.170677155799311;0
2.34;-0.242465589556132;0.177675773318468;0
2.35;-0.240657577164746;0.184609102352064;0
2.36;-0.238780532516358;0.191475176771331;0
2.37;-0.236835136918411;0.198272053986904;0
2.38;-0.234822090996316;0.204997815490672;0
2.39;-0.232742114450234;0.211650567389486;0
2.4;-0.23059594580656;0.218228440930569;0
2.41;-0.228384342164177;0.224729593018483;0
2.42;-0.226108078935595;0.231152206723524;0
2.43;-0.223767949583035;0.237494491781391;0
2.44;-0.22136476534956;0.243754685084013;0
2.45;-0.218899354985334;0.249931051161379;0
2.46;-0.216372564469111;0.256021882654269;0
2.47;-0.21378525672503;0.262025500777739;0
2.48;-0.211138311334823;0.267940255775241;0
2.49;-0.208432624245522;0.273764527363268;0
2.5;-0.205669107472761;0.279496725166395;0
2.51;-0.202848688799777;0.28513528914261;0
2.52;-0.199972311472196;0.290678689998817;0
2.53;-0.197040933888706;0.296125429596414;0
2.54;-0.194055529287734;0.301474041346829;0
2.55;-0.191017085430191;0.306723090596922;0
2.56;-0.187926604278433;0.311871175004152;0
2.57;-0.184785101671493;0.316916924901409;0
2.58;-0.181593606996734;0.321859003651434;0
2.59;-0.178353162857984;0.326696107990716;0
2.6;-0.175064824740299;0.331426968362805;0
2.61;-0.171729660671426;0.33605034924094;0
2.62;-0.168348750880095;0.340565049439931;0
2.63;-0.164923187451241;0.344969902417199;0
2.64;-0.161454073978262;0.349263776562921;0
2.65;-0.157942525212426;0.35344557547921;0
2.66;-0.154389666709535;0.357514238248246;0
2.67;-0.150796634473963;0.361468739689324;0
2.68;-0.147164574600162;0.365308090604741;0
2.69;-0.143494642911773;0.369031338014474;0
2.7;-0.139788004598432;0.372637565379603;0
2.71;-0.136045833850392;0.37612589281442;0
2.72;-0.132269313491085;0.379495477287188;0
2.73;-0.128459634607714;0.382745512809515;0
2.74;-0.124617996180014;0.385875230614285;0
2.75;-0.120745604707279;0.388883899322136;0
2.76;-0.116843673833775;0.391770825096443;0
2.77;-0.112913423972663;0.394535351786777;0
2.78;-0.108956081928529;0.397176861060824;0
2.79;-0.104972880518655;0.399694772524738;0
2.8;-0.100965058193131;0.40208854383192;0
2.81;-0.0969338586539411;0.404357670780198;0
2.82;-0.0928805304731216;0.40650168739741;0
2.83;-0.0888063267101178;0.40852016601538;0
2.84;-0.0847125045284555;0.410412717332285;0
2.85;-0.0806003248118383;0.412178990463411;0
2.86;-0.0764710517797917;0.413818672980311;0
2.87;-0.0723259526029662;0.41533149093836;0
2.88;-0.068166297018218;0.416717208892738;0
2.89;-0.0639933569435813;0.417975629902835;0
2.9;-0.0598084060932489;0.419106595525111;0
2.91;-0.0556127195926762;0.420109985794425;0
2.92;-0.0514073260870035;0.421171330045538;0.0742618889217069
2.93;-0.0471873178842137;0.423217710616254;0.198031703791218
2.94;-0.0429418651816858;0.426370420186473;0.32180151866073
2.95;-0.0386599172290902;0.430626612284719;0.445571333530241
2.96;-0.0343304532085167;0.435983114551201;0.569341148399753
2.97;-0.0299424854866365;0.442436430248852;0.693110963269264
2.98;-0.0254850628513273;0.449982739869013;0.816880778138776
2.99;-0.0209472737318178;0.458617902831107;0.940650593008287
3;-0.0163182494014151;0.468337459275637;1.0644204078778
3.01;-0.0115871671618849;0.479136631949814;1.18819022274731
3.02;-0.00674331551384657;0.490898578606638;1.22495353409469
3.03;-0.00178386350750006;0.501853350931757;1.0999582755136
3.04;0.00327875476410623;0.511389905169592;0.974963016932508
3.05;0.00843035487284582;0.519507820085934;0.849967758351417
3.06;0.013656750095695;0.52620710042255;0.724972499770327
3.07;0.0189437556712959;0.531488176163649;0.599977241189236
3.08;0.0242771930486164;0.535351901676139;0.474981982608145
3.09;0.0296428941264454;0.537799554724149;0.349986724027054
3.1;0.0350267054824705;0.538832835358325;0.224991465445963
3.11;0.0404144925906862;0.538453864680451;0.0999962068648725
3.12;0.0457921440258898;0.536677683009836;0
3.13;0.0511483244375608;0.534294219884105;0
3.14;0.0564799670996054;0.531754692847984;0
3.15;0.0617855159685023;0.529060131373587;0
3.16;0.0670634254969425;0.526211609636909;0
3.17;0.0723121610790842;0.523210246118992;0
3.18;0.0775301994917617;0.520057203194507;0
3.19;0.0827160293315247;0.516753686707879;0
3.2;0.0878681514473833;0.513300945537114;0
3.21;0.0929850793691359;0.509700271145475;0
3.22;0.0980653397311608;0.505952997121158;0
3.23;0.10310747269155;0.502060498705141;0
3.24;0.108110032346469;0.498024192307352;0
3.25;0.113071587139627;0.493845535011328;0
3.26;0.117990720266744;0.489526024067538;0
3.27;0.122866030074897;0.485067196375527;0
3.28;0.127696130456637;0.480470627955078;0
3.29;0.132479651238781;0.475737933406543;0
3.3;0.137215238565738;0.470870765360543;0
3.31;0.141901555277306;0.465870813917217;0
3.32;0.146537281280804;0.460739806075196;0
3.33;0.151121113917446;0.4554795051505;0
3.34;0.15565176832287;0.450091710185549;0
3.35;0.160127977781699;0.444578255348482;0
3.36;0.16454849407607;0.438941009322972;0
3.37;0.168912087827999;0.433181874688749;0
3.38;0.173217548835528;0.427302787293028;0
3.39;0.177463686402536;0.42130571561304;0
3.4;0.181649329662136;0.415192660109881;0
3.41;0.185773327893578;0.408965652573883;0
3.42;0.189834550832566;0.402626755461719;0
3.43;0.193831888974904;0.396178061225457;0
3.44;0.197764253873407;0.389621691633767;0
3.45;0.20163057842798;0.382959797085521;0
3.46;0.205429817168806;0.376194555915976;0
3.47;0.209160946532563;0.369328173695786;0
3.48;0.212822965131595;0.36236288252305;0
3.49;0.216414894015975;0.355300940308621;0
3.5;0.219935776928396;0.348144630054916;0
3.51;0.223384680551817;0.340896259128434;0
3.52;0.226760694749804;0.333558158526226;0
3.53;0.230062932799519;0.326132682136541;0
3.54;0.233290531617281;0.318622205993882;0
3.55;0.236442651976655;0.311029127528701;0
3.56;0.239518478719022;0.303355864811972;0
3.57;0.242517220956558;0.295604855794874;0
3.58;0.245438112267606;0.287778557543825;0
3.59;0.248280410884366;0.279879445471095;0
3.6;0.251043399872872;0.271910012561245;0
3.61;0.253726387305229;0.263872768593628;0
3.62;0.256328706424037;0.255770239361193;0
3.63;0.258849715799008;0.247604965885827;0
3.64;0.261288799475708;0.239379503630488;0
3.65;0.263645367116412;0.231096421708353;0
3.66;0.265918854133038;0.222758302089246;0
3.67;0.268108721812131;0.214367738803562;0
3.68;0.270214457431881;0.205927337143957;0
3.69;0.272235574371144;0.197439712865025;0
3.7;0.274171612210455;0.188907491381216;0
3.71;0.276022136825007;0.180333306963245;0
3.72;0.277786740469598;0.171719801933212;0
3.73;0.279465041855518;0.163069625858707;0
3.74;0.28105668621937;0.154385434746119;0
3.75;0.282561345383833;0.145669890233405;0
3.76;0.283978717810337;0.136925658782556;0
3.77;0.285308528643673;0.12815541087201;0
3.78;0.286550529748523;0.119361820189237;0
3.79;0.28770449973792;0.110547562823769;0
3.8;0.288770243993635;0.101715316460875;0
3.81;0.289747594678514;0.0928677595761617;0
3.82;0.290636410740761;0.0840075706313111;0
3.83;0.29143657791018;0.0751374272712073;0
3.84;0.292148008686403;0.0662600055226887;0
3.85;0.292770642319114;0.0573779789951618;0
3.86;0.293304444780279;0.0484940180833134;0
3.87;0.293749408728421;0.0396107891721567;0
3.88;0.29410555346496;0.0307309538446461;0
3.89;0.29437292488263;0.0218571680920924;0
3.9;0.294551595406026;0.0129920815276125;0
3.91;0.294641663924292;0.00413833660284119;0
3.92;0.294643255715992;-0.0047014321718624;0
3.93;0.294556522366208;-0.013524599003489;0
3.94;0.294381641675883;-0.0223285475885059;0
3.95;0.294118817563467;-0.0311106718808117;0
3.96;0.293768279958907;-0.0398683768552973;0
3.97;0.293330284690015;-0.0485990792667904;0
3.98;0.292805113361271;-0.057300208404164;0
3.99;0.292193073225109;-0.0659692068393928;0
4;0.291494497045733;-0.0746035311713396;0
4.01;0.290709742955522;-0.0832006527640584;0
4.02;0.289839194304076;-0.0917580584794038;0
4.03;0.288883259499963;-0.100273251403735;0
4.04;0.287842371845228;-0.108743751568505;0
4.05;0.286716989362719;-0.117167096664539;0
4.06;0.285507594616306;-0.125540842749781;0
4.07;0.284214694524049;-0.133862564950329;0
4.08;0.282838820164384;-0.142129858154541;0
4.09;0.281380526575408;-0.150340337700029;0
4.1;0.279840392547318;-0.158491640053343;0
4.11;0.278219020408094;-0.166581423482147;0
4.12;0.276517035802486;-0.174607368719712;0
4.13;0.274735087464403;-0.182567179621531;0
4.14;0.272873846982758;-0.190458583813867;0
4.15;0.270934008560881;-0.198279333334073;0
4.16;0.26891628876955;-0.206027205262485;0
4.17;0.266821426293753;-0.213700002345726;0
4.18;0.26465018167325;-0.221295553611241;0
4.19;0.262403337037035;-0.228811714972905;0
4.2;0.260081695831778;-0.236246369827523;0
4.21;0.257686082544347;-0.243597429642071;0
4.22;0.255217342418494;-0.250862834531515;0
4.23;0.252676341165816;-0.258040553827041;0
4.24;0.250063964671067;-0.26512858663456;0
4.25;0.247381118691936;-0.272124962383327;0
4.26;0.244628728553381;-0.279027741364517;0
4.27;0.241807738836624;-0.285835015259638;0
4.28;0.238919113062905;-0.292544907658615;0
4.29;0.235963833372109;-0.29915557456743;0
4.3;0.232942900196357;-0.30566520490516;0
4.31;0.22985733192868;-0.312072020990301;0
4.32;0.226708164586873;-0.31837427901625;0
4.33;0.223496451472649;-0.324570269515803;0
4.34;0.220223262826195;-0.330658317814572;0
4.35;0.216889685476245;-0.336636784473185;0
4.36;0.213496822485779;-0.342504065718171;0
4.37;0.210045792793471;-0.34825859386141;0
4.38;0.206537730850987;-0.353898837708043;0
4.39;0.202973786256262;-0.359423302952745;0
4.4;0.199355123382862;-0.364830532564258;0
4.41;0.195682921005559;-0.370119107158089;0
4.42;0.191958371922228;-0.375287645357285;0
4.43;0.188182682572192;-0.38033480414119;0
4.44;0.184357072651137;-0.385259279182108;0
4.45;0.180482774722708;-0.390059805169791;0
4.46;0.176561033826923;-0.39473515612367;0
4.47;0.172593107085515;-0.399284145692759;0
4.48;0.168580263304331;-0.403705627443167;0
4.49;0.164523782572914;-0.407998495133151;0
4.5;0.16042495586139;-0.412161682975643;0
4.51;0.156285084614786;-0.416194165888207;0
4.52;0.152105480344906;-0.420094959730358;0
4.53;0.147887464219888;-0.4238631215282;0
4.54;0.143632366651575;-0.427497749686347;0
4.55;0.139341526880825;-0.430997984187063;0
4.56;0.135016292560883;-0.43436300677661;0
4.57;0.13065801933895;-0.437592041138743;0
4.58;0.126268070436076;-0.440684353055345;0
4.59;0.121847816225501;-0.443639250554166;0
4.6;0.117398633809582;-0.446456084043639;0
4.61;0.112921906595424;-0.449134246434765;0
4.62;0.108419023869355;-0.451673173250046;0
4.63;0.103891380370369;-0.454072342719458;0
4.64;0.0993403758626657;-0.456331275863457;0
4.65;0.0947674147074199;-0.458449536563016;0
4.66;0.0901739054339098;-0.460426731616693;0
4.67;0.0855612603101313;-0.462262510784737;0
4.68;0.0809308949130304;-0.463956566820234;0
4.69;0.0762842276984822;-0.465508635487326;0
4.7;0.0716226795711458;-0.466918495566488;0
4.71;0.066947673454325;-0.468185968846916;0
4.72;0.0622606338599621;-0.469310920106026;0
4.73;0.0575629864588956;-0.470293257076109;0
4.74;0.0528561576515088;-0.471132930398161;0
4.75;0.0481415741388967;-0.471829933562934;0
4.76;0.0434206624946817;-0.472384302839245;0
4.77;0.0386948487376012;-0.472796117189579;0
4.78;0.033965557904998;-0.473065498173045;0
4.79;0.0292342136273366;-0.473192609835728;0
4.8;0.0245022377038733;-0.473177658588492;0
4.81;0.0197710496796038;-0.473020893072297;0
4.82;0.0150420664236147;-0.472722604011084;0
4.83;0.0103167017089603;-0.472283124052305;0
4.84;0.00559636579419133;-0.47170282759515;0
4.85;0.000882465006654429;-0.470982130606565;0
4.86;-0.00382359867231209;-0.470121490425118;0
4.87;-0.00852042802016775;-0.469121405552802;0
4.88;-0.0132066309838232;-0.467982415434859;0
4.89;-0.0178808210880382;-0.466705100227705;0
4.9;-0.0225416178414454;-0.465290080555057;0
4.91;-0.0271876471400832;-0.463738017252343;0
4.92;-0.0318175416683197;-0.462049611099498;0
4.93;-0.0364299412970528;-0.460225602542246;0
4.94;-0.0410234934790727;-0.458266771401973;0
4.95;-0.0455968536414702;-0.456173936574295;0
4.96;-0.0501486855749824;-0.453947955716426;0
4.97;-0.0546776618201606;-0.451589724923468;0
4.98;-0.0591824640502519;-0.44910017839374;0
4.99;-0.0636617834506859;-0.44648028808325;0
5;-0.0681143210950572;-0.443731063349451;0
5.01;-0.0725387883174973;-0.440853550584394;0
5.02;-0.0769339070813318;-0.437848832837411;0
5.03;-0.0812984103439169;-0.434718029427456;0
5.04;-0.0856310424175536;-0.431462295545245;0
5.05;-0.089930559326378;-0.428082821845323;0
5.06;-0.0941957291591273;-0.424580834028201;0
5.07;-0.0984253324176831;-0.420957592412705;0
5.08;-0.102618162361294;-0.41721439149869;0
5.09;-0.106773025346386;-0.413352559520252;0
5.1;-0.110888741161854;-0.409373457989596;0
5.11;-0.114964143359762;-0.405278481231715;0
5.12;-0.118998079581344;-0.401069055910034;0
5.13;-0.122989411878214;-0.396746640543174;0
5.14;-0.126937017028722;-0.392312725012992;0
5.15;-0.13083978684933;-0.387768830064078;0
5.16;-0.134696628500966;-0.383116506794847;0
5.17;-0.138506464790232;-0.378357336140414;0
5.18;-0.142268234465426;-0.373492928347414;0
5.19;-0.145980892507252;-0.368524922440938;0
5.2;-0.149643410414188;-0.363454985683754;0
5.21;-0.153254776482396;-0.358284813027998;0
5.22;-0.156813996080122;-0.353016126559507;0
5.23;-0.160320091916507;-0.347650674934969;0
5.24;-0.163772104304736;-0.34219023281208;0
5.25;-0.167169091419459;-0.336636600272884;0
5.26;-0.170510129548416;-0.330991602240485;0
5.27;-0.173794313338197;-0.32525708788931;0
5.28;-0.17702075603408;-0.319434930049123;0
5.29;-0.18018858971388;-0.31352702460297;0
5.3;-0.183296965515749;-0.307535289879242;0
5.31;-0.186345053859876;-0.301461666038064;0
5.32;-0.18933204466402;-0.295308114452188;0
5.33;-0.192257147552832;-0.289076617082598;0
5.34;-0.195119592060909;-0.282769175849004;0
5.35;-0.197918627829528;-0.276387811995449;0
5.36;-0.200653524797023;-0.269934565451209;0
5.37;-0.203323573382737;-0.263411494187184;0
5.38;-0.205928084664531;-0.256820673567994;0
5.39;-0.208466390549792;-0.250164195699974;0
5.4;-0.210937843939895;-0.24344416877527;0
5.41;-0.213341818888103;-0.236662716412237;0
5.42;-0.215677710750844;-0.229821976992353;0
5.43;-0.217944936332347;-0.222924102993842;0
5.44;-0.220142934022601;-0.215971260322219;0
5.45;-0.222271163928602;-0.208965627637958;0
5.46;-0.224329107998868;-0.201909395681498;0
5.47;-0.226316270141193;-0.194804766595782;0
5.48;-0.228232176333616;-0.187653953246544;0
5.49;-0.23007637472858;-0.18045917854055;0
5.5;-0.231848435750268;-0.173222674742003;0
5.51;-0.233547952185097;-0.165946682787315;0
5.52;-0.23517453926535;-0.158633451598458;0
5.53;-0.236727834745938;-0.151285237395101;0
5.54;-0.238207498974276;-0.143904303005746;0
5.55;-0.23961321495327;-0.136492917178055;0
5.56;-0.240944688397401;-0.129053353888605;0
5.57;-0.24220164778191;-0.121587891652247;0
5.58;-0.24338384438507;-0.114098812831301;0
5.59;-0.24449105232355;-0.106588402944776;0
5.6;-0.245523068580878;-0.099058949977845;0
5.61;-0.246479713028995;-0.0915127436917508;0
5.62;-0.247360828442912;-0.083952074934378;0
5.63;-0.248166280508479;-0.0763792349516786;0
5.64;-0.248895957823269;-0.0687965147001628;0
5.65;-0.249549771890596;-0.0612062041606584;0
5.66;-0.250127657106672;-0.0536105916535415;0
5.67;-0.250629570740932;-0.0460119631556428;0
5.68;-0.251055492909528;-0.0384126016190297;0
5.69;-0.251405426542027;-0.0308147862918656;0
5.7;-0.251679397341317;-0.0232207920415478;0
5.71;-0.25187745373677;-0.0156328886803208;0
5.72;-0.251999666830663;-0.00805334029356441;0
5.73;-0.252046130337896;-0.000484404570953334;0
5.74;-0.252016960519036;0.00707166785931722;0
5.75;-0.25191229610672;0.0146126340930444;0
5.76;-0.251732298225446;0.022136259609077;0
5.77;-0.251477150304789;0.0296403189247285;0
5.78;-0.251147057986081;0.0371225962473552;0
5.79;-0.250742249022596;0.044580886121909;0
5.8;-0.250262973173271;0.0520129940742789;0
5.81;-0.24970950209002;0.0594167372502348;0
5.82;-0.249082129198679;0.0667899450497906;0
5.83;-0.24838116957362;0.0741304597568031;0
5.84;-0.247606959806105;0.081436137163627;0
5.85;-0.246759857866405;0.0887048471906468;0
5.86;-0.245840242959748;0.0959344745005095;0
5.87;-0.24484851537616;0.103122919106882;0
5.88;-0.24378509633423;0.110268096977559;0
5.89;-0.242650427818877;0.117367940631758;0
5.9;-0.241444972413174;0.124420399731417;0
5.91;-0.240169213124277;0.131423441666345;0
5.92;-0.238823653203538;0.138375052133049;0
5.93;-0.237408815960861;0.14527323570708;0
5.94;-0.235925244573352;0.152116016408733;0
5.95;-0.234373501888361;0.158901438261954;0
5.96;-0.232754170220948;0.165627565846279;0
5.97;-0.231067851145873;0.172292484841672;0
5.98;-0.229315165284165;0.178894302566096;0
5.99;-0.227496752084352;0.185431148505676;0
6;-0.22561326959842;0.191901174837306;0
6.01;-0.223665394252582;0.198302556943556;0
6.02;-0.221653820612932;0.204633493919734;0
6.03;-0.219579261146069;0.210892209072976;0
6.04;-0.217442445974757;0.217076950413215;0
6.05;-0.215244122628721;0.223185991135899;0
6.06;-0.212985055790651;0.229217630096339;0
6.07;-0.210666027037498;0.23517019227554;0
6.08;-0.208287834577155;0.241042029237404;0
6.09;-0.205851292980599;0.246831519577181;0
6.1;-0.203357232909597;0.252537069361044;0
6.11;-0.200806500840046;0.258157112556672;0
6.12;-0.19819995878106;0.263690111454733;0
6.13;-0.195538483989871;0.269134557081148;0
6.14;-0.192822968682661;0.274488969600039;0
6.15;-0.190054319741395;0.279751898707244;0
6.16;-0.187233458416777;0.284921924014308;0
6.17;-0.184361320027391;0.28999765542284;0
6.18;-0.181438853655157;0.294977733489154;0
6.19;-0.178467021837177;0.299860829779091;0
6.2;-0.175446800254082;0.304645647212935;0
6.21;-0.172379177414968;0.309330920400341;0
6.22;-0.169265154339034;0.313915415965181;0
6.23;-0.166105744234019;0.318397932860241;0
6.24;-0.162901972171526;0.322777302671689;0
6.25;-0.159654874759365;0.327052389913227;0
6.26;-0.156365499810985;0.331222092309879;0
6.27;-0.153034906012127;0.335285341071325;0
6.28;-0.149664162584783;0.339241101154737;0
6.29;-0.146254348948578;0.343088371517043;0
6.3;-0.142806554379677;0.346826185356561;0
6.31;-0.139321877667322;0.350453610343966;0
6.32;-0.135801426768109;0.353969748842512;0
6.33;-0.132246318458109;0.357373738117487;0
6.34;-0.12865767798295;0.360664750534842;0
6.35;-0.12503663870595;0.363841993748951;0
6.36;-0.121384341754433;0.366904710879483;0
6.37;-0.117701935664316;0.369852180677329;0
6.38;-0.113990576023095;0.372683717679563;0
6.39;-0.11025142511132;0.375398672353416;0
6.4;-0.106485651542695;0.377996431229226;0
6.41;-0.10269442990288;0.380476417022351;0
6.42;-0.0988789403871385;0.382838088744029;0
6.43;-0.0950403684369185;0.385080941801162;0
6.44;-0.0911799043754881;0.387204508085019;0
6.45;-0.0872987430427333;0.389208356048857;0
6.46;-0.0833980834292292;0.39109209077444;0
6.47;-0.079479128309697;0.392855354027468;0
6.48;-0.0755430838759556;0.394497824301917;0
6.49;-0.0715911593694802;0.396019216853284;0
6.5;-0.0676245667136778;0.397419283720768;0
6.51;-0.0636445201459919;0.398697813738375;0
6.52;-0.0596522358499441;0.39985463253498;0
6.53;-0.0556489315872262;0.400889602523362;0
6.54;-0.051635826329951;0.401802622878222;0
6.55;-0.0476141398931721;0.40259362950323;0
6.56;-0.043585092567783;0.40326259498711;0
6.57;-0.0395499047539042;0.403809528548809;0
6.58;-0.0355097965948677;0.404234475971779;0
6.59;-0.0314659876119077;0.404537519527409;0
6.6;-0.0274196963396654;0.404718777887653;0
6.61;-0.0233721399626162;0.404778406026898;0
6.62;-0.0193245339525262;0.404716595113112;0
6.63;-0.0152780917070455;0.404533572388343;0
6.64;-0.0112340241895444;0.404229601038593;0
6.65;-0.0071935395702977;0.403804980053155;0
6.66;-0.00315784286912387;0.403260044073449;0
6.67;0.000871864400417955;0.402595163231442;0
6.68;0.00489438458516804;0.401810742977693;0
6.69;0.00890852424474047;0.400907223899122;0
6.7;0.012913094502029;0.399885081526543;0
6.71;0.0169069113917427;0.39874482613207;0
6.72;0.0208887962068702;0.397487002516443;0
6.73;0.0248575758429722;0.396112189786376;0
6.74;0.0288120831402028;0.394621001122005;0
6.75;0.0327511572229612;0.393014083534521;0
6.76;0.0366736438370759;0.39129211761407;0
6.77;0.0405783956844241;0.389455817268037;0
6.78;0.0444642727548916;0.387505929449779;0
6.79;0.0483301426555767;0.38544323387792;0
6.8;0.0521748809371459;0.383268542746316;0
6.81;0.0559973714172465;0.380982700424773;0
6.82;0.0597965065008861;0.378586583150638;0
6.83;0.0635711874976867;0.376081098711371;0
6.84;0.0673203249359248;0.373467186118199;0
6.85;0.0710428388732681;0.370745815270974;0
6.86;0.0747376592041217;0.367917986614354;0
6.87;0.0784037259634973;0.364984730785403;0
6.88;0.0820399896273204;0.361947108252764;0
6.89;0.0856454114090918;0.358806208947499;0
6.9;0.0892189635528204;0.355563151885733;0
6.91;0.0927596296221461;0.352219084783232;0
6.92;0.0962664047855723;0.348775183662038;0
6.93;0.09973829609773;0.345232652449293;0
6.94;0.103174322776595;0.341592722568391;0
6.95;0.106573516476584;0.337856652522587;0
6.96;0.109934921557449;0.334025727471209;0
6.97;0.113257595348909;0.330101258798605;0
6.98;0.116540608410931;0.326084583675966;0
6.99;0.119783044789599;0.321977064616179;0
7;0.12298400226851;0.317780089021846;0
7.01;0.126142592615603;0.313495068726615;0
7.02;0.12925794182539;0.309123439529983;0
7.03;0.132329190356492;0.304666660725706;0
7.04;0.135355493364439;0.300126214623989;0
7.05;0.138336020929659;0.295503606067582;0
7.06;0.14126995828061;0.290800361941965;0
7.07;0.144156506011976;0.286018030679768;0
7.08;0.146994880297889;0.281158181759573;0
7.09;0.149784313100115;0.276222405199278;0
7.1;0.152524052371148;0.271212311044173;0
7.11;0.155213362252159;0.266129528849892;0
7.12;0.157851523265753;0.260975707160402;0
7.13;0.160437832503493;0.255752512981202;0
7.14;0.162971603808119;0.250461631247892;0
7.15;0.165452167950446;0.245104764290278;0
7.16;0.167878872800877;0.239683631292189;0
7.17;0.170251083495499;0.234199967747161;0
7.18;0.172568182596714;0.228655524910182;0
7.19;0.174829570248373;0.22305206924564;0
7.2;0.177034664325373;0.217391381871667;0
7.21;0.17918290057768;0.21167525800105;0
7.22;0.18127373276875;0.205905506378869;0
7.23;0.183306632808307;0.20008394871705;0
7.24;0.185281090879457;0.194212419126001;0
7.25;0.187196615560107;0.188292763543513;0
7.26;0.189052733938658;0.182326839161089;0
7.27;0.190848991723951;0.176316513847893;0
7.28;0.192584953349442;0.170263665572483;0
7.29;0.194260202071593;0.164170181822516;0
7.3;0.195874340062434;0.158037959022589;0
7.31;0.197426988496316;0.15186890195041;0
7.32;0.198917787630805;0.145664923151463;0
7.33;0.20034639688172;0.139427942352353;0
7.34;0.201712494892304;0.133159885873005;0
7.35;0.203015779596502;0.126862686037899;0
7.36;0.204255968276361;0.120538280586512;0
7.37;0.205432797613521;0.114188612083159;0
7.38;0.206546023734805;0.107815627326394;0
7.39;0.207595422251908;0.101421276758158;0
7.4;0.208580788295163;0.0950075138728544;0
7.41;0.209501936541416;0.0885762946265204;0
7.42;0.210358701235977;0.0821295768462796;0
7.43;0.211150936208682;0.075669319640246;0
7.44;0.211878514884043;0.0691974828080594;0
7.45;0.212541330285516;0.0627160262522265;0
7.46;0.213139295033889;0.0562269093904425;0
7.47;0.213672341339784;0.0497320905690689;0
7.48;0.214140420990318;0.0432335264779393;0
7.49;0.214543505329906;0.0367331715666684;0
7.5;0.214881585235237;0.0302329774626354;0
7.51;0.215154671084442;0.0237348923908139;0
7.52;0.215362792720464;0.0172408605956182;0
7.53;0.215505999408661;0.0107528217649374;0
7.54;0.215584359788657;0.00427271045652443;0
7.55;0.215597961820467;-0.00219754447309076;0
7.56;0.215546912724927;-0.00865602043699767;0
7.57;0.215431338918448;-0.0151008016834455;0
7.58;0.215251385942132;-0.0215299798583623;0
7.59;0.215007218385275;-0.0279416545646901;0
7.6;0.214699019803294;-0.0343339339183734;0
7.61;0.214326992630104;-0.04070493510084;0
7.62;0.213891358084994;-0.0470527849078155;0
7.63;0.213392356074027;-0.0533756202943113;0
7.64;0.212830245086008;-0.0596715889156325;0
7.65;0.212205302083065;-0.0659388496642464;0
7.66;0.211517822385872;-0.0721755732023615;0
7.67;0.210768119553576;-0.0783799424900621;0
7.68;0.209956525258458;-0.0845501533088489;0
7.69;0.209083389155378;-0.0906844147804372;0
7.7;0.208149078746055;-0.0967809498806634;0
7.71;0.207153979238239;-0.102837995948356;0
7.72;0.206098493399799;-0.108853805189029;0
7.73;0.20498304140782;-0.114826645173244;0
7.74;0.203808060692722;-0.120754799329526;0
7.75;0.202574005777486;-0.126636567431661;0
7.76;0.201281348112032;-0.13247026608027;0
7.77;0.199930575902798;-0.138254229178501;0
7.78;0.198522193937605;-0.143986808401728;0
7.79;0.197056723405835;-0.149666373661102;0
7.8;0.195534701714018;-0.155291313560851;0
7.81;0.19395668229686;-0.160860035849183;0
7.82;0.192323234423803;-0.166370967862681;0
7.83;0.190634943001164;-0.171822556964054;0
7.84;0.188892408369928;-0.177213270973144;0
7.85;0.187096246099262;-0.18254159859105;0
7.86;0.185247086775823;-0.187806049817269;0
7.87;0.183345575788918;-0.193005156359736;0
7.88;0.181392373111604;-0.198137472037647;0
7.89;0.17938815307779;-0.203201573176966;0
7.9;0.177333604155414;-0.208196058998508;0
7.91;0.175229428715778;-0.213119551998484;0
7.92;0.173076342799109;-0.21797069832142;0
7.93;0.170875075876426;-0.222748168125351;0
7.94;0.16862637060779;-0.227450655939174;0
7.95;0.166330982597018;-0.232076881012103;0
7.96;0.163989680142933;-0.236625587655092;0
7.97;0.161603243987244;-0.241095545574171;0
7.98;0.159172467059124;-0.245485550195596;0
7.99;0.156698154216572;-0.249794422982726;0
8;0.154181121984652;-0.254021011744553;0
8.01;0.151622198290675;-0.258164190935803;0
8.02;0.149022222196423;-0.262222861948536;0
8.03;0.146382043627497;-0.26619595339517;0
8.04;0.143702523099871;-0.270082421382854;0
8.05;0.140984531443738;-0.273881249779135;0
8.06;0.138228949524749;-0.277591450468842;0
8.07;0.135436667962714;-0.281212063602132;0
8.08;0.132608586847863;-0.284742157833636;0
8.09;0.129745615454761;-0.288180830552649;0
8.1;0.126848671953957;-0.291527208104314;0
8.11;0.123918683121464;-0.29478044600174;0
8.12;0.120956584046158;-0.297939729129019;0
8.13;0.117963317835191;-0.301004271935086;0
8.14;0.114939835317496;-0.303973318618381;0
8.15;0.111887094745506;-0.306846143302285;0
8.16;0.108806061495141;-0.30962205020127;0
8.17;0.105697707764184;-0.312300373777758;0
8.18;0.102563012269136;-0.314880478889634;0
8.19;0.0994029599406264;-0.317361760928398;0
8.2;0.0962185416174898;-0.319743645947922;0
8.21;0.0930107537396006;-0.322025590783802;0
8.22;0.0897805980395512;-0.324207083163272;0
8.23;0.086529081233276;-0.326287641805671;0
8.24;0.0832572147097135;-0.328266816513447;0
8.25;0.0799660142195999;-0.330144188253685;0
8.26;0.0766564995634912;-0.331919369230155;0
8.27;0.0733296942791066;-0.333592002945877;0
8.28;0.0699866253280898;-0.335161764256186;0
8.29;0.0666283227822814;-0.336628359412315;0
8.3;0.063255819509599;-0.337991526095493;0
8.31;0.0598701508596187;-0.339251033441554;0
8.32;0.0564723543489526;-0.340406682056088;0
8.33;0.0530634693465187;-0.34145830402012;0
8.34;0.0496445367587949;-0.342405762886352;0
8.35;0.0462165987151542;-0.343248953665975;0
8.36;0.0427806982533736;-0.343987802806073;0
8.37;0.0393378790054115;-0.344622268157644;0
8.38;0.0358891848835467;-0.345152338934261;0
8.39;0.0324356597669731;-0.345578035661405;0
8.4;0.0289783471889427;-0.345899410116495;0
8.41;0.0255182900245503;-0.346116545259657;0
8.42;0.0220565301792517;-0.346229555155265;0
8.43;0.0185941082782082;-0.346238584884285;0
8.44;0.0151320633565488;-0.346143810447486;0
8.45;0.011671432550641;-0.345945438659535;0
8.46;0.00821325079046205;-0.345643707034045;0
8.47;0.00475855049315946;-0.345238883659619;0
8.48;0.00130836125789209;-0.344731267066935;0
8.49;-0.00213629043795981;-0.344121186086942;0
8.5;-0.00557438154112674;-0.34340899970021;0
8.51;-0.0090048927232359;-0.34259509687751;0
8.52;-0.0124268086799637;-0.341679896411666;0
8.53;-0.0158391184284681;-0.340663846740767;0
8.54;-0.0192408156030135;-0.339547425762794;0
8.55;-0.022630898748705;-0.338331140641728;0
8.56;-0.0260083716132441;-0.33701552760523;0
8.57;-0.0293722434366249;-0.335601151733945;0
8.58;-0.0327215292386849;-0.334088606742529;0
8.59;-0.0360552501044296;-0.33247851475246;0
8.6;-0.0393724334670485;-0.330771526056731;0
8.61;-0.0426721133885421;-0.328968318876501;0
8.62;-0.0459533308378788;-0.327069599109789;0
8.63;-0.0492151339666037;-0.325076100072311;0
8.64;-0.0524565783818211;-0.322988582230533;0
8.65;-0.0556767274164722;-0.320807832927055;0
8.66;-0.0588746523968327;-0.318534666098404;0
8.67;-0.0620494329071546;-0.31616992198534;0
8.68;-0.0652001570513782;-0.31371446683578;0
8.69;-0.0683259217118392;-0.31116919260043;0
8.7;-0.071425832804901;-0.308535016621243;0
8.71;-0.0744990055334393;-0.305812881312791;0
8.72;-0.0775445646361085;-0.303003753836682;0
8.73;-0.0805616446333217;-0.300108625769105;0
8.74;-0.0835493900698757;-0.297128512761637;0
8.75;-0.0865069557541543;-0.294064454195415;0
8.76;-0.0894335069938433;-0.290917512828781;0
8.77;-0.0923282198280935;-0.287688774438538;0
8.78;-0.0951902812560681;-0.284379347454914;0
8.79;-0.0980188894618112;-0.280990362590362;0
8.8;-0.100813254035377;-0.277522972462325;0
8.81;-0.103572596190163;-0.273978351210076;0
8.82;-0.106296148976377;-0.270357694105771;0
8.83;-0.108983157490602;-0.266662217159834;0
8.84;-0.111632879081377;-0.262893156720798;0
8.85;-0.114244583550761;-0.259051769069748;0
8.86;-0.116817553351811;-0.255139330009477;0
8.87;-0.119351083781933;-0.251157134448499;0
8.88;-0.121844483172052;-0.247106495980052;0
8.89;-0.124297073071539;-0.242988746456221;0
8.9;-0.126708188428873;-0.238805235557319;0
8.91;-0.129077177767964;-0.234557330356668;0
8.92;-0.131403403360111;-0.230246414880909;0
8.93;-0.133686241391539;-0.22587388966599;0
8.94;-0.135925082126478;-0.221441171308968;0
8.95;-0.138119330065744;-0.216949692015761;0
8.96;-0.140268404100778;-0.212400899145006;0
8.97;-0.142371737663105;-0.207796254748157;0
8.98;-0.144428778869179;-0.203137235105963;0
8.99;-0.146438990660581;-0.198425330261486;0
9;-0.148401850939525;-0.193662043549791;0
9.01;-0.15031685269965;-0.18884889112446;0
9.02;-0.152183504152066;-0.183987401481078;0
9.03;-0.154001328846616;-0.179079114977841;0
9.04;-0.155769865788336;-0.174125583353429;0
9.05;-0.15748866954908;-0.169128369242292;0
9.06;-0.15915731037429;-0.164089045687516;0
9.07;-0.160775374284879;-0.159009195651391;0
9.08;-0.162342463174213;-0.153890411523855;0
9.09;-0.16385819490017;-0.148734294628961;0
9.1;-0.165322203372253;-0.143542454729498;0
9.11;-0.166734138633738;-0.138316509529954;0
9.12;-0.168093666938855;-0.13305808417794;0
9.13;-0.169400470824966;-0.127768810764238;0
9.14;-0.170654249179744;-0.12245032782164;0
9.15;-0.171854717303334;-0.117104279822702;0
9.16;-0.173001606965486;-0.11173231667659;0
9.17;-0.174094666457656;-0.10633609322516;0
9.18;-0.17513366064006;-0.100917268738423;0
9.19;-0.176118370983686;-0.0954775064095504;0
9.2;-0.177048595607252;-0.0900184728495717;0
9.21;-0.177924149309107;-0.0845418375819176;0
9.22;-0.178744863594084;-0.0790492725369563;0
9.23;-0.179510586695293;-0.0735424515466783;0
9.24;-0.180221183590867;-0.0680230498396795;0
9.25;-0.180876536015652;-0.0624927435365936;0
9.26;-0.181476542467866;-0.0569532091461243;0
9.27;-0.182021118210706;-0.0514061230618268;0
9.28;-0.182510195268944;-0.04585316105979;0
9.29;-0.182943722420489;-0.0402959977973655;0
9.3;-0.183321665182953;-0.0347363063130947;0
9.31;-0.183644005795215;-0.0291757575279797;0
9.32;-0.183910743194005;-0.0236160197482471;0
9.33;-0.184121892985529;-0.0180587581697494;0
9.34;-0.184277487412138;-0.0125056343841506;0
9.35;-0.184377575314073;-0.00695830588704133;0
9.36;-0.184422222086297;-0.00141842558812692;0
9.37;-0.184411509630442;0.00411235867636805;0
9.38;-0.184345536301886;0.00963240462893632;0
9.39;-0.184224416851993;0.0151400760335242;0
9.4;-0.184048282365536;0.0206337431756272;0
9.41;-0.18381728019333;0.0261117833396058;0
9.42;-0.183531573880108;0.0315725812830825;0
9.43;-0.183191343087663;0.037014529708284;0
9.44;-0.182796783513291;0.0424360297301909;0
9.45;-0.182348106803576;0.0478354913413619;0
9.46;-0.181845540463526;0.0532113338732974;0
9.47;-0.181289327761127;0.058561986454211;0
9.48;-0.180679727627327;0.0638858884630773;0
9.49;-0.1800170145515;0.0691814899798272;0
9.5;-0.179301478472425;0.0744472522315607;0
9.51;-0.178533424664819;0.0796816480346522;0
9.52;-0.177713173621477;0.0848831622326218;0
9.53;-0.176841060931037;0.0900502921296485;0
9.54;-0.175917437151447;0.0951815479196033;0
9.55;-0.174942667679149;0.100275453110481;0
9.56;-0.173917132614049;0.105330544944112;0
9.57;-0.172841226620303;0.110345374811034;0
9.58;-0.171715358782987;0.115318508660414;0
9.59;-0.170539952460679;0.120248527404896;0
9.6;-0.169315445134025;0.125134027320269;0
9.61;-0.168042288250329;0.129973620439848;0
9.62;-0.166720947064217;0.134765934943446;0
9.63;-0.165351900474451;0.139509615540843;0
9.64;-0.163935640856917;0.144203323849637;0
9.65;-0.162472673893868;0.148845738767382;0
9.66;-0.160963518399477;0.153435556837899;0
9.67;-0.159408706141741;0.15797149261168;0
9.68;-0.157808781660818;0.16245227900026;0
9.69;-0.156164302083843;0.166876667624487;0
9.7;-0.154475836936292;0.171243429156583;0
9.71;-0.152743967949951;0.175551353655901;0
9.72;-0.150969288867555;0.1797992508983;0
9.73;-0.149152405244169;0.183985950699042;0
9.74;-0.147293934245364;0.188110303229123;0
9.75;-0.145394504442255;0.192171179324963;0
9.76;-0.143454755603487;0.196167470791368;0
9.77;-0.141475338484206;0.200098090697685;0
9.78;-0.139456914612106;0.203961973667075;0
9.79;-0.137400156070621;0.207758076158825;0
9.8;-0.135305745279312;0.211485376743632;0
9.81;-0.133174374771544;0.215142876371788;0
9.82;-0.131006746969509;0.218729598634186;0
9.83;-0.128803573956671;0.222244590016105;0
9.84;-0.126565577247709;0.22568692014368;0
9.85;-0.124293487556024;0.229055682023028;0
9.86;-0.12198804455889;0.232349992271939;0
9.87;-0.119649996660327;0.235568991344104;0
9.88;-0.117280100751754;0.238711843745805;0
9.89;-0.114879121970519;0.241777738245023;0
9.9;-0.112447833456371;0.244765888072918;0
9.91;-0.109987016105947;0.247675531117626;0
9.92;-0.107497458325357;0.250505930110331;0
9.93;-0.10497995578095;0.253256372803577;0
9.94;-0.102435311148323;0.255926172141762;0
9.95;-0.0998643338596625;0.258514666423799;0
9.96;-0.0972678398495008;0.261021219457889;0
9.97;-0.0946466512989525;0.263445220708384;0
9.98;-0.0920015963785224;0.265786085434707;0
9.99;-0.0893335089895584;0.268043254822305;0
10;-0.0866432285044321;0.270216196105595;0
10.01;-0.0839315995055245;0.272304402682899;0
10.02;-0.0811994715231;0.274307394223339;0
10.03;-0.0784476987721463;0.276224716765665;0
10.04;-0.0756771398882636;0.278055942809019;0
10.05;-0.0728886576626818;0.279800671395604;0
10.06;-0.0700831187764874;0.281458528185255;0
10.07;-0.0672613935341418;0.283029165521907;0
10.08;-0.0644243555963707;0.284512262491948;0
10.09;-0.061572881712507;0.285907524974449;0
10.1;-0.0587078514523674;0.287214685683292;0
10.11;-0.0558301469377454;0.288433504201161;0
10.12;-0.0529406525735989;0.289563767005439;0
10.13;-0.0500402547790176;0.290605287485988;0
10.14;-0.0471298417180474;0.291557905954829;0
10.15;-0.0442103030304549;0.29242148964775;0
10.16;-0.0412825295625124;0.29319593271782;0
10.17;-0.0383474130978841;0.293881156220863;0
10.18;-0.0354058460886928;0.294477108092881;0
10.19;-0.0324587213868499;0.294983763119466;0
10.2;-0.0295069319757261;0.295401122897209;0
10.21;-0.0265513707022446;0.295729215787146;0
10.22;-0.0235929300094751;0.295968096860256;0
10.23;-0.0206325016698091;0.296117847835044;0
10.24;-0.0176709765187941;0.296178577007253;0
10.25;-0.0147092441897066;0.296150419171718;0
10.26;-0.0117481928489415;0.296033535536418;0
10.27;-0.008788708932296;0.295828113628762;0
10.28;-0.00583167688222538;0.295534367194132;0
10.29;-0.00287797888614812;0.29515253608676;0
10.3;7.15053841233999e-05;0.294682886152948;0
10.31;0.00301589903175028;0.294125709106713;0
10.32;0.00595432819295683;0.293481322397881;0
10.33;0.00888592229376759;0.292750069072699;0
10.34;0.0118098143053169;0.291932317627009;0
10.35;0.0147251409976571;0.291028461852047;0
10.36;0.0176310431919916;0.290038920672932;0
10.37;0.0205266660112601;0.288964137979885;0
10.38;0.0234111591290038;0.287804582452265;0
10.39;0.0262836770164387;0.286560747375471;0
10.4;0.0291433791876661;0.285233150450789;0
10.41;0.0319894304429497;0.283822333598236;0
10.42;0.0348210011099908;0.282328862752498;0
10.43;0.0376372672831313;0.280753327652006;0
10.44;0.0404374110604167;0.279096341621244;0
10.45;0.0432206207784531;0.277358541346368;0
10.46;0.0459860912449891;0.275540586644197;0
10.47;0.0487330239691595;0.273643160224673;0
10.48;0.0514606273893232;0.271666967446866;0
10.49;0.0541681170984337;0.269612736068609;0
10.5;0.0568547160668764;0.267481215989849;0
10.51;0.0595196548627125;0.265273178989802;0
10.52;0.0621621718692659;0.262989418457998;0
10.53;0.0647815134999944;0.260630749119318;0
10.54;0.0673769344105836;0.258198006753099;0
10.55;0.0699476977082065;0.255692047906418;0
10.56;0.0724930751578891;0.253113749601638;0
10.57;0.0750123473859265;0.250464009038321;0
10.58;0.0775048040802936;0.247743743289606;0
10.59;0.079969744187994;0.244953888993152;0
10.6;0.082406476109295;0.242095402036743;0
10.61;0.0848143178887949;0.239169257238667;0
10.62;0.0871925974032708;0.236176448022972;0
10.63;0.0895406525462563;0.233117986089692;0
10.64;0.0918578314092993;0.229994901080179;0
10.65;0.0941434924598515;0.226808240237614;0
10.66;0.0963970047157419;0.223559068062836;0
10.67;0.0986177479161873;0.220248465965587;0
10.68;0.100805112689296;0.216877531911286;0
10.69;0.102958500716018;0.213447380063451;0
10.7;0.105077324890503;0.209959140421874;0
10.71;0.107161009476818;0.206413958456676;0
10.72;0.109208990261989;0.202812994738356;0
10.73;0.111220714705329;0.199157424563936;0
10.74;0.113195642084001;0.195448437579354;0
10.75;0.1151332436348;0.191687237398185;0
10.76;0.117033002692098;0.187875041216847;0
10.77;0.118894414821927;0.184013079426383;0
10.78;0.120716987952172;0.180102595220965;0
10.79;0.122500242498819;0.176144844203228;0
10.8;0.124243711488263;0.172141093986564;0
10.81;0.125946940675607;0.168092623794499;0
10.82;0.127609488658956;0.164000724057277;0
10.83;0.129230926989654;0.159866696005782;0
10.84;0.130810840278458;0.155691851262918;0
10.85;0.132348826297606;0.15147751143257;0
10.86;0.133844496078775;0.147225007686294;0
10.87;0.135297474006882;0.142935680347833;0
10.88;0.136707397909736;0.138610878475616;0
10.89;0.138073919143494;0.134251959443351;0
10.9;0.139396702673923;0.129860288518844;0
10.91;0.140675427153436;0.125437238441182;0
10.92;0.141909784993901;0.120984188996396;0
10.93;0.143099482435193;0.116502526591748;0
10.94;0.144244239609487;0.111993643828756;0
10.95;0.145343790601273;0.107458939075109;0
10.96;0.14639788350309;0.102899816035572;0
10.97;0.147406280466962;0.0983176833220468;0
10.98;0.148368757751531;0.093713954022885;0
10.99;0.149285105764883;0.0890900452716116;0
11;0.150155129103056;0.0844473778151697;0
11.01;0.150978646584227;0.0797873755818265;0
11.02;0.151755491278588;0.0751114652488687;0
11.03;0.15248551053388;0.0704210758102162;0
11.04;0.153168565996623;0.0657176381440845;0
11.05;0.153804533629009;0.0610025845808257;0
11.06;0.15439330372148;0.0562773484710767;0
11.07;0.154934780900993;0.0515433637543436;0
11.08;0.155428884134962;0.0468020645281514;0
11.09;0.155875546730909;0.0420548846178865;0
11.1;0.156274716331807;0.0373032571474605;0
11.11;0.156626354907136;0.0325486141109214;0
11.12;0.156930438739662;0.0277923859451407;0
11.13;0.157186958407944;0.0230360011037011;0
11.14;0.157395918764592;0.0182808856321109;0
11.15;0.157557338910279;0.0135284627444709;0
11.16;0.157671252163525;0.00878015240171732;0
11.17;0.157737706026278;0.00403737089156437;0
11.18;0.157756762145293;-0.00069846958972939;0
11.19;0.157728496269349;-0.00542596135365001;0
11.2;0.157652998202299;-0.0101437016336502;0
11.21;0.157530371751998;-0.0148502929971841;0
11.22;0.157360734675118;-0.019544343755435;0
11.23;0.157144218617875;-0.0242244683706168;0
11.24;0.156880969052691;-0.0288892878607323;0
11.25;0.156571145210833;-0.0335374302016701;0
11.26;0.156214920011025;-0.0381675307265249;0
11.27;0.1558124799841;-0.0427782325220261;0
11.28;0.155364025193679;-0.0473681868219609;0
11.29;0.154869769152954;-0.0519360533974789;0
11.3;0.154329938737559;-0.056480500944167;0
11.31;0.153744774094602;-0.0610002074657837;0
11.32;0.153114528547868;-0.0654938606545436;0
11.33;0.152439468499235;-0.0699601582678442;0
11.34;0.151719873326343;-0.0743978085013278;0
11.35;0.150956035276542;-0.078805530358174;0
11.36;0.150148259357173;-0.0831820540145171;0
11.37;0.149296863222209;-0.0875261211808864;0
11.38;0.148402177055295;-0.0918364854595679;0
11.39;0.147464543449244;-0.0961119126977872;0
11.4;0.146484317282006;-0.100351181336615;0
11.41;0.145461865589184;-0.104553082755496;0
11.42;0.144397567433111;-0.108716421612312;0
11.43;0.143291813768552;-0.112840016178873;0
11.44;0.142145007305076;-0.116922698671759;0
11.45;0.140957562366132;-0.120963315578404;0
11.46;0.139729904744894;-0.124960727978351;0
11.47;0.138462471556913;-0.128913811859575;0
11.48;0.137155711089624;-0.132821458429792;0
11.49;0.135810082648769;-0.136682574422679;0
11.5;0.13442605640178;-0.140496082398903;0
11.51;0.133004113218168;-0.144260921041894;0
11.52;0.131544744506992;-0.14797604544828;0
11.53;0.130048452051431;-0.151640427412894;0
11.54;0.128515747840549;-0.155253055708294;0
11.55;0.126947153898271;-0.158812936358707;0
11.56;0.125343202109663;-0.162319092908338;0
11.57;0.12370443404454;-0.165770566683956;0
11.58;0.122031400778479;-0.169166417051711;0
11.59;0.120324662711298;-0.172505721668088;0
11.6;0.118584789383039;-0.175787576724958;0
11.61;0.116812359287532;-0.17901109718865;0
11.62;0.115007959683605;-0.182175417032977;0
11.63;0.113172186403974;-0.18527968946617;0
11.64;0.111305643661904;-0.188323087151658;0
11.65;0.109408943855688;-0.191304802422633;0
11.66;0.107482707371005;-0.194224047490346;0
11.67;0.105527562381223;-0.1970800546461;0
11.68;0.103544144645718;-0.199872076456858;0
11.69;0.101533097306255;-0.202599385954453;0
11.7;0.0994950706815172;-0.205261276818333;0
11.71;0.0974307220598275;-0.207857063551794;0
11.72;0.095340715490142;-0.210386081651685;0
11.73;0.0932257215713755;-0.212847687771512;0
11.74;0.0910864172401249;-0.215241259877929;0
11.75;0.0889234855568579;-0.217566197400568;0
11.76;0.0867376154906339;-0.219821921375181;0
11.77;0.0845295017024228;-0.222007874580054;0
11.78;0.082299844327091;-0.224123521665671;0
11.79;0.0800493487541212;-0.226168349277605;0
11.8;0.0777787254071324;-0.228141866172593;0
11.81;0.0754886895222722;-0.230043603327791;0
11.82;0.0731799609255452;-0.231873114043182;0
11.83;0.0708532638091497;-0.233629974037111;0
11.84;0.0685093265068894;-0.235313781534937;0
11.85;0.0661488812687293;-0.236924157350791;0
11.86;0.0637726640345658;-0.238460744962413;0
11.87;0.0613814142072793;-0.239923210579077;0
11.88;0.0589758744251384;-0.241311243202578;0
11.89;0.056556790333626;-0.242624554681283;0
11.9;0.0541249103567558;-0.243862879757244;0
11.91;0.0516809854679488;-0.245025976106365;0
11.92;0.0492257689605397;-0.246113624371623;0
11.93;0.0467600162179822;-0.247125628189352;0
11.94;0.0442844844838226;-0.248061814208589;0
11.95;0.0417999326315111;-0.248922032103481;0
11.96;0.0393071209341207;-0.249706154578778;0
11.97;0.0368068108340411;-0.250414077368411;0
11.98;0.0342997647127195;-0.251045719227161;0
11.99;0.0317867456605144;-0.251601021915454;0
12;0.0292685172467329;-0.252079950177277;0
12.01;0.0267458432899199;-0.252482491711246;0
12.02;0.0242194876284667;-0.25280865713484;0
12.03;0.0216902138916088;-0.253058479941833;0
12.04;0.019158785270879;-0.253232016452932;0
12.05;0.0166259642920854;-0.253329345759664;0
12.06;0.0140925125878804;-0.253350569661535;0
12.07;0.011559190670988;-0.253295812596482;0
12.08;0.00902675770815756;-0.253165221564668;0
12.09;0.00649597129490824;-0.252958966045636;0
12.1;0.00396758723113262;-0.252677237908876;0
12.11;0.00144235929762374;-0.252320251317823;0
12.12;-0.00107896096640845;-0.251888242627349;0
12.13;-0.0035956244847663;-0.251381470274771;0
12.14;-0.00610688486457477;-0.250800214664429;0
12.15;-0.00861199861540884;-0.250144778045878;0
12.16;-0.0111102253671741;-0.249415484385742;0
12.17;-0.0136008280866779;-0.248612679233276;0
12.18;-0.0160830732928272;-0.24773672957969;0
12.19;-0.0185562312703931;-0.246788023711289;0
12.2;-0.0210195762822777;-0.24576697105648;0
12.21;-0.0234723867802246;-0.244674002026709;0
12.22;-0.0259139456139112;-0.24350956785137;0
12.23;-0.0283435402383638;-0.242274140406774;0
12.24;-0.0307604629196348;-0.240968212039205;0
12.25;-0.0331640109386851;-0.239592295382163;0
12.26;-0.0355534867934127;-0.238146923167819;0
12.27;-0.0379281983987697;-0.236632648032788;0
12.28;-0.0402874592849123;-0.235050042318258;0
12.29;-0.0426305887933263;-0.233399697864561;0
12.3;-0.0449569122708742;-0.231682225800245;0
12.31;-0.047265761261708;-0.229898256325738;0
12.32;-0.0495564736969951;-0.228048438491658;0
12.33;-0.0518283940824029;-0.226133439971854;0
12.34;-0.0540808736832908;-0.224153946831261;0
12.35;-0.0563132707075575;-0.222110663288632;0
12.36;-0.0585249504860933;-0.220004311474244;0
12.37;-0.0607152856507862;-0.217835631182647;0
12.38;-0.0628836563100345;-0.215605379620541;0
12.39;-0.065029450221716;-0.213314331149876;0
12.4;-0.0671520629635671;-0.210963277026236;0
12.41;-0.0692508981009251;-0.208553025132628;0
12.42;-0.0713253673517873;-0.206084399708721;0
12.43;-0.0733748907491435;-0.203558241075672;0
12.44;-0.0753988968005358;-0.200975405356583;0
12.45;-0.0773968226448054;-0.198336764192716;0
12.46;-0.079368114205981;-0.195643204455537;0
12.47;-0.0813122263442702;-0.19289562795469;0
12.48;-0.0832286230041131;-0.190094951142001;0
12.49;-0.085116777359257;-0.187242104811591;0
12.5;-0.0869761719548165;-0.184338033796213;0
12.51;-0.0888062988462794;-0.181383696659905;0
12.52;-0.0906066597354236;-0.178380065387044;0
12.53;-0.0923767661031081;-0.175328125067922;0
12.54;-0.0941161393389048;-0.172228873580932;0
12.55;-0.0958243108675373;-0.169083321271461;0
12.56;-0.097500822272094;-0.165892490627602;0
12.57;-0.0991452254139847;-0.162657415952788;0
12.58;-0.10075708254961;-0.159379143035436;0
12.59;-0.102335966443712;-0.156058728815726;0
12.6;-0.103881460479387;-0.152697241049605;0
12.61;-0.105393158764715;-0.149295757970125;0
12.62;-0.106870666236003;-0.145855367946227;0
12.63;-0.108313598757595;-0.142377169139073;0
12.64;-0.109721583218242;-0.138862269156025;0
12.65;-0.111094257623997;-0.135311784702399;0
12.66;-0.112431271187622;-0.131726841231079;0
12.67;-0.113732284414475;-0.128108572590123;0
12.68;-0.114996969184872;-0.124458120668445;0
12.69;-0.116225008832896;-0.120776635039709;0
12.7;-0.117416098221632;-0.117065272604518;0
12.71;-0.118569943814823;-0.113325197231034;0
12.72;-0.11968626374492;-0.109557579394115;0
12.73;-0.120764787877526;-0.105763595813107;0
12.74;-0.121805257872198;-0.101944429088368;0
12.75;-0.122807427239626;-0.0981012673366729;0
12.76;-0.123771061395144;-0.0942353038255745;0
12.77;-0.124695937708597;-0.090347736606861;0
12.78;-0.125581845550525;-0.0864397681492034;0
12.79;-0.126428586334679;-0.0825126049701122;0
12.8;-0.12723597355685;-0.078567457267312;0
12.81;-0.128003832830013;-0.0746055385496475;0
12.82;-0.12873200191577;-0.0706280652676303;0
12.83;-0.129420330752111;-0.06663625644374;0
12.84;-0.130068681477464;-0.0626313333025882;0
12.85;-0.130676928451052;-0.0586145189010597;0
12.86;-0.131244958269555;-0.0545870377585386;0
12.87;-0.131772669780069;-0.0505501154873329;0
12.88;-0.132259974089375;-0.0465049784234055;0
12.89;-0.132706794569512;-0.0424528532575234;0
12.9;-0.133113066859672;-0.038394966666935;0
12.91;-0.133478738864407;-0.0343325449476832;0
12.92;-0.133803770748162;-0.0302668136476662;0
12.93;-0.134088134926153;-0.0261989972005519;0
12.94;-0.134331816051573;-0.0221303185606567;0
12.95;-0.134534810999165;-0.0180619988388937;0
12.96;-0.13469712884515;-0.0139952569399012;0
12.97;-0.134818790843538;-0.00993130920045415;0
12.98;-0.134899830398828;-0.00587136902926838;0
12.99;-0.134940293035112;-0.00181664654830071;0
13;-0.134940236361594;0.0022316517643489;0
13.01;-0.134899730034559;0.00627232342982922;0
13.02;-0.134818855715783;0.01030417032212;0
13.03;-0.134697707027419;0.0143259990197017;0
13.04;-0.134536389503381;0.0183366211552108;0
13.05;-0.134335020537235;0.0223348537629787;0
13.06;-0.134093729326624;0.0263195196243545;0
13.07;-0.133812656814258;0.0302894476107114;0
13.08;-0.133491955625472;0.034243473024038;0
13.09;-0.133131790002402;0.0381804379350168;0
13.1;-0.132732335734782;0.0420991915184923;0
13.11;-0.132293780087408;0.0459985903862333;0
13.12;-0.131816321724274;0.0498774989168938;0
13.13;-0.131300170629438;0.0537347895830791;0
13.14;-0.130745548024613;0.0575693432754224;0
13.15;-0.130152686283547;0.0613800496235826;0
13.16;-0.129521828843193;0.0651658073140693;0
13.17;-0.128853230111728;0.0689255244048076;0
13.18;-0.128147155373432;0.072658118636353;0
13.19;-0.127403880690477;0.0763625177396682;0
13.2;-0.126623692801647;0.0800376597403776;0
13.21;-0.125806889018038;0.0836824932594114;0
13.22;-0.124953777115765;0.0872959778099582;0
13.23;-0.124064675225718;0.0908770840906412;0
13.24;-0.123139911720399;0.0944247942748385;0
13.25;-0.122179825097891;0.0979381022960654;0
13.26;-0.121184763862986;0.101416014129342;0
13.27;-0.120155086405517;0.104857548068468;0
13.28;-0.119091160875941;0.108261734999125;0
13.29;-0.117993365058203;0.111627618667741;0
13.3;-0.116862086239936;0.11495425594603;0
13.31;-0.115697721080037;0.118240717091151;0
13.32;-0.114500675473652;0.1214860860014;0
13.33;-0.113271364414636;0.124689460467375;0
13.34;-0.112010211855516;0.127849952418553;0
13.35;-0.110717650565004;0.13096668816519;0
13.36;-0.109394121983125;0.134038808635509;0
13.37;-0.108040076073987;0.13706546960809;0
13.38;-0.106655971176243;0.140045841939412;0
13.39;-0.105242273851313;0.142979111786482;0
13.4;-0.103799458729392;0.145864480824498;0
13.41;-0.102328008353308;0.148701166459485;0
13.42;-0.100828413020276;0.151488402035847;0
13.43;-0.0993011706215948;0.154225437038792;0
13.44;-0.0977467864803544;0.156911537291562;0
13.45;-0.0961657731871818;0.159545985147428;0
13.46;-0.0945586504340975;0.162128079676412;0
13.47;-0.0929259448465284;0.164657136846658;0
13.48;-0.0912681898135288;0.167132489700439;0
13.49;-0.0895859253162678;0.169553488524741;0
13.5;-0.0878796977548343;0.171919501016381;0
13.51;-0.0861500597734158;0.174229912441628;0
13.52;-0.0843975700839063;0.176484125790275;0
13.53;-0.0826227932879978;0.178681561924143;0
13.54;-0.0808262996978125;0.180821659719965;0
13.55;-0.0790086651551317;0.182903876206626;0
13.56;-0.0771704708492769;0.184927686696732;0
13.57;-0.0753123031337024;0.186892584912458;0
13.58;-0.0734347533413534;0.18879808310568;0
13.59;-0.0715384175988504;0.190643712172327;0
13.6;-0.0696238966395548;0.192429021760965;0
13.61;-0.0676917956155755;0.19415358037556;0
13.62;-0.0657427239087734;0.195816975472417;0
13.63;-0.0637772949408242;0.197418813551275;0
13.64;-0.0617961259823948;0.198958720240531;0
13.65;-0.0597998379614952;0.200436340376587;0
13.66;-0.057789055271063;0.201851338077299;0
13.67;-0.05576440557584;0.203203396809528;0
13.68;-0.0537265196186;0.204492219450765;0
13.69;-0.0516760310257869;0.205717528344837;0
13.7;-0.0496135761126222;0.206879065351684;0
13.71;-0.0475397936877424;0.207976591891195;0
13.72;-0.0454553248574232;0.209009888981106;0
13.73;-0.0433608128294528;0.209978757268963;0
13.74;-0.041256902716712;0.210883017058145;0
13.75;-0.0391442413405199;0.211722508327941;0
13.76;-0.037023477033807;0.212497090747708;0
13.77;-0.0348952594441721;0.213206643685092;0
13.78;-0.0327602393368842;0.213851066208336;0
13.79;-0.0306190683978882;0.214430277082678;0
13.8;-0.0284723990368727;0.214944214760843;0
13.81;-0.0263208841904592;0.215392837367664;0
13.82;-0.0241651771255722;0.21577612267882;0
13.83;-0.0220059312430479;0.216094068093726;0
13.84;-0.0198437998815402;0.216346690602585;0
13.85;-0.0176794361217825;0.216534026747625;0
13.86;-0.015513492591263;0.216656132578546;0
13.87;-0.0133466212693721;0.216713083602182;0
13.88;-0.0111794732930783;0.216704974726437;0
13.89;-0.00901269876319109;0.216631920198485;0
13.9;-0.00684694655126706;0.216494053537288;0
13.91;-0.00468286410721672;0.216291527460448;0
13.92;-0.00252109726766779;0.216024513805436;0
13.93;-0.000362290065141703;0.215693203445217;0
13.94;0.00179291546190133;0.215297806198321;0
13.95;0.00394387945809288;0.214838550733387;0
13.96;0.00608996443920768;0.214315684468217;0
13.97;0.00823053547918098;0.213729473463388;0
13.98;0.0103649603960377;0.213080202310457;0
13.99;0.0124926099366792;0.212368174014805;0
14;0.0146128579604752;0.211593709873155;0
14.01;0.0167250816216063;0.210757149345831;0
14.02;0.0188286615501059;0.209858849923774;0
14.03;0.020922982031549;0.208899186990404;0
14.04;0.0230074311853367;0.207878553678332;0
14.05;0.0250814011415243;0.206797360721017;0
14.06;0.027144288216144;0.205656036299391;0
14.07;0.029195493084971;0.20445502588352;0
14.08;0.0312344209556844;0.203194792069361;0
14.09;0.0332604817383736;0.201875814410652;0
14.1;0.035273090214342;0.200498589246023;0
14.11;0.0372716662031603;0.19906362952136;0
14.12;0.0392556347279228;0.197571464607507;0
14.13;0.0412244261786596;0.196022640113349;0
14.14;0.0431774764738589;0.194417717694353;0
14.15;0.045114227220055;0.192757274856628;0
14.16;0.0470341258694367;0.191041904756566;0
14.17;0.0489366258754325;0.189272215996145;0
14.18;0.0508211868462295;0.187448832413946;0
14.19;0.0526872746961836;0.185572392871961;0
14.2;0.054534361795079;0.183643551038271;0
14.21;0.0563619271151961;0.181662975165655;0
14.22;0.0581694563761477;0.179631347866207;0
14.23;0.0599564421874434;0.177549365882035;0
14.24;0.0617223841887434;0.175417739852125;0
14.25;0.0634667891877649;0.173237194075432;0
14.26;0.0651891712958019;0.171008466270287;0
14.27;0.0668890520608227;0.168732307330196;0
14.28;0.0685659605981101;0.166409481076109;0
14.29;0.0702194337184081;0.164040764005234;0
14.3;0.071849016053542;0.161626945036493;0
14.31;0.0734542601794777;0.159168825252683;0
14.32;0.0750347267367885;0.156667217639439;0
14.33;0.0765899845484974;0.154122946821076;0
14.34;0.0781196107352637;0.151536848793393;0
14.35;0.079623190827885;0.148909770653537;0
14.36;0.0811003188770843;0.146242570326991;0
14.37;0.0825505975605544;0.143536116291794;0
14.38;0.0839736382872327;0.14079128730007;0
14.39;0.0853690612987796;0.138008972096955;0
14.4;0.086736495768234;0.135190069137009;0
14.41;0.0880755798958226;0.132335486298212;0
14.42;0.089385961001899;0.129446140593617;0
14.43;0.0906672956169877;0.126522957880771;0
14.44;0.0919192495689142;0.123566872568974;0
14.45;0.0931414980669973;0.120578827324485;0
14.46;0.0943337257832849;0.117559772773758;0
14.47;0.0954956269308135;0.114510667204798;0
14.48;0.0966269053388733;0.111432476266736;0
14.49;0.0977272745252613;0.108326172667718;0
14.5;0.0987964577655061;0.105192735871192;0
14.51;0.0998341881590483;0.10203315179069;0
14.52;0.100840208692363;0.0988484124832091;0
14.53;0.10181427229901;0.095639515841271;0
14.54;0.102756141916599;0.0924074652837646;0
14.55;0.103665590540655;0.0891532694456624;0
14.56;0.104542401275385;0.085877941866707;0
14.57;0.105386367381314;0.0825825006791624;0
14.58;0.106197292319809;0.0792679682947248;0
14.59;0.106974989794457;0.0759353710906894;0
14.6;0.107719283789306;0.0725857390954674;0
14.61;0.108430008603964;0.0692201056735488;0
14.62;0.109107008885534;0.0658395072100074;0
14.63;0.109750139657403;0.0624449827946418;0
14.64;0.110359266344865;0.059037573905849;0
14.65;0.110934264797586;0.0556183240943252;0
14.66;0.111475021308899;0.0521882786666883;0
14.67;0.111981432631945;0.0487484843691195;0
14.68;0.112453405992639;0.0452999890711151;0
14.69;0.112890859099489;0.0418438414494463;0
14.7;0.113293720150238;0.0383810906724203;0
14.71;0.113661927835368;0.0349127860845356;0
14.72;0.113995431338442;0.0314399768916277;0
14.73;0.1142941903333;0.0279637118465969;0
14.74;0.11455817497812;0.0244850389358118;0
14.75;0.114787365906347;0.0210050050662821;0
14.76;0.114981754214489;0.017524655753692;0
14.77;0.115141341446809;0.0140450348113877;0
14.78;0.115266139576902;0.0105671840404083;0
14.79;0.115356170986183;0.00709214292065438;0
14.8;0.115411468439289;0.0036209483032817;0
14.81;0.115432075056414;0.000154634104412328;0
14.82;0.115418044282585;-0.0033057689997482;0
14.83;0.115369439853894;-0.00675923387629858;0
14.84;0.115286335760709;-0.0102047372374458;0
14.85;0.115168816207869;-0.0136412599406379;0
14.86;0.115016975571887;-0.0170677872869384;0
14.87;0.114830918355179;-0.0204833093175558;0
14.88;0.114610759137334;-0.0238868211084425;0
14.89;0.114356622523451;-0.0272773230628786;0
14.9;0.114068643089553;-0.030653821201955;0
14.91;0.113746965325112;-0.0340153274528744;0
14.92;0.113391743572698;-0.0373608599349856;0
14.93;0.11300314196478;-0.0406894432434701;0
14.94;0.1125813343577;-0.0440001087306004;0
14.95;0.112126504262843;-0.047291894784489;0
14.96;0.111638844775036;-0.0505638471052493;0
14.97;0.111118558498196;-0.0538150189784902;0
14.98;0.110565857468252;-0.0570444715460667;0
14.99;0.109980963073376;-0.06025127407401;0
15;0.109364105971545;-0.0634345042175622;0
15.01;0.108715526005468;-0.0665932482832403;0
15.02;0.108035472114905;-0.0697266014878573;0
15.03;0.107324202246411;-0.0728336682144258;0
15.04;0.106581983260531;-0.0759135622648754;0
15.05;0.105809090836489;-0.0789654071095118;0
15.06;0.10500580937439;-0.0819883361331489;0
15.07;0.104172431894985;-0.0849814928778464;0
15.08;0.103309259937014;-0.0879440312821844;0
15.09;0.102416603452181;-0.0908751159170116;0
15.1;0.101494780697779;-0.0937739222176007;0
15.11;0.100544118127019;-0.0966396367121472;0
15.12;0.099564950277083;-0.0994714572465518;0
15.13;0.0985576196549522;-0.102268593205423;0
15.14;0.0975224766210367;-0.10503026572924;0
15.15;0.0964598792706551;-0.107755707927623;0
15.16;0.095370193313398;-0.110444165088639;0
15.17;0.0942537919504161;-0.113094894884112;0
15.18;0.0931110557496737;-0.115707167570855;0
15.19;0.0919423725192084;-0.118280266187789;0
15.2;0.0907481371784384;-0.120813486748892;0
15.21;0.0895287516275588;-0.123306138431928;0
15.22;0.0882846246150707;-0.125757543762902;0
15.23;0.0870161716034839;-0.128167038796199;0
15.24;0.0857238146332391;-0.130533973290358;0
15.25;0.0844079821848913;-0.132857710879438;0
15.26;0.0830691090395996;-0.135137629239923;0
15.27;0.081707636137969;-0.137373120253141;0
15.28;0.080324010437287;-0.139563590163137;0
15.29;0.0789186847672034;-0.141708459729973;0
15.3;0.0774921176838968;-0.143807164378416;0
15.31;0.0760447733227757;-0.145859154341969;0
15.32;0.0745771212497604;-0.147863894802217;0
15.33;0.0730896363111921;-0.149820866023458;0
15.34;0.0715827984824176;-0.15172956348257;0
15.35;0.0700570927150966;-0.15358949799411;0
15.36;0.0685130087832796;-0.155400195830586;0
15.37;0.0669510411283054;-0.157161198837896;0
15.38;0.0653716887025647;-0.158872064545901;0
15.39;0.0637754548121815;-0.160532366274102;0
15.4;0.0621628469586592;-0.162141693232406;0
15.41;0.060534376679541;-0.163699650616955;0
15.42;0.0588905593881346;-0.165205859700996;0
15.43;0.0572319142123507;-0.166659957920778;0
15.44;0.0555589638327043;-0.168061598956455;0
15.45;0.0538722343195306;-0.169410452807982;0
15.46;0.0521722549694635;-0.170706205865986;0
15.47;0.0504595581412285;-0.171948560977605;0
15.48;0.0487346790908001;-0.173137237507279;0
15.49;0.0469981558059734;-0.174271971392486;0
15.5;0.045250528840402;-0.175352515194412;0
15.51;0.0434923411471511;-0.176378638143557;0
15.52;0.0417241379118179;-0.177350126180254;0
15.53;0.0399464663852699;-0.178266781990128;0
15.54;0.0381598757160506;-0.179128425034452;0
15.55;0.0363649167825054;-0.179934891575441;0
15.56;0.0345621420246771;-0.180686034696456;0
15.57;0.0327521052760218;-0.181381724317135;0
15.58;0.0309353615949971;-0.18202184720345;0
15.59;0.0291124670965719;-0.182606306972693;0
15.6;0.0272839787837093;-0.183135024093414;0
15.61;0.0254504543788732;-0.183607935880289;0
15.62;0.0236124521556082;-0.184024996483969;0
15.63;0.0217705307702446;-0.184386176875879;0
15.64;0.0199252490937767;-0.184691464828015;0
15.65;0.0180771660439672;-0.184940864887734;0
15.66;0.016226840417725;-0.18513439834756;0
15.67;0.0143748307238075;-0.18527210321002;0
15.68;0.0125216950158974;-0.185354034147535;0
15.69;0.0106679907261019;-0.185380262457383;0
15.7;0.00881427449892539;-0.18535087601175;0
15.71;0.0069611020257626;-0.185265979202906;0
15.72;0.00510902787996258;-0.185125692883518;0
15.73;0.00325860535251104;-0.184930154302135;0
15.74;0.0014103862883795;-0.184679517033865;0
15.75;-0.000435079076410771;-0.184373950906281;0
15.76;-0.00227724227696253;-0.18401364192058;0
15.77;-0.00411555678086669;-0.18359879216803;0
15.78;-0.00594947814870985;-0.183129619741739;0
15.79;-0.00777846419367852;-0.182606358643774;0
15.8;-0.00960197514021384;-0.182029258687677;0
15.81;-0.0114194737816708;-0.181398585396407;0
15.82;-0.0132304256369366;-0.180714619895745;0
15.83;-0.0150342991059623;-0.179977658803207;0
15.84;-0.0168305656241645;-0.179188014112509;0
15.85;-0.0186186998156504;-0.17834601307361;0
15.86;-0.0203981796452253;-0.177451998068402;0
15.87;-0.0221684865691358;-0.176506326482067;0
15.88;-0.0239291056845084;-0.175509370570161;0
15.89;-0.0256795258774399;-0.174461517321472;0
15.9;-0.0274192399696965;-0.17336316831669;0
15.91;-0.0291477448639822;-0.172214739582955;0
15.92;-0.0308645416877335;-0.171016661444318;0
15.93;-0.0325691359354007;-0.169769378368174;0
15.94;-0.0342610376091759;-0.168473348807721;0
15.95;-0.0359397613581275;-0.1671290450405;0
15.96;-0.0376048266157027;-0.165736953003059;0
15.97;-0.03925575773556;-0.164297572121821;0
15.98;-0.0408920841256924;-0.162811415140183;0
15.99;-0.0425133403808059;-0.161279007941936;0
16;-0.0441190664129154;-0.159700889371036;0
16.01;-0.045708807580122;-0.158077611047807;0
16.02;-0.0472821148135369;-0.156409737181631;0
16.03;-0.0488385447423161;-0.154697844380182;0
16.04;-0.0503776598167726;-0.152942521455273;0
16.05;-0.0518990284295318;-0.151144369225379;0
16.06;-0.0534022250346974;-0.149304000314901;0
16.07;-0.0548868302649956;-0.147422038950233;0
16.08;-0.0563524310468658;-0.145499120752706;0
16.09;-0.0577986207134672;-0.143535892528466;0
16.1;-0.0592249991155699;-0.141533012055367;0
16.11;-0.0606311727303027;-0.13949114786694;0
16.12;-0.062016754767727;-0.137410979033502;0
16.13;-0.0633813652752092;-0.135293194940495;0
16.14;-0.0647246312395649;-0.133138495064102;0
16.15;-0.0660461866869466;-0.13094758874423;0
16.16;-0.0673456727804498;-0.128721194954929;0
16.17;-0.0686227379154125;-0.126460042072309;0
16.18;-0.0698770378123822;-0.124164867640047;0
16.19;-0.0711082356077276;-0.121836418132541;0
16.2;-0.072316001941872;-0.1194754487158;0
16.21;-0.0735000150451249;-0.117082723006136;0
16.22;-0.074659960821092;-0.11465901282674;0
16.23;-0.0757955329276401;-0.112205097962211;0
16.24;-0.0769064328554;-0.109721765911129;0
16.25;-0.0779923700037858;-0.107209811636736;0
16.26;-0.0790530617545127;-0.104670037315803;0
16.27;-0.080088233542596;-0.102103252085779;0
16.28;-0.0810976189248139;-0.0995102717902746;0
16.29;-0.0820809596456179;-0.0968919187229797;0
16.3;-0.0830380057004758;-0.0942490213700891;0
16.31;-0.0839685153966323;-0.0915824141513104;0
16.32;-0.0848722554112739;-0.0888929371595405;0
16.33;-0.0857490008470847;-0.0861814358992887;0
16.34;-0.0865985352851809;-0.0834487610239271;0
16.35;-0.087420650835413;-0.0806957680718492;0
16.36;-0.0882151481840254;-0.0779233172016171;0
16.37;-0.0889818366386622;-0.0751322729261803;0
16.38;-0.0897205341707124;-0.0723235038462443;0
16.39;-0.0904310674549844;-0.0694978823828731;0
16.4;-0.0911132719067041;-0.0666562845094063;0
16.41;-0.0917669917158287;-0.0637995894827714;0
16.42;-0.0923920798786717;-0.0609286795742738;0
16.43;-0.0929883982268335;-0.0580444397999464;0
16.44;-0.0935558174534341;-0.0551477576505391;0
16.45;-0.0940942171366438;-0.052239522821231;0
16.46;-0.0946034857605108;-0.0493206269411467;0
16.47;-0.0950835207330828;-0.0463919633027565;0
16.48;-0.0955342284018227;-0.0434544265912445;0
16.49;-0.0959555240663182;-0.0405089126139236;0
16.5;-0.0963473319882853;-0.0375563180297792;0
16.51;-0.0967095853988695;-0.0345975400792224;0
16.52;-0.0970422265032443;-0.0316334763141338;0
16.53;-0.097345206482513;-0.0286650243282774;0
16.54;-0.0976184854929155;-0.0256930814881655;0
16.55;-0.097862032662347;-0.0227185446644544;0
16.56;-0.0980758260841926;-0.0197423099639498;0
16.57;-0.0982598528084857;-0.0167652724623028;0
16.58;-0.0984141088303958;-0.0137883259374733;0
16.59;-0.0985385990760561;-0.0108123626040413;0
16.6;-0.0986333373857365;-0.00783827284844293;0
16.61;-0.0986983464943751;-0.00486694496520994;0
16.62;-0.0987336580094761;-0.00189926489428925;0
16.63;-0.0987393123863855;0.00106388404048;0
16.64;-0.0987153589009585;0.00402162139165587;0
16.65;-0.0986618556196285;0.00697306984717332;0
16.66;-0.0985788693668931;0.0099173554879391;0
16.67;-0.0984664756902304;0.0128536080439668;0
16.68;-0.0983247588224613;0.0157809611489775;0
16.69;-0.0981538116415722;0.0186985525933936;0
16.7;-0.097953735628016;0.0216055245756504;0
16.71;-0.0977246408195073;0.0245010239517558;0
16.72;-0.0974666457633301;0.027384202483024;0
16.73;-0.0971798774661773;0.0302542170819136;0
16.74;-0.0968644713415402;0.0331102300558986;0
16.75;-0.0965205711546678;0.0359514093493033;0
16.76;-0.0961483289651185;0.0387769287830319;0
16.77;-0.0957479050669229;0.0415859682921246;0
16.78;-0.0953194679263818;0.044377714161072;0
16.79;-0.0948631941175216;0.0471513592568228;0
16.8;-0.0943792682552293;0.0499061032594171;0
16.81;-0.093867882926093;0.0526411528901813;0
16.82;-0.0933292386169713;0.0553557221374197;0
16.83;-0.0927635436413175;0.0580490324795409;0
16.84;-0.0921710140632835;0.0607203131055543;0
16.85;-0.0915518736196322;0.0633688011328768;0
16.86;-0.0909063536394829;0.0659937418223888;0
16.87;-0.0902346929619193;0.0685943887906792;0
16.88;-0.0895371378514878;0.0711700042194207;0
16.89;-0.0888139419116155;0.0737198590618182;0
16.9;-0.0880653659959764;0.0762432332460731;0
16.91;-0.0872916781178371;0.0787394158758068;0
16.92;-0.0864931533574125;0.0812077054273903;0
16.93;-0.085670073767261;0.0836474099441244;0
16.94;-0.0848227282757539;0.0860578472272185;0
16.95;-0.0839514125886487;0.0884383450235166;0
16.96;-0.0830564290887996;0.0907882412099184;0
16.97;-0.08213808673404;0.0931068839744479;0
16.98;-0.0811967009532686;0.0953936319939193;0
16.99;-0.0802325935407747;0.0976478546081536;0
17;-0.0792460925488372;0.0998689319906994;0
17.01;-0.0782375321786315;0.102056255316013;0
17.02;-0.077207252669482;0.104209226923052;0
17.03;-0.0761556001864936;0.106327260475245;0
17.04;-0.0750829267066011;0.108409781116788;0
17.05;-0.0739895899030716;0.110456225625229;0
17.06;-0.0728759530284978;0.11246604256031;0
17.07;-0.0717423847963209;0.114438692409015;0
17.08;-0.0705892592609187;0.116373647726798;0
17.09;-0.0694169556963001;0.118270393274945;0
17.1;-0.0682258584734429;0.120128426154047;0
17.11;-0.0670163569363142;0.12194725593354;0
17.12;-0.0657888452766138;0.12372640477729;0
17.13;-0.0645437224072795;0.12546540756518;0
17.14;-0.0632813918347945;0.127163812010685;0
17.15;-0.0620022615303372;0.128821178774385;0
17.16;-0.0607067437998141;0.13043708157342;0
17.17;-0.0593952551528172;0.132011107286824;0
17.18;-0.058068216170546;0.133542856056745;0
17.19;-0.0567260513727357;0.135031941385514;0
17.2;-0.0553691890836348;0.136477990228535;0
17.21;-0.0539980612970707;0.137880643082991;0
17.22;-0.052613103540649;0.139239554072335;0
17.23;-0.0512147547391258;0.14055439102655;0
17.24;-0.0498034570769968;0.141824835558163;0
17.25;-0.0483796558603457;0.143050583133997;0
17.26;-0.0469437993779937;0.14423134314265;0
17.27;-0.0454963387619942;0.14536683895768;0
17.28;-0.0440377278475144;0.146456807996488;0
17.29;-0.0425684230321479;0.147501001774901;0
17.3;-0.0410888831347006;0.148499185957419;0
17.31;-0.039599569253494;0.149451140403146;0
17.32;-0.0381009446242279;0.150356659207387;0
17.33;-0.0365934744774476;0.151215550738895;0
17.34;-0.0350776258956577;0.152027637672792;0
17.35;-0.0335538676701258;0.15279275701913;0
17.36;-0.0320226701574215;0.153510760147112;0
17.37;-0.0304845051357309;0.154181512804972;0
17.38;-0.0289398456609935;0.154804895135499;0
17.39;-0.0273891659229025;0.155380801687233;0
17.4;-0.0258329411008127;0.15590914142131;0
17.41;-0.0242716472195999;0.156389837713984;0
17.42;-0.0227057610055143;0.156822828354822;0
17.43;-0.0211357597420711;0.157208065540581;0
17.44;-0.019562121126022;0.157545515864772;0
17.45;-0.017985323123451;0.157835160302936;0
17.46;-0.0164058438260353;0.158076994193625;0
17.47;-0.0148241613075169;0.158271027215115;0
17.48;-0.0132407534804259;0.158417283357861;0
17.49;-0.0116560979530979;0.158515800892708;0
17.5;-0.0100706718870293;0.158566632334872;0
17.51;-0.00848495185461034;0.158569844403721;0
17.52;-0.00689941369728063;0.158525517978359;0
17.53;-0.00531453238414666;0.15843374804905;0
17.54;-0.00373078187110417;0.158294643664487;0
17.55;-0.00214863496050623;0.158108327874945;0
17.56;-0.000568563161418385;0.157874937671329;0
17.57;0.00100896344949845;0.157594623920153;0
17.58;0.00258347636643653;0.157267551294464;0
17.59;0.00415450879218106;0.156893898200755;0
17.6;0.00572159577510102;0.156473856701882;0
17.61;0.00728427434535137;0.156007632436018;0
17.62;0.00884208365024707;0.155495444531681;0
17.63;0.0103945650887698;0.154937525518863;0
17.64;0.0119412624451686;0.154334121236291;0
17.65;0.0134817220216157;0.153685490734864;0
17.66;0.01501549276988;0.152991906177295;0
17.67;0.0165421264219793;0.152253652733983;0
17.68;0.0180611776197756;0.151471028475185;0
17.69;0.019572204043474;0.150644344259489;0
17.7;0.0210747665389918;0.149773923618654;0
17.71;0.0225684292441577;0.148860102638849;0
17.72;0.0240527597137092;0.147903229838325;0
17.73;0.0255273290430494;0.146903666041583;0
17.74;0.0269917119907309;0.14586178425006;0
17.75;0.0284454870996304;0.144777969509388;0
17.76;0.0298882368167809;0.143652618773274;0
17.77;0.0313195476118279;0.142486140764044;0
17.78;0.0327390100940754;0.141278955829898;0
17.79;0.0341462191280907;0.140031495798921;0
17.8;0.0355407739478348;0.138744203829914;0
17.81;0.0369222782692861;0.137417534260074;0
17.82;0.0382903404015281;0.136051952449591;0
17.83;0.0396445733562687;0.134647934623208;0
17.84;0.0409845949557614;0.133205967708794;0
17.85;0.0423100279390999;0.131726549172986;0
17.86;0.0436205000668554;0.130210186853959;0
17.87;0.0449156442240286;0.128657398791365;0
17.88;0.0461950985212896;0.127068713053518;0
17.89;0.0474585063944768;0.125444667561861;0
17.9;0.0487055167023281;0.123785809912787;0
17.91;0.0499357838224194;0.122092697196858;0
17.92;0.0511489677452834;0.1203658958155;0
17.93;0.0523447341666842;0.118605981295209;0
17.94;0.0535227545780228;0.116813538099356;0
17.95;0.0546827063548508;0.114989159437623;0
17.96;0.0558242728434671;0.113133447073151;0
17.97;0.0569471434455763;0.111247011127454;0
17.98;0.0580510137009872;0.109330469883168;0
17.99;0.059135585368328;0.107384449584681;0
18;0.0602005665037592;0.105409584236731;0
18.01;0.0612456715376638;0.103406515401019;0
18.02;0.0622706213492943;0.101375891990902;0
18.03;0.0632751433393587;0.0993183700642436;0
18.04;0.064258971500527;0.0972346126144741;0
18.05;0.0652218464858398;0.0951252893599292;0
18.06;0.0661635156750035;0.0929910765315388;0
18.07;0.0670837332385554;0.0908326566589261;0
18.08;0.0679822601998817;0.088650718354987;0
18.09;0.068858864495076;0.086445956099016;0
18.1;0.0697133210306222;0.0842190700184463;0
18.11;0.0705454117388885;0.0819707656692718;0
18.12;0.0713549256314208;0.0797017538152197;0
18.13;0.0721416588500214;0.0774127502057413;0
18.14;0.0729054147156035;0.0751044753528892;0
18.15;0.0736460037748091;0.0727776543071517;0
18.16;0.0743632438443809;0.0704330164323107;0
18.17;0.075056960053279;0.0680712951793943;0
18.18;0.075726984882533;0.0656932278597926;0
18.19;0.0763731582028216;0.063299555417606;0
18.2;0.0769953273097727;0.0608910222012964;0
18.21;0.0775933469569773;0.0584683757347093;0
18.22;0.0781670793867107;0.0560323664875391;0
18.23;0.0787163943583566;0.0535837476453042;0
18.24;0.0792411691745278;0.0511232748789049;0
18.25;0.0797412887048828;0.0486517061138308;0
18.26;0.0802166454076313;0.0461698012990903;0
18.27;0.0806671393487291;0.0436783221759301;0
18.28;0.0810926782187591;0.0411780320464148;0
18.29;0.0814931773474978;0.0386696955419369;0
18.3;0.0818685597161669;0.0361540783917255;0
18.31;0.0822187559673701;0.0336319471914241;0
18.32;0.0825437044127163;0.0311040691718071;0
18.33;0.082843351038131;0.0285712119677017;0
18.34;0.083117649506858;0.0260341433871878;0
18.35;0.0833665611601541;0.0234936311811413;0
18.36;0.0835900550156821;0.0209504428131909;0
18.37;0.0837881077636047;0.0184053452301568;0
18.38;0.0839607037603851;0.0158591046330385;0
18.39;0.0841078350203007;0.0133124862486197;0
18.4;0.0842295012046758;0.0107662541017582;0
18.41;0.08432570960884;0.00822117078842669;0
18.42;0.0843964751468212;0.00567799724957287;0
18.43;0.0844418203337813;0.00313749254586351;0
18.44;0.0844617752662026;0.000600413633379837;0
18.45;0.0844563775998367;-0.00193248485967101;0
18.46;0.0844256725254244;-0.00446045085516278;0
18.47;0.0843697127422;-0.00698273504611071;0
18.48;0.0842885584291889;-0.00949859111652148;0
18.49;0.0841822772143129;-0.0120072759599687;0
18.5;0.0840509441413164;-0.0145080498968307;0
18.51;0.0838946416345255;-0.0170001768901277;0
18.52;0.0837134594614558;-0.019482924759896;0
18.53;0.083507494693283;-0.0219555653960381;0
18.54;0.0832768516631923;-0.0244173749695859;0
18.55;0.0830216419226227;-0.0268676341423187;0
18.56;0.0827419841954219;-0.0293056282746742;0
18.57;0.0824380043299313;-0.0317306476318934;0
18.58;0.0821098352490163;-0.0341419875883419;0
18.59;0.081757616898063;-0.0365389488299474;0
18.6;0.0813814961909586;-0.0389208375546979;0
18.61;0.0809816269540756;-0.0412869656711425;0
18.62;0.080558169868281;-0.0436366509948397;0
18.63;0.0801112924089893;-0.0459692174426969;0
18.64;0.0796411687842827;-0.0482839952251476;0
18.65;0.0791479798711195;-0.0505803210361108;0
18.66;0.078631913149652;-0.0528575382406814;0
18.67;0.0780931626356794;-0.0551149970604978;0
18.68;0.0775319288112564;-0.0573520547567354;0
18.69;0.0769484185534833;-0.0595680758106759;0
18.7;0.0763428450615019;-0.0617624321018017;0
18.71;0.0757154277817207;-0.0639345030833664;0
18.72;0.0750663923312971;-0.0660836759553938;0
18.73;0.0743959704199003;-0.0682093458350564;0
18.74;0.0737043997697833;-0.0703109159243887;0
18.75;0.0729919240341894;-0.0723877976752886;0
18.76;0.0722587927141211;-0.0744394109517617;0
18.77;0.0715052610734992;-0.0764651841893659;0
18.78;0.0707315900527402;-0.078464554551812;0
18.79;0.0699380461807808;-0.0804369680846789;0
18.8;0.0691249014855781;-0.0823818798662024;0
18.81;0.0682924334031155;-0.084298754155097;0
18.82;0.0674409246849435;-0.0861870645353715;0
18.83;0.0665706633042864;-0.0880462940581012;0
18.84;0.0656819423607451;-0.0898759353801176;0
18.85;0.0647750599836268;-0.0916754908995806;0
18.86;0.0638503192339329;-0.0934444728883981;0
18.87;0.062908028005038;-0.0951824036214578;0
18.88;0.0619484989220896;-0.0968888155026382;0
18.89;0.0609720492401637;-0.0985632511875676;0
18.9;0.0599790007412067;-0.100205263703098;0
18.91;0.0589696796297977;-0.101814416563465;0
18.92;0.057944416427764;-0.103390283883107;0
18.93;0.0569035458676844;-0.104932450486105;0
18.94;0.055847406785312;-0.106440512012238;0
18.95;0.0547763420109532;-0.107914075019598;0
18.96;0.053690698259835;-0.109352757083766;0
18.97;0.0525908260214967;-0.110756186893515;0
18.98;0.0514770794482404;-0.11212400434301;0
18.99;0.0503498162426749;-0.113455860620498;0
19;0.0492093975443885;-0.114751418293456;0
19.01;0.0480561878157871;-0.116010351390185;0
19.02;0.0468905547271317;-0.117232345477823;0
19.03;0.0457128690408121;-0.118417097736769;0
19.04;0.0445235044948928;-0.119564317031498;0
19.05;0.0433228376859665;-0.120673723977751;0
19.06;0.042111247951353;-0.121745051006086;0
19.07;0.0408891172506783;-0.122778042421777;0
19.08;0.0396568300468709;-0.123772454461058;0
19.09;0.0384147731866132;-0.124728055343682;0
19.1;0.037163335780283;-0.125644625321808;0
19.11;0.035902909081423;-0.126521956725193;0
19.12;0.0346338863657753;-0.127359854002682;0
19.13;0.033356662809917;-0.128158133760003;0
19.14;0.0320716353695355;-0.128916624793844;0
19.15;0.0307792026573785;-0.129635168122223;0
19.16;0.0294797648209183;-0.130313617011138;0
19.17;0.0281737234197655;-0.130951836997503;0
19.18;0.0268614813028701;-0.131549705908365;0
19.19;0.0255434424855477;-0.132107113876406;0
19.2;0.0242200120263667;-0.132623963351721;0
19.21;0.0228915959039353;-0.1331001691099;0
19.22;0.0215586008936233;-0.133535658256382;0
19.23;0.0202214344442577;-0.13393037022712;0
19.24;0.0188805045548287;-0.134284256785543;0
19.25;0.0175362196512413;-0.134597282015829;0
19.26;0.0161889884631524;-0.134869422312493;0
19.27;0.0148392199009275;-0.135100666366309;0
19.28;0.0134873229327547;-0.135291015146566;0
19.29;0.012133706461953;-0.135440481879673;0
19.3;0.010778779204511;-0.135549092024129;0
19.31;0.00942294956689157;-0.135616883241872;0
19.32;0.00806662552413973;-0.135643905366009;0
19.33;0.00671021449832956;-0.135630220364967;0
19.34;0.00535412323738537;-0.135575902303055;0
19.35;0.00399875769431343;-0.135481037297479;0
19.36;0.00264452290687944;-0.135345723471806;0
19.37;0.00129182287776731;-0.135170070905922;0
19.38;-5.89395447460266e-05;-0.134954201582481;0
19.39;-0.00140736278556447;-0.134698249329883;0
19.4;-0.00275304666096099;-0.134402359761803;0
19.41;-0.00409559249614556;-0.134066690213279;0
19.42;-0.00543460324217875;-0.133691409673412;0
19.43;-0.00676968359219699;-0.133276698714675;0
19.44;-0.00810044009691595;-0.132822749418878;0
19.45;-0.00942648127937846;-0.13232976529981;0
19.46;-0.0107474177489141;-0.131797961222583;0
19.47;-0.0120628623142775;-0.131227563319718;0
19.48;-0.0133724300959328;-0.130618808903992;0
19.49;-0.0146757386374524;-0.129971946378088;0
19.5;-0.0159724080159978;-0.129287235141072;0
19.51;-0.0172620609518507;-0.128564945491735;0
19.52;-0.0185443229169644;-0.12780535852884;0
19.53;-0.0198188222425029;-0.127008766048293;0
19.54;-0.0210851902253388;-0.126175470437292;0
19.55;-0.0223430612334785;-0.12530578456548;0
19.56;-0.0235920728103863;-0.124400031673141;0
19.57;-0.0248318657781769;-0.123458545256486;0
19.58;-0.0260620843396476;-0.122481668950053;0
19.59;-0.0272823761791222;-0.121469756406278;0
19.6;-0.0284923925620778;-0.120423171172263;0
19.61;-0.0296917884335265;-0.119342286563798;0
19.62;-0.0308802225151257;-0.118227485536661;0
19.63;-0.0320573574009886;-0.117079160555259;0
19.64;-0.0332228596521702;-0.115897713458639;0
19.65;-0.034376399889801;-0.114683555323923;0
19.66;-0.0355176528868438;-0.1134371063272;0
19.67;-0.0366462976584483;-0.112158795601943;0
19.68;-0.037762017550879;-0.110849061094973;0
19.69;-0.0388645003289913;-0.109508349420033;0
19.7;-0.0399534382622336;-0.108137115709015;0
19.71;-0.0410285282091506;-0.106735823460892;0
19.72;-0.0420894717003659;-0.105304944388395;0
19.73;-0.0431359750200219;-0.103844958262499;0
19.74;-0.0441677492856541;-0.102356352754756;0
19.75;-0.0451845105264801;-0.100839623277531;0
19.76;-0.0461859797600807;-0.0992952728221933;0
19.77;-0.0471718830674549;-0.0977238117953161;0
19.78;-0.0481419516664276;-0.0961257578529288;0
19.79;-0.0490959219833911;-0.0945016357328873;0
19.8;-0.0500335357233625;-0.0928519770854061;0
19.81;-0.050954539938338;-0.0911773203018106;0
19.82;-0.0518586870939273;-0.0894782103415631;0
19.83;-0.0527457351342498;-0.0877551985576169;0
19.84;-0.0536154475450783;-0.0860088425201542;0
19.85;-0.0544675934152121;-0.0842397058387633;0
19.86;-0.0553019474960652;-0.0824483579831106;0
19.87;-0.0561182902594547;-0.0806353741021653;0
19.88;-0.0569164079535757;-0.0788013348420308;0
19.89;-0.0576960926571472;-0.0769468261624427;0
19.9;-0.0584571423317188;-0.0750724391519887;0
19.91;-0.0591993608721223;-0.0731787698421089;0
19.92;-0.0599225581550596;-0.0712664190199338;0
19.93;-0.0606265500858131;-0.0693359920400187;0
19.94;-0.0613111586430689;-0.0673880986350325;0
19.95;-0.0619762119218422;-0.0654233527254592;0
19.96;-0.0626215441744958;-0.0634423722283717;0
19.97;-0.0632469958498424;-0.0614457788653354;0
19.98;-0.063852413630322;-0.0594341979695023;0
19.99;-0.0644376504672467;-0.0574082582919537;0
20;-0.0650025656141062;-0.055368591807351;0
