0;0.318104726150263;0.066905492678063;0
0.01;0.318730306868409;0.0572441898122709;0
0.02;0.319259269668264;0.0475823319852103;0
0.03;0.319691622041935;0.0379228163938804;0
0.04;0.320027400428642;0.0282685345538467;0
0.05;0.320266670154039;0.0186223714422442;0
0.06;0.320409525360996;0.00898720464421182;0
0.07;0.320456088931841;-0.000634096496988952;0
0.08;0.320406512402137;-0.010238671725925;0
0.09;0.320260975866011;-0.019823670716764;0
0.1;0.320019687873087;-0.0293862539106241;0
0.11;0.319682885317062;-0.0389235933482562;0
0.12;0.319250833315984;-0.0484328734978188;0
0.13;0.318723825084273;-0.0579112920775044;0
0.14;0.318102181796532;-0.0673560608727805;0
0.15;0.317386252443225;-0.0767644065480093;0
0.16;0.316576413678253;-0.0861335714522119;0
0.17;0.315673069658503;-0.0954608144187465;0
0.18;0.314676651875433;-0.104743411558671;0
0.19;0.313587618978743;-0.113978657047563;0
0.2;0.312406456592221;-0.123163863905569;0
0.21;0.311133677121807;-0.132296364770474;0
0.22;0.309769819555966;-0.141373512663546;0
0.23;0.308315449258436;-0.150392681747972;0
0.24;0.30677115775342;-0.159351268079637;0
0.25;0.305137562503314;-0.168246690350062;0
0.26;0.303415306679032;-0.177076390621274;0
0.27;0.301605058923027;-0.185837835052406;0
0.28;0.299707513105083;-0.194528514617831;0
0.29;0.297723388070958;-0.203145945816618;0
0.3;0.295653427383983;-0.211687671373118;0
0.31;0.293498399059684;-0.220151260928486;0
0.32;0.29125909529354;-0.228534311722948;0
0.33;0.288936332181954;-0.236834449268617;0
0.34;0.286530949436544;-0.245049328012679;0
0.35;0.284043810091845;-0.253176631990773;0
0.36;0.281475800206515;-0.261214075470368;0
0.37;0.278827828558165;-0.269159403583976;0
0.38;0.276100826331896;-0.277010392952031;0
0.39;0.273295746802652;-0.284764852295248;0
0.4;0.270413565011504;-0.292420623036314;0
0.41;0.26745527743596;-0.299975579890738;0
0.42;0.264421901654423;-0.307427631446714;0
0.43;0.261314476004889;-0.31477472073382;0
0.44;0.258134059238019;-0.322014825780428;0
0.45;0.254881730164688;-0.329145960159661;0
0.46;0.251558587298115;-0.336166173523748;0
0.47;0.248165748490719;-0.343073552126664;0
0.48;0.244704350565787;-0.349866219334879;0
0.49;0.241175548944098;-0.356542336126122;0
0.5;0.237580517265611;-0.363100101576002;0
0.51;0.233920447006338;-0.369537753332377;0
0.52;0.230196547090535;-0.375853568077344;0
0.53;0.226410043498326;-0.382045861976737;0
0.54;0.22256217886889;-0.388112991117012;0
0.55;0.218654212099333;-0.394053351929419;0
0.56;0.21468741793938;-0.399865381601345;0
0.57;0.210663086582012;-0.405547558474744;0
0.58;0.20658252325017;-0.411098402431534;0
0.59;0.202447047779675;-0.416516475265884;0
0.6;0.198257994198475;-0.421800381043301;0
0.61;0.194016710302366;-0.426948766446423;0
0.62;0.189724557227313;-0.431960321107448;0
0.63;0.185382909018507;-0.436833777927112;0
0.64;0.180993152196298;-0.44156791338015;0
0.65;0.176556685319125;-0.446161547807176;0
0.66;0.172074918543597;-0.450613545692903;0
0.67;0.16754927318185;-0.454922815930658;0
0.68;0.16298118125632;-0.459088312073127;0
0.69;0.158372085052073;-0.463109032569289;0
0.7;0.153723436666826;-0.466984020987474;0
0.71;0.149036697558803;-0.470712366224521;0
0.72;0.144313338092556;-0.474293202700985;0
0.73;0.139554837082903;-0.477725710542363;0
0.74;0.134762681337117;-0.481009115746312;0
0.75;0.129938365195498;-0.484142690335819;0
0.76;0.125083390070486;-0.487125752498323;0
0.77;0.120199263984443;-0.489957666710749;0
0.78;0.115287501106243;-0.492637843850461;0
0.79;0.110349621286824;-0.49516574129211;0
0.8;0.10538714959383;-0.497540862990374;0
0.81;0.100401615845489;-0.499762759548602;0
0.82;0.0953945541438707;-0.501831028273349;0
0.83;0.0903675024076609;-0.503745313214821;0
0.84;0.0853220019045938;-0.505505305193239;0
0.85;0.0802595967836853;-0.507110741811133;0
0.86;0.0751818336074062;-0.508561407451601;0
0.87;0.0700902608839361;-0.509857133262535;0
0.88;0.0649864285996376;-0.51099779712687;0
0.89;0.0598718877518913;-0.511983323618862;0
0.9;0.0547481898824301;-0.512813683946454;0
0.91;0.0496168866113133;-0.513488895879758;0
0.92;0.0444795291716772;-0.514009023665703;0
0.93;0.0393376679454016;-0.5143741779289;0
0.94;0.0341928519998301;-0.514584515558768;0
0.95;0.0290466286256795;-0.514640239582997;0
0.96;0.0239005428762773;-0.514541599027389;0
0.97;0.0187561371082607;-0.514288888762153;0
0.98;0.0136149505238736;-0.513882449334727;0
0.99;0.00847851871499636;-0.513322666789186;0
1;0.00334837320904084;-0.512609972472334;0
1.01;-0.00177395898315558;-0.511744842826538;0
1.02;-0.00688695581730491;-0.510727799169405;0
1.03;-0.0119891006633815;-0.509559407460389;0
1.04;-0.0170788827509424;-0.508240278054413;0
1.05;-0.0221547976119259;-0.506771065442607;0
1.06;-0.0272153475208003;-0.50515246798026;0
1.07;-0.0322590419319341;-0.503385227602096;0
1.08;-0.0372843979140631;-0.501470129524973;0
1.09;-0.042289940581728;-0.499408001938113;0
1.1;-0.0472742035235587;-0.497199715680996;0
1.11;-0.0522357292272824;-0.494846183909008;0
1.12;-0.0571730695013333;-0.492348361746989;0
1.13;-0.0620847858929445;-0.489707245930796;0
1.14;-0.0669694501026009;-0.486923874436999;0
1.15;-0.0718256443947374;-0.483999326100861;0
1.16;-0.0766519620045639;-0.480934720222725;0
1.17;-0.0814470075409024;-0.477731216162942;0
1.18;-0.086209397384923;-0.474390012925492;0
1.19;-0.0909377600846655;-0.470912348730437;0
1.2;-0.095630736745235;-0.467299500575352;0
1.21;-0.100286981414564;-0.463552783785884;0
1.22;-0.104905161464632;-0.459673551555596;0
1.23;-0.109483957968033;-0.455663194475255;0
1.24;-0.114022066069793;-0.451523140051709;0
1.25;-0.118518195354326;-0.447254852216532;0
1.26;-0.122971070207436;-0.442859830824594;0
1.27;-0.127379430173255;-0.438339611142724;0
1.28;-0.131742030306025;-0.433695763328635;0
1.29;-0.13605764151663;-0.428929891900287;0
1.3;-0.140325050913772;-0.424043635195861;0
1.31;-0.144543062139711;-0.419038664824528;0
1.32;-0.148710495700473;-0.413916685108179;0
1.33;-0.152826189290426;-0.40867943251432;0
1.34;-0.156888998111159;-0.403328675080297;0
1.35;-0.160897795184552;-0.397866211829048;0
1.36;-0.164851471659979;-0.392293872176579;0
1.37;-0.168748937115535;-0.386613515331337;0
1.38;-0.172589119853235;-0.380827029685691;0
1.39;-0.176370967188083;-0.374936332199707;0
1.4;-0.180093445730949;-0.368943367777425;0
1.41;-0.183755541665177;-0.362850108635823;0
1.42;-0.187356261016843;-0.356658553666685;0
1.43;-0.190894629918613;-0.350370727791566;0
1.44;-0.194369694867109;-0.343988681310064;0
1.45;-0.197780522973733;-0.337514489241603;0
1.46;-0.201126202208883;-0.330950250660945;0
1.47;-0.204405841639491;-0.324298088027618;0
1.48;-0.20761855631108;-0.317537125074464;0.0153494217216012
1.49;-0.210762148113171;-0.310389649793959;0.0537229760256043
1.5;-0.213832173832916;-0.30277798693045;0.0920965303296074
1.51;-0.216824005341909;-0.294705215944663;0.13047008463361
1.52;-0.219733045905503;-0.286174549226745;0.168843638937614
1.53;-0.22255473150677;-0.277189330904855;0.207217193241617
1.54;-0.225284532158385;-0.267753035616309;0.24559074754562
1.55;-0.227917953202051;-0.257869267241725;0.283964301849623
1.56;-0.230450536595098;-0.247541757602589;0.322337856153626
1.57;-0.232877862183904;-0.236774365122719;0.360711410457629
1.58;-0.235195548963758;-0.225571073454072;0.399084964761632
1.59;-0.237399260162185;-0.21395137370261;0.418201971814899
1.6;-0.239486633821106;-0.202427871432186;0.379479567017223
1.61;-0.241460327319334;-0.19125040927132;0.340757162219547
1.62;-0.243323813549122;-0.180421743052985;0.302034757421871
1.63;-0.24508059246975;-0.169944519318547;0.263312352624196
1.64;-0.246734190011864;-0.159821274712273;0.22458994782652
1.65;-0.248288156975898;-0.150054435409822;0.185867543028844
1.66;-0.249746067924948;-0.140646316580831;0.147145138231168
1.67;-0.251111520072413;-0.131599121885703;0.108422733433492
1.68;-0.252388132164768;-0.122914943006683;0.0697003286358165
1.69;-0.253579543359799;-0.114595759213308;0.0309779238381407
1.7;-0.254689412100642;-0.106639564721822;0
1.71;-0.25572056343762;-0.0988043164299048;0
1.72;-0.256673287645878;-0.0909529167089475;0
1.73;-0.257547433926644;-0.083087746857317;0
1.74;-0.258342875294878;-0.0752111882084565;0
1.75;-0.259059508576408;-0.0673256214169965;0
1.76;-0.259697254397934;-0.0594334257462941;0
1.77;-0.260256057169917;-0.0515369783576159;0
1.78;-0.260735885062363;-0.0436386536011711;0
1.79;-0.261136729973534;-0.0357408223092068;0
1.8;-0.261458607491591;-0.0278458510913723;0
1.81;-0.261701556849209;-0.0199561016325602;0
1.82;-0.26186564087118;-0.0120739299934309;0
1.83;-0.261950945915031;-0.00420168591382423;0
1.84;-0.261957581804694;0.00365828788073539;0
1.85;-0.261885681757254;0.0115036563692409;0
1.86;-0.261735402302811;0.0193320929219078;0
1.87;-0.261506923197489;0.0271412799831842;0
1.88;-0.26120044732964;0.0349289097508668;0
1.89;-0.26081620061926;0.0426926848511259;0
1.9;-0.260354431910693;0.0504303190092446;0
1.91;-0.259815412858634;0.0581395377158776;0
1.92;-0.25919943780749;0.0658180788886387;0
1.93;-0.258506823664159;0.0734636935288259;0
1.94;-0.25773790976425;0.0810741463730954;0
1.95;-0.25689305773182;0.0886472165398995;0
1.96;-0.255972651332665;0.0961806981705008;0
1.97;-0.254977096321228;0.103672401064382;0
1.98;-0.253906820281178;0.111120151308872;0
1.99;-0.252762272459722;0.118521791902804;0
2;-0.251543923595706;0.125875183374033;0
2.01;-0.250252265741565;0.13317820439064;0
2.02;-0.248887812079201;0.140428752365647;0
2.03;-0.247451096729829;0.147624744055073;0
2.04;-0.245942674557887;0.15476411614916;0
2.05;-0.244363120969056;0.161844825856619;0
2.06;-0.242713031702474;0.168864851481705;0
2.07;-0.240993022617208;0.175822192993993;0
2.08;-0.239203729473066;0.182714872590666;0
2.09;-0.237345807705819;0.189540935251187;0
2.1;-0.23541993219691;0.196298449284175;0
2.11;-0.233426797037731;0.202985506866359;0
2.12;-0.231367115288544;0.209600224573445;0
2.13;-0.229241618732136;0.216140743902758;0
2.14;-0.227051057622281;0.222605231787518;0
2.15;-0.224796200427095;0.228991881102603;0
2.16;-0.222477833567379;0.235298911161668;0
2.17;-0.220096761150022;0.241524568205487;0
2.18;-0.21765380469657;0.24766712588138;0
2.19;-0.215149802867034;0.253724885713604;0
2.2;-0.212585611179036;0.259696177564577;0
2.21;-0.209962101722388;0.265579360086815;0
2.22;-0.207280162869192;0.271372821165464;0
2.23;-0.204540698979554;0.277074978351304;0
2.24;-0.201744630103019;0.282684279284122;0
2.25;-0.198892891675811;0.288199202106337;0
2.26;-0.195986434213976;0.293618255866762;0
2.27;-0.193026223002544;0.298939980914422;0
2.28;-0.19001323778079;0.3041629492823;0
2.29;-0.186948472423703;0.309285765060933;0
2.3;-0.183832934619768;0.314307064761754;0
2.31;-0.180667645545161;0.319225517670091;0
2.32;-0.177453639534458;0.324039826187733;0
2.33;-0.174191963747969;0.328748726164987;0
2.34;-0.170883677835798;0.333350987222131;0
2.35;-0.167529853598731;0.33784541306019;0
2.36;-0.164131574646077;0.342230841760973;0
2.37;-0.160689936050546;0.346506146076275;0
2.38;-0.157206044000285;0.350670233706197;0
2.39;-0.153681015448188;0.354722047566512;0
2.4;-0.150115977758572;0.358660566045009;0
2.41;-0.146512068351349;0.36248480324677;0
2.42;-0.142870434343786;0.366193809228317;0
2.43;-0.139192232189977;0.369786670220575;0
2.44;-0.135478627318142;0.373262508840616;0
2.45;-0.13173079376585;0.376620484292126;0
2.46;-0.127949913813295;0.379859792554562;0
2.47;-0.124137177614724;0.382979666560961;0
2.48;-0.120293782828151;0.385979376364365;0
2.49;-0.11642093424344;0.388858229292836;0
2.5;-0.112519843408908;0.391615570093021;0
2.51;-0.108591728256531;0.39425078106227;0
2.52;-0.104637812725885;0.396763282169253;0
2.53;-0.100659326386932;0.399152531163095;0
2.54;-0.0966575040617679;0.40141802367098;0
2.55;-0.092633585445444;0.403559293284248;0
2.56;-0.0885888147259811;0.405575911632957;0
2.57;-0.0845244402036884;0.407467488448915;0
2.58;-0.0804417139099056;0.409233671617183;0
2.59;-0.0763418912252798;0.410874147216051;0
2.6;-0.0722262304976971;0.412388639545499;0
2.61;-0.0680959926599786;0.413776911144151;0
2.62;-0.0639524408474605;0.415038762794736;0
2.63;-0.059796840015571;0.416174033518076;0
2.64;-0.0556304565575176;0.417182600555625;0
2.65;-0.0514545579222022;0.418064379340574;0
2.66;-0.0472704122324754;0.418819323457569;0
2.67;-0.0430792879038446;0.419447424591046;0
2.68;-0.038882453263751;0.41994871246225;0
2.69;-0.0346811761715258;0.420323254754949;0
2.7;-0.0304767236391409;0.420571157029901;0
2.71;-0.0262703614528651;0.420692562628116;0
2.72;-0.0220633537959381;0.420687652562949;0
2.73;-0.0178569628723729;0.420556645401102;0
2.74;-0.0136524485319992;0.420299797132557;0
2.75;-0.00945106789685579;0.419917401029528;0
2.76;-0.00525407498904332;0.419409787494468;0
2.77;-0.00106272036014594;0.418777323897218;0
2.78;0.00312174927767012;0.418020414401347;0
2.79;0.00729809141877289;0.417139499779763;0
2.8;0.0114650681292891;0.416135057219667;0
2.81;0.0156214464103304;0.41500760011693;0
2.82;0.0197659985591163;0.413757677859963;0
2.83;0.0238975025278885;0.412385875603174;0
2.84;0.0280147422805137;0.410892814030095;0
2.85;0.0321165081466706;0.409279149106255;0
2.86;0.0362015971735213;0.407545571821919;0
2.87;0.0402688134747633;0.405692807924753;0
2.88;0.0443169685769642;0.403721617642539;0
2.89;0.0483448817630787;0.401632795396034;0
2.9;0.0523513804130504;0.399427169502059;0
2.91;0.0563353003414006;0.397105601866951;0
2.92;0.0602954861317092;0.39466898767047;0
2.93;0.0642307914678918;0.39211825504027;0
2.94;0.0681400794621789;0.389454364717057;0
2.95;0.0720222229797067;0.386678309710547;0
2.96;0.0758761049596246;0.383791114946342;0
2.97;0.0797006187326329;0.380793836903841;0
2.98;0.0834946683348583;0.377687563245323;0
2.99;0.0872571688179816;0.374473412436315;0
3;0.0909870465555305;0.371152533357377;0
3.01;0.0946832395452513;0.367726104907443;0
3.02;0.0983446977074779;0.364195335598837;0
3.03;0.101970383179412;0.360561463144121;0
3.04;0.105559270605239;0.356825754034886;0
3.05;0.109110347421989;0.352989503112645;0
3.06;0.112622614141083;0.349054033131974;0
3.07;0.116095084625465;0.345020694316021;0
3.08;0.119526786362258;0.340890863904558;0
3.09;0.122916760730879;0.336665945694706;0
3.1;0.126264063266507;0.332347369574485;0
3.11;0.129567763918877;0.327936591049354;0
3.12;0.132826947306292;0.323435090761874;0
3.13;0.136040712964812;0.318844374004673;0
3.14;0.139208175592538;0.314165970226851;0
3.15;0.142328465288929;0.309401432533993;0
3.16;0.145400727789098;0.304552337181956;0
3.17;0.148424124693012;0.299620283064578;0
3.18;0.151397833689545;0.294606891195485;0
3.19;0.154321048775323;0.289513804184166;0
3.2;0.157192980468307;0.284342685706456;0
3.21;0.160012856016048;0.279095219969635;0
3.22;0.16277991959858;0.27377311117228;0
3.23;0.165493432525883;0.268378082959051;0
3.24;0.168152673429868;0.262911877870596;0
3.25;0.170756938450851;0.257376256788724;0
3.26;0.173305541418445;0.251772998377044;0
3.27;0.175797814026849;0.246103898517228;0
3.28;0.178233106004473;0.240370769741087;0
3.29;0.180610785277873;0.234575440658628;0
3.3;0.182930238129938;0.228719755382274;0
3.31;0.185190869352319;0.222805572947434;0
3.32;0.187392102392031;0.216834766729585;0
3.33;0.189533379492221;0.210809223858063;0
3.34;0.191614161827059;0.204730844626741;0
3.35;0.193633929630716;0.198601541901764;0
3.36;0.195592182320417;0.192423240526548;0
3.37;0.197488438613522;0.186197876724198;0
3.38;0.199322236638628;0.179927397497546;0
3.39;0.201093134040654;0.173613760026992;0
3.4;0.202800708079907;0.167258931066328;0
3.41;0.204444555725083;0.160864886336726;0
3.42;0.20602429374021;0.154433609919085;0
3.43;0.207539558765508;0.147967093644915;0
3.44;0.208990007392145;0.141467336485941;0
3.45;0.210375316230891;0.134936343942621;0
3.46;0.211695181974651;0.128376127431757;0
3.47;0.212949321454867;0.121788703673377;0
3.48;0.214137471691792;0.115176094077096;0
3.49;0.21525938993862;0.108540324128112;0
3.5;0.216314853719483;0.101883422773041;0
3.51;0.217303660861296;0.0952074218057728;0
3.52;0.218225629519471;0.0885143552535241;0
3.53;0.219080598197485;0.0818062587632791;0
3.54;0.219868425760323;0.0750851689887997;0
3.55;0.220588991441787;0.0683531229783867;0
3.56;0.22124219484569;0.0616121575635749;0
3.57;0.221827955940941;0.0548643087489443;0
3.58;0.222346215050539;0.0481116111032276;0
3.59;0.222796932834471;0.0413560971518945;0
3.6;0.223180090266562;0.0345997967713927;0
3.61;0.223495688605257;0.027844736585224;0
3.62;0.223743749358386;0.021092939362033;0
3.63;0.223924314241914;0.0143464234158869;0
3.64;0.224037445132706;0.00760720200891982;0
3.65;0.224083224015325;0.000877282756519664;0
3.66;0.224061752922902;-0.00584133296477115;0
3.67;0.223973153872091;-0.0125466506064666;0
3.68;0.223817568792151;-0.0192366830342889;0
3.69;0.223595159448175;-0.0259094511110901;0
3.7;0.223306107358508;-0.0325629842763748;0
3.71;0.22295061370639;-0.0391953211222559;0
3.72;0.222528899245845;-0.0458045099656769;0
3.73;0.222041204201879;-0.0523886094167358;0
3.74;0.221487788165;-0.058945688942946;0
3.75;0.220868929980124;-0.065473829429274;0
3.76;0.220184927629894;-0.0719711237337909;0
3.77;0.219436098112466;-0.0784356772387809;0
3.78;0.218622777313805;-0.0848656083971473;0
3.79;0.217745319874536;-0.0912590492739621;0
3.8;0.216804099051406;-0.0976141460830046;0
3.81;0.215799506573399;-0.103929059718136;0
3.82;0.214731952492565;-0.11020196627936;0
3.83;0.21360186502961;-0.116431057593424;0
3.84;0.212409690414308;-0.122614541728804;0
3.85;0.211155892720786;-0.128750643504947;0
3.86;0.209840953697746;-0.134837604995606;0
3.87;0.208465372593678;-0.140873686026143;0
3.88;0.207029665977126;-0.146857164664657;0
3.89;0.20553436755208;-0.152786337706799;0
3.9;0.203980027968537;-0.158659521154135;0
3.91;0.202367214628314;-0.164475050685934;0
3.92;0.200696511486177;-0.170231282124253;0
3.93;0.198968518846338;-0.175926591892167;0
3.94;0.197183853154416;-0.181559377465056;0
3.95;0.195343146784903;-0.187128057814791;0
3.96;0.19344704782423;-0.192631073846722;0
3.97;0.191496219849491;-0.198066888829334;0
3.98;0.189491341702908;-0.203433988816466;0
3.99;0.187433107262103;-0.208730883061968;0
4;0.185322225206259;-0.213956104426698;0
4.01;0.18315941877825;-0.21910820977774;0
4.02;0.180945425542809;-0.224185780379736;0
4.03;0.178680997140822;-0.229187422278239;0
4.04;0.176366899039823;-0.234111766674974;0
4.05;0.174003910280773;-0.238957470294913;0
4.06;0.171592823221207;-0.243723215745072;0
4.07;0.16913444327483;-0.248407711864931;0
4.08;0.166629588647643;-0.253009694068384;0
4.09;0.164079090070698;-0.257527924677144;0
4.1;0.161483790529547;-0.261961193245502;0
4.11;0.158844544990485;-0.266308316876368;0
4.12;0.156162220123679;-0.270568140528508;0
4.13;0.153437694023255;-0.274739537314909;0
4.14;0.15067185592445;-0.27882140879218;0
4.15;0.147865605917902;-0.282812685240946;0
4.16;0.145019854661185;-0.286712325937131;0
4.17;0.142135523087668;-0.290519319414102;0
4.18;0.139213542112795;-0.294232683715574;0
4.19;0.136254852337876;-0.29785146663925;0
4.2;0.133260403751486;-0.301374745971113;0
4.21;0.130231155428563;-0.30480162971033;0
4.22;0.1271680752273;-0.308131256284712;0
4.23;0.124072139483918;-0.311362794756684;0
4.24;0.120944332705437;-0.314495445019713;0
4.25;0.117785647260508;-0.317528437985165;0
4.26;0.114597083068435;-0.320461035759533;0
4.27;0.111379647286458;-0.323292531812016;0
4.28;0.108134353995409;-0.326022251132409;0
4.29;0.10486222388383;-0.328649550379268;0
4.3;0.101564283930657;-0.331173818018331;0
4.31;0.0982415670865575;-0.333594474451166;0
4.32;0.094895111954033;-0.335910972134026;0
4.33;0.0915259624663705;-0.338122795686888;0
4.34;0.0881351675655522;-0.340229461992663;0
4.35;0.0847237808792155;-0.342230520286569;0
4.36;0.0812928603967639;-0.344125552235651;0
4.37;0.077843468144727;-0.345914172008435;0
4.38;0.0743766698614688;-0.347596026334732;0
4.39;0.070893534671342;-0.349170794555569;0
4.4;0.0673951347583869;-0.350638188663264;0
4.41;0.0638825450396748;-0.351997953331639;0
4.42;0.0603568428383933;-0.353249865936391;0
4.43;0.0568191075567715;-0.354393736565624;0
4.44;0.0532704203489454;-0.355429408020551;0
4.45;0.0497118637938588;-0.356356755806394;0
4.46;0.0461445215683011;-0.357175688113499;0
4.47;0.0425694781201761;-0.357886145788676;0
4.48;0.0389878183421027;-0.358488102296809;0
4.49;0.0354006272454423;-0.358981563672752;0
4.5;0.0318089896348514;-0.359366568463537;0
4.51;0.0282139897834552;-0.359643187660949;0
4.52;0.0246167111087386;-0.359811524624478;0
4.53;0.0210182358492516;-0.359871714994707;0
4.54;0.0174196447422228;-0.359823926597175;0
4.55;0.0138220167021773;-0.359668359336751;0
4.56;0.0102264285006533;-0.359405245082581;0
4.57;0.00663395444711214;-0.359034847543639;0
4.58;0.0030456660711337;-0.358557462134965;0
4.59;-0.000537368194007868;-0.35797341583461;0
4.6;-0.00411408332629671;-0.357283067031381;0
4.61;-0.007683418028364;-0.356486805363424;0
4.62;-0.0112443150392215;-0.355585051547714;0
4.63;-0.0147957214442494;-0.354578257200535;0
4.64;-0.0183365889833487;-0.353466904648989;0
4.65;-0.0218658743571683;-0.352251506733637;0
4.66;-0.0253825395313193;-0.350932606602325;0
4.67;-0.0288855520384879;-0.349510777495283;0
4.68;-0.03237388527836;-0.34798662252157;0
4.69;-0.0358465188152728;-0.346360774426951;0
4.7;-0.0393024386735051;-0.34463389535329;0
4.71;-0.0427406376301255;-0.342806676589543;0
4.72;-0.0461601155053115;-0.340879838314445;0
4.73;-0.0495598794500597;-0.338854129330974;0
4.74;-0.0529389442312033;-0.336730326792694;0
4.75;-0.0562963325136565;-0.334509235922071;0
4.76;-0.0596310751398076;-0.33219168972086;0
4.77;-0.062942211405979;-0.329778548672656;0
4.78;-0.066228789335879;-0.327270700437725;0
4.79;-0.0694898659509674;-0.324669059540212;0
4.8;-0.0727245075376587;-0.32197456704783;0
4.81;-0.0759317899112893;-0.31918819024415;0
4.82;-0.0791107986767745;-0.316310922293585;0
4.83;-0.0822606294858827;-0.313343781899204;0
4.84;-0.0853803882910567;-0.310287812953467;0
4.85;-0.0884691915957095;-0.30714408418202;0
4.86;-0.0915261667009287;-0.303913688780651;0
4.87;-0.0945504519485194;-0.300597744045535;0
4.88;-0.0975411969603198;-0.297197390996896;0
4.89;-0.100497562873724;-0.293713793996198;0
4.9;-0.10341872257335;-0.290148140357002;0
4.91;-0.106303860918783;-0.286501639949605;0
4.92;-0.109152174968346;-0.282775524799605;0
4.93;-0.111962874198822;-0.278971048680508;0
4.94;-0.114735180721077;-0.275089486700523;0
4.95;-0.117468329491529;-0.271132134883661;0
4.96;-0.1201615685194;-0.267100309745299;0
4.97;-0.122814159069698;-0.262995347862314;0
4.98;-0.125425375861881;-0.258818605437958;0
4.99;-0.127994507264141;-0.254571457861589;0
5;-0.13052085548327;-0.250255299263406;0
5.01;-0.133003736750038;-0.245871542064337;0
5.02;-0.135442481500068;-0.241421616521216;0
5.03;-0.137836434550124;-0.236906970267394;0
5.04;-0.140184955269796;-0.232329067848927;0
5.05;-0.142487417748523;-0.227689390256504;0
5.06;-0.144743210957917;-0.222989434453234;0
5.07;-0.146951738909351;-0.218230712898469;0
5.08;-0.14911242080676;-0.213414753067792;0
5.09;-0.151224691194633;-0.208543096969335;0
5.1;-0.153288000101148;-0.203617300656568;0
5.11;-0.155301813176417;-0.198638933737717;0
5.12;-0.157265611825822;-0.193609578881961;0
5.13;-0.159178893338383;-0.188530831322561;0
5.14;-0.161041171010157;-0.183404298357084;0
5.15;-0.162851974262619;-0.178231598844857;0
5.16;-0.164610848756011;-0.173014362701831;0
5.17;-0.166317356497624;-0.167754230392993;0
5.18;-0.167971075944998;-0.162452852422489;0
5.19;-0.169571602104009;-0.157111888821612;0
5.2;-0.171118546621829;-0.151733008634819;0
5.21;-0.172611537874741;-0.146317889403926;0
5.22;-0.174050221050781;-0.140868216650644;0
5.23;-0.175434258227207;-0.135385683357606;0
5.24;-0.176763328442765;-0.129871989448064;0
5.25;-0.17803712776475;-0.124328841264383;0
5.26;-0.179255369350846;-0.118757951045517;0
5.27;-0.180417783505741;-0.113161036403615;0
5.28;-0.181524117732495;-0.107539819799911;0
5.29;-0.182574136778674;-0.101896028020067;0
5.3;-0.183567622677232;-0.0962313916491145;0
5.31;-0.18450437478214;-0.0905476445461695;0
5.32;-0.185384209798761;-0.0848465233190583;0
5.33;-0.186206961808977;-0.0791297667990287;0
5.34;-0.186972482291057;-0.0733991155156955;0
5.35;-0.187680640134282;-0.0676563111723799;0
5.36;-0.188331321648319;-0.0619030961219979;0
5.37;-0.188924430567366;-0.0561412128436559;0
5.38;-0.189459888049057;-0.0503724034201068;0
5.39;-0.189937632668155;-0.0445984090162242;0
5.4;-0.190357620405027;-0.0388209693586472;0
5.41;-0.190719824628927;-0.033041822216751;0
5.42;-0.191024236076092;-0.0272627028850962;0
5.43;-0.19127086282267;-0.0214853436675094;0
5.44;-0.191459730252502;-0.0157114733629472;0
5.45;-0.191590881019761;-0.00994281675329403;0
5.46;-0.191664375006487;-0.00418109409324508;0
5.47;-0.191680289275026;0.00157197939757772;0
5.48;-0.191638718015407;0.00731469404012691;0
5.49;-0.191539772487663;0.0130453461989014;0
5.5;-0.19138358095915;0.0187622387822421;0
5.51;-0.191170288636862;0.0244636817398066;0
5.52;-0.190900057594792;0.0301479925570771;0
5.53;-0.190573066696361;0.035813496746761;0
5.54;-0.190189511511943;0.0414585283369393;0
5.55;-0.189749604231531;0.0470814303558242;0
5.56;-0.189253573572564;0.0526805553129857;0
5.57;-0.188701664682964;0.0582542656769086;0
5.58;-0.188094139039409;0.0638009343487437;0
5.59;-0.18743127434089;0.0693189451321175;0
5.6;-0.18671336439759;0.0748066931988661;0
5.61;-0.185940719015116;0.0802625855505614;0
5.62;-0.185113663874144;0.0856850414756975;0
5.63;-0.18423254040551;0.0910724930024082;0
5.64;-0.183297705660789;0.0964233853465882;0
5.65;-0.182309532178422;0.10173617735529;0
5.66;-0.181268407845426;0.107009341945274;0
5.67;-0.180174735754741;0.112241366536585;0
5.68;-0.179028934058264;0.11743075348104;0
5.69;-0.177831435815625;0.122576020485499;0
5.7;-0.176582688838746;0.127675701029808;0
5.71;-0.175283155532259;0.132728344779297;0
5.72;-0.173933312729805;0.137732517991713;0
5.73;-0.172533651526309;0.142686803918485;0
5.74;-0.171084677106252;0.147589803200199;0
5.75;-0.169586908568023;0.152440134256188;0
5.76;-0.168040878744404;0.15723643366812;0
5.77;-0.166447134019237;0.161977356557478;0
5.78;-0.164806234140355;0.166661576956841;0
5.79;-0.163118752028821;0.171287788174852;0
5.8;-0.161385273584548;0.175854703154786;0
5.81;-0.159606397488364;0.180361054826613;0
5.82;-0.157782735000587;0.184805596452462;0
5.83;-0.155914909756167;0.189187101965403;0
5.84;-0.154003557556486;0.193504366301445;0
5.85;-0.152049326157851;0.19775620572467;0
5.86;-0.150052875056782;0.201941458145415;0
5.87;-0.148014875272141;0.206058983431416;0
5.88;-0.145936009124181;0.210107663711839;0
5.89;-0.143816970010598;0.214086403674113;0
5.9;-0.141658462179631;0.217994130853489;0
5.91;-0.139461200500311;0.22182979591526;0
5.92;-0.13722591022992;0.225592372929551;0
5.93;-0.13495332677873;0.22928085963863;0
5.94;-0.132644195472109;0.232894277716663;0
5.95;-0.130299271310058;0.23643167302184;0
5.96;-0.127919318724269;0.239892115840833;0
5.97;-0.125505111332765;0.243274701125496;0
5.98;-0.123057431692212;0.246578548721774;0
5.99;-0.120577071047978;0.249802803590754;0
6;-0.118064829082015;0.252946636021807;0
6.01;-0.115521513658649;0.25600924183777;0
6.02;-0.112947940568346;0.258989842592127;0
6.03;-0.110344933269552;0.261887685758129;0
6.04;-0.107713322628673;0.264702044909827;0
6.05;-0.105053946658283;0.267432219894967;0
6.06;-0.102367650253636;0.270077536999712;0
6.07;-0.0996552849275755;0.272637349105156;0
6.08;-0.0969177085439069;0.275111035835597;0
6.09;-0.0941557850493307;0.277498003698537;0
6.1;-0.0913703842040105;0.279797686216385;0
6.11;-0.0885623813108618;0.282009544049837;0
6.12;-0.085732656943645;0.284133065112904;0
6.13;-0.0828820966739445;0.286167764679576;0
6.14;-0.0800115907971208;0.288113185482103;0
6.15;-0.0771220340573155;0.289968897800871;0
6.16;-0.0742143253715971;0.291734499545874;0
6.17;-0.0712893675533291;0.293409616329752;0
6.18;-0.0683480670348455;0.29499390153241;0
6.19;-0.0653913335895187;0.296487036357199;0
6.2;-0.0624200800533034;0.297888729878654;0
6.21;-0.0594352220458403;0.299198719081808;0
6.22;-0.0564376776912057;0.300416768893059;0
6.23;-0.0534283673383901;0.301542672202616;0
6.24;-0.0504082132815895;0.302576249878521;0
6.25;-0.0473781394803951;0.303517350772262;0
6.26;-0.0443390712799646;0.304365851715986;0
6.27;-0.0412919351312589;0.305121657511332;0
6.28;-0.038237658311428;0.305784700909896;0
6.29;-0.0351771686444303;0.306354942585351;0
6.3;-0.0321113942219675;0.306832371097252;0
6.31;-0.0290412631248198;0.307217002846531;0
6.32;-0.025967703144662;0.307508882022741;0
6.33;-0.0228916415064455;0.307708080543038;0
6.34;-0.0198140045914269;0.307814697982978;0
6.35;-0.0167357176609257;0.307828861499129;0
6.36;-0.0136577045808917;0.307750725743553;0
6.37;-0.0105808875473654;0.307580472770187;0
6.38;-0.00750618681290956;0.307318311933185;0
6.39;-0.00443452041409438;0.306964479777231;0
6.4;-0.00136680390011478;0.306519239919911;0
6.41;0.00169604993738005;0.305982882926152;0
6.42;0.00475313133316617;0.305355726174817;0
6.43;0.0078035338159552;0.304638113717477;0
6.44;0.0108463544744573;0.303830416129439;0
6.45;0.0138806942219201;0.302933030353077;0
6.46;0.0169056580590658;0.301946379533525;0
6.47;0.0199203553353521;0.300870912846806;0
6.48;0.0229239000084795;0.299707105320444;0
6.49;0.0259154109020723;0.298455457646641;0
6.5;0.0288940119614568;0.297116495988081;0
6.51;0.0318588325074663;0.29569077177643;0
6.52;0.0348090074881966;0.29417886150361;0
6.53;0.0377436777286438;0.29258136650592;0
6.54;0.0406619901781499;0.29089891274108;0
6.55;0.0435630981555886;0.289132150558277;0
6.56;0.0464461615922191;0.287281754461295;0
6.57;0.0493103472721416;0.285348422864811;0
6.58;0.0521548290702843;0.283332877843945;0
6.59;0.0549787881878564;0.281235864877145;0
6.6;0.0577814133852002;0.279058152582499;0
6.61;0.0605619012119771;0.276800532447562;0
6.62;0.0633194562346228;0.274463818552799;0
6.63;0.066053291261009;0.272048847288726;0
6.64;0.0687626275622477;0.269556477066842;0
6.65;0.0714466950915784;0.266987588024474;0
6.66;0.0741047327002756;0.264343081723601;0
6.67;0.0767359883505185;0.261623880843782;0
6.68;0.0793397193251633;0.258830928869278;0
6.69;0.0819151924343619;0.255965189770476;0
6.7;0.0844616842189684;0.253027647679722;0
6.71;0.0869784811506799;0.250019306561662;0
6.72;0.0894648798288563;0.246941189878211;0
6.73;0.0919201871739659;0.243794340248248;0
6.74;0.0943437206176046;0.240579819102157;0
6.75;0.0967348082890379;0.23729870633132;0
6.76;0.0990927891982154;0.23395209993268;0
6.77;0.101417013415209;0.230541115648491;0
6.78;0.103706842246028;0.227066886601359;0
6.79;0.105961648404764;0.223530562924707;0
6.8;0.108180816182016;0.219933311388778;0
6.81;0.110363741609566;0.216276315022285;0
6.82;0.11250983262124;0.212560772729848;0
6.83;0.114618509209932;0.208787898905318;0
6.84;0.116689203580744;0.204958923041137;0
6.85;0.118721360300197;0.201075089333826;0
6.86;0.120714436441481;0.197137656285761;0
6.87;0.122667901725716;0.193147896303332;0
6.88;0.124581238659161;0.189107095291629;0
6.89;0.126453942666372;0.185016552245782;0
6.9;0.128285522219248;0.180877578839074;0
6.91;0.13007549896195;0.176691499007962;0
6.92;0.131823407831653;0.172459648534142;0
6.93;0.133528797175106;0.168183374623771;0
6.94;0.135191228860975;0.163864035483994;0
6.95;0.136810278387937;0.159502999896904;0
6.96;0.138385534988505;0.155101646791055;0
6.97;0.139916601728553;0.15066136481068;0
6.98;0.141403095602528;0.146183551882728;0
6.99;0.14284464762432;0.141669614781871;0
7;0.144240902913777;0.137120968693598;0
7.01;0.145591520778839;0.132539036775547;0
7.02;0.146896174793278;0.127925249717193;0
7.03;0.148154552870033;0.123281045298044;0
7.04;0.149366357330115;0.118607867944462;0
7.05;0.150531304967073;0.113907168285257;0
7.06;0.151649127107025;0.109180402706191;0
7.07;0.152719569664205;0.104429032903509;0
7.08;0.15374239319207;0.099654525436662;0
7.09;0.154717372929905;0.0948583512803242;0
7.1;0.155644298844965;0.0900419853758699;0
7.11;0.156522975670117;0.0852069061824247;0
7.12;0.157353222937;0.0803545952276365;0
7.13;0.158134875004685;0.0754865366582981;0
7.14;0.158867781083847;0.0706042167909575;0
7.15;0.159551805256438;0.0657091236626496;0
7.16;0.160186826490873;0.0608027465818846;0
7.17;0.160772738652725;0.0558865756800268;0
7.18;0.161309450510936;0.0509621014631983;0
7.19;0.161796885739551;0.0460308143648396;0
7.2;0.16223498291498;0.0410942042990615;0
7.21;0.1626236955088;0.0361537602149207;0
7.22;0.162962991876101;0.0312109696517498;0
7.23;0.16325285523939;0.0262673182956749;0
7.24;0.163493283668074;0.0213242895374509;0
7.25;0.163684290053516;0.0163833640317438;0
7.26;0.163825902079697;0.0114460192579923;0
7.27;0.1639181621895;0.00651372908297425;0
7.28;0.163961127546613;0.00158796332520895;0
7.29;0.163954869993099;-0.00332981267867874;0
7.3;0.163899476002634;-0.00823813850550561;0
7.31;0.163795046629433;-0.0131355590748627;0
7.32;0.163641697452905;-0.0180206250761083;0
7.33;0.163439558518039;-0.0228918933928979;0
7.34;0.163188774271562;-0.0277479275251274;0
7.35;0.162889503493886;-0.0325872980081679;0
7.36;0.162541919226881;-0.0374085828292712;0
7.37;0.162146208697487;-0.0422103678410254;0
7.38;0.161702573237216;-0.046991247171743;0
7.39;0.161211228197559;-0.051749823632662;0
7.4;0.160672402861334;-0.0564847091218451;0
7.41;0.160086340350017;-0.0611945250246602;0
7.42;0.159453297527074;-0.0658779026107296;0
7.43;0.158773544897352;-0.0705334834272331;0
7.44;0.158047366502542;-0.0751599196884547;0
7.45;0.15727505981277;-0.0797558746614628;0
7.46;0.156456935614353;-0.0843200230478131;0
7.47;0.155593317893746;-0.0888510513611693;0
7.48;0.154684543717736;-0.0933476583007328;0
7.49;0.15373096310993;-0.0978085551203786;0
7.5;0.152732938923553;-0.102232465993393;0
7.51;0.151690846710638;-0.106618128372712;0
7.52;0.150605074587619;-0.110964293346559;0
7.53;0.149476023097397;-0.115269725989387;0
7.54;0.148304105067918;-0.119533205708019;0
7.55;0.147089745467307;-0.123753526582904;0
7.56;0.145833381255615;-0.127929497704384;0
7.57;0.144535461233228;-0.132059943503884;0
7.58;0.143196445885978;-0.136143704079936;0
7.59;0.141816807227034;-0.140179635518944;0
7.6;0.140397028635591;-0.144166610210607;0
7.61;0.138937604692442;-0.148103517157911;0
7.62;0.137439041012467;-0.15198926228161;0
7.63;0.13590185407411;-0.155822768719113;0
7.64;0.134326571045886;-0.159602977117691;0
7.65;0.132713729609983;-0.163328845921941;0
7.66;0.131063877783017;-0.16699935165541;0
7.67;0.129377573734;-0.170613489196326;0
7.68;0.127655385599571;-0.174170272047344;0
7.69;0.125897891296558;-0.177668732599253;0
7.7;0.124105678331939;-0.181107922388561;0
7.71;0.122279343610244;-0.184486912348906;0
7.72;0.120419493238474;-0.187804793056212;0
7.73;0.118526742328602;-0.191060674967543;0
7.74;0.116601714797708;-0.194253688653582;0
7.75;0.11464504316582;-0.197382985024683;0
7.76;0.112657368351524;-0.200447735550439;0
7.77;0.110639339465409;-0.203447132472704;0
7.78;0.108591613601408;-0.206380389012031;0
7.79;0.106514855626107;-0.209246739567462;0
7.8;0.104409737966088;-0.21204543990962;0
7.81;0.102276940393364;-0.214775767367077;0
7.82;0.100117149808991;-0.217437021005924;0
7.83;0.0979310600249068;-0.220028521802529;0
7.84;0.0957193715440772;-0.222549612809424;0
7.85;0.0934827913390125;-0.224999659314287;0
7.86;0.0912220326287262;-0.227378048991991;0
7.87;0.088937814654205;-0.229684192049682;0
7.88;0.0866308624524584;-0.231917521364844;0
7.89;0.0843019066292203;-0.234077492616341;0
7.9;0.0819516831303709;-0.236163584408393;0
7.91;0.0795809330121519;-0.238175298387471;0
7.92;0.0771904022102435;-0.240112159352079;0
7.93;0.0747808413077768;-0.241973715355413;0
7.94;0.0723530053023505;-0.243759537800866;0
7.95;0.0699076533721261;-0.245469221530376;0
7.96;0.0674455486410711;-0.247102384905592;0
7.97;0.0649674579434228;-0.248658669881852;0
7.98;0.0624741515874451;-0.250137742074961;0
7.99;0.05996640311855;-0.251539290820761;0
8;0.0574449890818555;-0.252863029227489;0
8.01;0.0549106887842525;-0.254108694220919;0
8.02;0.052364284056053;-0.255276046582288;0
8.03;0.049806559012291;-0.256364870979002;0
8.04;0.0472382998137496;-0.257374975988135;0
8.05;0.0446602944277848;-0.258306194112716;0
8.06;0.0420733323890189;-0.259158381790814;0
8.07;0.0394782045599763;-0.259931419397441;0
8.08;0.036875702891731;-0.260625211239269;0
8.09;0.0342666201846411;-0.261239685542183;0
8.1;0.0316517498492381;-0.261774794431688;0
8.11;0.0290318856673455;-0.262230513906186;0
8.12;0.0264078215534962;-0.262606843803137;0
8.13;0.0237803513167203;-0.26290380775814;0
8.14;0.0211502684227736;-0.263121453156946;0
8.15;0.0185183657568781;-0.263259851080435;0
8.16;0.0158854353870439;-0.263319096242582;0
8.17;0.0132522683280432;-0.263299306921452;0
8.18;0.0106196543061056;-0.263200624883245;0
8.19;0.0079883815244035;-0.26302321529943;0
8.2;0.00535923642939802;-0.262767266657007;0
8.21;0.00273300347811243;-0.262432990661938;0
8.22;0.000110464906402166;-0.262020622135776;0
8.23;-0.00250759950171113;-0.261530418905549;0
8.24;-0.00512041264357415;-0.260962661686936;0
8.25;-0.00772720032623824;-0.260317653960777;0
8.26;-0.010327191493531;-0.259595721842981;0
8.27;-0.0129196184517973;-0.258797213947862;0
8.28;-0.0155037170942446;-0.257922501244977;0
8.29;-0.0180787271238273;-0.256971976909497;0
8.3;-0.020643892274606;-0.255946056166186;0
8.31;-0.0231984605315181;-0.25484517612704;0
8.32;-0.025741684348496;-0.253669795622639;0
8.33;-0.0282728208648719;-0.252420395027278;0
8.34;-0.0307911321200046;-0.251097476077948;0
8.35;-0.0332958852660698;-0.249701561687218;0
8.36;-0.0357863527789519;-0.248233195750092;0
8.37;-0.0382618126671768;-0.246692942944906;0
8.38;-0.0407215486788279;-0.245081388528349;0
8.39;-0.0431648505063858;-0.243399138124648;0
8.4;-0.0455910139894338;-0.241646817509027;0
8.41;-0.0479993413151727;-0.239825072385493;0
8.42;-0.0503891412166877;-0.237934568159021;0
8.43;-0.0527597291689132;-0.235975989702241;0
8.44;-0.0551104275822391;-0.233950041116675;0
8.45;-0.0574405659937054;-0.231857445488632;0
8.46;-0.0597494812557327;-0.229698944639823;0
8.47;-0.0620365177223344;-0.227475298872795;0
8.48;-0.0643010274327609;-0.225187286711258;0
8.49;-0.0665423702925245;-0.222835704635399;0
8.5;-0.0687599142517544;-0.220421366812267;0
8.51;-0.0709530354808347;-0.217945104821323;0
8.52;-0.0731211185432758;-0.215407767375232;0
8.53;-0.0752635565657728;-0.212810220036015;0
8.54;-0.0773797514054052;-0.210153344926622;0
8.55;-0.0794691138139316;-0.207438040438049;0
8.56;-0.0815310635991358;-0.204665220932071;0
8.57;-0.0835650297831819;-0.201835816439711;0
8.58;-0.0855704507579338;-0.198950772355517;0
8.59;-0.0875467744371999;-0.196011049127767;0
8.6;-0.0894934584058617;-0.193017621944693;0
8.61;-0.0914099700658469;-0.189971480416826;0
8.62;-0.0932957867789093;-0.186873628255559;0
8.63;-0.095150396006177;-0.183725082948045;0
8.64;-0.0969732954444344;-0.180526875428513;0
8.65;-0.0987639931591004;-0.177280049746125;0
8.66;-0.100522007713872;-0.173985662729474;0
8.67;-0.102246868296994;-0.170644783647821;0
8.68;-0.103938114844133;-0.167258493869193;0
8.69;-0.105595298157816;-0.163827886515432;0
8.7;-0.107217980023398;-0.160354066114327;0
8.71;-0.108805733321556;-0.156838148248911;0
8.72;-0.110358142137245;-0.153281259204053;0
8.73;-0.111874801865122;-0.149684535610456;0
8.74;-0.113355319311389;-0.146049124086151;0
8.75;-0.114799312792047;-0.142376180875626;0
8.76;-0.116206412227527;-0.138666871486682;0
8.77;-0.117576259233681;-0.134922370325144;0
8.78;-0.118908507209113;-0.131143860327521;0
8.79;-0.120202821418821;-0.127332532591754;0
8.8;-0.121458879074148;-0.123489586006138;0
8.81;-0.122676369409006;-0.11961622687656;0
8.82;-0.123854993752372;-0.115713668552144;0
8.83;-0.124994465597025;-0.111783131049434;0
8.84;-0.126094510664531;-0.107825840675219;0
8.85;-0.127154866966436;-0.103843029648128;0
8.86;-0.128175284861684;-0.099835935719096;0
8.87;-0.129155527110226;-0.0958058017908276;0
8.88;-0.130095368922818;-0.0917538755363708;0
8.89;-0.130994598007013;-0.087681409016914;0
8.9;-0.131853014609313;-0.0835896582989265;0
8.91;-0.1326704315535;-0.0794798830707554;0
8.92;-0.133446674275129;-0.0753533462587958;0
8.93;-0.134181580852177;-0.0712113136433507;0
8.94;-0.134875002031855;-0.0670550534742949;0
8.95;-0.135526801253572;-0.0628858360866592;0
8.96;-0.13613685466806;-0.058704933516251;0
8.97;-0.136705051152649;-0.0545136191154246;0
8.98;-0.137231292322705;-0.050313167169118;0
8.99;-0.137715492539231;-0.0461048525112701;0
9;-0.138157578912633;-0.0418899501417318;0
9.01;-0.138557491302655;-0.0376697348437867;0
9.02;-0.138915182314496;-0.0334454808023932;0
9.03;-0.139230617291111;-0.0292184612232632;0
9.04;-0.139503774301711;-0.0249899479528875;0
9.05;-0.13973464412646;-0.0207612110996233;0
9.06;-0.139923230237397;-0.0165335186559526;0
9.07;-0.14006954877558;-0.012308136122025;0
9.08;-0.140173628524474;-0.00808632613059411;0
9.09;-0.140235510879593;-0.00386934807345832;0
9.1;-0.140255249814419;0.000341542270485083;0
9.11;-0.140232911842605;0.00454509310546334;0
9.12;-0.14016857597648;0.00874005698722146;0
9.13;-0.140062333681887;0.0129251911894779;0
9.14;-0.139914288829361;0.0170992580683362;0
9.15;-0.139724557641675;0.0212610254245468;0
9.16;-0.139493268637767;0.025409266863514;0
9.17;-0.139220562573085;0.0295427621529444;0
9.18;-0.138906592376365;0.0336602975780335;0
9.19;-0.138551523082863;0.0377606662940879;0
9.2;-0.13815553176408;0.041842668676482;0
9.21;-0.137718807453998;0.0459051126678496;0
9.22;-0.13724155107185;0.0499468141224098;0
9.23;-0.136723975341472;0.0539665971473294;0
9.24;-0.136166304707242;0.0579632944410254;0
9.25;-0.135568775246664;0.0619357476283104;0
9.26;-0.134931634579602;0.0658828075922858;0
9.27;-0.134255141774217;0.0698033348028902;0
9.28;-0.133539567249636;0.0736961996420084;0
9.29;-0.132785192675378;0.0775602827250513;0
9.3;-0.131992310867589;0.0813944752189149;0
9.31;-0.131161225682107;0.0851976791562303;0
9.32;-0.130292251904403;0.0889688077458161;0
9.33;-0.129385715136443;0.0927067856792474;0
9.34;-0.128441951680488;0.0964105494334559;0
9.35;-0.127461308419899;0.100079047569277;0
9.36;-0.126444142696965;0.10371124102586;0
9.37;-0.125390822187814;0.107306103410867;0
9.38;-0.124301724774437;0.110862621286366;0
9.39;-0.123177238413872;0.114379794450362;0
9.4;-0.122017761004598;0.117856636213864;0
9.41;-0.120823700250167;0.121292173673435;0
9.42;-0.119595473520148;0.124685447979132;0
9.43;-0.118333507708397;0.128035514597787;0
9.44;-0.117038239088726;0.131341443571526;0
9.45;-0.115710113168;0.134602319771486;0
9.46;-0.114349584536728;0.137817243146653;0
9.47;-0.112957116717179;0.140985328967741;0
9.48;-0.111533182009087;0.14410570806607;0
9.49;-0.110078261332991;0.147177527067365;0
9.5;-0.108592844071252;0.150199948620417;0
9.51;-0.107077427906818;0.153172151620549;0
9.52;-0.10553251865977;0.15609333142783;0
9.53;-0.103958630121714;0.158962700079976;0
9.54;-0.10235628388806;0.161779486499887;0
9.55;-0.100726009188265;0.164542936697765;0
9.56;-0.0990683427140646;0.167252313967762;0
9.57;-0.0973838284457699;0.169906899079114;0
9.58;-0.0956730174766783;0.172505990461696;0
9.59;-0.0939364678356515;0.175048904385982;0
9.6;-0.092174744307921;0.17753497513733;0
9.61;-0.090388418254176;0.17996355518458;0
9.62;-0.0885780674279905;0.182334015342906;0
9.63;-0.0867442757916487;0.184645744930886;0
9.64;-0.0848876333304254;0.186898151921766;0
9.65;-0.0830087358653803;0.189090663088857;0
9.66;-0.0811081848647243;0.19122272414506;0
9.67;-0.0791865872538178;0.193293799876468;0
9.68;-0.0772445552238595;0.195303374270018;0
9.69;-0.0752827060393249;0.197250950635175;0
9.7;-0.0733016618442161;0.199136051719611;0
9.71;-0.0713020494671812;0.200958219818855;0
9.72;-0.0692845002255641;0.202717016879904;0
9.73;-0.0672496497284465;0.204412024598753;0
9.74;-0.0651981376787408;0.206042844511851;0
9.75;-0.0631306076743967;0.20760909808144;0
9.76;-0.061047707008782;0.209110426774781;0
9.77;-0.0589500864702979;0.210546492137249;0
9.78;-0.0568384001412919;0.211916975859276;0
9.79;-0.0547133051963284;0.213221579837151;0
9.8;-0.0525754616998793;0.214460026227644;0
9.81;-0.0504255324034959;0.21563205749648;0
9.82;-0.048264182542524;0.216737436460628;0
9.83;-0.0460920796324238;0.217775946324423;0
9.84;-0.0439098932647566;0.218747390709516;0
9.85;-0.041718294902899;0.219651593678646;0
9.86;-0.0395179576775484;0.22048839975325;0
9.87;-0.0373095561820787;0.221257673924908;0
9.88;-0.0350937662678109;0.22195930166063;0
9.89;-0.0328712648392567;0.222593188901999;0
9.9;-0.0306427296493996;0.223159262058177;0
9.91;-0.0284088390950731;0.223657467992789;0
9.92;-0.0261702720124977;0.224087774004693;0
9.93;-0.023927707473037;0.224450167802664;0
9.94;-0.0216818245792353;0.224744657474;0
9.95;-0.0194333022611956;0.224971271447074;0
9.96;-0.0171828190733597;0.225130058447851;0
9.97;-0.01493105299175;0.225221087450401;0
9.98;-0.0126786812117331;0.225244447621418;0
9.99;-0.0104263799463651;0.225200248258793;0
10;-0.00817482422537812;0.225088618724244;0
10.01;-0.00592468769486648;0.224909708370066;0
10.02;-0.00367664241773246;0.224663686459993;0
10.03;-0.0014313586749493;0.224350742084246;0
10.04;0.000810495232299997;0.223971084068773;0
10.05;0.00304825317955034;0.223524940878731;0
10.06;0.00528125141499129;0.223012560516252;0
10.07;0.00750882875435581;0.222434210412518;0
10.08;0.00973032677470444;0.221790177314209;0
10.09;0.0119450900070487;0.221080767164348;0
10.1;0.0141524661277577;0.220306304977601;0
10.11;0.0163518061486937;0.21946713471007;0
10.12;0.0185424646060197;0.218563619123637;0
10.13;0.0207237997476278;0.2175961396449;0
10.14;0.022895173719131;0.216565096218758;0
10.15;0.0250559527483686;0.215470907156697;0
10.16;0.0272055073283695;0.214314008979832;0
10.17;0.0293432123987234;0.213094856256753;0
10.18;0.031468447525307;0.211813921436256;0
10.19;0.0335805970783142;0.21047169467498;0
10.2;0.0356790504085413;0.209068683660052;0
10.21;0.0377632020218748;0.207605413426768;0
10.22;0.0398324517519351;0.206082426171397;0
10.23;0.0418862049308257;0.204500281059154;0
10.24;0.0439238725579416;0.202859554027422;0
10.25;0.0459448714667877;0.201160837584282;0
10.26;0.0479486244897624;0.199404740602425;0
10.27;0.0499345606208597;0.197591888108509;0
10.28;0.051902115176244;0.195722921068038;0
10.29;0.0538507299526547;0.193798496165831;0
10.3;0.0557798533835954;0.19181928558216;0
10.31;0.0576889406932653;0.189785976764624;0
10.32;0.0595774540481905;0.187699272195837;0
10.33;0.0614448627065137;0.185559889157017;0
10.34;0.0632906431649016;0.183368559487536;0
10.35;0.0651142793030296;0.181126029340523;0
10.36;0.0669152625256055;0.178833058934597;0
10.37;0.0686930919018933;0.176490422301808;0
10.38;0.0704472743026994;0.174098907031874;0
10.39;0.0721773245347852;0.17165931401279;0
10.4;0.0738827654726696;0.169172457167902;0
10.41;0.0755631281877862;0.166639163189513;0
10.42;0.077217952074962;0.164060271269138;0
10.43;0.0788467849761838;0.161436632824458;0
10.44;0.0804491833016187;0.158769111223088;0
10.45;0.0820247121478596;0.156058581503238;0
10.46;0.0835729454133627;0.15330593009135;0
10.47;0.0850934659110483;0.150512054516811;0
10.48;0.0865858654780361;0.147677863123826;0
10.49;0.0880497450824868;0.144804274780547;0
10.5;0.0894847149275228;0.141892218585546;0
10.51;0.0908903945522018;0.138942633571721;0
10.52;0.0922664129295188;0.13595646840774;0
10.53;0.0936124085614116;0.13293468109711;0
10.54;0.0949280295707463;0.129878238674956;0
10.55;0.0962129337902611;0.126788116902622;0
10.56;0.0974667888484464;0.123665299960182;0
10.57;0.0986892722523412;0.120510780136948;0
10.58;0.0998800714672255;0.117325557520087;0
10.59;0.101038883993191;0.114110639681429;0
10.6;0.102165417438572;0.110867041362577;0
10.61;0.103259389590221;0.107595784158404;0
10.62;0.10432052848061;0.10429789619904;0
10.63;0.105348572451748;0.100974411830445;0
10.64;0.106343270215897;0.0976263712936754;0
10.65;0.107304380913074;0.0942548204029248;0
10.66;0.10823167416533;0.0908608102224532;0
10.67;0.109124930127795;0.0874453967424964;0
10.68;0.109983939536472;0.0840096405542557;0
10.69;0.110808503752785;0.0805546065240668;0
10.7;0.111598434804859;0.0770813634668478;0
10.71;0.112353555425534;0.0735909838189241;0
10.72;0.113073699087107;0.0700845433103304;0
10.73;0.11375871003279;0.0665631206366885;0
10.74;0.114408443304889;0.0630277971307604;0
10.75;0.115022764769699;0.0594796564337748;0
10.76;0.115601551139106;0.0559197841666269;0
10.77;0.116144689988903;0.0523492676010498;0
10.78;0.116652079773825;0.048769195330856;0
10.79;0.117123629839283;0.0451806569433479;0
10.8;0.117559260429828;0.041584742690995;0
10.81;0.11795890269432;0.0379825431634763;0
10.82;0.118322498687834;0.0343751489601848;0
10.83;0.118650001370276;0.0307636503632924;0
10.84;0.118941374601751;0.0271491370114714;0
10.85;0.119196593134656;0.0235326975743699;0
10.86;0.119415642602531;0.0199154194279373;0
10.87;0.119598519505665;0.0162983883306952;0
10.88;0.119745231193463;0.0126826881010494;0
10.89;0.119855795843608;0.00906940029573921;0
10.9;0.119930242437989;0.00545960388951576;0
10.91;0.119968610735455;0.00185437495614595;0
10.92;0.119970951241368;-0.00174521364916618;0
10.93;0.119937325173998;-0.00533809260584742;0
10.94;0.119867804427757;-0.00892319644242056;0
10.95;0.119762471533302;-0.0124994638492753;0
10.96;0.119621419614513;-0.0160658379896542;0
10.97;0.119444752342373;-0.019621266808763;0
10.98;0.119232583885766;-0.0231647033409167;0
10.99;0.118985038859209;-0.0266951060146316;0
11;0.118702252267544;-0.0302114389555771;0
11.01;0.118384369447615;-0.0337126722872978;0
11.02;0.118031546006943;-0.0371977824296215;0
11.03;0.117643947759426;-0.040665752394667;0
11.04;0.117221750658098;-0.0441155720803671;0
11.05;0.116765140724957;-0.0475462385614223;0
11.06;0.116274313977896;-0.050956756377604;0
11.07;0.115749476354769;-0.0543461378193245;0
11.08;0.115190843634608;-0.0577134032103918;0
11.09;0.114598641356024;-0.0610575811878716;0
11.1;0.113973104732832;-0.0643777089789755;0
11.11;0.113314478566909;-0.0676728326748989;0
11.12;0.112623017158339;-0.0709420075015307;0
11.13;0.111898984212853;-0.0741842980869597;0
11.14;0.111142652746622;-0.077398778725703;0
11.15;0.110354304988412;-0.0805845336395824;0
11.16;0.109534232279147;-0.0837406572351769;0
11.17;0.108682734968924;-0.0868662543577796;0
11.18;0.107800122311489;-0.0899604405417888;0
11.19;0.106886712356234;-0.093022342257465;0
11.2;0.105942831837743;-0.0960510971539855;0
11.21;0.104968816062922;-0.0990458542987299;0
11.22;0.103965008795755;-0.102005774412733;0
11.23;0.102931762139721;-0.104930030102236;0
11.24;0.101869436417914;-0.107817806086284;0
11.25;0.100778400050909;-0.110668299420293;0
11.26;0.099659029432404;-0.113480719715542;0
11.27;0.0985117088026886;-0.116254289354518;0
11.28;0.0973368301199804;-0.118988243702067;0
11.29;0.0961347929296657;-0.121681831312292;0
11.3;0.0949060042314915;-0.124334314131131;0
11.31;0.0936508783447522;-0.126944967694589;0
11.32;0.0923698367715126;-0.129513081322542;0
11.33;0.0910633080579137;-0.13203795830808;0
11.34;0.089731727653605;-0.134518916102342;0
11.35;0.088375537769349;-0.136955286494779;0
11.36;0.0869951872328437;-0.139346415788816;0
11.37;0.0855911313428098;-0.14169166497286;0
11.38;0.0841638317213882;-0.143990409886614;0
11.39;0.0827137561648964;-0.146242041382646;0
11.4;0.0812413784929897;-0.148445965483188;0
11.41;0.0797471783962776;-0.150601603532118;0
11.42;0.0782316412824404;-0.152708392342082;0
11.43;0.0766952581208977;-0.154765784336728;0
11.44;0.0751385252860766;-0.156773247688023;0
11.45;0.0735619443993286;-0.158730266448603;0
11.46;0.0719660221695457;-0.160636340679145;0
11.47;0.0703512702325252;-0.162490986570709;0
11.48;0.0687182049891339;-0.164293736562051;0
11.49;0.0670673474423218;-0.166044139451847;0
11.5;0.0653992230330369;-0.167741760505833;0
11.51;0.0637143614750907;-0.169386181558818;0
11.52;0.062013296589028;-0.170977001111558;0
11.53;0.0602965661350498;-0.172513834422464;0
11.54;0.0585647116450437;-0.173996313594132;0
11.55;0.0568182782537711;-0.175424087654677;0
11.56;0.0550578145292659;-0.176796822633848;0
11.57;0.0532838723024943;-0.178114201633921;0
11.58;0.0514970064963299;-0.179375924895349;0
11.59;0.0496977749538959;-0.180581709857165;0
11.6;0.0478867382663267;-0.181731291212121;0
11.61;0.046064459600002;-0.182824420956566;0
11.62;0.0442315045233057;-0.183860868435049;0
11.63;0.0423884408329627;-0.18484042037964;0
11.64;0.040535838380006;-0.185762880943981;0
11.65;0.0386742688954272;-0.186628071732049;0
11.66;0.0368043058155631;-0.187435831821639;0
11.67;0.0349265241072715;-0.188186017782576;0
11.68;0.0330415000929477;-0.188878503689638;0
11.69;0.0311498112754371;-0.189513181130226;0
11.7;0.0292520361628929;-0.190089959206761;0
11.71;0.0273487540936351;-0.190608764533827;0
11.72;0.0254405450610606;-0.191069541230072;0
11.73;0.0235279895386582;-0.191472250904878;0
11.74;0.021611668305181;-0.191816872639807;0
11.75;0.0196921622700266;-0.192103402964839;0
11.76;0.0177700522988792;-0.19233185582943;0
11.77;0.0158459190396641;-0.192502262568388;0
11.78;0.0139203427488664;-0.192614671862601;0
11.79;0.0119939031182665;-0.192669149694635;0
11.8;0.0100671791021411;-0.192665779299215;0
11.81;0.00814074874498354;-0.192604661108628;0
11.82;0.00621518900979257;-0.192485912693055;0
11.83;0.0042910756069802;-0.192309668695881;0
11.84;0.00236898282394932;-0.192076080763983;0
11.85;0.000449483355390712;-0.191785317473057;0
11.86;-0.00146685186565086;-0.191437564247984;0
11.87;-0.00337945383589212;-0.191033023278291;0
11.88;-0.00528775564905935;-0.190571913428733;0
11.89;-0.00719119266222045;-0.190054470145019;0
11.9;-0.00908920266115262;-0.189480945354748;0
11.91;-0.0109812260246978;-0.188851607363553;0
11.92;-0.0128667058880585;-0.188166740746535;0
11.93;-0.0147450883049863;-0.18742664623499;0
11.94;-0.0166158224088173;-0.186631640598497;0
11.95;-0.0184783605723074;-0.1857820565224;0
11.96;-0.0203321585662215;-0.184878242480724;0
11.97;-0.0221766757166322;-0.183920562604585;0
11.98;-0.024011375060882;-0.182909396546127;0
11.99;-0.025835723502165;-0.18184513933804;0
12;-0.027649191962684;-0.180728201248714;0
12.01;-0.02945125553534;-0.179559007633069;0
12.02;-0.0312413936339105;-0.178337998779122;0
12.03;-0.0330190901416746;-0.177065629750342;0
12.04;-0.0347838335584423;-0.175742370223847;0
12.05;-0.0365351171459487;-0.174368704324493;0
12.06;-0.0382724390715689;-0.172945130454926;0
12.07;-0.0399953025503171;-0.17147216112164;0
12.08;-0.0417032159850878;-0.169950322757107;0
12.09;-0.0433956931051006;-0.168380155538042;0
12.1;-0.0450722531025111;-0.166762213199853;0
12.11;-0.0467324207671492;-0.165097062847356;0
12.12;-0.0483757266193473;-0.163385284761798;0
12.13;-0.0500017070408233;-0.161627472204264;0
12.14;-0.0516099044035812;-0.159824231215537;0
12.15;-0.0531998671967946;-0.157976180412467;0
12.16;-0.0547711501516383;-0.156083950780913;0
12.17;-0.0563233143640343;-0.154148185465349;0
12.18;-0.0578559274152793;-0.152169539555172;0
12.19;-0.0593685634905202;-0.150148679867808;0
12.2;-0.060860803495047;-0.148086284728662;0
12.21;-0.0623322351683709;-0.145983043748013;0
12.22;-0.063782453196058;-0.143839657594896;0
12.23;-0.0652110593192889;-0.141656837768063;0
12.24;-0.0666176624421142;-0.139435306364094;0
12.25;-0.0680018787363791;-0.137175795842724;0
12.26;-0.0693633317442894;-0.134879048789471;0
12.27;-0.070701652478591;-0.132545817675634;0
12.28;-0.0720164795203384;-0.130176864615744;0
12.29;-0.0733074591142267;-0.127772961122535;0
12.3;-0.0745742452614617;-0.125334887859527;0
12.31;-0.0758164998101463;-0.122863434391283;0
12.32;-0.0770338925431584;-0.120359398931432;0
12.33;-0.0782261012635001;-0.117823588088531;0
12.34;-0.0793928118770953;-0.11525681660985;0
12.35;-0.0805337184730168;-0.112659907123152;0
12.36;-0.0816485234011219;-0.110033689876556;0
12.37;-0.0827369373470788;-0.107379002476573;0
12.38;-0.0837986794047651;-0.104696689624368;0
12.39;-0.0848334771460212;-0.101987602850364;0
12.4;-0.0858410666877428;-0.0992526002472491;0
12.41;-0.0868211927562967;-0.096492546201476;0
12.42;-0.0877736087492447;-0.0937083111233344;0
12.43;-0.0886980767943621;-0.0909007711756851;0
12.44;-0.0895943678059389;-0.0880708080014334;0
12.45;-0.0904622615383485;-0.0852193084498295;0
12.46;-0.0913015466368761;-0.082347164301678;0
12.47;-0.0921120206857938;-0.0794552719935413;0
12.48;-0.0928934902536735;-0.076544532341022;0
12.49;-0.0936457709359294;-0.0736158502612075;0
12.5;-0.0943686873945806;-0.0706701344943628;0
12.51;-0.095062073395228;-0.0677082973249553;0
12.52;-0.0957257718412393;-0.0647312543020963;0
12.53;-0.0963596348051348;-0.0617399239594851;0
12.54;-0.0969635235571722;-0.0587352275349393;0
12.55;-0.0975373085911238;-0.0557180886895963;0
12.56;-0.0980808696472457;-0.0526894332268717;0
12.57;-0.0985940957324349;-0.0496501888112581;0
12.58;-0.0990768851375745;-0.046601284687049;0
12.59;-0.099529145452066;-0.0435436513970734;0
12.6;-0.0999507935755492;-0.0404782205015238;0
12.61;-0.100341755726811;-0.0374059242969627;0
12.62;-0.100701967449887;-0.0343276955355916;0
12.63;-0.101031373617352;-0.0312444671448655;0
12.64;-0.101329928430818;-0.0281571719475368;0
12.65;-0.101597595418624;-0.0250667423822122;0
12.66;-0.101834347430743;-0.0219741102245041;0
12.67;-0.102040166630896;-0.0188802063088612;0
12.68;-0.102215044485895;-0.0157859602511583;0
12.69;-0.10235898175221;-0.0126923001721284;0
12.7;-0.102471988459778;-0.00960015242171891;0
12.71;-0.102554083893054;-0.00651044130445135;0
12.72;-0.102605296569331;-0.00342408880586721;0
12.73;-0.102625664214321;-0.000342014320138503;0
12.74;-0.102615233735016;0.00273486562107652;0
12.75;-0.102574061189853;0.00580563761845368;0
12.76;-0.102502211756182;0.00886939167342039;0
12.77;-0.10239975969505;0.0119252214550926;0
12.78;-0.102266788313335;0.0149722245656532;0
12.79;-0.102103389923223;0.0180095028040959;0
12.8;-0.10190966579906;0.0210361624282575;0
12.81;-0.101685726131594;0.0240513144150626;0
12.82;-0.101431689979617;0.0270540747189078;0
12.83;-0.101147685219032;0.0300435645281087;0
12.84;-0.100833848489375;0.0330189105193372;0
12.85;-0.100490325137786;0.0359792451099773;0
12.86;-0.100117269160478;0.0389237067083253;0
12.87;-0.0997148431417125;0.0418514399615645;0
12.88;-0.0992832181902967;0.0447615960014439;0
12.89;-0.0988225738736463;0.0476533326875903;0
12.9;-0.0983330981494191;0.0505258148483857;0
12.91;-0.0978149872947522;0.0533782145193418;0
12.92;-0.097268445833128;0.0562097111789046;0
12.93;-0.0966936864588933;0.0590194919816221;0
12.94;-0.0960909299594587;0.0618067519886106;0
12.95;-0.0954604051352063;0.0645706943952548;0
12.96;-0.0948023487171324;0.0673105307560786;0
12.97;-0.0941170052822552;0.0700254812067227;0
12.98;-0.093404627166815;0.0727147746829692;0
12.99;-0.0926654743772987;0.0753776491367522;0
13;-0.0918998144993175;0.0780133517490931;0
13.01;-0.091107922604369;0.0806211391399046;0
13.02;-0.0902900811545159;0.0832002775746045;0
13.03;-0.0894465799050134;0.0857500431674828;0
13.04;-0.0885777158049173;0.0882697220817668;0
13.05;-0.0876837928957065;0.0907586107263307;0
13.06;-0.086765122207954;0.0932160159489956;0
13.07;-0.0858220216560801;0.0956412552263676;0
13.08;-0.0848548159312235;0.0980336568501643;0
13.09;-0.0838638363922644;0.100392560109979;0
13.1;-0.0828494209550369;0.102717315472433;0
13.11;-0.0818119139797657;0.105007284756671;0
13.12;-0.0807516661567648;0.107261841306153;0
13.13;-0.0796690343904351;0.109480370156691;0
13.14;-0.0785643816815987;0.111662268200698;0
13.15;-0.0774380770082077;0.113806944347599;0
13.16;-0.0762904952044664;0.115913819680361;0
13.17;-0.0751220168384064;0.117982327608108;0
13.18;-0.0739330280879518;0.120011914014781;0
13.19;-0.0727239206155179;0.122002037403795;0
13.2;-0.0714950914411794;0.123952169038672;0
13.21;-0.0702469428144517;0.125861793079605;0
13.22;-0.0689798820847251;0.127730406715923;0
13.23;-0.0676943215703918;0.129557520294417;0
13.24;-0.0663906784267096;0.131342657443508;0
13.25;-0.0650693745124422;0.133085355193217;0
13.26;-0.0637308362553187;0.134785164090913;0
13.27;-0.0623754945163549;0.136441648312808;0
13.28;-0.061003784453079;0.138054385771177;0
13.29;-0.059616145381704;0.139622968217276;0
13.3;-0.058213020638291;0.141147001339933;0
13.31;-0.0567948574389456;0.142626104859792;0
13.32;-0.0553621067390913;0.144059912619194;0
13.33;-0.0539152230918651;0.14544807266766;0
13.34;-0.0524546645056763;0.146790247342981;0
13.35;-0.0509808923009757;0.148086113347873;0
13.36;-0.0494943709662774;0.149335361822202;0
13.37;-0.047995568013479;0.150537698410759;0
13.38;-0.0464849538325232;0.151692843326562;0
13.39;-0.0449630015454476;0.15280053140969;0
13.4;-0.0434301868598658;0.153860512181625;0
13.41;-0.0418869879219251;0.15487254989511;0
13.42;-0.040333885168786;0.15583642357949;0
13.43;-0.0387713611806691;0.156751927081561;0
13.44;-0.0371999005325132;0.157618869101896;0
13.45;-0.0356199896452903;0.158437073226662;0
13.46;-0.0340321166370236;0.15920637795492;0
13.47;-0.0324367711735521;0.159926636721402;0
13.48;-0.0308344443190878;0.160597717914781;0
13.49;-0.029225628386611;0.161219504891417;0
13.5;-0.0276108167881478;0.161791895984604;0
13.51;-0.0259905038849762;0.162314804509297;0
13.52;-0.0243651848378042;0.162788158762357;0
13.53;-0.0227353554569665;0.163211902018288;0
13.54;-0.0211015120526836;0.163585992520505;0
13.55;-0.0194641512854284;0.163910403468123;0
13.56;-0.0178237700164452;0.164185122998284;0
13.57;-0.0161808651584652;0.164410154164044;0
13.58;-0.0145359335266631;0.164585514907819;0
13.59;-0.0128894716898995;0.164711238030418;0
13.6;-0.0112419758222919;0.164787371155673;0
13.61;-0.00959394155516073;0.16481397669069;0
13.62;-0.00794586382939048;0.164791131781731;0
13.63;-0.00629823674825334;0.164718928265758;0
13.64;-0.00465155343073586;0.164597472617656;0
13.65;-0.00300630586541305;0.164426885893159;0
13.66;-0.0013629847649125;0.1642073036675;0
13.67;0.00027792057898899;0.163938875969819;0
13.68;0.00191592243959377;0.163621767213348;0
13.69;0.00355053479879468;0.163256156121406;0
13.7;0.00518127348982753;0.162842235649226;0
13.71;0.0068076563392234;0.162380212901663;0
13.72;0.00842920330791929;0.161870309046784;0
13.73;0.0100454366314866;0.161312759225408;0
13.74;0.0116558809594366;0.160707812456602;0
13.75;0.0132600634935631;0.160055731539185;0
13.76;0.014857514125282;0.159356792949264;0
13.77;0.0164477655719286;0.158611286733856;0
13.78;0.0180303535119742;0.157819516400617;0
13.79;0.0196048167191213;0.156981798803728;0
13.8;0.021170697195242;0.156098464025976;0
13.81;0.0227275403021193;0.155169855257073;0
13.82;0.0242748948919553;0.154196328668257;0
13.83;0.0258123134366083;0.15317825328321;0
13.84;0.0273393521555233;0.152116010845355;0
13.85;0.0288555711423189;0.151009995681562;0
13.86;0.0303605344899956;0.149860614562316;0
13.87;0.0318538104147296;0.148668286558397;0
13.88;0.0333349713782183;0.147433442894123;0
13.89;0.034803594208543;0.146156526797192;0
13.9;0.0362592602195141;0.144837993345196;0
13.91;0.0377015553284679;0.143478309308834;0
13.92;0.0391300701724799;0.142077952991902;0
13.93;0.040544400222964;0.140637414068093;0
13.94;0.0419441458986254;0.13915719341467;0
13.95;0.0433289126767371;0.137637802943068;0
13.96;0.0446983112027076;0.136079765426479;0
13.97;0.0460519573979118;0.134483614324478;0
13.98;0.0473894725657554;0.132849893604746;0
13.99;0.0487104834959427;0.131179157561952;0
14;0.0500146225669216;0.129471970633845;0
14.01;0.0513015278464763;0.127728907214628;0
14.02;0.0525708431904429;0.125950551465665;0
14.03;0.0538222183395189;0.124137497123586;0
14.04;0.0550553090141433;0.12229034730585;0
14.05;0.056269777007421;0.120409714313833;0
14.06;0.0574652902760666;0.118496219433501;0
14.07;0.0586415230293446;0.116550492733731;0
14.08;0.0597981558159831;0.114573172862345;0
14.09;0.0609348756090366;0.112564906839924;0
14.1;0.062051375888678;0.110526349851469;0
14.11;0.0631473567228979;0.108458165035969;0
14.12;0.0642225248460894;0.106361023273949;0
14.13;0.0652765937355009;0.104235602973061;0
14.14;0.0663092836855351;0.102082589851784;0
14.15;0.0673203218798775;0.0999026767213147;0
14.16;0.0683094424614354;0.0976965632656943;0
14.17;0.0692763866000707;0.0954649558202612;0
14.18;0.0702209025581102;0.0932085671484875;0
14.19;0.0711427457536169;0.0909281162172734;0
14.2;0.0720416788214075;0.088624327970767;0
14.21;0.0729174716718018;0.0862979331027823;0
14.22;0.0737699015470908;0.0839496678278841;0
14.23;0.0745987530757092;0.0815802736512115;0
14.24;0.0754038183241004;0.0791904971371114;0
14.25;0.0761848968462644;0.0767810896766531;0
14.26;0.0769417957309737;0.0743528072540946;0
14.27;0.0776743296466517;0.0719064102123753;0
14.28;0.0783823208839005;0.0694426630177033;0
14.29;0.0790655993956708;0.0669623340233123;0
14.3;0.0797240028350668;0.0644661952324595;0
14.31;0.080357376590777;0.0619550220607357;0
14.32;0.080965573820126;0.0594295930977624;0
14.33;0.0815484554797401;0.0568906898683457;0
14.34;0.0821058903538224;0.0543390965931615;0
14.35;0.0826377550800339;0.0517755999490444;0
14.36;0.0831439341729741;0.049200988828951;0
14.37;0.0836243200452621;0.0466160541016725;0
14.38;0.0840788130262122;0.0440215883713678;0
14.39;0.0845073213781055;0.0414183857369895;0
14.4;0.084909761310055;0.038807241551675;0
14.41;0.0852860569894646;0.0361889521821761;0
14.42;0.0856361405510834;0.0335643147683974;0
14.43;0.0859599521036554;0.0309341269831163;0
14.44;0.0862574397341684;0.0282991867919565;0
14.45;0.0865285595097029;0.0256602922136862;0
14.46;0.0867732754768867;0.0230182410809124;0
14.47;0.0869915596589581;0.0203738308012417;0
14.48;0.0871833920504427;0.0177278581189799;0
14.49;0.0873487606094508;0.0150811188774392;0
14.5;0.0874876612476;0.0124344077819247;0
14.51;0.0876000978175711;0.00978851816346875;0
14.52;0.0876860820983056;0.00714424174338346;0
14.53;0.0877456337778518;0.00450236839870082;0
14.54;0.0877787804338703;0.0018636859285683;0
14.55;0.0877855575118074;-0.000771020178330963;0
14.56;0.0877660083007482;-0.00340096697526573;0
14.57;0.087720183906959;-0.00602537428778437;0
14.58;0.0876481432251332;-0.00864346494281567;0
14.59;0.0875499529073508;-0.0112544649964763;0
14.6;0.0874256873297666;-0.0138576039605187;0
14.61;0.0872754285570399;-0.0164521150273537;0
14.62;0.0870992663045209;-0.0190372352935837;0
14.63;0.0868972978982083;-0.0216122059819806;0
14.64;0.0866696282324949;-0.0241762726618459;0
14.65;0.0864163697257169;-0.0267286854676889;0
14.66;0.0861376422735239;-0.0292686993161607;0
14.67;0.0858335732000878;-0.0317955741211816;0
14.68;0.0855042972071693;-0.0343085750072015;0
14.69;0.0851499563210598;-0.0368069725205309;0
14.7;0.0847706998374189;-0.0392900428386841;0
14.71;0.0843666842640281;-0.0417570679776744;0
14.72;0.0839380732614804;-0.044207335997203;0
14.73;0.0834850375818282;-0.0466401412036831;0
14.74;0.0830077550052109;-0.0490547843510434;0
14.75;0.0825064102744841;-0.0514505728392529;0
14.76;0.0819811950278745;-0.0538268209105129;0
14.77;0.0814323077296835;-0.0561828498430605;0
14.78;0.0808599535990638;-0.0585179881425299;0
14.79;0.0802643445368934;-0.0608315717308184;0
14.8;0.0796456990507722;-0.0631229441324046;0
14.81;0.0790042421781676;-0.0653914566580679;0
14.82;0.078340205407734;-0.0676364685859572;0
14.83;0.077653826598835;-0.0698573473399611;0
14.84;0.0769453498992925;-0.0720534686653293;0
14.85;0.0762150256613937;-0.0742242168014979;0
14.86;0.0754631103561817;-0.0763689846520713;0
14.87;0.0746898664860595;-0.0784871739519149;0
14.88;0.0738955624957362;-0.0805781954313133;0
14.89;0.0730804726815454;-0.0826414689771501;0
14.9;0.0722448770991642;-0.0846764237910654;0
14.91;0.071389061469766;-0.0866824985445501;0
14.92;0.070513317084635;-0.0886591415309338;0
14.93;0.0696179407082756;-0.0906058108142284;0
14.94;0.0687032344800473;-0.0925219743747866;0
14.95;0.0677695058143577;-0.0944071102517368;0
14.96;0.066817067299446;-0.0962607066821596;0
14.97;0.0658462365947889;-0.0980822622369663;0
14.98;0.0648573363271633;-0.0998712859534476;0
14.99;0.0638506939853985;-0.101627297464456;0
15;0.0628266418138512;-0.103349827124193;0
15.01;0.0617855167046393;-0.105038416130558;0
15.02;0.0607276600886666;-0.106692616644051;0
15.03;0.0596534178254746;-0.108311991903167;0
15.04;0.0585631400919562;-0.109896116336289;0
15.05;0.0574571812699665;-0.111444575670018;0
15.06;0.0563358998328659;-0.112956967033944;0
15.07;0.0551996582310324;-0.114432899061808;0
15.08;0.0540488227763777;-0.115871991989051;0
15.09;0.0528837635259051;-0.117273877746709;0
15.1;0.0517048541643442;-0.118638200051646;0
15.11;0.0505124718858999;-0.119964614493098;0
15.12;0.0493069972751535;-0.121252788615509;0
15.13;0.0480888141871507;-0.122502401997641;0
15.14;0.0468583096267171;-0.12371314632794;0
15.15;0.0456158736270353;-0.124884725476143;0
15.16;0.0443618991275238;-0.126016855561112;0
15.17;0.0430967818510547;-0.127109265014878;0
15.18;0.0418209201805473;-0.12816169464288;0
15.19;0.0405347150349776;-0.129173897680403;0
15.2;0.0392385697448392;-0.130145639845178;0
15.21;0.0379328899270966;-0.131076699386162;0
15.22;0.0366180833596676;-0.131966867128472;0
15.23;0.0352945598554735;-0.132815946514473;0
15.24;0.0339627311360959;-0.133623753641012;0
15.25;0.0326230107050783;-0.134390117292798;0
15.26;0.0312758137209121;-0.13511487897192;0
15.27;0.0299215568697432;-0.135797892923498;0
15.28;0.0285606582378415;-0.136439026157477;0
15.29;0.0271935371838679;-0.13703815846655;0
15.3;0.0258206142109807;-0.137595182440229;0
15.31;0.0244423108388187;-0.138110003475038;0
15.32;0.0230590494753986;-0.138582539780872;0
15.33;0.0216712532889674;-0.139012722383484;0
15.34;0.0202793460798466;-0.139400495123138;0
15.35;0.018883752152307;-0.13974581464942;0
15.36;0.0174848961865135;-0.140048650412217;0
15.37;0.0160832031105763;-0.140308984648874;0
15.38;0.014679097972748;-0.140526812367544;0
15.39;0.013273005813805;-0.140702141326731;0
15.4;0.0118653515396493;-0.140834992011058;0
15.41;0.0104565597941707;-0.140925397603245;0
15.42;0.00904705483240535;-0.140973403952347;0
15.43;0.00763726039402963;-0.140979069538236;0
15.44;0.00622759957722499;-0.140942465432364;0
15.45;0.00481849471295258;-0.140863675254819;0
15.46;0.00341036723967368;-0.140742795127691;0
15.47;0.00200363757855303;-0.140579933624769;0
15.48;0.000598725009181548;-0.140375211717602;0
15.49;-0.000803952454145144;-0.14012876271792;0
15.5;-0.00220397818555623;-0.139840732216469;0
15.51;-0.00360093707010747;-0.139511278018265;0
15.52;-0.00499441562561944;-0.139140570074296;0
15.53;-0.00638400212381697;-0.138728790409703;0
15.54;-0.00776928671073467;-0.138276133048464;0
15.55;-0.00914986152635361;-0.137782803934616;0
15.56;-0.0105253208234347;-0.137249020850025;0
15.57;-0.0118952610855144;-0.13667501332877;0
15.58;-0.0132592811440294;-0.136061022568128;0
15.59;-0.0146169822945354;-0.135407301336238;0
15.6;-0.0159679684119882;-0.134714113876434;0
15.61;-0.0173118460650531;-0.133981735808325;0
15.62;-0.0186482246294107;-0.133210454025611;0
15.63;-0.0199767164000257;-0.132400566590717;0
15.64;-0.0212969367023492;-0.131552382626245;0
15.65;-0.0226085040024197;-0.130666222203303;0
15.66;-0.0239110400158346;-0.129742416226746;0
15.67;-0.02520416981556;-0.128781306317361;0
15.68;-0.026487521938549;-0.127783244691048;0
15.69;-0.0277607284911375;-0.126748594035027;0
15.7;-0.0290234252531907;-0.125677727381127;0
15.71;-0.0302752517809672;-0.124571027976182;0
15.72;-0.0315158515086761;-0.123428889149593;0
15.73;-0.0327448718486962;-0.122251714178098;0
15.74;-0.033961964290431;-0.121039916147788;0
15.75;-0.0351667844977706;-0.11979391781342;0
15.76;-0.0363589924051362;-0.118514151455073;0
15.77;-0.0375382523120786;-0.117201058732201;0
15.78;-0.0387042329764053;-0.115855090535119;0
15.79;-0.039856607705812;-0.114476706833977;0
15.8;-0.0409950544479921;-0.113066376525278;0
15.81;-0.0421192558792005;-0.111624577275975;0
15.82;-0.0432288994912483;-0.110151795365217;0
15.83;-0.0443236776769037;-0.108648525523775;0
15.84;-0.0454032878136772;-0.10711527077122;0
15.85;-0.0464674323459694;-0.105552542250891;0
15.86;-0.0475158188655575;-0.103960859062709;0
15.87;-0.0485481601904013;-0.102340748093902;0
15.88;-0.049564174441747;-0.100692743847675;0
15.89;-0.0505635851195087;-0.099017388269906;0
15.9;-0.0515461211759079;-0.0973152305738912;0
15.91;-0.0525115170873524;-0.095586827063229;0
15.92;-0.0534595129245355;-0.0938327409528735;0
15.93;-0.0543898544207375;-0.0920535421884273;0
15.94;-0.0553022930383134;-0.0902498072637262;0
15.95;-0.0561965860333474;-0.0884221190367751;0
15.96;-0.0570724965184611;-0.0865710665440924;0
15.97;-0.0579297935237572;-0.084697244813521;0
15.98;-0.0587682520558851;-0.0828012546755655;0
15.99;-0.0595876531552134;-0.0808837025733143;0
16;-0.0603877839510948;-0.0789452003710054;0
16.01;-0.0611684377152123;-0.0769863651612969;0
16.02;-0.0619294139129906;-0.0750078190713006;0
16.03;-0.0626705182530643;-0.0730101890674409;0
16.04;-0.063391562734788;-0.0709941067591972;0
16.05;-0.0640923656937803;-0.068960208201793;0
16.06;-0.0647727518454895;-0.0669091336978907;0
16.07;-0.0654325523267723;-0.0648415275983542;0
16.08;-0.0660716047354755;-0.0627580381021405;0
16.09;-0.0666897531680142;-0.0606593170553816;0
16.1;-0.0672868482549361;-0.0585460197497187;0
16.11;-0.0678627471944669;-0.0564188047199495;0
16.12;-0.0684173137840286;-0.0542783335410524;0
16.13;-0.0689504184497261;-0.0521252706246463;0
16.14;-0.0694619382737956;-0.0499602830149521;0
16.15;-0.0699517570200111;-0.0477840401843137;0
16.16;-0.0704197651570439;-0.0455972138283443;0
16.17;-0.070865859879772;-0.0434004776607569;0
16.18;-0.0712899451285374;-0.0411945072079433;0
16.19;-0.0716919316063474;-0.038979979603363;0
16.2;-0.0720717367940197;-0.0367575733818027;0
16.21;-0.0724292849632694;-0.0345279682735702;0
16.22;-0.0727645071877383;-0.0322918449986834;0
16.23;-0.0730773413519659;-0.0300498850611168;0
16.24;-0.0733677321583032;-0.0278027705431652;0
16.25;-0.0736356311317719;-0.0255511838999894;0
16.26;-0.0738809966228684;-0.0232958077544018;0
16.27;-0.074103793808319;-0.0210373246919548;0
16.28;-0.0743039946897855;-0.0187764170563931;0
16.29;-0.0744815780905291;-0.0165137667455293;0
16.3;-0.0746365296500334;-0.0142500550076042;0
16.31;-0.0747688418165951;-0.0119859622381922;0
16.32;-0.0748785138378851;-0.00972216777771071;0
16.33;-0.0749655517494881;-0.00745934970959455;0
16.34;-0.0750299683614276;-0.00519818465919338;0
16.35;-0.0750717832426825;-0.00293934759345225;0
16.36;-0.0750910227037051;-0.000683511621433402;0
16.37;-0.0750877197769475;0.00156865220426213;0
16.38;-0.0750619141954073;0.00381647508511519;0
16.39;-0.0750136523692006;0.00605929067329391;0
16.4;-0.074942987360175;0.00829643526718644;0
16.41;-0.0748499788545712;0.0105272480058046;0
16.42;-0.0747346931337464;0.0127510710620016;0
16.43;-0.0745972030429709;0.0149672498344489;0
16.44;-0.074437587958311;0.017175133138315;0
16.45;-0.0742559337516105;0.0193740733945938;0
16.46;-0.0740523327535858;0.0215634268180256;0
16.47;-0.0738268837150484;0.0237425536035582;0
16.48;-0.073579691766269;0.025910818111295;0
16.49;-0.0733108683744995;0.0280675890498756;0
16.5;-0.0730205312996681;0.0302122396582387;0
16.51;-0.0727088045482651;0.032344147885714;0
16.52;-0.0723758183254341;0.034462696570393;0
16.53;-0.072021708985289;0.0365672736157275;0
16.54;-0.0716466189794718;0.0386572721653062;0
16.55;-0.0712506968039717;0.0407320907757603;0
16.56;-0.0708340969442239;0.0427911335877493;0
16.57;-0.0703969798185069;0.0448338104949788;0
16.58;-0.0699395117196586;0.0468595373112035;0
16.59;-0.0694618647551325;0.0488677359351689;0
16.6;-0.0689642167854126;0.0508578345134446;0
16.61;-0.0684467513608107;0.0528292676011057;0
16.62;-0.0679096576566663;0.0547814763202165;0
16.63;-0.0673531304069714;0.0567139085160742;0
16.64;-0.0667773698364441;0.0586260189111673;0
16.65;-0.0661825815910717;0.0605172692568088;0
16.66;-0.0655689766671494;0.0623871284824021;0
16.67;-0.0649367713388361;0.0642350728422977;0
16.68;-0.0642861870842532;0.0660605860602026;0
16.69;-0.0636174505101504;0.0678631594711018;0
16.7;-0.0629307932751634;0.0696422921606553;0
16.71;-0.0622264520116894;0.0713974911020312;0
16.72;-0.0615046682464057;0.0731282712901395;0
16.73;-0.0607656883194579;0.0748341558732311;0
16.74;-0.0600097633023441;0.0765146762818261;0
16.75;-0.0592371489145223;0.0781693723549377;0
16.76;-0.0584481054387668;0.0797977924635592;0
16.77;-0.0576428976353034;0.0813994936313805;0
16.78;-0.0568217946547495;0.0829740416527044;0
16.79;-0.0559850699498875;0.0845210112075298;0
16.8;-0.0551330011863005;0.0860399859737745;0
16.81;-0.054265870151899;0.0875305587366082;0
16.82;-0.0533839626653666;0.0889923314948662;0
16.83;-0.0524875684835558;0.0904249155645196;0
16.84;-0.0515769812078617;0.0918279316791745;0
16.85;-0.0506524981896043;0.0932010100875749;0
16.86;-0.0497144204344495;0.0945437906480867;0
16.87;-0.0487630525058993;0.0958559229201374;0
16.88;-0.0477987024278803;0.097137066252592;0
16.89;-0.0468216815864631;0.0983868898690417;0
16.9;-0.0458323046307433;0.0996050729499865;0
16.91;-0.0448308893729132;0.100791304711891;0
16.92;-0.0438177566875584;0.101945284483097;0
16.93;-0.0427932304102092;0.103066721776575;0
16.94;-0.041757637235178;0.104155336359493;0
16.95;-0.0407113066127166;0.105210858319601;0
16.96;-0.0396545706455233;0.106233028128397;0
16.97;-0.0385877639846326;0.107221596701083;0
16.98;-0.0375112237247208;0.108176325453276;0
16.99;-0.0364252892988582;0.109096986354482;0
17;-0.0353303023727416;0.109983361978312;0
17.01;-0.0342266067384395;0.110835245549432;0
17.02;-0.033114548207682;0.111652440987241;0
17.03;-0.031994474504729;0.112434762946269;0
17.04;-0.0308667351588496;0.113182036853283;0
17.05;-0.0297316813964442;0.113894098941104;0
17.06;-0.0285896660328443;0.114570796279128;0
17.07;-0.0274410433638217;0.115211986800543;0
17.08;-0.0262861690568396;0.115817539326243;0
17.09;-0.0251254000420809;0.116387333585439;0
17.1;-0.0239590944032837;0.116921260232961;0
17.11;-0.0227876112684199;0.117419220863262;0
17.12;-0.0216113107002476;0.117881128021113;0
17.13;-0.0204305535867727;0.118306905208996;0
17.14;-0.0192457015316497;0.118696486891204;0
17.15;-0.0180571167445579;0.119049818494651;0
17.16;-0.0168651619315835;0.119366856406379;0
17.17;-0.0156702001856414;0.119647567967806;0
17.18;-0.0144725948769696;0.119891931465681;0
17.19;-0.0132727095437284;0.120099936119786;0
17.2;-0.0120709077827375;0.120271582067373;0
17.21;-0.0108675531403832;0.120406880344365;0
17.22;-0.00966300900372832;0.120505852863309;0
17.23;-0.00845763849185682;0.120568532388122;0
17.24;-0.00725180434748567;0.120594962505615;0
17.25;-0.00604586882887575;0.120585197593828;0
17.26;-0.00484019360207379;0.120539302787182;0
17.27;-0.00363513963351696;0.120457353938468;0
17.28;-0.00243106708303183;0.120339437577691;0
17.29;-0.00122833519725894;0.120185650867775;0
17.3;-2.73022035343691e-05;0.119996101557169;0
17.31;0.00117167479574087;0.119770907929351;0
17.32;0.00236823992821261;0.119510198749267;0
17.33;0.00356203865613592;0.119214113206719;0
17.34;0.00475271788035782;0.118882800856722;0
17.35;0.00593992604368995;0.11851642155686;0
17.36;0.00712331323364142;0.118115145401663;0
17.37;0.00830253128448203;0.117679152654021;0
17.38;0.00947723387860652;0.117208633673674;0
17.39;0.0106470766471706;0.116703788842799;0
17.4;0.0118117172699698;0.116164828488714;0
17.41;0.0129708155745326;0.115591972803741;0
17.42;0.0141240336343995;0.114985451762245;0
17.43;0.01527103586656;0.114345505034882;0
17.44;0.0164114891280191;0.113672381900098;0
17.45;0.0175450628114674;0.112966341152885;0
17.46;0.0186714289400255;0.112227651010851;0
17.47;0.0197902622610381;0.111456589017626;0
17.48;0.0209012403388897;0.110653441943637;0
17.49;0.0220040436468167;0.109818505684285;0
17.5;0.023098355657689;0.108952085155568;0
17.51;0.0241838629337376;0.108054494187174;0
17.52;0.0252602552152009;0.107126055413086;0
17.53;0.0263272255078663;0.106167100159742;0
17.54;0.0273844701694829;0.10517796833177;0
17.55;0.0284316889950202;0.104159008295363;0
17.56;0.0294685853007504;0.103110576759304;0
17.57;0.0304948660071306;0.102033038653704;0
17.58;0.0315102417204617;0.100926767006477;0
17.59;0.0325144268133029;0.099792142817607;0
17.6;0.0335071395036184;0.0986295549312377;0
17.61;0.0344881019326353;0.0974393999056285;0
17.62;0.0354570402413922;0.0962220818810258;0
17.63;0.0364136846459569;0.0949780124454865;0
17.64;0.0373577695112933;0.0937076104986995;0
17.65;0.0382890334237575;0.0924113021138499;0
17.66;0.0392072192622044;0.0910895203975708;0
17.67;0.0401120742676849;0.089742705348026;0
17.68;0.0410033501117161;0.0883713037111724;0
17.69;0.0418808029631055;0.0869757688352456;0
17.7;0.042744193553313;0.0855565605235169;0
17.71;0.0435932872403319;0.0841141448853686;0
17.72;0.0444278540710745;0.0826489941857345;0
17.73;0.0452476688422439;0.0811615866929543;0
17.74;0.0460525111596775;0.0796524065250895;0
17.75;0.0468421654961478;0.0781219434947507;0
17.76;0.0476164212476036;0.0765706929524835;0
17.77;0.0483750727878398;0.0749991556287648;0
17.78;0.0491179195215807;0.0734078374746564;0
17.79;0.0498447659359643;0.0717972495011693;0
17.8;0.0505554216504137;0.0701679076173858;0
17.81;0.0512497014648856;0.0685203324673922;0
17.82;0.0519274254064819;0.0668550492660727;0
17.83;0.0525884187744151;0.065172587633815;0
17.84;0.0532325121833152;0.063473481430179;0
17.85;0.05385954160487;0.0617582685865816;0
17.86;0.0544693484077866;0.0600274909380475;0
17.87;0.0550617793960674;0.05828169405408;0
17.88;0.0556366868455908;0.0565214270687018;0
17.89;0.0561939285389885;0.0547472425097205;0
17.9;0.0567333677988126;0.0529596961272699;0
17.91;0.0572548735189847;0.0511593467216797;0
17.92;0.0577583201945208;0.0493467559707271;0
17.93;0.0582435879495267;0.0475224882563224;0
17.94;0.0587105625634571;0.0456871104906826;0
17.95;0.059159135495635;0.043841191942044;0
17.96;0.0595892039080262;0.0419853040599697;0
17.97;0.0600006706862645;0.040120020300302;0
17.98;0.0603934444589264;0.038245915949815;0
17.99;0.0607674396150501;0.0363635679506198;0
18;0.0611225763198978;0.0344735547243748;0
18.01;0.06145878052896;0.0325764559963553;0
18.02;0.0617759840001992;0.0306728526194336;0
18.03;0.0620741243045338;0.0287633263980251;0
18.04;0.0623531448345613;0.0268484599120502;0
18.05;0.0626129948115217;0.0249288363409677;0
18.06;0.0628536292905009;0.0230050392879297;0
18.07;0.0630750091638776;0.0210776526041123;0
18.08;0.0632771011630132;0.0191472602132744;0
18.09;0.0634598778581897;0.0172144459365947;0
18.1;0.0636233176567965;0.0152797933178424;0
18.11;0.063767404799771;0.0133438854489302;0
18.12;0.063892129356297;0.0114073047959029;0
18.13;0.063997487216764;0.00947063302541289;0
18.14;0.0640834800839952;0.00753445083173336;0
18.15;0.0641501154627468;0.00559933776436028;0
18.16;0.064197406647487;0.00366587205625386;0
18.17;0.0642253727084601;0.00173463045276983;0
18.18;0.0642340384760437;-0.000193811958669327;0
18.19;0.0642234345234054;-0.00211888191811339;0
18.2;0.0641935971474683;-0.0040400081617843;0
18.21;0.0641445683481935;-0.00595662158988769;0
18.22;0.0640763958061885;-0.00786815543348735;0
18.23;0.063989132858651;-0.00977404542039417;0
18.24;0.0638828384736593;-0.0116737299400216;0
18.25;0.0637575772228177;-0.0135666502071598;0
18.26;0.0636134192522704;-0.0154522504246216;0
18.27;0.0634504402520934;-0.0173299779447132;0
18.28;0.0632687214240776;-0.0191992834294827;0
18.29;0.0630683494479145;-0.0210596210097023;0
18.3;0.0628494164457989;-0.022910448442536;0
18.31;0.0626120199454601;-0.0247512272678505;0
18.32;0.0623562628416367;-0.0265814229631229;0
18.33;0.0620822533560087;-0.0284005050969019;0
18.34;0.0617901049956018;-0.0302079474807792;0
18.35;0.0614799365096782;-0.0320032283198273;0
18.36;0.0611518718451315;-0.0337858303614623;0
18.37;0.0608060401003984;-0.0355552410426891;0
18.38;0.0604425754779067;-0.0373109526356872;0
18.39;0.060061617235075;-0.039052462391698;0
18.4;0.0596633096338801;-0.0407792726831712;0
18.41;0.0592478018890125;-0.0424908911441322;0
18.42;0.0588152481146356;-0.0441868308087316;0
18.43;0.0583658072697672;-0.0458666102479364;0
18.44;0.057899643102304;-0.0475297537043284;0
18.45;0.0574169240917052;-0.0491757912249691;0
18.46;0.0569178233903576;-0.0508042587922975;0
18.47;0.0564025187636397;-0.0524146984530229;0
18.48;0.0558711925287069;-0.0540066584449791;0
18.49;0.0553240314920165;-0.0555796933219042;0
18.5;0.0547612268856152;-0.0571333640761126;0
18.51;0.0541829743022093;-0.0586672382590269;0
18.52;0.0535894736290389;-0.0601808900995355;0
18.53;0.0529809289805788;-0.0616739006201457;0
18.54;0.0523575486300879;-0.0631458577509007;0
18.55;0.0517195449400295;-0.0645963564410302;0
18.56;0.0510671342913855;-0.0660249987683046;0
18.57;0.0504005370118872;-0.0674313940460653;0
18.58;0.049719977303187;-0.068815158927901;0
18.59;0.0490256831669931;-0.0701759175099448;0
18.6;0.048317886330193;-0.0715133014307637;0
18.61;0.0475968221689883;-0.0728269499688162;0
18.62;0.0468627296320664;-0.0741165101374517;0
18.63;0.0461158511628333;-0.0753816367774281;0
18.64;0.0453564326207321;-0.0766219926469245;0
18.65;0.0445847232016731;-0.0778372485090254;0
18.66;0.0438009753576007;-0.0790270832166551;0
18.67;0.0430054447152218;-0.0801911837949411;0
18.68;0.042198389993923;-0.0813292455209864;0
18.69;0.0413800729229013;-0.0824409720010309;0
18.7;0.0405507581575353;-0.0835260752449835;0
18.71;0.0397107131950225;-0.0845842757383072;0
18.72;0.0388602082893105;-0.0856153025112395;0
18.73;0.0379995163653472;-0.0866188932053329;0
18.74;0.0371289129326786;-0.0875947941373;0
18.75;0.0362486759984193;-0.0885427603601474;0
18.76;0.0353590859796247;-0.0894625557215865;0
18.77;0.0344604256150914;-0.0903539529197077;0
18.78;0.0335529798766126;-0.0912167335559055;0
18.79;0.0326370358797172;-0.0920506881850438;0
18.8;0.0317128827939197;-0.0928556163628514;0
18.81;0.030780811752508;-0.0936313266905377;0
18.82;0.0298411157618986;-0.0943776368566202;0
18.83;0.0288940896105853;-0.0950943736759564;0
18.84;0.0279400297777104;-0.0957813731259726;0
18.85;0.0269792343412866;-0.096438480380084;0
18.86;0.0260120028860966;-0.0970655498383006;0
18.87;0.0250386364113003;-0.0976624451550151;0
18.88;0.0240594372377758;-0.0982290392639683;0
18.89;0.0230747089152244;-0.0987652144003909;0
18.9;0.022084756129066;-0.0992708621203182;0
18.91;0.021089884607155;-0.0997458833170781;0
18.92;0.0200904010263433;-0.100190188234952;0
18.93;0.0190866129189196;-0.100603696480007;0
18.94;0.0180788285789532;-0.100986337028108;0
18.95;0.0170673569685709;-0.101338048230102;0
18.96;0.0160525076241932;-0.101658777814186;0
18.97;0.0150345905627613;-0.101948482885461;0
18.98;0.0140139161879802;-0.102207129922673;0
18.99;0.012990795196607;-0.10243469477215;0
19;0.011965538484813;-0.102631162638945;0
19.01;0.0109384570546461;-0.102796528075185;0
19.02;0.00990986192062317;-0.10293079496564;0
19.03;0.0088800640164786;-0.103033976510518;0
19.04;0.00784937410209738;-0.103106095205499;0
19.05;0.00681810267066047;-0.103147182819016;0
19.06;0.00578655985602953;-0.103157280366794;0
19.07;0.00475505534039867;-0.103136438083661;0
19.08;0.00372389826224015;-0.103084715392651;0
19.09;0.0026933971245714;-0.103002180871391;0
19.1;0.00166385970357013;-0.102888912215818;0
19.11;0.00063559295756441;-0.102744996201212;0
19.12;-0.000391097063575717;-0.102570528640585;0
19.13;-0.00141590530861855;-0.102365614340423;0
19.14;-0.00243852781469669;-0.102130367053813;0
19.15;-0.00345866179655259;-0.10186490943097;0
19.16;-0.00447600573527767;-0.101569372967178;0
19.17;-0.0054902594665193;-0.101243897948174;0
19.18;-0.00650112426813027;-0.100888633392984;0
19.19;-0.00750830294723513;-0.100503736994245;0
19.2;-0.00851149992668858;-0.100089375056031;0
19.21;-0.00951042133090094;-0.0996457224291971;0
19.22;-0.010504775071006;-0.0991729624442783;0
19.23;-0.0114942709293469;-0.0986712868419617;0
19.24;-0.012478620643256;-0.0981408957011546;0
19.25;-0.0134575379881048;-0.0975819973646788;0
19.26;-0.0144307388595995;-0.0969948083626147;0
19.27;-0.0153979413553007;-0.0963795533333225;0
19.28;-0.0163588658553423;-0.0957364649421694;0
19.29;-0.0173132351023269;-0.0950657837979899;0
19.3;-0.0182607742803772;-0.0943677583673085;0
19.31;-0.0192012110933178;-0.0936426448863546;0
19.32;-0.0201342758419693;-0.0928907072708993;0
19.33;-0.0210597015005293;-0.0921122170239455;0
19.34;-0.0219772237920219;-0.0913074531413018;0
19.35;-0.022886581262793;-0.0904767020150733;0
19.36;-0.0237875153560317;-0.0896202573351002;0
19.37;-0.0246797704842963;-0.0887384199883796;0
19.38;-0.0255630941010263;-0.0878314979565011;0
19.39;-0.0264372367710194;-0.0868998062111333;0
19.4;-0.0273019522398551;-0.0859436666075943;0
19.41;-0.0281569975022451;-0.0849634077765409;0
19.42;-0.0290021328692926;-0.0839593650138139;0
19.43;-0.029837122034642;-0.0829318801684744;0
19.44;-0.0306617321395004;-0.0818813015290682;0
19.45;-0.0314757338365144;-0.0808079837081549;0
19.46;-0.0322789013524844;-0.0797122875251409;0
19.47;-0.0330710125498996;-0.0785945798874517;0
19.48;-0.0338518489872776;-0.0774552336700848;0
19.49;-0.0346211959782923;-0.0762946275935801;0
19.5;-0.0353788426496742;-0.0751131461004477;0
19.51;-0.036124581997869;-0.0739111792300932;0
19.52;-0.036858210944438;-0.0726891224922803;0
19.53;-0.0375795303901868;-0.0714473767391704;0
19.54;-0.0382883452680091;-0.0701863480359814;0
19.55;-0.0389844645944294;-0.0689064475303061;0
19.56;-0.0396677015198345;-0.0676080913201311;0
19.57;-0.0403378733773787;-0.0662917003205989;0
19.58;-0.0409948017305512;-0.0649577001295557;0
19.59;-0.0416383124193941;-0.0636065208919253;0
19.6;-0.0422682356053582;-0.0622385971629539;0
19.61;-0.0428844058147873;-0.0608543677703679;0
19.62;-0.0434866619810184;-0.0594542756754879;0
19.63;-0.0440748474850894;-0.0580387678333412;0
19.64;-0.0446488101950429;-0.0566082950518197;0
19.65;-0.0452084025038177;-0.0551633118499227;0
19.66;-0.0457534813657187;-0.0537042763151325;0
19.67;-0.0462839083314571;-0.0522316499599647;0
19.68;-0.046799549581752;-0.0507458975777382;0
19.69;-0.0473002759594869;-0.0492474870976104;0
19.7;-0.0477859630004133;-0.0477368894389207;0
19.71;-0.0482564909623944;-0.0462145783648882;0
19.72;-0.0487117448531832;-0.0446810303357092;0
19.73;-0.0491516144567297;-0.0431367243610973;0
19.74;-0.0495759943580102;-0.0415821418523138;0
19.75;-0.049984783966375;-0.0400177664737323;0
19.76;-0.0503778875374105;-0.0384440839939825;0
19.77;-0.0507552141933104;-0.0368615821367197;0
19.78;-0.0511166779417526;-0.0352707504310645;0
19.79;-0.0514621976932807;-0.0336720800617579;0
19.8;-0.0517916972771843;-0.0320660637190788;0
19.81;-0.0521051054558784;-0.0304531954485667;0
19.82;-0.0524023559377797;-0.0288339705005974;0
19.83;-0.0526833873886768;-0.0272088851798561;0
19.84;-0.0529481434415965;-0.0255784366947522;0
19.85;-0.0531965727051628;-0.0239431230068232;0
19.86;-0.0534286287704509;-0.0223034426801708;0
19.87;-0.0536442702163355;-0.0206598947309758;0
19.88;-0.0538434606133347;-0.0190129784771356;0
19.89;-0.0540261685259515;-0.0173631933880697;0
19.9;-0.0541923675135133;-0.0157110389347383;0
19.91;-0.054342036129514;-0.0140570144399182;0
19.92;-0.054475157919459;-0.0124016189287799;0
19.93;-0.0545917214172182;-0.0107453509798109;0
19.94;-0.0546917201398899;-0.00908870857612988;0
19.95;-0.054775152581179;-0.00743218895723378;0
19.96;-0.0548420222032961;-0.00577628847122324;0
19.97;-0.0548923374273802;-0.00412150242754911;0
19.98;-0.0549261116224513;-0.00246832495032326;0
19.99;-0.0549433630928995;-0.000817248832236954;0
20;-0.0549441150645157;0.000831234610870651;0
