0;0.781145268534765;0.097898990513366;0
0.01;0.782018048684754;0.0742995292913216;0
0.02;0.782654910703426;0.050718355676436;0
0.03;0.783056069149968;0.0271625069424384;0
0.04;0.783221808869431;0.0036390006769125;0
0.05;0.78315248478654;-0.0198451672884645;0
0.06;0.782848521678866;-0.0432830249376047;0
0.07;0.782310413929432;-0.0666676261190135;0
0.08;0.781538725258894;-0.0899920525835184;0
0.09;0.780534088437389;-0.113249416010132;0
0.1;0.779297204976182;-0.136432860019462;0
0.11;0.777828844799238;-0.159535562174085;0
0.12;0.77612984589485;-0.182550735965309;0
0.13;0.774201113947464;-0.205471632785754;0
0.14;0.772043621949842;-0.22829154388717;0
0.15;0.769658409795717;-0.251003802322961;0
0.16;0.767046583853095;-0.273601784874818;0
0.17;0.76420931651836;-0.296078913962952;0
0.18;0.761147845751354;-0.31842865953935;0
0.19;0.757863474591608;-0.340644540963537;0
0.2;0.754357570655888;-0.362720128860298;0
0.21;0.750631565617251;-0.384649046958846;0
0.22;0.746686954665796;-0.406424973912903;0
0.23;0.742525295951299;-0.428041645101196;0
0.24;0.738148210007936;-0.449492854407851;0
0.25;0.73355737916129;-0.470772455982188;0
0.26;0.728754546917859;-0.491874365977429;0
0.27;0.723741517337274;-0.512792564267833;0
0.28;0.718520154387436;-0.533521096143773;0
0.29;0.713092381282818;-0.554054073984296;0
0.3;0.707460179806128;-0.574385678906695;0
0.31;0.701625589613597;-0.594510162392642;0
0.32;0.695590707524098;-0.614421847890436;0
0.33;0.689357686792363;-0.634115132392916;0
0.34;0.682928736366529;-0.65358448799063;0
0.35;0.676306120130259;-0.672824463399808;0
0.36;0.669492156129708;-0.691829685464756;0
0.37;0.662489215785575;-0.710594860634229;0
0.38;0.655299723090511;-0.729114776411426;0
0.39;0.647926153792149;-0.747384302777174;0
0.4;0.640371034562024;-0.765398393585963;0
0.41;0.632636942150651;-0.783152087934422;0
0.42;0.624726502529054;-0.800640511501903;0
0.43;0.616642390017005;-0.817858877862804;0
0.44;0.608387326398275;-0.834802489770282;0
0.45;0.599964080023175;-0.85146674041104;0
0.46;0.591375464898683;-0.867847114630836;0
0.47;0.582624339766447;-0.883939190130422;0
0.48;0.573713607168961;-0.899738638631583;0
0.49;0.564646212504221;-0.915241227012995;0
0.5;0.555425143069153;-0.930442818415604;0
0.51;0.546053427092134;-0.945339373317249;0
0.52;0.536534132754898;-0.959926950576262;0
0.53;0.526870367204148;-0.974201708443783;0
0.54;0.517065275553193;-0.988159905544542;0
0.55;0.507122039873912;-1.00179790182586;0
0.56;0.497043878179375;-1.01511215947467;0
0.57;0.486834043397442;-1.02809924380228;0
0.58;0.476495822335651;-1.04075582409671;0
0.59;0.466032534637741;-1.05307867444245;0
0.6;0.455447531732117;-1.06506467450731;0
0.61;0.444744195772594;-1.07671081029632;0
0.62;0.433925938571759;-1.08801417487246;0
0.63;0.422996200527268;-1.09897196904403;0
0.64;0.411958449541424;-1.10958150201858;0
0.65;0.400816179934363;-1.11984019202317;0
0.66;0.389572911351193;-1.12974556689095;0
0.67;0.378232187663419;-1.13929526461382;0
0.68;0.366797575864992;-1.14848703386114;0
0.69;0.355272664963326;-1.15731873446438;0
0.7;0.343661064865621;-1.16578833786761;0
0.71;0.331966405260834;-1.17389392754375;0
0.72;0.320192334497649;-1.18163369937651;0
0.73;0.308342518458768;-1.18900596200803;0
0.74;0.296420639431897;-1.19600913715207;0
0.75;0.284430394977742;-1.20264175987279;0
0.76;0.272375496795378;-1.20890247882905;0
0.77;0.260259669585332;-1.21479005648429;0
0.78;0.248086649910714;-1.22030336928188;0
0.79;0.235860185056762;-1.22544140778602;0
0.8;0.22358403188912;-1.23020327678821;0
0.81;0.211261955711218;-1.23458819537926;0
0.82;0.198897729121075;-1.23859549698696;0
0.83;0.186495130867893;-1.24222462937935;0
0.84;0.17405794470876;-1.24547515463377;0
0.85;0.161589958265824;-1.24834674907167;0
0.86;0.149094961884273;-1.25083920315927;0
0.87;0.136576747491455;-1.25295242137421;0
0.88;0.124039107457494;-1.25468642203824;0
0.89;0.11148583345772;-1.25604133711605;0
0.9;0.0989207153372735;-1.25701741198041;0
0.91;0.0863475399782053;-1.25761500514369;0
0.92;0.073770090169408;-1.25783458795598;0
0.93;0.0611921434797229;-1.25767674426981;0
0.94;0.0486174711345446;-1.25714217007183;0
0.95;0.0360498368962593;-1.25623167308145;0
0.96;0.0234929959488438;-1.25494617231665;0
0.97;0.0109506937869533;-1.25328669762726;0
0.98;-0.00157333489017734;-1.25125438919574;0
0.99;-0.0140753672796948;-1.24885049700575;0
1;-0.0265516935706309;-1.24607638027882;0
1.01;-0.0389986180336282;-1.24293350687907;0
1.02;-0.0514124601045724;-1.23942345268655;0
1.03;-0.0637895554618158;-1.23554790093918;0
1.04;-0.0761262570966806;-1.23130864154367;0
1.05;-0.0884189363769328;-1.22670757035567;0
1.06;-0.10066398410292;-1.22174668842933;0
1.07;-0.112857811556068;-1.21642810123674;0
1.08;-0.124996851539438;-1.21075401785723;0
1.09;-0.137077559410041;-1.2047267501372;0
1.1;-0.149096414102619;-1.19834871182045;0
1.11;-0.161049919144601;-1.19162241764951;0
1.12;-0.17293460366194;-1.18455048243826;0
1.13;-0.184747023375544;-1.17713562011609;0
1.14;-0.196483761588034;-1.16938064274404;0
1.15;-0.208141430160528;-1.16128845950321;0
1.16;-0.219716670479185;-1.15286207565578;0
1.17;-0.231206154411246;-1.14410459147899;0
1.18;-0.242606585250289;-1.13501920117255;0
1.19;-0.253914698650436;-1.12560919173969;0
1.2;-0.265127263549262;-1.11587794184235;0
1.21;-0.276241083079137;-1.10582892063087;0
1.22;-0.287252995466745;-1.09546568654854;0
1.23;-0.298159874920552;-1.08479188611149;0
1.24;-0.308958632505945;-1.0738112526642;0
1.25;-0.319646217007835;-1.06252760511118;0
1.26;-0.33021961578046;-1.05094484662516;0
1.27;-0.340675855584169;-1.03906696333224;0
1.28;-0.351012003408956;-1.02689802297446;0
1.29;-0.361225167284521;-1.01444217355015;0
1.3;-0.371312497076632;-1.00170364193261;0
1.31;-0.381271185269581;-0.9886867324675;0
1.32;-0.391098467734519;-0.975395825549393;0
1.33;-0.400791624483469;-0.961835376178039;0
1.34;-0.410347980408799;-0.948009912494688;0
1.35;-0.419764906007988;-0.933924034299031;0
1.36;-0.429039818093459;-0.919582411547208;0
1.37;-0.438170180487324;-0.904989782831358;0
1.38;-0.447153504700829;-0.890150953841219;0
1.39;-0.455987350598347;-0.875070795808252;0
1.4;-0.464669327045731;-0.859754243932791;0
1.41;-0.473197092542861;-0.844206295794727;0
1.42;-0.481568355840234;-0.82843200974822;0
1.43;-0.489780876539419;-0.812436503300954;0
1.44;-0.49783246567725;-0.796224951478443;0
1.45;-0.505720986293589;-0.779802585173912;0
1.46;-0.513444353982522;-0.76317468948426;0
1.47;-0.521000537426864;-0.746346602032642;0
1.48;-0.528387558915822;-0.729323711278183;0
1.49;-0.535603494845705;-0.712111454813362;0
1.5;-0.542646476203549;-0.694715317649593;0
1.51;-0.549514689033553;-0.677140830491534;0
1.52;-0.556206374886207;-0.659393568000675;0
1.53;-0.562719831250005;-0.641479147048721;0
1.54;-0.569053411965652;-0.623403224961336;0
1.55;-0.575205527622673;-0.605171497752769;0
1.56;-0.581174645938313;-0.586789698351924;0
1.57;-0.586959292118681;-0.568263594820409;0
1.58;-0.592558049202023;-0.549598988563119;0
1.59;-0.597969558384081;-0.530801712531895;0
1.6;-0.603192519325455;-0.511877629422819;0
1.61;-0.608225690440909;-0.492832629867689;0
1.62;-0.613067889170574;-0.473672630620227;0
1.63;-0.617717992232984;-0.454403572737576;0
1.64;-0.622174935859914;-0.435031419757636;0
1.65;-0.626437716012972;-0.415562155872793;0
1.66;-0.630505388581911;-0.396001784100598;0
1.67;-0.634377069564645;-0.376356324451945;0
1.68;-0.638051935228925;-0.356631812097301;0
1.69;-0.641529222255683;-0.33683429553155;0
1.7;-0.644808227864013;-0.31696983473799;0
1.71;-0.647888309917791;-0.297044499352049;0
1.72;-0.650768887013932;-0.277064366825252;0
1.73;-0.653449438552298;-0.257035520590014;0
1.74;-0.655929504787246;-0.236964048225787;0
1.75;-0.658208686860857;-0.216856039627114;0
1.76;-0.660286646817849;-0.196717585174145;0
1.77;-0.662163107602217;-0.176554773906142;0
1.78;-0.663837853035609;-0.156373691698535;0
1.79;-0.665310727777507;-0.13618041944405;0
1.8;-0.666581637267228;-0.115981031238466;0
1.81;-0.66765054764781;-0.0957815925715177;0
1.82;-0.668517485671829;-0.0755881585234973;0
1.83;-0.669182538589218;-0.0554067719680675;0
1.84;-0.66964585401713;-0.0352434617818272;0
1.85;-0.669907639791944;-0.0151042410611491;0
1.86;-0.669968163803462;0.0050048946531885;0
1.87;-0.669827753811397;0.0250779691430556;0
1.88;-0.669486797244227;0.045109027271195;0
1.89;-0.668945740980505;0.0650921367301066;0
1.9;-0.668205091112732;0.0850213897810812;0
1.91;-0.667265412693878;0.104890904982883;0
1.92;-0.666127329466671;0.124694828909573;0
1.93;-0.664791523575751;0.144427337856993;0
1.94;-0.663258735262821;0.16408263953739;0
1.95;-0.661529762544899;0.183654974761732;0
1.96;-0.659605460875807;0.203138619109188;0
1.97;-0.657486742791028;0.222527884583338;0
1.98;-0.655174577536058;0.241817121254602;0
1.99;-0.652669990678397;0.261000718888445;0
2;-0.649974063703327;0.280073108558878;0
2.01;-0.647087933593622;0.299028764246808;0
2.02;-0.644012792393341;0.317862204422776;0
2.03;-0.640749886755874;0.336567993613642;0
2.04;-0.637300517476379;0.355140743952769;0
2.05;-0.633666039008815;0.373575116713271;0
2.06;-0.629847858967699;0.391865823823897;0
2.07;-0.6258474376148;0.410007629367131;0
2.08;-0.621666287330921;0.42799535105907;0
2.09;-0.617305972072979;0.445823861710696;0
2.1;-0.612768106816542;0.463488090670113;0
2.11;-0.608054356984045;0.480983025245356;0
2.12;-0.603166437858858;0.49830371210739;0
2.13;-0.598106113985419;0.515445258672892;0
2.14;-0.592875198555628;0.532402834466455;0
2.15;-0.587475552781716;0.549171672461832;0
2.16;-0.581909085255795;0.565747070401848;0
2.17;-0.576177751296308;0.582124392096641;0
2.18;-0.570283552281595;0.598299068699859;0
2.19;-0.564228534970797;0.614266599962474;0
2.2;-0.558014790812322;0.630022555463889;0
2.21;-0.551644455240109;0.645562575819987;0
2.22;-0.545119706957909;0.660882373867815;0
2.23;-0.538442767211832;0.675977735826582;0
2.24;-0.531615899051385;0.690844522434665;0
2.25;-0.524641406579259;0.705478670062318;0
2.26;-0.517521634190088;0.71987619179981;0
2.27;-0.510258965798447;0.734033178520676;0
2.28;-0.502855824056323;0.747945799919845;0
2.29;-0.495314669560327;0.761610305526339;0
2.3;-0.487638000048887;0.775023025690311;0
2.31;-0.479828349589695;0.788180372544154;0
2.32;-0.471888287757647;0.80107884093745;0
2.33;-0.46382041880357;0.813715009345505;0
2.34;-0.455627380813968;0.82608554075127;0
2.35;-0.447311844862079;0.838187183500398;0
2.36;-0.438876514150498;0.850016772129256;0
2.37;-0.430324123145642;0.861571228165674;0
2.38;-0.421657436704337;0.872847560902235;0
2.39;-0.412879249192791;0.883842868141937;0
2.4;-0.403992383598232;0.894554336916032;0
2.41;-0.394999690633505;0.904979244173895;0
2.42;-0.385904047834884;0.91511495744474;0
2.43;-0.376708358653403;0.924958935471062;0
2.44;-0.367415551539976;0.934508728813635;0
2.45;-0.358028579024597;0.943761980427952;0
2.46;-0.348550416789903;0.95271642621198;0
2.47;-0.338984062739392;0.961369895525108;0
2.48;-0.32933253606058;0.969720311678195;0
2.49;-0.319598876283383;0.977765692394602;0
2.5;-0.309786142334032;0.98550415024214;0
2.51;-0.299897411584784;0.99293389303584;0
2.52;-0.28993577889975;1.00005322421148;0
2.53;-0.279904355677114;1.00686054316982;0
2.54;-0.269806268888038;1.01335434559142;0
2.55;-0.25964466011256;1.01953322372219;0
2.56;-0.249422684572761;1.02539586662933;0
2.57;-0.239143510163511;1.03094106042791;0
2.58;-0.228810316481074;1.036167688478;0
2.59;-0.218426293849886;1.04107473155221;0
2.6;-0.20799464234778;1.04566126797383;0
2.61;-0.197518570829966;1.0499264737254;0
2.62;-0.187001295952058;1.05386962252795;0
2.63;-0.176446041192445;1.05749008589068;0
2.64;-0.165856035874287;1.06078733313129;0
2.65;-0.155234514187451;1.06376093136698;0
2.66;-0.144584714210664;1.06641054547613;0
2.67;-0.133909876934178;1.06873593803068;0
2.68;-0.123213245283249;1.07073696919949;0
2.69;-0.112498063142711;1.07241359662244;0
2.7;-0.101767574382932;1.07376587525565;0
2.71;-0.091025021887464;1.07479395718773;0
2.72;-0.080273646582642;1.07549809142728;0
2.73;-0.0695166864694517;1.07587862366162;0
2.74;-0.0587573756579303;1.07593599598709;0
2.75;-0.0479989434043959;1.07567074661073;0
2.76;-0.0372446131517856;1.07508350952387;0
2.77;-0.0264976015733864;1.07417501414738;0
2.78;-0.0157611176202382;1.07294608494904;0
2.79;-0.00503836157248888;1.07139764103305;0
2.8;0.00566747590502034;1.06953069570186;0
2.81;0.0163532147026651;1.06734635599053;0
2.82;0.0270156862011677;1.06484582217377;0
2.83;0.0376517342016766;1.06203038724593;0
2.84;0.0482582158505225;1.05890143637403;0
2.85;0.0588320025583867;1.05546044632416;0
2.86;0.0693699809136121;1.05170898486132;0
2.87;0.0798690535893963;1.04764871012313;0
2.88;0.0903261402446026;1.04328136996742;0
2.89;0.100738178417932;1.03860880129413;0
2.9;0.111102124415199;1.03363292934159;0
2.91;0.121414954189456;1.02835576695765;0
2.92;0.131673664213716;1.0227794138457;0
2.93;0.141875272346024;1.016906055786;0
2.94;0.152016818686632;1.0107379638325;0
2.95;0.162095366427034;1.00427749348556;0
2.96;0.172108002690615;0.99752708384068;0
2.97;0.18205183936469;0.990489256713733;0
2.98;0.191924013923684;0.983166615742809;0
2.99;0.201721690243225;0.975561845467148;0
3;0.211442059404932;0.967677710383372;0
3.01;0.221082340491654;0.959517053979379;0
3.02;0.230639781372962;0.951082797746216;0
3.03;0.240111659480644;0.94237794016827;0
3.04;0.249495282574025;0.933405555692118;0
3.05;0.258787989494867;0.924168793674372;0
3.06;0.267987150911657;0.914670877308881;0
3.07;0.277090170053082;0.904915102533646;0
3.08;0.286094483430474;0.894904836917801;0
3.09;0.294997561549042;0.88464351852904;0
3.1;0.303796909607691;0.87413465478186;0
3.11;0.312490068187238;0.863381821266986;0
3.12;0.321074613926837;0.852388660562384;0
3.13;0.329548160188437;0.841158881026226;0
3.14;0.337908357709085;0.829696255572218;0
3.15;0.346152895240908;0.818004620427685;0
3.16;0.3542795001786;0.806087873874797;0
3.17;0.362285939174242;0.793949974975374;0
3.18;0.370170018739303;0.781594942279653;0
3.19;0.377929585833657;0.769026852519442;0
3.2;0.385562528441461;0.756249839286088;0
3.21;0.393066776133745;0.743268091693661;0
3.22;0.400440300617573;0.7300858530278;0
3.23;0.407681116271627;0.716707419380642;0
3.24;0.414787280668078;0.703137138272265;0
3.25;0.421756895080616;0.689379407259085;0
3.26;0.428588104978501;0.675438672529648;0
3.27;0.435279100506525;0.661319427488257;0
3.28;0.441828116950749;0.647026211326873;0
3.29;0.448233435189914;0.632563607585757;0
3.3;0.454493382132406;0.617936242703283;0
3.31;0.46060633113867;0.603148784555388;0
3.32;0.466570702428984;0.588205940985107;0
3.33;0.47238496347647;0.57311245832266;0
3.34;0.478047629385278;0.557873119896544;0
3.35;0.483557263253834;0.542492744536089;0
3.36;0.488912476523083;0.526976185065951;0
3.37;0.494111929309638;0.511328326793001;0
3.38;0.499154330723765;0.495554085986076;0
3.39;0.504038439172139;0.47965840834906;0
3.4;0.508763062645301;0.463646267487774;0
3.41;0.513327058989755;0.447522663371126;0
3.42;0.517729336164655;0.431292620787011;0
3.43;0.521968852483029;0.414961187793422;0
3.44;0.526044616837496;0.398533434165248;0
3.45;0.529955688910427;0.382014449837231;0
3.46;0.533701179368527;0.365409343343559;0
3.47;0.537280250041798;0.34872324025456;0
3.48;0.540692114086851;0.331961281610981;0
3.49;0.543936036134566;0.315128622356315;0
3.5;0.547011332422049;0.298230429767666;0
3.51;0.549917370908913;0.281271881885599;0
3.52;0.552653571377836;0.26425816594347;0
3.53;0.555219405519427;0.247194476796704;0
3.54;0.557614397001377;0.230086015352477;0
3.55;0.559838121521913;0.212937987000293;0
3.56;0.561890206847565;0.195755600043905;0
3.57;0.563770332835257;0.17854406413507;0
3.58;0.565478231438748;0.161308588709577;0
3.59;0.567013686699445;0.144054381426042;0
3.6;0.568376534721616;0.126786646607905;0
3.61;0.569566663632041;0.109510583689119;0
3.62;0.57058401352414;0.0922313856639624;0
3.63;0.571428576386613;0.0749542375414549;0
3.64;0.572100396016655;0.0576843148048212;0
3.65;0.572599567917781;0.0404267818764559;0
3.66;0.572926239182337;0.0231867905888446;0
3.67;0.573080608358739;0.00596947866188551;0
3.68;0.573062925303521;-0.011220031812941;0
3.69;0.572873491018259;-0.0283766358811129;0
3.7;0.572512657471438;-0.0454952472258774;0
3.71;0.571980827405351;-0.0625707996608954;0
3.72;0.571278454128111;-0.0795982486142869;0
3.73;0.57040604129086;-0.0965725726036458;0
3.74;0.569364142650272;-0.113488774701599;0
3.75;0.568153361816442;-0.130341883991485;0
3.76;0.566774351986268;-0.147126957012737;0
3.77;0.565227815662424;-0.163839079195544;0
3.78;0.563514504358039;-0.180473366284398;0
3.79;0.561635218287186;-0.197024965750095;0
3.8;0.559590806041314;-0.213489058189805;0
3.81;0.557382164251724;-0.229860858714808;0
3.82;0.555010237238236;-0.246135618325496;0
3.83;0.55247601664415;-0.262308625273249;0
3.84;0.549780541057665;-0.278375206408817;0
3.85;0.546924895619865;-0.294330728516799;0
3.86;0.543910211619426;-0.310170599635867;0
3.87;0.540737666074191;-0.325890270364354;0
3.88;0.537408481299753;-0.341485235150837;0
3.89;0.533923924465199;-0.35695103356936;0
3.9;0.530285307136176;-0.372283251578938;0
3.91;0.526493984805433;-0.387477522766992;0
3.92;0.522551356410998;-0.402529529576367;0
3.93;0.518458863842169;-0.4174350045156;0
3.94;0.514217991433472;-0.432189731352103;0
3.95;0.509830265446762;-0.446789546287919;0
3.96;0.505297253541657;-0.46123033911775;0
3.97;0.500620564234465;-0.475508054368926;0
3.98;0.495801846345791;-0.489618692423009;0
3.99;0.490842788437024;-0.503558310618723;0
4;0.485745118235862;-0.517323024335919;0
4.01;0.480510602051103;-0.530909008060278;0
4.02;0.475141044176859;-0.544312496428464;0
4.03;0.469638286286423;-0.557529785253453;0
4.04;0.46400420681596;-0.570557232529758;0
4.05;0.458240720338246;-0.583391259418293;0
4.06;0.452349776926647;-0.596028351210598;0
4.07;0.446333361509551;-0.608465058272199;0
4.08;0.440193493215457;-0.620697996964826;0
4.09;0.433932224708948;-0.632723850547269;0
4.1;0.427551641517739;-0.644539370054634;0
4.11;0.421053861351043;-0.656141375155767;0
4.12;0.414441033409451;-0.667526754988634;0
4.13;0.407715337686569;-0.678692468973442;0
4.14;0.400878984262612;-0.689635547603287;0
4.15;0.393934212590207;-0.700353093212151;0
4.16;0.38688329077261;-0.710842280720033;0
4.17;0.379728514834573;-0.721100358355046;0
4.18;0.372472207986106;-0.731124648352295;0
4.19;0.365116719879343;-0.740912547629377;0
4.2;0.357664425858765;-0.75046152843832;0
4.21;0.35011772620501;-0.759769138993835;0
4.22;0.342479045372504;-0.768833004077703;0
4.23;0.334750831221162;-0.777650825619183;0
4.24;0.326935554242388;-0.786220383251289;0
4.25;0.319035773448941;-0.79450620470895;0.00952630029460661
4.26;0.311054773258378;-0.802424207366344;0.0214341756628649
4.27;0.302996270729344;-0.80996908284067;0.0333420510311231
4.28;0.294864004520207;-0.81713921075863;0.0452499263993814
4.29;0.286661728975258;-0.82393308586632;0.0571578017676396
4.3;0.278393212972342;-0.8303493182826;0.0690656771358979
4.31;0.270062238768123;-0.836386633717427;0.0809735525041562
4.32;0.261672600841315;-0.842043873655185;0.0928814278724144
4.33;0.253228104734246;-0.847319995502977;0.104789303240673
4.34;0.244732565893088;-0.852214072703922;0.116697178608931
4.35;0.236189808507119;-0.856725294815474;0.128605053977189
4.36;0.227603664347354;-0.860852967552798;0.140512929345447
4.37;0.218977971604899;-0.864596512797252;0.152420804713706
4.38;0.210316573729385;-0.867955468570032;0.164328680081964
4.39;0.201623318267808;-0.870929488971052;0.176236555450222
4.4;0.19290205570415;-0.873518344083126;0.18814443081848
4.41;0.184156638300109;-0.875721919841554;0.200052306186739
4.42;0.175390918937283;-0.877540217869205;0.211960181554997
4.43;0.166608749961166;-0.878973355277196;0.223868056923255
4.44;0.157813982027288;-0.880021564431304;0.235775932291513
4.45;0.149010462949846;-0.880685192684228;0.247683807659772
4.46;0.140202036553164;-0.88096470207384;0.25959168302803
4.47;0.131392541526322;-0.880860668987578;0.271499558396288
4.48;0.122585810281297;-0.880373783793141;0.283407433764547
4.49;0.113785667814945;-0.879504850435649;0.295315309132805
4.5;0.104995930575159;-0.878254786001448;0.307223184501063
4.51;0.0962204053315473;-0.876624620248753;0.319131059869321
4.52;0.0874628880509442;-0.874615495105324;0.33103893523758
4.53;0.0787271627780959;-0.872228664133372;0.342946810605838
4.54;0.0700170005218447;-0.869465491961935;0.354854685974096
4.55;0.061336158147133;-0.866327453686925;0.366762561342354
4.56;0.0526883772731529;-0.862816134239098;0.378670436710613
4.57;0.0440773831779587;-0.858933227720183;0.390578312078871
4.58;0.0355068837098609;-0.854680536707431;0.402486187447129
4.59;0.0269805682059157;-0.850059971526838;0.414394062815387
4.6;0.0185021064178221;-0.845073549495321;0.426301938183646
4.61;0.0100751474455366;-0.839723394132123;0.438209813551904
4.62;0.00170331867891004;-0.834011734339741;0.450117688920162
4.63;-0.00660977525234753;-0.827940903554671;0.46202556428842
4.64;-0.0148605535200754;-0.82151333886827;0.473933439656679
4.65;-0.0230454601301462;-0.814731580118074;0.485841315024937
4.66;-0.0311609649457306;-0.80759826894986;0.497749190393195
4.67;-0.0392035647010528;-0.800116147850814;0.509657065761453
4.68;-0.047169784005349;-0.792288059154129;0.521564941129712
4.69;-0.0550561763367439;-0.78411694401538;0.53347281649797
4.7;-0.062859325025766;-0.775605841361044;0.545380691866228
4.71;-0.0705758442282236;-0.76675788680951;0.557288567234486
4.72;-0.0782023798871685;-0.757576311564965;0.569196442602745
4.73;-0.0857356106836782;-0.748064441284525;0.581104317971003
4.74;-0.0931722489761901;-0.738225694919004;0.593012193339261
4.75;-0.100509041728126;-0.728063583527701;0.604920068707519
4.76;-0.107742771423551;-0.717581709067625;0.616827944075778
4.77;-0.114870256970606;-0.706783763157545;0.628735819444036
4.78;-0.121888354592477;-0.695673525817289;0.640643694812294
4.79;-0.128793958705638;-0.684254864182711;0.652551570180552
4.8;-0.135584002785145;-0.672531731196756;0.664459445548811
4.81;-0.142255460216727;-0.660508164277046;0.676367320917069
4.82;-0.148805345135455;-0.648188283960441;0.688275196285327
4.83;-0.155230713250748;-0.635576292525005;0.700183071653586
4.84;-0.161528662657507;-0.622676472589852;0.712090947021844
4.85;-0.167696334633139;-0.609493185693297;0.723998822390102
4.86;-0.17373091442028;-0.596030870849809;0.73590669775836
4.87;-0.179629631994979;-0.582294043086211;0.747814573126618
4.88;-0.185389762820164;-0.568287291957615;0.759722448494877
4.89;-0.191008628584175;-0.554015280043566;0.771630323863135
4.9;-0.196483597924165;-0.539482741424876;0.783538199231393
4.91;-0.201812087134192;-0.524694480141651;0.795446074599652
4.92;-0.206991560857807;-0.50965536863299;0.80735394996791
4.93;-0.212019532764952;-0.494370346158867;0.819261825336168
4.94;-0.21689356621301;-0.478844417204693;0.831169700704426
4.95;-0.221611274891811;-0.463082649869063;0.843077576072685
4.96;-0.226170323452456;-0.44709017423522;0.854985451440943
4.97;-0.230568428119768;-0.430872180726717;0.866893326809201
4.98;-0.234803357288248;-0.414433918447835;0.878801202177459
4.99;-0.238872932101353;-0.397780693509257;0.890709077545718
5;-0.242775027013979;-0.380917867339523;0.902616952913976
5.01;-0.246507570337986;-0.36385085498282;0.914524828282234
5.02;-0.250068544770646;-0.346585123383615;0.926432703650492
5.03;-0.253455987905885;-0.329126189658682;0.938340579018751
5.04;-0.256667992728179;-0.311479619357059;0.950248454387009
5.05;-0.25970270808901;-0.293651024708476;0.962156329755267
5.06;-0.262558339165745;-0.275646062860805;0.974064205123525
5.07;-0.265233147902853;-0.257470434107067;0.985972080491784
5.08;-0.267725453435334;-0.23912988010256;0.997879955860042
5.09;-0.270033632494292;-0.220630182072646;1.0097878312283
5.1;-0.272156119794532;-0.201977159011768;1.02169570659656
5.11;-0.274091408404123;-0.183176665874222;1.03360358196482
5.12;-0.275838050095817;-0.164234591757279;1.04551145733308
5.13;-0.277394655680285;-0.145156858077181;1.05741933270133
5.14;-0.27875989532107;-0.125949416738592;1.06932720806959
5.15;-0.279932498831213;-0.106618248298048;1.08123508343785
5.16;-0.280911255951486;-0.087169360121984;1.09314295880611
5.17;-0.281695016610185;-0.0676087845398841;1.10505083417437
5.18;-0.282282691164434;-0.0479425769931228;1.11695870954262
5.19;-0.282673250622957;-0.0281768141800629;1.12886658491088
5.2;-0.282865726850292;-0.0083175921979671;1.14077446027914
5.21;-0.282859212752408;0.0116289753177114;1.1526823356474
5.22;-0.282652862443703;0.0316567590560974;1.16459021101566
5.23;-0.282245891395376;0.0517596158951598;1.17649808638392
5.24;-0.28163757656514;0.071931390766914;1.18840596175217
5.25;-0.280827256508288;0.0921659185229986;1.20031383712043
5.26;-0.279814331470105;0.112457025800069;1.21222171248869
5.27;-0.278598263459621;0.132798532884445;1.22412958785695
5.28;-0.277178576304733;0.153184255575462;1.23603746322521
5.29;-0.275554855688694;0.173608007046957;1.24794533859347
5.3;-0.273726749167999;0.194063599706352;1.25985321396172
5.31;-0.271693966171697;0.214544847050763;1.27176108932998
5.32;-0.26945627798215;0.235045565519599;1.28366896469824
5.33;-0.267013517697291;0.255559576343091;1.2955768400665
5.34;-0.264365580174415;0.276080707386208;1.30748471543476
5.35;-0.261512421955551;0.296602794987421;1.31939259080301
5.36;-0.258454061174471;0.317119685791754;1.33130046617127
5.37;-0.255190577445404;0.337625238577612;1.34320834153953
5.38;-0.251722111733501;0.358113326076818;1.35511621690779
5.39;-0.248048866207142;0.378577836787344;1.36702409227605
5.4;-0.244171104072141;0.399012676778204;1.37893196764431
5.41;-0.240089149387947;0.419411771485975;1.39083984301256
5.42;-0.235803386865916;0.43976906750242;1.40274771838082
5.43;-0.231314261649749;0.460078534352709;1.41465559374908
5.44;-0.226622279078193;0.480334166263695;1.42656346911734
5.45;-0.221728004430102;0.500529983921759;1.4384713444856
5.46;-0.216632062651978;0.520660036219694;1.45037921985386
5.47;-0.211335138068079;0.540718401992133;1.46228709522211
5.48;-0.205837974073243;0.560699191739024;1.47419497059037
5.49;-0.200141372808519;0.580596549336645;1.48610284595863
5.5;-0.194246194819757;0.600404653735675;1.49801072132689
5.51;-0.188153358699265;0.620117720645835;1.50991859669515
5.52;-0.181863840710695;0.639730004206613;1.52182647206341
5.53;-0.175378674397275;0.659235798643596;1.53373434743166
5.54;-0.168698950173553;0.678629439909941;1.54564222279992
5.55;-0.161825814900788;0.69790530731252;1.55755009816818
5.56;-0.154760471446154;0.717057825122266;1.56945797353644
5.57;-0.147504178225911;0.736081464168283;1.5813658489047
5.58;-0.140058248732715;0.754970743415252;1.59327372427295
5.59;-0.13242405104722;0.773720231523698;1.60518159964121
5.6;-0.124603007334171;0.792324548392684;1.61708947500947
5.61;-0.116596593323135;0.810778366684489;1.62899735037773
5.62;-0.108406337774081;0.82907641333085;1.64090522574599
5.63;-0.100033821927971;0.847213471020349;1.65281310111425
5.64;-0.0914806789425751;0.865184379666529;1.6647209764825
5.65;-0.0827485933136824;0.882984037856334;1.67662885185076
5.66;-0.0738393002819254;0.900607404278471;1.68853672721902
5.67;-0.0647545852254092;0.918049499131298;1.70044460258728
5.68;-0.0554962830383555;0.935305405509861;1.71235247795554
5.69;-0.0460662774959722;0.952370270771686;1.7242603533238
5.7;-0.0364665006057624;0.969239307880967;1.73616822869205
5.71;-0.0266989319454884;0.985907796730769;1.74807610406031
5.72;-0.016765597988016;1.00237108544291;1.75998397942857
5.73;-0.00666857141326011;1.01862459164513;1.77189185479683
5.74;0.00359002959253694;1.03466380372527;1.78379973016509
5.75;0.0140080420499646;1.05048428206204;1.79570760553335
5.76;0.0245832589118043;1.06608166023215;1.8076154809016
5.77;0.035313413127452;1.08143259183763;1.80880313890482
5.78;0.0461952867275628;1.09635673697041;1.79688743970255
5.79;0.0572242746409822;1.11080752614393;1.78497174050028
5.8;0.0683956273534703;1.12478144112497;1.77305604129801
5.81;0.0797045608382904;1.13827511267502;1.76114034209574
5.82;0.0911462580495867;1.15128532130419;1.74922464289347
5.83;0.102715870423093;1.16380899797889;1.73730894369119
5.84;0.11440851938371;1.17584322478328;1.72539324448892
5.85;0.12621929785949;1.18738523553413;1.71347754528665
5.86;0.138143271801556;1.19843241634933;1.70156184608438
5.87;0.150175481709504;1.20898230616962;1.68964614688211
5.88;0.162310944161804;1.21903259723366;1.67773044767984
5.89;0.174544653350748;1.22858113550639;1.66581474847756
5.9;0.186871582621464;1.23762592106044;1.65389904927529
5.91;0.199286686014544;1.24616510841086;1.64198335007302
5.92;0.211784899811795;1.25419700680281;1.63006765087075
5.93;0.224361144084667;1.2617200804525;1.61815195166848
5.94;0.237010324244874;1.26873294874118;1.60623625246621
5.95;0.249727332596746;1.27523438636236;1.59432055326394
5.96;0.262507049890841;1.28122332342212;1.58240485406166
5.97;0.27534434687835;1.28669884549279;1.57048915485939
5.98;0.288234085865831;1.29166019361978;1.55857345565712
5.99;0.301171122269798;1.29610676428197;1.54665775645485
6;0.314150306170706;1.30003810930541;1.53474205725258
6.01;0.327166483865866;1.3034539357307;1.52282635805031
6.02;0.34021449942082;1.30635410563406;1.51091065884803
6.03;0.353289196218726;1.30873863590219;1.49899495964576
6.04;0.366385418507277;1.31060769796116;1.48707926044349
6.05;0.379498012942709;1.31196161745943;1.47516356124122
6.06;0.39262183013043;1.31280087390515;1.46324786203895
6.07;0.405751726161814;1.31312610025801;1.45133216283668
6.08;0.418882564146718;1.31293808247574;1.43941646363441
6.09;0.432009215741255;1.3122377590156;1.42750076443213
6.1;0.445126562670377;1.31102622029095;1.41558506522986
6.11;0.458229498244832;1.30930470808323;1.40366936602759
6.12;0.471312928872031;1.30707461490956;1.39175366682532
6.13;0.484371775560399;1.30433748334625;1.37983796762305
6.14;0.497400975416764;1.30109500530854;1.36792226842078
6.15;0.510395483136339;1.29734902128669;1.3560065692185
6.16;0.52335027248488;1.293101519539;1.34409087001623
6.17;0.536260337772577;1.28835463524179;1.33217517081396
6.18;0.549120695319251;1.28311064959689;1.32025947161169
6.19;0.561926384910439;1.27737198889681;1.30834377240942
6.2;0.574672471243937;1.27114122354813;1.29642807320715
6.21;0.587354045366398;1.26442106705327;1.28451237400487
6.22;0.599966226099552;1.25721437495117;1.2725966748026
6.23;0.612504161455658;1.24952414371718;1.26068097560033
6.24;0.624963030041767;1.24135350962263;1.24876527639806
6.25;0.637338042452405;1.23270574755445;1.23684957719579
6.26;0.649624442650267;1.22358426979521;1.22493387799352
6.27;0.661817509334548;1.21399262476415;1.21301817879125
6.28;0.673912557296493;1.20393449571952;1.20110247958897
6.29;0.685904938761816;1.19341369942276;1.1891867803867
6.3;0.697790044719572;1.18243418476489;1.17727108118443
6.31;0.709563306237145;1.17100003135575;1.16535538198216
6.32;0.721220195760945;1.15911544807641;1.15343968277989
6.33;0.732756228402473;1.14678477159534;1.14152398357762
6.34;0.744166963209391;1.13401246484883;1.12960828437534
6.35;0.75544800442123;1.12080311548615;1.11769258517307
6.36;0.766595002709391;1.10716143428004;1.1057768859708
6.37;0.777603656401109;1.09309225350297;1.09386118676853
6.38;0.788469712687013;1.07860052526983;1.08194548756626
6.39;0.799188968811974;1.06369131984747;1.07002978836399
6.4;0.809757273248896;1.04836982393182;1.05811408916172
6.41;0.820170526855138;1.03264133889295;1.04619838995944
6.42;0.830424684011241;1.01651127898894;1.03428269075717
6.43;0.840515753741658;0.999985169548794;1.0223669915549
6.44;0.850439800817175;0.983068645125305;1.01045129235263
6.45;0.860192946838729;0.965767447618327;0.998535593150357
6.46;0.869771371302325;0.948087424369077;0.986619893948086
6.47;0.879171312644771;0.930034526226111;0.974704194745814
6.48;0.888389069269943;0.911614805583608;0.962788495543543
6.49;0.897421000555319;0.892834414392569;0.950872796341271
6.5;0.906263527838497;0.873699602145609;0.938957097138999
6.51;0.914913135383447;0.854216713835957;0.927041397936728
6.52;0.923366371326243;0.834392187891347;0.915125698734456
6.53;0.931619848600017;0.81423255408345;0.903209999532185
6.54;0.939670245838906;0.793744431413514;0.891294300329913
6.55;0.947514308260747;0.772934525974893;0.879378601127642
6.56;0.955148848528295;0.751809628793145;0.86746290192537
6.57;0.962570747588748;0.730376613644376;0.855547202723098
6.58;0.969776955491354;0.708642434852539;0.843631503520827
6.59;0.976764492182908;0.686614125066362;0.831715804318555
6.6;0.983530448280917;0.664298793016625;0.819800105116284
6.61;0.99007198582426;0.641703621254485;0.807884405914012
6.62;0.996386339001151;0.618835863871557;0.795968706711741
6.63;1.00247081485421;0.595702844202468;0.784053007509469
6.64;1.00832279396252;0.572311952510608;0.772137308307198
6.65;1.01393973110038;0.54867064365779;0.760221609104926
6.66;1.01931915587282;0.524786434758555;0.748305909902655
6.67;1.02445867332748;0.500666902819846;0.736390210700383
6.68;1.02935596454284;0.476319682366787;0.724474511498111
6.69;1.03400878719273;0.451752463055294;0.71255881229584
6.7;1.03841497608679;0.426972987272274;0.700643113093568
6.71;1.04257244368698;0.401989047724136;0.688727413891296
6.72;1.04647918059983;0.376808485014359;0.676811714689025
6.73;1.05013325604453;0.351439185210872;0.664896015486753
6.74;1.05353281829658;0.325889077403985;0.652980316284482
6.75;1.05667609510697;0.300166131255618;0.64106461708221
6.76;1.05956139409682;0.274278354540583;0.629148917879939
6.77;1.06218710312749;0.248233790680667;0.617233218677667
6.78;1.06455169064586;0.222040516272263;0.605317519475396
6.79;1.06665370600497;0.195706638608314;0.593401820273124
6.8;1.06849177975978;0.169240293195307;0.581486121070852
6.81;1.07006462393817;0.14264964126608;0.569570421868581
6.82;1.07137103228692;0.115942867289193;0.557654722666309
6.83;1.07240988049294;0.0891281764756125;0.545739023464038
6.84;1.07318012637939;0.0622137922834627;0.533823324261766
6.85;1.07368081007697;0.0352079539215994;0.521907625059495
6.86;1.07391105417014;0.00811891385274893;0.509991925857223
6.87;1.0738700638185;-0.0190450647030329;0.498076226654951
6.88;1.07355712685304;-0.0462757102638356;0.48616052745268
6.89;1.07297161384762;-0.0735647455795574;0.474244828250408
6.9;1.07211297816538;-0.100903890123011;0.462329129048137
6.91;1.07098075598034;-0.12828486257773;0.450413429845865
6.92;1.06957456627411;-0.155699383321739;0.438497730643594
6.93;1.06789411080778;-0.183139176906542;0.426582031441322
6.94;1.06593917406905;-0.210595974530605;0.41466633223905
6.95;1.06370962319466;-0.238061516506589;0.402750633036779
6.96;1.06120540786816;-0.265527554721616;0.390834933834507
6.97;1.05842656019311;-0.292985855089833;0.378919234632236
6.98;1.05537319454187;-0.32042819999656;0.367003535429964
6.99;1.05204550737982;-0.347846390733294;0.355087836227693
7;1.04844377706545;-0.37523224992287;0.343172137025421
7.01;1.04456836362618;-0.402577623934046;0.33125643782315
7.02;1.04041970851;-0.429874385284838;0.319340738620878
7.03;1.03599833431329;-0.457114435033865;0.307425039418606
7.04;1.03130484448465;-0.484289705159052;0.295509340216335
7.05;1.02633992300507;-0.511392160922951;0.283593641014063
7.06;1.02110433404449;-0.538413803224044;0.271677941811792
7.07;1.0155989215949;-0.565346670933305;0.25976224260952
7.08;1.00982460908017;-0.59218284321537;0.247846543407249
7.09;1.00378239894274;-0.618914441833642;0.235930844204977
7.1;0.997473372207283;-0.645533633438659;0.224015145002705
7.11;0.990898688021629;-0.672032631839077;0.212099445800434
7.12;0.984059583175026;-0.698403700254614;0.200183746598162
7.13;0.976957371593953;-0.724639153550311;0.188268047395891
7.14;0.96959344381569;-0.750731360451466;0.176352348193619
7.15;0.961969266439815;-0.776672745738627;0.164436648991348
7.16;0.954086381557851;-0.802455792421999;0.152520949789076
7.17;0.945946406161268;-0.828073043894661;0.140605250586805
7.18;0.937551031528037;-0.85351710606399;0.128689551384533
7.19;0.92890202258798;-0.878780649460672;0.116773852182261
7.2;0.920001217267134;-0.903856411324721;0.10485815297999
7.21;0.910850525811354;-0.92873719766792;0.0929424537777181
7.22;0.901451930089402;-0.953415885312093;0.0810267545754468
7.23;0.891807482875768;-0.977885423902659;0.0691110553731751
7.24;0.881919307113464;-1.00213883789688;0.0571953561709035
7.25;0.871789595157051;-1.0261692285263;0.045279656968632
7.26;0.861420607996169;-1.04996977573275;0.0333639577663605
7.27;0.850814674459811;-1.07353374007744;0.0214482585640887
7.28;0.839974190401649;-1.09685446462267;0.00953255936181741
7.29;0.82890161786665;-1.11992418521556;0
7.3;0.817599746278656;-1.14266139417403;0
7.31;0.806072214772909;-1.16501700065322;0
7.32;0.794322866682643;-1.18698495917411;0
7.33;0.782355605227519;-1.20855935084944;0
7.34;0.770174392240673;-1.22973438494032;0
7.35;0.757783246880373;-1.25050440037185;0
7.36;0.745186244326713;-1.27086386720727;0
7.37;0.732387514463755;-1.29080738808015;0
7.38;0.719391240547531;-1.31032969958454;0
7.39;0.706201657860339;-1.32942567362248;0
7.4;0.69282305235176;-1.34809031870861;0
7.41;0.67925975926682;-1.36631878123169;0
7.42;0.665516161761725;-1.38410634667252;0
7.43;0.651596689507631;-1.4014484407781;0
7.44;0.63750581728285;-1.4183406306918;0
7.45;0.623248063553972;-1.43477862603909;0
7.46;0.608827989046314;-1.45075827996874;0
7.47;0.594250195304174;-1.46627559014926;0
7.48;0.579519323241308;-1.48132669972022;0
7.49;0.564640051682111;-1.49590789819838;0
7.5;0.549617095893928;-1.51001562233836;0
7.51;0.534455206110976;-1.52364645694775;0
7.52;0.519159166050309;-1.53679713565633;0
7.53;0.503733791420309;-1.54946454163948;0
7.54;0.488183928422138;-1.56164570829542;0
7.55;0.472514452244638;-1.57333781987633;0
7.56;0.456730265553114;-1.58453821207311;0
7.57;0.440836296972493;-1.59524437255377;0
7.58;0.424837499565299;-1.60545394145533;0
7.59;0.408738849304915;-1.61516471182915;0
7.6;0.392545343544616;-1.62437463003972;0
7.61;0.376261999482807;-1.63308179611673;0
7.62;0.359893852624962;-1.64128446406051;0
7.63;0.343445955242712;-1.64898104210079;0
7.64;0.326923374830563;-1.6561700929088;0
7.65;0.310331192560691;-1.66285033376263;0
7.66;0.293674501736308;-1.66902063666613;0
7.67;0.276958406244035;-1.67468002842099;0
7.68;0.260188019005771;-1.67982769065251;0
7.69;0.243368460430516;-1.68446295978879;0
7.7;0.226504856866603;-1.68858532699361;0
7.71;0.209602339054812;-1.69219443805298;0
7.72;0.192666040582835;-1.6952900932156;0
7.73;0.175701096341526;-1.69787224698729;0
7.74;0.158712640983434;-1.69994100787946;0
7.75;0.141705807384038;-1.70149663811194;0
7.76;0.124685725106175;-1.70253955327017;0
7.77;0.107657518868088;-1.70307032191709;0
7.78;0.0906263070155682;-1.70308966515971;0
7.79;0.073597199998625;-1.70259845617087;0
7.8;0.0565752988531488;-1.70159771966606;0
7.81;0.0395656936880006;-1.70008863133586;0
7.82;0.0225734621779778;-1.69807251723402;0
7.83;0.00560366806309918;-1.69555085312152;0
7.84;-0.0113386403453561;-1.69252526376692;0
7.85;-0.0282484316516153;-1.68899752220323;0
7.86;-0.0451206928545535;-1.68496954894156;0
7.87;-0.0619504308187792;-1.68044341114202;0
7.88;-0.0787326737372364;-1.67542132174199;0
7.89;-0.0954624725848991;-1.66990563854225;0
7.9;-0.112134902563139;-1.66389886325119;0
7.91;-0.12874506453435;-1.65740364048762;0
7.92;-0.145288086446409;-1.65042275674236;0
7.93;-0.161759124746577;-1.64295913929916;0
7.94;-0.178153365784425;-1.63501585511521;0
7.95;-0.19446602720338;-1.62659610966176;0
7.96;-0.210692359320505;-1.61770324572518;0
7.97;-0.226827646494112;-1.60834074216892;0
7.98;-0.242867208478818;-1.59851221265681;0
7.99;-0.258806401767663;-1.58822140433816;0
8;-0.274640620920909;-1.57747219649508;0
8.01;-0.290365299881145;-1.56626859915255;0
8.02;-0.305975913274322;-1.55461475165165;0
8.03;-0.321467977696366;-1.54251492118654;0
8.04;-0.336837052984987;-1.52997350130551;0
8.05;-0.352078743476348;-1.51699501037688;0
8.06;-0.367188699246234;-1.50358409002002;0
8.07;-0.382162617335377;-1.48974550350212;0
8.08;-0.396996242958593;-1.47548413410133;0
8.09;-0.411685370697404;-1.46080498343667;0
8.1;-0.426225845675814;-1.44571316976531;0
8.11;-0.440613564718906;-1.43021392624793;0
8.12;-0.454844477493961;-1.41431259918249;0
8.13;-0.468914587633762;-1.39801464620718;0
8.14;-0.482819953841804;-1.38132563447311;0
8.15;-0.496556690979089;-1.36425123878726;0
8.16;-0.51012097113222;-1.34679723972635;0
8.17;-0.523509024662507;-1.32896952172233;0
8.18;-0.536717141235799;-1.3107740711199;0
8.19;-0.549741670832775;-1.29221697420694;0
8.2;-0.562579024739409;-1.27330441521825;0
8.21;-0.575225676517366;-1.2540426743135;0
8.22;-0.587678162954055;-1.23443812552976;0
8.23;-0.599933084992098;-1.21449723470952;0
8.24;-0.611987108637973;-1.19422655740463;0
8.25;-0.623836965849593;-1.17363273675712;0
8.26;-0.635479455402581;-1.15272250135724;0
8.27;-0.646911443735037;-1.13150266307965;0
8.28;-0.658129865770569;-1.10998011489838;0
8.29;-0.669131725719371;-1.08816182868117;0
8.3;-0.679914097857168;-1.06605485296401;0
8.31;-0.690474127281811;-1.04366631070648;0
8.32;-0.70080903064734;-1.02100339702869;0
8.33;-0.710916096875348;-0.998073376930412;0
8.34;-0.720792687843444;-0.974883582993244;0
8.35;-0.730436239050674;-0.95144141306643;0
8.36;-0.739844260259724;-0.927754327937111;0
8.37;-0.749014336115762;-0.903829848985698;0
8.38;-0.757944126741769;-0.879675555827127;0
8.39;-0.766631368310215;-0.855299083938698;0
8.4;-0.775073873590968;-0.830708122275257;0
8.41;-0.783269532475286;-0.805910410872436;0
8.42;-0.791216312475806;-0.780913738438711;0
8.43;-0.798912259202391;-0.755725939936996;0
8.44;-0.806355496813761;-0.730354894156538;0
8.45;-0.813544228444793;-0.704808521275846;0
8.46;-0.820476736609418;-0.679094780417396;0
8.47;-0.827151383579028;-0.653221667194873;0
8.48;-0.833566611736327;-0.62719721125368;0
8.49;-0.839720943904555;-0.601029473805484;0
8.5;-0.845612983652044;-0.57472654515753;0
8.51;-0.851241415572029;-0.548296542237478;0
8.52;-0.856605005537709;-0.521747606114519;0
8.53;-0.861702600932488;-0.495087899517513;0
8.54;-0.866533130855401;-0.468325604350901;0
8.55;-0.871095606301684;-0.441468919209134;0
8.56;-0.875389120318485;-0.414526056890375;0
8.57;-0.879412848135713;-0.387505241910215;0
8.58;-0.883166047272025;-0.360414708016151;0
8.59;-0.886648057615969;-0.333262695703566;0
8.6;-0.88985830148229;-0.306057449733956;0
8.61;-0.892796283643435;-0.278807216656146;0
8.62;-0.895461591336284;-0.251520242331229;0
8.63;-0.897853894244151;-0.22420476946196;0
8.64;-0.899972944454103;-0.196869035127356;0
8.65;-0.90181857638965;-0.169521268323202;0
8.66;-0.903390706718867;-0.14216968750922;0
8.67;-0.904689334238025;-0.114822498163607;0
8.68;-0.905714539730797;-0.0874878903456682;0
8.69;-0.906466485803137;-0.0601740362672598;0
8.7;-0.906945416693911;-0.0328890878737566;0
8.71;-0.907151658061379;-0.00564117443525336;0
8.72;-0.907085616745651;0.0215615998512989;0
8.73;-0.906747780507199;0.048711158248318;0
8.74;-0.906138717741577;0.0757994538514836;0
8.75;-0.905259077170449;0.102818471950608;0
8.76;-0.904109587509078;0.129760232376799;0
8.77;-0.902691057110398;0.156616791835233;0
8.78;-0.901004373585836;0.183380246222867;0
8.79;-0.89905050340302;0.21004273293042;0
8.8;-0.896830491460542;0.236596433127955;0
8.81;-0.894345460639941;0.263033574033417;0
8.82;-0.891596611335084;0.289346431163464;0
8.83;-0.888585220959113;0.31552733056595;0
8.84;-0.88531264342916;0.341568651033428;0
8.85;-0.88178030862901;0.367462826297038;0
8.86;-0.877989721849914;0.393202347200149;0
8.87;-0.873942463209766;0.418779763851156;0
8.88;-0.86964018705084;0.444187687754804;0
8.89;-0.865084621316321;0.469418793921443;0
8.9;-0.860277566905835;0.494465822953634;0
8.91;-0.855220897010226;0.519321583109489;0
8.92;-0.849916556425801;0.5439789523422;0
8.93;-0.844366560848292;0.568430880315161;0
8.94;-0.838572996146777;0.592670390392136;0
8.95;-0.832538017617813;0.616690581601911;0
8.96;-0.826263849220042;0.64048463057689;0
8.97;-0.819752782789529;0.664045793465097;0
8.98;-0.813007177236099;0.687367407815053;0
8.99;-0.806029457720951;0.710442894433017;0
9;-0.798822114815831;0.733265759212075;0
9.01;-0.791387703644034;0.755829594932581;0
9.02;-0.783728843003536;0.778128083033457;0
9.03;-0.775848214472547;0.800154995353875;0
9.04;-0.767748561497784;0.821904195844842;0
9.05;-0.759432688465758;0.843369642250239;0
9.06;-0.750903459757397;0.86454538775685;0
9.07;-0.742163798786306;0.885425582612946;0
9.08;-0.733216687020988;0.906004475714996;0
9.09;-0.724065162991337;0.92627641616207;0
9.1;-0.714712321279739;0.946235854777551;0
9.11;-0.705161311497104;0.965877345597719;0
9.12;-0.695415337244156;0.985195547326851;0
9.13;-0.685477655058337;1.00418522475844;0
9.14;-0.67535157334664;1.02284125016218;0
9.15;-0.665040451304733;1.04115860463631;0
9.16;-0.654547697822718;1.05913237942509;0
9.17;-0.64387677037787;1.07675777720091;0
9.18;-0.63303117391472;1.09403011331084;0
9.19;-0.622014459712824;1.11094481698726;0
9.2;-0.610830224242604;1.12749743252226;0
9.21;-0.599482108009592;1.14368362040553;0
9.22;-0.587973794387475;1.15949915842548;0
9.23;-0.576309008440283;1.1749399427333;0
9.24;-0.564491515734114;1.19000198886968;0
9.25;-0.552525121138757;1.20468143275401;0
9.26;-0.540413667619589;1.21897453163581;0
9.27;-0.528161035020134;1.23287766500811;0
9.28;-0.515771138835659;1.24638733548264;0
9.29;-0.503247928978187;1.25950016962664;0
9.3;-0.49059538853332;1.27221291876097;0
9.31;-0.477817532509254;1.28452245971961;0
9.32;-0.464918406578371;1.2964257955701;0
9.33;-0.451902085811808;1.30792005629495;0
9.34;-0.43877267340738;1.31900249943384;0
9.35;-0.42553429941127;1.32967051068649;0
9.36;-0.412191119433855;1.33992160447601;0
9.37;-0.398747313360084;1.3497534244728;0
9.38;-0.385207084054794;1.35916374407873;0
9.39;-0.371574656063361;1.36815046687161;0
9.4;-0.357854274308089;1.37671162700988;0
9.41;-0.344050202780725;1.3848453895975;0
9.42;-0.330166723231514;1.3925500510089;0
9.43;-0.316208133855173;1.39982403917406;0
9.44;-0.302178747974202;1.40666591382365;0
9.45;-0.288082892719922;1.41307436669424;0
9.46;-0.273924907711638;1.41904822169359;0
9.47;-0.259709143734327;1.42458643502606;0
9.48;-0.245439961415259;1.42968809527809;0
9.49;-0.231121729899937;1.43435242346392;0
9.5;-0.216758825527757;1.43857877303146;0
9.51;-0.202355630507792;1.44236662982854;0
9.52;-0.18791653159509;1.44571561202943;0
9.53;-0.173445918767889;1.4486254700219;0
9.54;-0.158948183906129;1.45109608625483;0
9.55;-0.144427719471678;1.45312747504641;0
9.56;-0.129888917190639;1.45471978235331;0
9.57;-0.115336166738154;1.45587328550057;0
9.58;-0.100773854426077;1.45658839287279;0
9.59;-0.0862063618939053;1.45686564356641;0
9.6;-0.071638064803377;1.45670570700347;0
9.61;-0.0570733315370867;1.45610938250696;0
9.62;-0.0425165219015309;1.45507759883797;0
9.63;-0.0279719858349489;1.45361141369478;0
9.64;-0.0134440621203434;1.45171201317426;0
9.65;0.00106292289594269;1.44938071119562;0
9.66;0.0155446565797197;1.44661894888686;0
9.67;0.0299968412781419;1.44342829393417;0
9.68;0.0444151955822257;1.43981043989446;0
9.69;0.0587954555823295;1.43576720547139;0
9.7;0.0731333761162294;1.43130053375509;0
9.71;0.0874247320094308;1.42641249142594;0
9.72;0.101665319307356;1.42110526792263;0
9.73;0.115850956499054;1.4153811745749;0
9.74;0.12997748573208;1.40924264370117;0
9.75;0.144040774018191;1.4026922276715;0
9.76;0.158036714429522;1.39573259793618;0
9.77;0.171961227284893;1.38836654402025;0
9.78;0.185810261325902;1.38059697248439;0
9.79;0.199579794882489;1.37242690585251;0
9.8;0.21326583702762;1.36385948150638;0
9.81;0.226864428720768;1.35489795054782;0
9.82;0.240371643939879;1.34554567662866;0
9.83;0.25378359080149;1.33580613474902;0
9.84;0.267096412668686;1.32568291002428;0
9.85;0.280306289246595;1.31517969642115;0
9.86;0.293409437665095;1.30430029546328;0
9.87;0.306402113548454;1.29304861490686;0
9.88;0.319280612071585;1.28142866738668;0
9.89;0.332041269002631;1.26944456903297;0
9.9;0.344680461731589;1.25710053805977;0
9.91;0.357194610284696;1.24440089332497;0
9.92;0.369580178324282;1.23135005286271;0
9.93;0.381833674133827;1.21795253238861;0
9.94;0.393951651587958;1.20421294377823;0
9.95;0.405930711107095;1.19013599351935;0
9.96;0.417767500596522;1.17572648113855;0
9.97;0.429458716369599;1.16098929760259;0
9.98;0.441001104054877;1.14592942369516;0
9.99;0.452391459486876;1.13055192836941;0
10;0.463626629580281;1.11486196707704;0
10.01;0.474703513187317;1.09886478007413;0
10.02;0.485619061938095;1.08256569070467;0
10.03;0.496370281063678;1.06597010366194;0
10.04;0.506954230201676;1.04908350322866;0
10.05;0.517368024184142;1.03191145149618;0
10.06;0.527608833807571;1.01445958656347;0
10.07;0.537673886584799;0.996733620716425;0
10.08;0.54756046747861;0.978739338588031;0
10.09;0.557265919616855;0.960482595300017;0
10.1;0.566787644988915;0.941969314586581;0
10.11;0.576123105123317;0.923205486900765;0
10.12;0.58526982174634;0.904197167504085;0
10.13;0.594225377421442;0.884950474540018;0
10.14;0.602987416169353;0.865471587091953;0
10.15;0.611553644068683;0.845766743226209;0
10.16;0.619921829836887;0.825842238020737;0
10.17;0.628089805391464;0.805704421580122;0
10.18;0.636055466391241;0.785359697037499;0
10.19;0.643816772757621;0.764814518544005;0
10.2;0.65137174917567;0.744075389246402;0
10.21;0.658718485574936;0.723148859253478;0
10.22;0.665855137589873;0.702041523591878;0
10.23;0.67277992699979;0.680760020151966;0
10.24;0.679491142148203;0.659311027624391;0
10.25;0.685987138341528;0.637701263427949;0
10.26;0.692266338227;0.615937481629407;0
10.27;0.698327232149773;0.594026470855919;0
10.28;0.704168378489097;0.571975052200661;0
10.29;0.709788403973535;0.549790077122339;0
10.3;0.715186003975145;0.527478425339208;0
10.31;0.720359942782578;0.505047002718232;0
10.32;0.725309053853054;0.482502739160038;0
10.33;0.730032240043168;0.459852586480298;0
10.34;0.734528473818491;0.437103516288189;0
10.35;0.738796797441953;0.414262517862557;0
10.36;0.742836323140975;0.391336596026441;0
10.37;0.746646233253345;0.368332769020588;0
10.38;0.750225780351819;0.345258066376603;0
10.39;0.753574287347463;0.322119526790365;0
10.4;0.756691147571731;0.298924195996354;0
10.41;0.759575824837285;0.275679124643526;0
10.42;0.762227853477596;0.252391366173354;0
10.43;0.764646838365324;0.229067974700689;0
10.44;0.766832454909532;0.205716002898058;0
10.45;0.768784449031756;0.182342499884029;0
10.46;0.77050263712098;0.158954509116273;0
10.47;0.771986905967564;0.135559066289942;0
10.48;0.773237212676185;0.112163197241989;0
10.49;0.774253584557845;0.0887739158620371;0
10.5;0.775036119001028;0.0653982220104336;0
10.51;0.775584983322062;0.0420430994440746;0
10.52;0.775900414594783;0.0187155137506293;0
10.53;0.775982719459581;-0.00457758970824146;0
10.54;0.775832273911916;-0.0278292878440683;0
10.55;0.775449523070414;-0.0510326818785615;0
10.56;0.774834980924638;-0.0741808993698108;0
10.57;0.773989230062647;-0.0972670962271088;0
10.58;0.772912921378459;-0.120284458713812;0
10.59;0.771606773759547;-0.143226205437661;0
10.6;0.770071573754486;-0.166085589327988;0
10.61;0.768308175220888;-0.188855899599227;0
10.62;0.766317498953766;-0.211530463700188;0
10.63;0.764100532294478;-0.234102649248508;0
10.64;0.761658328720385;-0.256565865949741;0
10.65;0.758992007415397;-0.278913567500533;0
10.66;0.756102752821556;-0.301139253475337;0
10.67;0.752991814171832;-0.323236471196138;0
10.68;0.749660505004295;-0.345198817584646;0
10.69;0.746110202657854;-0.367019940996442;0
10.7;0.742342347749728;-0.388693543036552;0
10.71;0.738358443634853;-0.410213380355939;0
10.72;0.73416005584741;-0.431573266428403;0
10.73;0.729748811524677;-0.452767073307405;0
10.74;0.725126398813396;-0.473788733362295;0
10.75;0.720294566258886;-0.494632240993493;0
10.76;0.715255122177085;-0.515291654326115;0
10.77;0.710009934009768;-0.535761096881591;0
10.78;0.704560927663143;-0.556034759226808;0
10.79;0.698910086830057;-0.576106900600317;0
10.8;0.693059452296051;-0.595971850515166;0
10.81;0.687011121229486;-0.615624010337907;0
10.82;0.680767246455993;-0.635057854843353;0
10.83;0.674330035717485;-0.654267933744657;0
10.84;0.667701750915978;-0.673248873198301;0
10.85;0.660884707342482;-0.691995377283578;0
10.86;0.653881272891209;-0.710502229456178;0
10.87;0.646693867259363;-0.72876429397548;0
10.88;0.63932496113278;-0.746776517305168;0
10.89;0.63177707535768;-0.764533929486802;0
10.9;0.624052780098809;-0.78203164548597;0
10.91;0.616154693984242;-0.799264866510672;0
10.92;0.608085483237129;-0.816228881301588;0
10.93;0.59984786079467;-0.832919067393887;0
10.94;0.591444585414592;-0.849330892350249;0
10.95;0.582878460769435;-0.865459914964787;0
10.96;0.57415233452893;-0.881301786437542;0
10.97;0.565269097430759;-0.896852251519275;0
10.98;0.556231682340011;-0.91210714962623;0
10.99;0.547043063297618;-0.927062415924624;0
11;0.537706254558091;-0.941714082384551;0
11.01;0.528224309616849;-0.956058278803074;0
11.02;0.518600320227459;-0.970091233796226;0
11.03;0.508837415409102;-0.983809275759679;0
11.04;0.498938760444565;-0.997208833797866;0
11.05;0.488907555869089;-1.0102864386213;0
11.06;0.478747036450392;-1.02303872341192;0
11.07;0.468460470160172;-1.03546242465618;0
11.08;0.45805115713744;-1.04755438294582;0
11.09;0.447522428643979;-1.05931154374599;0
11.1;0.436877646012271;-1.07073095813061;0
11.11;0.426120199586226;-1.08180978348487;0
11.12;0.41525350765503;-1.09254528417463;0
11.13;0.404281015380442;-1.10293483218253;0
11.14;0.393206193717891;-1.11297590771088;0
11.15;0.38203253833169;-1.12266609975095;0
11.16;0.370763568504705;-1.13200310661875;0
11.17;0.35940282604282;-1.14098473645708;0
11.18;0.347953874174538;-1.14960890770381;0
11.19;0.336420296446044;-1.15787364952629;0
11.2;0.324805695612081;-1.16577710222182;0
11.21;0.313113692522973;-1.17331751758411;0
11.22;0.30134792500814;-1.18049325923571;0
11.23;0.289512046756432;-1.18730280292635;0
11.24;0.277609726193648;-1.19374473679708;0
11.25;0.265644645357554;-1.1998177616104;0
11.26;0.253620498770762;-1.20552069094613;0
11.27;0.241540992311797;-1.21085245136313;0
11.28;0.229409842084709;-1.21581208252694;0
11.29;0.217230773287554;-1.22039873730325;0
11.3;0.205007519080099;-1.22461168181727;0
11.31;0.192743819451081;-1.22845029547907;0
11.32;0.180443420085377;-1.2319140709749;0
11.33;0.168110071231397;-1.23500261422459;0
11.34;0.155747526569072;-1.23771564430507;0
11.35;0.143359542078744;-1.24005299334009;0
11.36;0.130949874911328;-1.24201460635626;0
11.37;0.118522282260042;-1.24360054110547;0
11.38;0.106080520234089;-1.24481096785387;0
11.39;0.0936283427345768;-1.24564616913744;0
11.4;0.081169500333048;-1.24610653948432;0
11.41;0.0687077391529265;-1.24619258510411;0
11.42;0.0562467997542235;-1.24590492354417;0
11.43;0.0437904160218267;-1.24524428331312;0
11.44;0.0313423140577015;-1.24421150347183;0
11.45;0.0189062110773296;-1.24280753319179;0
11.46;0.00648581431070682;-1.24103343128146;0
11.47;-0.00591518009177543;-1.23889036568036;0
11.48;-0.0182930881482484;-1.23637961292146;0
11.49;-0.0306442391287642;-1.23350255756188;0
11.5;-0.0429649766328601;-1.23026069158216;0
11.51;-0.0552516596609751;-1.22665561375447;0
11.52;-0.0675006636794088;-1.22268902897975;0
11.53;-0.0797083816785142;-1.21836274759427;0
11.54;-0.0918712252238181;-1.2136786846458;0
11.55;-0.103985625499768;-1.20863885913951;0
11.56;-0.116048034345802;-1.20324539325416;0
11.57;-0.128054925284452;-1.19750051152857;0
11.58;-0.140002794541171;-1.1914065400189;0
11.59;-0.15188816205561;-1.18496590542694;0
11.6;-0.163707572484048;-1.17818113419966;0
11.61;-0.175457596192683;-1.17105485160044;0
11.62;-0.187134830241517;-1.16358978075236;0
11.63;-0.198735899358545;-1.15578874165366;0
11.64;-0.210257456903975;-1.14765465016595;0
11.65;-0.22169618582421;-1.13919051697537;0
11.66;-0.233048799595321;-1.13039944652715;0
11.67;-0.244312043155743;-1.1212846359339;0
11.68;-0.255482693827946;-1.11184937385793;0
11.69;-0.266557562228806;-1.10209703936813;0
11.7;-0.277533493168433;-1.09203110077167;0
11.71;-0.288407366537208;-1.08165511442094;0
11.72;-0.299176098180776;-1.07097272349625;0
11.73;-0.309836640762755;-1.05998765676443;0
11.74;-0.320385984614937;-1.04870372731407;0
11.75;-0.330821158574721;-1.03712483126753;0
11.76;-0.341139230809574;-1.02525494647036;0
11.77;-0.351337309628286;-1.01309813115847;0
11.78;-0.361412544278791;-1.00065852260338;0
11.79;-0.371362125732351;-0.987940335736303;0
11.8;-0.381183287453885;-0.974947861751108;0
11.81;-0.390873306158229;-0.961685466686984;0
11.82;-0.400429502552142;-0.948157589991008;0
11.83;-0.409849242061845;-0.93436874306122;0
11.84;-0.419129935545899;-0.920323507770624;0
11.85;-0.428269039993249;-0.906026534972597;0
11.86;-0.437264059206233;-0.891482542988196;0
11.87;-0.446112544468387;-0.876696316075837;0
11.88;-0.454812095196871;-0.861672702883835;0
11.89;-0.46336035957934;-0.846416614886311;0
11.9;-0.471755035195105;-0.830933024802945;0
11.91;-0.479993869620422;-0.815226965003093;0
11.92;-0.488074661017748;-0.799303525894763;0
11.93;-0.495995258708826;-0.783167854298962;0
11.94;-0.503753563731448;-0.766825151809927;0
11.95;-0.511347529379757;-0.750280673141755;0
11.96;-0.518775161727956;-0.733539724461955;0
11.97;-0.526034520137301;-0.716607661712432;0
11.98;-0.533123717746238;-0.699489888918447;0
11.99;-0.540040921943593;-0.682191856486061;0
12;-0.54678435482467;-0.664719059488606;0
12.01;-0.553352293630178;-0.64707703594271;0
12.02;-0.559743071167871;-0.629271365074416;0
12.03;-0.5659550762168;-0.611307665575923;0
12.04;-0.571986753914104;-0.593191593853494;0
12.05;-0.577836606124229;-0.574928842267074;0
12.06;-0.583503191790518;-0.556525137362148;0
12.07;-0.588985127269082;-0.537986238094401;0
12.08;-0.594281086644889;-0.519317934047704;0
12.09;-0.599389802030003;-0.500526043645989;0
12.1;-0.604310063843919;-0.481616412359543;0
12.11;-0.609040721075933;-0.462594910906294;0
12.12;-0.613580681529511;-0.443467433448596;0
12.13;-0.617928912048603;-0.42423989578611;0
12.14;-0.622084438725871;-0.404918233545288;0
12.15;-0.626046347092798;-0.385508400366032;0
12.16;-0.629813782291656;-0.366016366086069;0
12.17;-0.633385949229306;-0.346448114923592;0
12.18;-0.63676211271282;-0.32680964365871;0
12.19;-0.639941597566914;-0.307106959814263;0
12.2;-0.64292378873319;-0.28734607983654;0
12.21;-0.645708131351183;-0.267533027276449;0
12.22;-0.648294130821226;-0.247673830971683;0
12.23;-0.650681352849146;-0.227774523230432;0
12.24;-0.652869423472798;-0.207841138017163;0
12.25;-0.654858029070478;-0.187879709141034;0
12.26;-0.656646916351228;-0.167896268447463;0
12.27;-0.658235892327072;-0.147896844013392;0
12.28;-0.659624824267226;-0.127887458346787;0
12.29;-0.660813639634324;-0.107874126590897;0
12.3;-0.661802326002711;-0.0878628547338126;0
12.31;-0.662590930958852;-0.0678596378238384;0
12.32;-0.663179561983929;-0.0478704581912195;0
12.33;-0.663568386318679;-0.0279012836767322;0
12.34;-0.663757630810564;-0.00795806586766389;0
12.35;-0.663747581743316;0.0119532616583032;0
12.36;-0.663538584648977;0.0318267850807915;0
12.37;-0.66313104410249;0.0516566120755017;0
12.38;-0.66252542349895;0.071436873543554;0
12.39;-0.661722244813602;0.0911617253308952;0
12.4;-0.660722088344696;0.110825349937273;0
12.41;-0.659525592439298;0.130421958214285;0
12.42;-0.658133453202169;0.149945791052007;0
12.43;-0.65654642418784;0.169391121053722;0
12.44;-0.654765316075983;0.188752254198262;0
12.45;-0.652790996330224;0.208023531489489;0
12.46;-0.650624388840521;0.227199330592444;0
12.47;-0.648266473549238;0.24627406745569;0
12.48;-0.645718286061062;0.265242197919394;0
12.49;-0.642980917236902;0.284098219308686;0
12.5;-0.64005551277193;0.302836672011847;0
12.51;-0.6369432727579;0.32145214104287;0
12.52;-0.633645451229923;0.339939257587964;0
12.53;-0.630163355697839;0.358292700535559;0
12.54;-0.626498346662381;0.376507197989377;0
12.55;-0.622651837116267;0.394577528764157;0
12.56;-0.618625292030434;0.4124985238636;0
12.57;-0.614420227825555;0.43026506794014;0
12.58;-0.610038211829058;0.447872100736114;0
12.59;-0.605480861717808;0.46531461850595;0
12.6;-0.600749844946658;0.482587675418961;0
12.61;-0.595846878163058;0.499686384942379;0
12.62;-0.590773726607933;0.516605921204227;0
12.63;-0.585532203503006;0.533341520335672;0
12.64;-0.580124169424815;0.549888481792477;0
12.65;-0.574551531665588;0.566242169655211;0
12.66;-0.568816243581231;0.582398013907839;0
12.67;-0.562920303926617;0.59835151169437;0
12.68;-0.556865756178412;0.614098228553211;0
12.69;-0.550654687845662;0.629633799628891;0
12.7;-0.544289229768361;0.644953930860845;0
12.71;-0.537771555404239;0.660054400148932;0
12.72;-0.531103880103998;0.674931058495376;0
12.73;-0.524288460375241;0.689579831122832;0
12.74;-0.517327593135319;0.703996718568285;0
12.75;-0.510223614953361;0.718177797752488;0
12.76;-0.502978901281711;0.732119223024671;0
12.77;-0.495595865677034;0.745817227182237;0
12.78;-0.48807695901134;0.7592681224652;0
12.79;-0.480424668673176;0.772468301525085;0
12.8;-0.472641517759244;0.785414238368079;0
12.81;-0.464730064256708;0.798102489272154;0
12.82;-0.456692900216445;0.810529693677964;0
12.83;-0.448532650917504;0.822692575053279;0
12.84;-0.440251974023045;0.834587941730745;0
12.85;-0.431853558728019;0.846212687718764;0
12.86;-0.423340124898859;0.857563793485301;0
12.87;-0.414714422205461;0.868638326714423;0
12.88;-0.405979229245715;0.879433443035399;0
12.89;-0.397137352662877;0.889946386724176;0
12.9;-0.388191626256044;0.900174491377088;0
12.91;-0.379144910084027;0.910115180556621;0
12.92;-0.370000089562878;0.919765968409109;0
12.93;-0.360760074557384;0.929124460254207;0
12.94;-0.35142779846678;0.938188353146029;0
12.95;-0.342006217304986;0.946955436405817;0
12.96;-0.332498308775643;0.955423592126038;0
12.97;-0.322907071342238;0.963590795645807;0
12.98;-0.313235523293602;0.971455115997538;0
12.99;-0.303486701805078;0.979014716324748;0
13;-0.293663661995629;0.986267854270924;0
13.01;-0.283769475981202;0.993212882339401;0
13.02;-0.273807231924612;0.999848248224182;0
13.03;-0.263780033082254;1.00617249511166;0
13.04;-0.253690996847932;1.01218426195319;0
13.05;-0.243543253794086;1.01788228370848;0
13.06;-0.233339946710723;1.02326539155982;0
13.07;-0.223084229642332;1.02833251309706;0
13.08;-0.212779266923087;1.03308267247335;0
13.09;-0.202428232210618;1.03751499053176;0
13.1;-0.192034307518648;1.04162868490259;0
13.11;-0.181600682248794;1.04542307007158;0
13.12;-0.17113055222181;1.04889755741891;0
13.13;-0.160627118708575;1.05205165522915;0
13.14;-0.15009358746111;1.05488496867206;0
13.15;-0.139533167743921;1.05739719975449;0
13.16;-0.128949071365951;1.05958814724322;0
13.17;-0.118344511713429;1.06145770655904;0
13.18;-0.107722702783922;1.06300586964193;0
13.19;-0.0970868582218466;1.06423272478762;0
13.2;-0.0864401903557552;1.0651384564555;0
13.21;-0.0757859092376695;1.06572334504809;0
13.22;-0.0651272216847451;1.06598776666205;0
13.23;-0.0544673303235543;1.06593219281099;0
13.24;-0.0438094326372674;1.06555719012016;0
13.25;-0.0331567200160137;1.06486341999309;0
13.26;-0.0225123768107004;1.06385163825047;0
13.27;-0.0118795793905683;1.0625226947413;0
13.28;-0.00126149520475949;1.06087753292652;0
13.29;0.0093387181518277;1.05891718943536;0
13.3;0.019917913868125;1.05664279359441;0
13.31;0.0304729568416501;1.05405556692981;0
13.32;0.0410007245981626;1.05115682264264;0
13.33;0.0514981082059557;1.04794796505767;0
13.34;0.0619620131845151;1.04443048904582;0
13.35;0.0723893604072853;1.04060597942046;0
13.36;0.0827770869982822;1.03647611030769;0
13.37;0.0931221472222924;1.03204264449108;0
13.38;0.103421513368405;1.02730743273084;0
13.39;0.113672176626622;1.02227241305786;0
13.4;0.123871147957297;1.01693961004274;0
13.41;0.134015458953151;1.0113111340402;0
13.42;0.144102162693623;1.00538918040906;0
13.43;0.154128334591315;0.999176028708013;0
13.44;0.164091073230282;0.992674041867624;0
13.45;0.173987501195937;0.985885665338732;0
13.46;0.183814765896338;0.978813426217562;0
13.47;0.193570040374617;0.971459932347887;0
13.48;0.203250524112338;0.963827871400517;0
13.49;0.212853443823535;0.955920009930449;0
13.5;0.222376054239237;0.947739192411985;0
13.51;0.231815638882234;0.939288340252156;0
13.52;0.241169510831889;0.930570450782772;0
13.53;0.250435013478772;0.921588596231459;0
13.54;0.259609521268911;0.912345922671997;0
13.55;0.268690440437455;0.902845648954342;0
13.56;0.277675209731549;0.893091065614658;0
13.57;0.286561301122216;0.88308553376574;0
13.58;0.295346220505064;0.872832483968193;0
13.59;0.304027508389611;0.862335415082719;0
13.6;0.312602740577052;0.851597893103919;0
13.61;0.321069528826288;0.840623549975963;0
13.62;0.329425521508024;0.829416082390535;0
13.63;0.337668404246772;0.817979250567426;0
13.64;0.345795900550579;0.80631687701819;0
13.65;0.353805772428325;0.794432845293247;0
13.66;0.361695820994413;0.782331098712836;0
13.67;0.369463887060695;0.770015639082247;0
13.68;0.377107851715487;0.757490525391718;0
13.69;0.384625636889516;0.744759872501426;0
13.7;0.392015205908641;0.731827849811996;0
13.71;0.399274564033232;0.71869867992094;0
13.72;0.406401758984035;0.705376637265464;0
13.73;0.413394881454415;0.691866046752061;0
13.74;0.42025206560884;0.67817128237334;0
13.75;0.426971489567463;0.664296765812509;0
13.76;0.433551375876713;0.650246965035967;0
13.77;0.439989991965746;0.636026392874438;0
13.78;0.446285650588664;0.621639605593095;0
13.79;0.452436710252388;0.607091201451123;0
13.8;0.458441575630075;0.59238581925117;0
13.81;0.464298697959994;0.577528136879134;0
13.82;0.470006575429748;0.562522869834748;0
13.83;0.475563753545776;0.547374769753414;0
13.84;0.480968825488016;0.532088622919744;0
13.85;0.486220432449689;0.516669248773271;0
13.86;0.491317263962093;0.50112149840679;0
13.87;0.49625805820435;0.485450253057788;0
13.88;0.501041602298044;0.469660422593438;0
13.89;0.505666732586678;0.453756943989603;0
13.9;0.510132334899894;0.437744779804341;0
13.91;0.514437344802408;0.421628916646357;0
13.92;0.518580747827607;0.405414363638877;0
13.93;0.522561579695768;0.389106150879418;0
13.94;0.526378926516854;0.372709327895919;0
13.95;0.530031924977861;0.356228962099689;0
13.96;0.533519762514679;0.33967013723567;0
13.97;0.536841677468445;0.323037951830455;0
13.98;0.53999695922637;0.306337517638548;0
13.99;0.542984948347023;0.289573958087325;0
14;0.545805036670056;0.272752406721175;0
14.01;0.548456667410372;0.255878005645275;0
14.02;0.55093933523673;0.238955903969479;0
14.03;0.553252586334793;0.221991256252778;0
14.04;0.555396018454622;0.204989220948803;0
14.05;0.557369280942629;0.187954958852831;0
14.06;0.55917207475802;0.170893631550756;0
14.07;0.560804152473722;0.153810399870493;0
14.08;0.562265318261849;0.136710422336266;0
14.09;0.563555427863721;0.11959885362625;0
14.1;0.564674388544478;0.102480843034005;0
14.11;0.565622159032324;0.0853615329341831;0
14.12;0.566398749442449;0.0682460572529346;0
14.13;0.567004221185685;0.0511395399434811;0
14.14;0.56743868686193;0.0340470934672975;0
14.15;0.567702310138426;0.0169738172813477;0
14.16;0.567795305612924;-7.5203668179754e-05;0
14.17;0.567717938661825;-0.0170949004451993;0
14.18;0.567470525273359;-0.0340802216156782;0
14.19;0.567053431865882;-0.0510261347317774;0
14.2;0.56646707509136;-0.0679276278077489;0
14.21;0.565711921624144;-0.0847797107871637;0
14.22;0.564788487935103;-0.101577417001044;0
14.23;0.563697340051226;-0.118315804616481;0
14.24;0.562439093300775;-0.134989958075312;0
14.25;0.561014412044107;-0.151594989522458;0
14.26;0.559424009390249;-0.168126040223491;0
14.27;0.557668646899358;-0.18457828197105;0
14.28;0.555749134271161;-0.200946918479671;0
14.29;0.553666329019504;-0.217227186768671;0
14.3;0.551421136133127;-0.233414358532652;0
14.31;0.549014507722789;-0.249503741499271;0
14.32;0.546447442654878;-0.265490680773868;0
14.33;0.543720986171631;-0.281370560170577;0
14.34;0.540836229498106;-0.29713880352955;0
14.35;0.537794309436051;-0.31279087601992;0
14.36;0.534596407944798;-0.328322285428128;0
14.37;0.531243751709355;-0.34372858343127;0
14.38;0.527737611695817;-0.359005366855095;0
14.39;0.524079302694285;-0.374148278916304;0
14.4;0.520270182849417;-0.389153010448813;0
14.41;0.516311653178803;-0.404015301113633;0
14.42;0.512205157079308;-0.418730940592033;0
14.43;0.507952179821565;-0.433295769761657;0
14.44;0.503554248032781;-0.447705681855277;0
14.45;0.499012929168036;-0.461956623601861;0
14.46;0.494329830970252;-0.476044596349633;0
14.47;0.489506600919016;-0.489965657170848;0
14.48;0.484544925668433;-0.503715919947948;0
14.49;0.47944653047421;-0.517291556440831;0
14.5;0.474213178610145;-0.530688797334935;0
14.51;0.468846670774228;-0.543903933269855;0
14.52;0.463348844484546;-0.556933315848219;0
14.53;0.457721573465182;-0.569773358624562;0
14.54;0.451966767022322;-0.582420538073923;0
14.55;0.446086369410766;-0.594871394539921;0
14.56;0.440082359191054;-0.607122533162054;0
14.57;0.433956748577409;-0.619170624781978;0
14.58;0.427711582776719;-0.631012406828541;0
14.59;0.421348939318756;-0.642644684181332;0
14.6;0.414870927377866;-0.654064330012521;0
14.61;0.408279687086333;-0.665268286606792;0
14.62;0.40157738883965;-0.676253566159141;0
14.63;0.394766232593901;-0.687017251550347;0
14.64;0.387848447155502;-0.697556497099928;0
14.65;0.380826289463505;-0.707868529296382;0
14.66;0.373702043864709;-0.717950647504541;0
14.67;0.366478021381796;-0.727800224649864;0
14.68;0.359156558974731;-0.737414707879507;0
14.69;0.351740018795658;-0.746791619199999;0
14.7;0.344230787437521;-0.755928556091395;0
14.71;0.336631275176653;-0.764823192097735;0
14.72;0.328943915209565;-0.773473277393704;0
14.73;0.321171162884182;-0.781876639327328;0
14.74;0.31331549492575;-0.790031182938621;0
14.75;0.305379408657675;-0.79793489145404;0
14.76;0.297365421217521;-0.805585826756661;0
14.77;0.289276068768419;-0.812982129831963;0
14.78;0.281113905706124;-0.820122021189137;0
14.79;0.272881503861976;-0.827003801257829;0
14.8;0.264581451701998;-0.833625850760254;0
14.81;0.256216353522389;-0.839986631058589;0
14.82;0.247788828641648;-0.846084684477602;0
14.83;0.239301510589591;-0.851918634602465;0
14.84;0.230757046293498;-0.85748718655168;0
14.85;0.222158095261641;-0.862789127225109;0
14.86;0.213507328764448;-0.86782332552706;0
14.87;0.204807429013544;-0.872588732564401;0
14.88;0.196061088338931;-0.877084381819703;0
14.89;0.187271008364535;-0.881309389299383;0
14.9;0.178439899182401;-0.885262953656864;0
14.91;0.169570478525755;-0.888944356290737;0
14.92;0.160665470941207;-0.892352961417966;0
14.93;0.151727606960324;-0.895488216122127;0
14.94;0.142759622270845;-0.898349650376732;0
14.95;0.133764256887761;-0.900936877043666;0
14.96;0.124744254324537;-0.903249591846774;0
14.97;0.115702360764696;-0.905287573320663;0
14.98;0.106641324234035;-0.907050682734763;0
14.99;0.0975638937737131;-0.908538863992715;0
15;0.0884728186144452;-0.909752143507171;0
15.01;0.0793708473520711;-0.91069063005007;0
15.02;0.0702607271247243;-0.911354514578481;0
15.03;0.0611452027918535;-0.911744070036115;0
15.04;0.0520270161153393;-0.911859651130599;0
15.05;0.0429089049429457;-0.911701694086623;0
15.06;0.0337936023943482;-0.911270716375076;0
15.07;0.0246838360499793;-0.910567316418296;0
15.08;0.0155823271429271;-0.909592173271553;0
15.09;0.00649178975412665;-0.908346046280918;0
15.1;-0.00258506998892245;-0.906829774717645;0
15.11;-0.0116455547096767;-0.905044277389229;0
15.12;-0.0206869765760754;-0.902990552227282;0
15.13;-0.0297066580898432;-0.900669675852409;0
15.14;-0.0387019328713373;-0.898082803116239;0
15.15;-0.047670146439714;-0.89523116662079;0
15.16;-0.0566086569881866;-0.892116076215359;0
15.17;-0.0655148361541525;-0.888738918471116;0
15.18;-0.0743860697839663;-0.885101156133607;0
15.19;-0.0832197586921391;-0.881204327553365;0
15.2;-0.0920133194147467;-0.877050046094825;0
15.21;-0.100764184956829;-0.872639999523786;0
15.22;-0.10946980553357;-0.867975949373609;0
15.23;-0.118127649305044;-0.863059730290397;0
15.24;-0.126735203104318;-0.857893249357386;0
15.25;-0.135289973158708;-0.852478485398782;0
15.26;-0.143789485803985;-0.846817488263285;0
15.27;-0.152231288191315;-0.840912378087561;0
15.28;-0.160612948986758;-0.834765344539904;0
15.29;-0.168932059063102;-0.828378646044363;0
15.3;-0.177186232183867;-0.821754608985581;0
15.31;-0.185373105679255;-0.814895626894641;0
15.32;-0.193490341113883;-0.807804159616173;0
15.33;-0.201535624946109;-0.800482732457022;0
15.34;-0.209506669178747;-0.792933935316749;0
15.35;-0.217401212001021;-0.785160421800273;0
15.36;-0.225217018421562;-0.777164908312931;0
15.37;-0.232951880892271;-0.768950173138279;0
15.38;-0.240603619922896;-0.760519055498922;0
15.39;-0.248170084686126;-0.75187445460069;0
15.4;-0.255649153613071;-0.743019328660487;0
15.41;-0.263038734978933;-0.733956693918107;0
15.42;-0.270336767478732;-0.724689623632363;0
15.43;-0.277541220792923;-0.715221247061854;0
15.44;-0.284650096142751;-0.705554748430685;0
15.45;-0.291661426835197;-0.695693365879499;0
15.46;-0.298573278797371;-0.685640390402146;0
15.47;-0.30538375110021;-0.675399164768333;0
15.48;-0.312090976471331;-0.66497308243261;0
15.49;-0.318693121796929;-0.654365586430036;0
15.5;-0.32518838861256;-0.64358016825888;0
15.51;-0.331575013582699;-0.632620366750717;0
15.52;-0.337851268968945;-0.621489766928272;0
15.53;-0.344015463086748;-0.61019199885139;0
15.54;-0.350065940750544;-0.59873073645148;0
15.55;-0.356001083707187;-0.587109696354815;0
15.56;-0.361819311057559;-0.575332636695056;0
15.57;-0.367519079666266;-0.563403355915377;0
15.58;-0.373098884559301;-0.55132569156056;0
15.59;-0.378557259309592;-0.539103519059449;0
15.6;-0.383892776410332;-0.526740750498139;0
15.61;-0.389104047635992;-0.514241333384289;0
15.62;-0.394189724390947;-0.50160924940293;0
15.63;-0.399148498045623;-0.488848513164181;0
15.64;-0.403979100260084;-0.475963170943237;0
15.65;-0.408680303294982;-0.462957299413031;0
15.66;-0.413250920309809;-0.44983500436997;0
15.67;-0.417689805648371;-0.436600419453123;0
15.68;-0.421995855111431;-0.423257704857267;0
15.69;-0.426168006216452;-0.409811046040187;0
15.7;-0.430205238444389;-0.396264652424618;0
15.71;-0.434106573473482;-0.382622756095241;0
15.72;-0.437871075399991;-0.368889610491124;0
15.73;-0.441497850945844;-0.355069489094008;0
15.74;-0.444986049653144;-0.341166684112835;0
15.75;-0.448334864065511;-0.327185505164932;0
15.76;-0.451543529896221;-0.313130277954238;0
15.77;-0.454611326183112;-0.299005342946979;0
15.78;-0.457537575430241;-0.284815054045199;0
15.79;-0.460321643736264;-0.27056377725854;0
15.8;-0.462962940909534;-0.256255889374672;0
15.81;-0.465460920569894;-0.241895776628789;0
15.82;-0.467815080237157;-0.227487833372543;0
15.83;-0.470024961406288;-0.213036460742848;0
15.84;-0.472090149609262;-0.198546065330928;0
15.85;-0.474010274463621;-0.184021057852022;0
15.86;-0.475785009707733;-0.16946585181614;0
15.87;-0.477414073222761;-0.154884862200259;0
15.88;-0.478897227041367;-0.14028250412237;0
15.89;-0.48023427734316;-0.125663191517758;0
15.9;-0.481425074436925;-0.111031335817909;0
15.91;-0.482469512729648;-0.0963913446324396;0
15.92;-0.483367530682381;-0.0817476204344432;0
15.93;-0.484119110752973;-0.0671045592496253;0
15.94;-0.484724279325713;-0.0524665493496325;0
15.95;-0.485183106627928;-0.0378379699499475;0
15.96;-0.485495706633573;-0.0232231899127385;0
15.97;-0.48566223695389;-0.00862656645504073;0
15.98;-0.485682898715157;0.00594755613735116;0
15.99;-0.485557936423613;0.0204948477899035;0
16;-0.485287637817609;0.0350109939129045;0
16.01;-0.484872333707053;0.0494916966681944;0
16.02;-0.484312397800219;0.0639326762286975;0
16.03;-0.483608246518002;0.0783296720303896;0
16.04;-0.482760338795674;0.0926784440163401;0
16.05;-0.481769175872252;0.106974773872469;0
16.06;-0.480635301067536;0.121214466254661;0
16.07;-0.479359299546923;0.135393350006888;0
16.08;-0.477941798074078;0.149507279369983;0
16.09;-0.476383464751559;0.163552135180729;0
16.1;-0.474685008749504;0.177523826060908;0
16.11;-0.472847180022461;0.191418289595986;0
16.12;-0.470870769014492;0.205231493503081;0
16.13;-0.468756606352639;0.218959436787897;0
16.14;-0.466505562528873;0.232598150890292;0
16.15;-0.46411854757064;0.246143700818149;0
16.16;-0.461596510700125;0.259592186269238;0
16.17;-0.458940439982346;0.272939742740755;0
16.18;-0.456151361962219;0.286182542626219;0
16.19;-0.453230341290698;0.299316796299423;0
16.2;-0.450178480340149;0.31233875318514;0
16.21;-0.446996918809072;0.325244702816282;0
16.22;-0.443686833316308;0.338030975877217;0
16.23;-0.440249436984888;0.35069394523296;0
16.24;-0.436685979015642;0.363230026943951;0
16.25;-0.432997744250736;0.375635681266141;0
16.26;-0.429186052727269;0.387907413636104;0
16.27;-0.425252259221093;0.400041775640925;0
16.28;-0.421197752780996;0.412035365972579;0
16.29;-0.417023956253419;0.423884831366548;0
16.3;-0.412732325797854;0.435586867524429;0
16.31;-0.408324350393095;0.447138220020276;0
16.32;-0.403801551334489;0.45853568519043;0
16.33;-0.399165481722375;0.469776111006614;0
16.34;-0.394417725941863;0.480856397932035;0
16.35;-0.389559899134128;0.491773499760294;0
16.36;-0.384593646659398;0.502524424436854;0
16.37;-0.379520643551798;0.513106234862877;0
16.38;-0.374342593966249;0.523516049681196;0
16.39;-0.369061230617573;0.53375104404423;0
16.4;-0.363678314212015;0.543808450363644;0
16.41;-0.358195632871339;0.553685559041548;0
16.42;-0.352615001549708;0.563379719183067;0
16.43;-0.34693826144351;0.572888339290076;0
16.44;-0.341167279394341;0.582208887935951;0
16.45;-0.335303947285328;0.591338894421147;0
16.46;-0.329350181430971;0.600275949409446;0
16.47;-0.323307921960725;0.609017705544713;0
16.48;-0.317179132196493;0.617561878048025;0
16.49;-0.310965798024239;0.625906245295002;0
16.5;-0.304669927259921;0.634048649373225;0
16.51;-0.298293549009931;0.641986996619588;0
16.52;-0.291838713026263;0.649719258137476;0
16.53;-0.285307489056593;0.657243470293634;0
16.54;-0.278701966189487;0.664557735194622;0
16.55;-0.272024252194929;0.671660221142742;0
16.56;-0.265276472860393;0.678549163071342;0
16.57;-0.258460771322646;0.685222862959393;0
16.58;-0.251579307395507;0.691679690225262;0
16.59;-0.244634256893753;0.697918082099592;0
16.6;-0.237627810953396;0.703936543977205;0
16.61;-0.23056217534854;0.70973364974798;0
16.62;-0.223439569805014;0.715308042106623;0
16.63;-0.216262227311006;0.720658432841279;0
16.64;-0.209032393424914;0.725783603100937;0
16.65;-0.201752325580608;0.73068240364159;0
16.66;-0.194424292390332;0.735353755051097;0
16.67;-0.187050572945448;0.739796647952732;0
16.68;-0.179633456115252;0.744010143187388;0
16.69;-0.172175239844049;0.747993371974417;0
16.7;-0.164678230446726;0.751745536051101;0
16.71;-0.157144741903026;0.755265907790741;0
16.72;-0.149577095150729;0.758553830299373;0
16.73;-0.141977617377975;0.761608717491109;0
16.74;-0.134348641314919;0.76443005414213;0
16.75;-0.126692504524943;0.76701739592334;0
16.76;-0.119011548695647;0.769370369411714;0
16.77;-0.111308118929809;0.77148867208037;0
16.78;-0.103584563036551;0.773372072267411;0
16.79;-0.0958432308229034;0.775020409123571;0
16.8;-0.0880864733859945;0.776433592538728;0
16.81;-0.0803166424060667;0.777611603047342;0
16.82;-0.0725360894405331;0.778554491712872;0
16.83;-0.064747165219285;0.779262379991252;0
16.84;-0.0569522189414577;0.779735459573506;0
16.85;-0.0491535975738649;0.779973992207572;0
16.86;-0.041353645151307;0.779978309499439;0
16.87;-0.0335547020789613;0.779748812693678;0
16.88;-0.0257591044370593;0.779285972433482;0
16.89;-0.0179691832880551;0.778590328500312;0
16.9;-0.0101872639864891;0.777662489533263;0
16.91;-0.00241566549174835;0.776503132728281;0
16.92;0.00534330031607445;0.775113003517332;0
16.93;0.0130873293170244;0.773492915227681;0
16.94;0.0208141258286315;0.771643748721399;0
16.95;0.0285214032795641;0.769566452015242;0
16.96;0.0362068848793937;0.76726203988106;0
16.97;0.0438683042842766;0.764731593426877;0
16.98;0.05150340625836;0.761976259658806;0
16.99;0.0591099473307219;0.758997251023967;0
17;0.0666856964476545;0.755795844934573;0
17.01;0.0742284356201051;0.752373383273354;0
17.02;0.081735960566088;0.748731271880516;0
17.03;0.0892060813478828;0.744870980022399;0
17.04;0.0966366230038386;0.740794039842044;0
17.05;0.104025426174602;0.73650204579185;0
17.06;0.111370347723594;0.731996654048532;0
17.07;0.118669261351553;0.727279581910582;0
17.08;0.125920058204981;0.722352607178443;0
17.09;0.13312064747831;0.717217567517608;0
17.1;0.140268957009622;0.711876359804878;0
17.11;0.147362933869764;0.706330939457982;0
17.12;0.154400544944675;0.700583319748814;0
17.13;0.161379777510781;0.694635571100498;0
17.14;0.168298639803283;0.688489820368532;0
17.15;0.175155161577193;0.682148250106256;0
17.16;0.181947394660943;0.675613097814879;0
17.17;0.188673413502438;0.668886655178328;0
17.18;0.195331315707386;0.66197126728317;0
17.19;0.201919222569755;0.654869331823868;0
17.2;0.208435279594227;0.647583298293627;0
17.21;0.21487765701049;0.640115667161115;0
17.22;0.221244550279237;0.632468989033301;0
17.23;0.227534180589733;0.624645863804723;0
17.24;0.233744795348812;0.616648939793426;0
17.25;0.239874668661176;0.608480912863882;0
17.26;0.245922101800867;0.600144525537156;0
17.27;0.251885423673779;0.59164256608862;0
17.28;0.2577629912711;0.582977867633505;0
17.29;0.263553190113552;0.574153307200575;0
17.3;0.269254434686309;0.565171804794238;0
17.31;0.2748651688645;0.556036322445384;0
17.32;0.280383866329157;0.546749863251251;0
17.33;0.285809030973518;0.53731547040464;0
17.34;0.291139197299579;0.527736226212773;0
17.35;0.296372930804785;0.518015251106117;0
17.36;0.301508828358764;0.508155702637476;0
17.37;0.306545518570015;0.498160774471683;0
17.38;0.311481662142448;0.488033695366205;0
17.39;0.316315952221685;0.477777728142968;0
17.4;0.321047114731057;0.467396168651755;0
17.41;0.325673908697178;0.456892344725468;0
17.42;0.330195126565051;0.446269615127614;0
17.43;0.334609594502611;0.43553136849232;0
17.44;0.33891617269463;0.42468102225721;0
17.45;0.343113755625933;0.413722021589496;0
17.46;0.347201272353827;0.402657838305594;0
17.47;0.351177686769718;0.391491969784605;0
17.48;0.355041997849821;0.380227937876009;0
17.49;0.358793239894931;0.368869287801897;0
17.5;0.362430482759191;0.357419587054081;0
17.51;0.365952832067804;0.345882424286429;0
17.52;0.369359429423659;0.33426140820276;0
17.53;0.372649452602805;0.322560166440632;0
17.54;0.375822115738755;0.310782344451382;0
17.55;0.378876669495571;0.29893160437675;0
17.56;0.381812401229699;0.287011623922425;0
17.57;0.384628635140532;0.275026095228866;0
17.58;0.387324732409667;0.262978723739734;0
17.59;0.389900091328836;0.250873227068287;0
17.6;0.392354147416494;0.238713333862065;0
17.61;0.394686373523052;0.226502782666231;0
17.62;0.396896279924727;0.214245320785885;0
17.63;0.398983414406029;0.201944703147721;0
17.64;0.400947362330841;0.189604691161346;0
17.65;0.402787746702136;0.177229051580615;0
17.66;0.404504228210289;0.164821555365326;0
17.67;0.406096505270018;0.152385976543604;0
17.68;0.407564314045953;0.139926091075321;0
17.69;0.408907428466843;0.127445675716898;0
17.7;0.410125660228419;0.114948506887808;0
17.71;0.411218858784932;0.102438359539138;0
17.72;0.412186911329386;0.0899190060245286;0
17.73;0.413029742762491;0.0773942149738365;0
17.74;0.413747315650371;0.064867750169849;0
17.75;0.414339630171048;0.0523433694283801;0
17.76;0.414806724049746;0.0398248234820816;0
17.77;0.415148672483054;0.0273158548682949;0
17.78;0.415365588051983;0.0148201968212715;0
17.79;0.415457620623964;0.00234157216908564;0
17.8;0.415424957243847;-0.0101163077644375;0
17.81;0.41526782201393;-0.0225497442524581;0
17.82;0.414986475963098;-0.034955052252204;0
17.83;0.414581216905107;-0.0473285614860822;0
17.84;0.414052379286095;-0.059666617516507;0
17.85;0.413400334021367;-0.0719655828141318;0
17.86;0.412625488321531;-0.0842218378191772;0
17.87;0.411728285508053;-0.0964317819955485;0
17.88;0.410709204818302;-0.108591834877438;0
17.89;0.409568761200171;-0.120698437108115;0
17.9;0.408307505096337;-0.132748051470596;0
17.91;0.406926022218255;-0.144737163909919;0
17.92;0.405424933309978;-0.156662284546704;0
17.93;0.40380489390186;-0.168519948681733;0
17.94;0.402066594054281;-0.180306717791256;0
17.95;0.400210758091438;-0.192019180512735;0
17.96;0.39823814432534;-0.203653953620754;0
17.97;0.396149544770077;-0.215207682992821;0
17.98;0.393945784846487;-0.226677044564779;0
17.99;0.391627723077312;-0.238058745275574;0
18;0.38919625077295;-0.249349524001094;0
18.01;0.386652291707933;-0.260546152476842;0
18.02;0.383996801788212;-0.271645436209164;0
18.03;0.381230768709399;-0.282644215374791;0
18.04;0.378355211606051;-0.293539365708445;0
18.05;0.375371180692148;-0.304327799378255;0
18.06;0.37227975689286;-0.315006465848751;0
18.07;0.369082051467747;-0.325572352731195;0
18.08;0.365779205625516;-0.336022486621011;0
18.09;0.362372390130452;-0.346353933922097;0
18.1;0.358862804900681;-0.356563801657783;0
18.11;0.35525167859837;-0.366649238268218;0
18.12;0.351540268212023;-0.376607434393974;0
18.13;0.347729858631005;-0.386435623645653;0
18.14;0.343821762212425;-0.396131083359289;0
18.15;0.339817318340538;-0.405691135337347;0
18.16;0.335717892978803;-0.415113146575116;0
18.17;0.331524878214733;-0.424394529972307;0
18.18;0.327239691797711;-0.433532745029675;0
18.19;0.322863776669894;-0.442525298530461;0
18.2;0.318398600490385;-0.451369745206501;0
18.21;0.3138456551528;-0.460063688388812;0
18.22;0.309206456296408;-0.468604780642496;0
18.23;0.304482542810995;-0.476990724385783;0
18.24;0.2996754763356;-0.485219272493084;0
18.25;0.294786840751302;-0.493288228881865;0
18.26;0.28981824166821;-0.501195449083225;0
18.27;0.284771305906814;-0.508938840796013;0
18.28;0.279647680973883;-0.516516364424359;0
18.29;0.274449034533046;-0.523926033598483;0
18.3;0.269177053870254;-0.53116591567865;0
18.31;0.263833445354276;-0.538234132242155;0
18.32;0.258419933892395;-0.545128859553219;0
18.33;0.25293826238149;-0.551848329015687;0
18.34;0.247390191154666;-0.558390827608412;0
18.35;0.241777497423611;-0.564754698303237;0
18.36;0.236101974716844;-0.570938340465475;0
18.37;0.230365432314048;-0.576940210236795;0
18.38;0.224569694676645;-0.582758820900427;0
18.39;0.218716600874803;-0.588392743228614;0
18.4;0.212808004011051;-0.593840605812234;0
18.41;0.20684577064067;-0.599101095372526;0
18.42;0.200831780189054;-0.604172957054848;0
18.43;0.194767924366218;-0.609054994704421;0
18.44;0.188656106578616;-0.613746071124008;0
18.45;0.182498241338483;-0.618245108313468;0
18.46;0.176296253670842;-0.622551087691157;0
18.47;0.170052078518399;-0.626663050297143;0
18.48;0.163767660144472;-0.630580096978189;0
18.49;0.157444951534162;-0.634301388554497;0
18.5;0.151085913793934;-0.637826145968189;0
18.51;0.144692515549796;-0.641153650413504;0
18.52;0.138266732344262;-0.644283243448719;0
18.53;0.131810546032272;-0.647214327089771;0
18.54;0.125325944176265;-0.649946363885611;0
18.55;0.118814919440571;-0.652478876975266;0
18.56;0.112279468985328;-0.654811450126656;0
18.57;0.105721593860079;-0.656943727757156;0
18.58;0.0991432983972562;-0.658875414935956;0
18.59;0.0925465896057162;-0.660606277368224;0
18.6;0.0859334765645202;-0.662136141361128;0
18.61;0.0793059698171325;-0.663464893771746;0
18.62;0.0726660807662221;-0.664592481936917;0
18.63;0.0660158210692478;-0.665518913585084;0
18.64;0.0593572020350038;-0.66624425673018;0
18.65;0.052692234021309;-0.666768639547634;0
18.66;0.0460229258340147;-0.66709225023255;0
18.67;0.0393512841275122;-0.667215336840138;0
18.68;0.032679312806914;-0.667138207108478;0
18.69;0.0260090124320876;-0.666861228263699;0
18.7;0.0193423796237164;-0.666384826807653;0
18.71;0.0126814064715612;-0.665709488288201;0
18.72;0.00602807994509809;-0.664835757052173;0
18.73;-0.000615618693296513;-0.66376423598115;0
18.74;-0.00724771447244159;-0.66249558621013;0
18.75;-0.0138662392935572;-0.661030526829239;0
18.76;-0.0204692325084115;-0.659369834568561;0
18.77;-0.0270547414942404;-0.657514343466248;0
18.78;-0.0336208222252736;-0.655464944520009;0
18.79;-0.0401655398407014;-0.653222585322135;0
18.8;-0.0466869692089182;-0.650788269678176;0
18.81;-0.053183195487879;-0.648163057209432;0
18.82;-0.0596523146814098;-0.645348062939387;0
18.83;-0.0660924341913091;-0.642344456864255;0
18.84;-0.0725016733650855;-0.63915346350778;0
18.85;-0.0788781640391718;-0.635776361460456;0
18.86;-0.0852200510774625;-0.632214482903336;0
18.87;-0.0915254929050203;-0.62846921311659;0
18.88;-0.0977926620368003;-0.624541989972993;0
18.89;-0.104019745601242;-0.62043430341652;0
18.9;-0.110204945858581;-0.616147694926226;0
18.91;-0.116346480713734;-0.611683756965597;0
18.92;-0.122442584223611;-0.607044132417571;0
18.93;-0.128491507098717;-0.60223051400541;0
18.94;-0.134491517198897;-0.59724464369963;0
18.95;-0.140440900023091;-0.592088312111187;0
18.96;-0.146337959192953;-0.586763357871125;0
18.97;-0.152181016930217;-0.581271666996899;0
18.98;-0.157968414527659;-0.575615172245577;0
18.99;-0.163698512813533;-0.569795852454147;0
19;-0.169369692609358;-0.563815731867145;0
19.01;-0.174980355180921;-0.557676879451824;0
19.02;-0.180528922682376;-0.551381408201096;0
19.03;-0.186013838593321;-0.544931474424476;0
19.04;-0.19143356814873;-0.538329277027259;0
19.05;-0.196786598761624;-0.531577056778162;0
19.06;-0.202071440438368;-0.524677095565689;0
19.07;-0.207286626186482;-0.517631715643433;0
19.08;-0.212430712414857;-0.510443278864585;0
19.09;-0.217502279326266;-0.503114185905884;0
19.1;-0.222499931302069;-0.495646875481264;0
19.11;-0.227422297279011;-0.488043823545452;0
19.12;-0.232268031118008;-0.480307542487768;0
19.13;-0.237035811964832;-0.472440580316392;0
19.14;-0.241724344602593;-0.464445519833356;0
19.15;-0.246332359795932;-0.456324977800521;0
19.16;-0.250858614626834;-0.448081604096808;0
19.17;-0.255301892821976;-0.439718080866958;0
19.18;-0.259661005071523;-0.431237121662068;0
19.19;-0.263934789339295;-0.422641470572206;0
19.2;-0.268122111164225;-0.41393390135135;0
19.21;-0.272221863953035;-0.405117216534948;0
19.22;-0.276232969264049;-0.396194246550358;0
19.23;-0.280154377082089;-0.387167848820464;0
19.24;-0.28398506608437;-0.378040906860735;0
19.25;-0.287724043897338;-0.36881632937002;0
19.26;-0.291370347344392;-0.359497049315348;0
19.27;-0.294923042684428;-0.350086023011037;0
19.28;-0.298381225841143;-0.340586229192376;0
19.29;-0.301744022623063;-0.331000668084189;0
19.3;-0.305010588934225;-0.321332360464547;0
19.31;-0.308180110975481;-0.31158434672394;0
19.32;-0.311251805436371;-0.301759685920176;0
19.33;-0.31422491967753;-0.291861454829314;0
19.34;-0.317098731903588;-0.281892746992921;0
19.35;-0.319872551326521;-0.271856671761928;0
19.36;-0.322545718319432;-0.261756353337407;0
19.37;-0.325117604560728;-0.251594929808531;0
19.38;-0.327587613168659;-0.241375552188029;0
19.39;-0.329955178826206;-0.231101383445431;0
19.4;-0.332219767896292;-0.220775597538379;0
19.41;-0.334380878527299;-0.210401378442321;0
19.42;-0.336438040748872;-0.199981919178857;0
19.43;-0.338390816558004;-0.189520420843055;0
19.44;-0.340238799995396;-0.179020091630011;0
19.45;-0.341981617212068;-0.168484145860958;0
19.46;-0.34361892652624;-0.15791580300921;0
19.47;-0.345150418470473;-0.147318286726235;0
19.48;-0.346575815829064;-0.136694823868154;0
19.49;-0.347894873665718;-0.126048643522944;0
19.5;-0.34910737934149;-0.115382976038656;0
19.51;-0.35021315252302;-0.104701052052914;0
19.52;-0.351212045181067;-0.0940061015239998;0
19.53;-0.352103941579357;-0.0833013527638096;0
19.54;-0.352888758253783;-0.0725900314729605;0
19.55;-0.353566443981954;-0.0618753597783423;0
19.56;-0.354136979743137;-0.0511605552733925;0
19.57;-0.354600378668619;-0.040448830061381;0
19.58;-0.354956685982503;-0.0297433898019839;0
19.59;-0.355205978933006;-0.0190474327614277;0
19.6;-0.355348366714256;-0.00836414886648275;0
19.61;-0.355383990378657;0.00230328123741829;0
19.62;-0.355313022739855;0.0129516871236606;0
19.63;-0.355135668266349;0.0235779095172532;0
19.64;-0.354852162965792;0.0341788012226886;0
19.65;-0.354462774260041;0.044751228046587;0
19.66;-0.353967800851005;0.0552920697148577;0
19.67;-0.353367572577346;0.0657982207841107;0
19.68;-0.35266245026209;0.0762665915470572;0
19.69;-0.351852825551219;0.0866941089316368;0
19.7;-0.350939120743292;0.0970777173936121;0
19.71;-0.349921788610177;0.107414379802376;0
19.72;-0.348801312208956;0.117701078319716;0
19.73;-0.34757820468507;0.127934815271287;0
19.74;-0.346253009066789;0.138112614010539;0
19.75;-0.344826298051072;0.148231519774859;0
19.76;-0.343298673780908;0.158288600533679;0
19.77;-0.341670767614208;0.168280947828319;0
19.78;-0.339943239884335;0.178205677603309;0
19.79;-0.338116779652369;0.188059931028981;0
19.8;-0.336192104451175;0.197840875315072;0
19.81;-0.334169960021382;0.207545704515132;0
19.82;-0.332051120039363;0.217171640321502;0
19.83;-0.329836385837302;0.226715932850635;0
19.84;-0.327526586115457;0.236175861418556;0
19.85;-0.325122576646709;0.245548735306226;0
19.86;-0.322625239973509;0.254831894514616;0
19.87;-0.320035485097317;0.264022710509272;0
19.88;-0.317354247160647;0.273118586954168;0
19.89;-0.314582487121818;0.282116960434646;0
19.9;-0.311721191422528;0.291015301169248;0
19.91;-0.308771371648362;0.299811113710238;0
19.92;-0.305734064182344;0.308501937632629;0
19.93;-0.302610329851651;0.317085348211531;0
19.94;-0.299401253567608;0.325558957087632;0
19.95;-0.29610794395908;0.333920412920631;0
19.96;-0.292731532999391;0.342167402030452;0
19.97;-0.289273175626875;0.350297649026075;0
19.98;-0.28573404935921;0.358308917421794;0
19.99;-0.282115353901629;0.366199010240766;0
20;-0.278418310749171;0.373965770605676;0
