0;0.138724636078145;0.237786466898781;0
0.01;0.141081824675314;0.233180283839878;0
0.02;0.143392671288313;0.228512119051168;0
0.03;0.145656562863184;0.223783478390097;0
0.04;0.147872901474871;0.218995883254319;0
0.05;0.150041104480452;0.21415087009893;0
0.06;0.152160604667528;0.209249989950019;0
0.07;0.154230850397734;0.204294807914694;0
0.08;0.156251305745325;0.199286902687719;0
0.09;0.158221450630827;0.194227866054935;0
0.1;0.160140780949699;0.189119302393604;0
0.11;0.162008808695987;0.183962828169841;0
0.12;0.163825062080942;0.178760071433282;0
0.13;0.165589085646575;0.173512671309153;0
0.14;0.16730044037411;0.168222277487891;0
0.15;0.168958703787338;0.162890549712471;0
0.16;0.170563470050825;0.157519157263604;0
0.17;0.172114350062966;0.152109778442963;0
0.18;0.173610971543861;0.146664100054588;0
0.19;0.175052979118001;0.141183816884636;0
0.2;0.176440034391738;0.135670631179634;0
0.21;0.177771816025543;0.130126252123391;0
0.22;0.179048019801016;0.124552395312725;0
0.23;0.180268358682651;0.11895078223218;0
0.24;0.181432562874352;0.113323139727868;0
0.25;0.182540379870673;0.107671199480617;0
0.26;0.183591574502795;0.101996697478573;0
0.27;0.184585928979226;0.0963013734894122;0
0.28;0.185523242921216;0.0905869705323365;0
0.29;0.186403333392897;0.0848552343499941;0
0.3;0.187226034926146;0.079107912880495;0
0.31;0.18799119954016;0.0733467557296749;0
0.32;0.188698696755758;0.0675735136437661;0
0.33;0.189348413604422;0.0617899379826332;0
0.34;0.189940254632056;0.0559977801937296;0
0.35;0.190474141897505;0.0501987912869327;0
0.36;0.190950014965816;0.0443947213104121;0
0.37;0.191367830896267;0.0385873188276872;0
0.38;0.191727564225175;0.0327783303960286;0
0.39;0.192029206943487;0.0269695000463572;0
0.4;0.192272768469187;0.021162568764795;0
0.41;0.192458275614516;0.0153592739760187;0
0.42;0.192585772548047;0.00956134902856962;0
0.43;0.192655320751608;0.00377052268227007;0
0.44;0.192666998972101;-0.00201148140210441;0
0.45;0.192620903168221;-0.00778294517074667;0
0.46;0.192517146452113;-0.0135421566821861;0
0.47;0.192355859025983;-0.0192874106099561;0
0.48;0.192137188113694;-0.0250170087424143;0
0.49;0.191861297887383;-0.0307292604795714;0
0.5;0.191528369389119;-0.0364224833267845;0
0.51;0.191138600447639;-0.0420950033851718;0
0.52;0.190692205590198;-0.0477451558386083;0
0.53;0.190189415949559;-0.0533712854371616;0
0.54;0.189630479166176;-0.0589717469768291;0
0.55;0.189015659285581;-0.0645449057754399;0
0.56;0.188345236651047;-0.070089138144584;0
0.57;0.187619507791537;-0.0756028318574354;0
0.58;0.186838785305;-0.0810843866123357;0
0.59;0.186003397737049;-0.0865322144920052;0
0.6;0.185113689455065;-0.0919447404182535;0
0.61;0.184170020517783;-0.0973204026020598;0
0.62;0.183172766540385;-0.102657652988895;0
0.63;0.182122318555173;-0.107954957699164;0
0.64;0.181019082867858;-0.113210797463637;0
0.65;0.179863480909509;-0.11842366805376;0
0.66;0.178655949084236;-0.123592080706709;0
0.67;0.177396938612638;-0.128714562545087;0
0.68;0.176086915371075;-0.133789656991126;0
0.69;0.174726359726835;-0.138815924175303;0
0.7;0.173315766369232;-0.143791941339239;0
0.71;0.171855644136699;-0.148716303232776;0
0.72;0.170346515839946;-0.153587622505124;0
0.73;0.168788918081226;-0.158404530089976;0
0.74;0.167183401069778;-0.163165675584467;0
0.75;0.165530528433513;-0.167869727621901;0
0.76;0.163830877026997;-0.172515374238124;0
0.77;0.162085036735799;-0.177101323231452;0
0.78;0.160293610277276;-0.181626302516057;0
0.79;0.158457212997841;-0.186089060468714;0
0.8;0.156576472666808;-0.190488366268822;0
0.81;0.154652029266856;-0.194823010231603;0
0.82;0.1526845347812;-0.19909180413439;0
0.83;0.150674652977524;-0.203293581535923;0
0.84;0.14862305918876;-0.207427198088569;0
0.85;0.14653044009077;-0.211491531843379;0
0.86;0.144397493477013;-0.215485483547909;0
0.87;0.14222492803027;-0.219407976936723;0
0.88;0.140013463091488;-0.22325795901451;0
0.89;0.137763828425838;-0.227034400331735;0
0.9;0.135476763986041;-0.23073629525276;0
0.91;0.133153019673052;-0.234362662216368;0
0.92;0.130793355094169;-0.237912543988617;0
0.93;0.128398539318655;-0.241385007907971;0
0.94;0.125969350630935;-0.244779146122646;0
0.95;0.123506576281462;-0.248094075820105;0
0.96;0.121011012235322;-0.251328939448658;0
0.97;0.118483462918652;-0.254482904931107;0
0.98;0.11592474096297;-0.257555165870386;0
0.99;0.113335666947472;-0.260544941747153;0
1;0.1107170691394;-0.263451478109284;0
1.01;0.108069783232545;-0.266274046753226;0
1.02;0.105394652083972;-0.26901194589717;0
1.03;0.102692525449061;-0.271664500346009;0
1.04;0.09996425971492;-0.274231061648041;0
1.05;0.0972107176322822;-0.276711008243385;0
1.06;0.094432768045947;-0.279103745604082;0
1.07;0.0916312856238623;-0.281408706365854;0
1.08;0.0888071505849254;-0.28362535045149;0
1.09;0.0859612484255878;-0.285753165185842;0
1.1;0.0830944696453479;-0.287791665402412;0
1.11;0.0802077094712161;-0.289740393541506;0
1.12;0.0773018675812358;-0.291598919739944;0
1.13;0.0743778478271459;-0.293366841912317;0
1.14;0.0714365579562685;-0.295043785823776;0
1.15;0.0684789093327066;-0.296629405154345;0
1.16;0.0655058166579375;-0.298123381554757;0
1.17;0.0625181976908854;-0.299525424693813;0
1.18;0.0595169729675588;-0.300835272297257;0
1.19;0.0565030655203373;-0.302052690178172;0
1.2;0.0534774005969926;-0.303177472258912;0
1.21;0.0504409053795282;-0.304209440584562;0
1.22;0.0473945087029226;-0.305148445327947;0
1.23;0.04433914077386;-0.305994364786207;0
1.24;0.0412757328895344;-0.306747105368939;0
1.25;0.0382052171566085;-0.307406601577934;0
1.26;0.035128526210414;-0.307972815978533;0
1.27;0.0320465929344759;-0.308445739162616;0
1.28;0.0289603501804441;-0.30882538970325;0
1.29;0.0258707304885163;-0.309111814101037;0
1.3;0.0227786658084345;-0.309305086722172;0
1.31;0.0196850872211382;-0.309405309728262;0
1.32;0.0165909246611561;-0.309412612997931;0
1.33;0.0134971066398187;-0.309327154040246;0
1.34;0.0104045599693739;-0.309149117900022;0
1.35;0.00731420948808467;-0.308878717055023;0
1.36;0.00422697778639235;-0.308516191305124;0
1.37;0.00114378493422336;-0.308061807653469;0
1.38;-0.00193445179047931;-0.30751586017968;0
1.39;-0.00500681817192132;-0.30687866990517;0
1.4;-0.00807240332523992;-0.30615058465061;0
1.41;-0.0111302999638265;-0.305331978885605;0
1.42;-0.014179604665111;-0.304423253570642;0
1.43;-0.0172194181347314;-0.30342483599137;0
1.44;-0.0202488454690115;-0.302337179585273;0
1.45;-0.0232669964156715;-0.301160763760798;0
1.46;-0.0262729856326965;-0.299896093709017;0
1.47;-0.0292659329452876;-0.298543700207873;0
1.48;-0.0322449636008231;-0.297104139419101;0
1.49;-0.0352092085217556;-0.295577992677889;0
1.5;-0.0381578045563736;-0.293965866275348;0
1.51;-0.0410898947273558;-0.292268391233879;0
1.52;-0.0440046284780473;-0.290486223075514;0
1.53;-0.0469011619163878;-0.288620041583311;0
1.54;-0.0497786580564228;-0.286670550555883;0
1.55;-0.0526362870573299;-0.284638477555151;0
1.56;-0.0554732264598917;-0.282524573647412;0
1.57;-0.0582886614203504;-0.280329613137799;0
1.58;-0.0610817849415774;-0.27805439329824;0
1.59;-0.0638517981014929;-0.27569973408899;0
1.6;-0.0665979102786732;-0.273266477873847;0
1.61;-0.0693193393750819;-0.270755489129142;0
1.62;-0.0720153120358624;-0.268167654146597;0
1.63;-0.0746850638661332;-0.265503880730159;0
1.64;-0.0773278396447236;-0.262765097886901;0
1.65;-0.0799428935347927;-0.259952255512101;0
1.66;-0.0825294892912736;-0.257066324068604;0
1.67;-0.0850869004650848;-0.254108294260565;0
1.68;-0.0876144106040554;-0.251079176701687;0
1.69;-0.0901113134505078;-0.247980001578061;0
1.7;-0.0925769131354445;-0.244811818305717;0
1.71;-0.0950105243692877;-0.241575695183003;0
1.72;-0.0974114726291195;-0.2382727190379;0
1.73;-0.0997790943423727;-0.234903994870383;0
1.74;-0.102112737066924;-0.231470645489957;0
1.75;-0.10441175966754;-0.227973811148476;0
1.76;-0.106675532488633;-0.224414649168357;0
1.77;-0.108903437523275;-0.22079433356633;0
1.78;-0.111094868578433;-0.217114054672816;0
1.79;-0.113249231436378;-0.213375018747077;0
1.8;-0.115365944012224;-0.209578447588251;0
1.81;-0.117444436507565;-0.205725578142396;0
1.82;-0.119484151560159;-0.201817662105671;0
1.83;-0.121484544389631;-0.197855965523778;0
1.84;-0.123445082939152;-0.193841768387786;0
1.85;-0.12536524801306;-0.189776364226472;0
1.86;-0.127244533410394;-0.185661059695311;0
1.87;-0.129082446054293;-0.181497174162228;0
1.88;-0.130878506117253;-0.177286039290254;0
1.89;-0.132632247142181;-0.173028998617216;0
1.9;-0.134343216159247;-0.168727407132593;0
1.91;-0.136010973798485;-0.164382630851652;0
1.92;-0.137635094398122;-0.159996046387033;0
1.93;-0.139215166108619;-0.155569040517872;0
1.94;-0.140750790992386;-0.151103009756631;0
1.95;-0.142241585119158;-0.146599359913749;0
1.96;-0.143687178657009;-0.142059505660258;0
1.97;-0.145087215958984;-0.137484870088486;0
1.98;-0.146441355645324;-0.132876884271005;0
1.99;-0.147749270681282;-0.128236986817931;0
2;-0.149010648450499;-0.12356662343273;0
2.01;-0.150225190823936;-0.118867246466668;0
2.02;-0.151392614224336;-0.114140314472022;0
2.03;-0.152512649686228;-0.109387291754211;0
2.04;-0.153585042911432;-0.104609647922961;0
2.05;-0.154609554320085;-0.0998088574426672;0
2.06;-0.155585959097158;-0.0949863991820545;0
2.07;-0.156514047234472;-0.0901437559633078;0
2.08;-0.157393623568202;-0.0852824141107835;0
2.09;-0.158224507811867;-0.0804038629994495;0
2.1;-0.159006534584805;-0.0755095946031864;0
2.11;-0.159739553436124;-0.0706011030430859;0
2.12;-0.160423428864151;-0.0656798841358824;0
2.13;-0.161058040331347;-0.0607474349426515;0
2.14;-0.16164328227473;-0.0558052533179119;0
2.15;-0.162179064111775;-0.050854837459264;0
2.16;-0.162665310241827;-0.0458976854577001;0
2.17;-0.16310196004301;-0.0409352948487187;0
2.18;-0.163488967864655;-0.0359691621643776;0
2.19;-0.163826303015258;-0.0310007824864172;0
2.2;-0.164113949745966;-0.0260316490005867;0
2.21;-0.164351907229618;-0.0210632525523044;0
2.22;-0.164540189535348;-0.0160970812037837;0
2.23;-0.164678825598766;-0.0111346197927541;0
2.24;-0.164767859187731;-0.00617734949290741;0
2.25;-0.164807348863744;-0.0012267473761975;0
2.26;-0.164797367938963;0.00371571402287774;0
2.27;-0.164738004428879;0.00864856714088582;0
2.28;-0.164629361000663;0.0135703498168335;0
2.29;-0.164471554917204;0.0184796057211799;0
2.3;-0.164264717976879;0.0233748847823642;0
2.31;-0.164008996449061;0.0282547436107245;0
2.32;-0.163704551005399;0.0331177459196847;0
2.33;-0.163351556646908;0.0379624629440892;0
2.34;-0.16295020262688;0.0427874738555627;0
2.35;-0.162500692369657;0.0475913661747783;0
2.36;-0.162003243385302;0.0523727361805134;0
2.37;-0.161458087180184;0.0571301893153776;0
2.38;-0.16086546916353;0.0618623405880965;0
2.39;-0.160225648549964;0.0665678149722362;0
2.4;-0.159538898258081;0.0712452478012554;0
2.41;-0.158805504805081;0.0758932851597741;0
2.42;-0.158025768197514;0.0805105842709452;0
2.43;-0.157200001818161;0.085095813879823;0
2.44;-0.156328532309113;0.0896476546326188;0
2.45;-0.15541169945106;0.0941647994517362;0
2.46;-0.154449856038864;0.0986459539064831;0
2.47;-0.153443367753431;0.103089836579355;0
2.48;-0.152392613029956;0.107495179427787;0
2.49;-0.151297982922554;0.111860728141278;0
2.5;-0.150159880965356;0.116185242493781;0
2.51;-0.148978723030094;0.120467496691265;0
2.52;-0.147754937180234;0.124706279714362;0
2.53;-0.146488963521707;0.128900395655983;0
2.54;-0.145181254050286;0.133048664053836;0
2.55;-0.143832272495661;0.137149920217734;0
2.56;-0.142442494162261;0.14120301555162;0
2.57;-0.141012405766891;0.145206817870203;0
2.58;-0.139542505273209;0.149160211710148;0
2.59;-0.138033301723135;0.153062098635697;0
2.6;-0.136485315065218;0.156911397538683;0
2.61;-0.13489907598003;0.160707044932813;0
2.62;-0.133275125702644;0.164447995242181;0
2.63;-0.131614015842255;0.168133221083904;0
2.64;-0.129916308198999;0.171761713544823;0
2.65;-0.128182574578032;0.175332482452194;0
2.66;-0.126413396600932;0.178844556638293;0
2.67;-0.124609365514477;0.182296984198869;0
2.68;-0.122771081996874;0.185688832745384;0
2.69;-0.120899155961487;0.18901918965096;0
2.7;-0.11899420635814;0.192287162289986;0
2.71;-0.117056860972046;0.195491878271322;0
2.72;-0.115087756220439;0.198632485665021;0
2.73;-0.113087536946965;0.201708153222546;0
2.74;-0.111056856213902;0.204718070590399;0
2.75;-0.10899637509227;0.207661448517119;0
2.76;-0.106906762449907;0.210537519053603;0
2.77;-0.104788694737567;0.213345535746694;0
2.78;-0.102642855773114;0.216084773825996;0
2.79;-0.10046993652388;0.218754530383863;0
2.8;-0.0982706348872518;0.22135412454853;0
2.81;-0.0960456554695574;0.223882897650338;0
2.82;-0.093795709363325;0.226340213381021;0
2.83;-0.0915215139229762;0.228725457946011;0
2.84;-0.0892237925390298;0.231038040209739;0
2.85;-0.0869032744108838;0.233277391833889;0
2.86;-0.0845606943182467;0.235442967408582;0
2.87;-0.0821967923912887;0.237534244576464;0
2.88;-0.0798123138795846;0.239550724149666;0
2.89;-0.0774080089199185;0.241491930219622;0
2.9;-0.0749846323030234;0.243357410259717;0
2.91;-0.0725429432393254;0.245146735220753;0
2.92;-0.0700837051237675;0.246859499619205;0
2.93;-0.0676076852997809;0.248495321618276;0
2.94;-0.0651156548224807;0.250053843101709;0
2.95;-0.0626083882211544;0.251534729740371;0
2.96;-0.0600866632611175;0.25293767105159;0
2.97;-0.057551260705009;0.254262380451239;0
2.98;-0.0550029640735979;0.25550859529857;0
2.99;-0.0524425594061742;0.256676076933795;0
3;-0.0498708350205972;0.257764610708407;0
3.01;-0.0472885812730727;0.258774006008258;0
3.02;-0.0446965903177322;0.259704096269393;0
3.03;-0.0420956558660862;0.260554738986639;0
3.04;-0.0394865729464245;0.261325815714978;0
3.05;-0.0368701376632349;0.262017232063701;0
3.06;-0.0342471469567129;0.262628917683357;0
3.07;-0.0316183983624341;0.263160826245526;0
3.08;-0.0289846897712615;0.26361293541542;0
3.09;-0.0263468191895587;0.263985246817344;0
3.1;-0.0237055844997804;0.264277785993025;0
3.11;-0.021061783221512;0.264490602352858;0
3.12;-0.0184162122730281;0.264623769120065;0
3.13;-0.0157696677334417;0.264677383267823;0
3.14;-0.0131229446055131;0.264651565449377;0
3.15;-0.0104768365791893;0.264546459921172;0
3.16;-0.00783213579594388;0.264362234459048;0
3.17;-0.0051896326139851;0.264099080267523;0
3.18;-0.00255011537440283;0.263757211882211;0
3.19;8.56298316782765e-05;0.263336867065418;0
3.2;0.00271681939487084;0.262838306694945;0
3.21;0.00534267241815466;0.262261814646166;0
3.22;0.00796241094629708;0.261607697667403;0
3.23;0.0105752601939973;0.260876285248667;0
3.24;0.0131804487726882;0.260067929483801;0
3.25;0.0157772089159307;0.259183004926092;0
3.26;0.0183647767033338;0.258221908437393;0
3.27;0.0209423922829386;0.257185059030817;0
3.28;0.0235093000919988;0.256072897707062;0
3.29;0.0260647490760971;0.25488588728443;0
3.3;0.0286079929065336;0.253624512222595;0
3.31;0.0311382901959232;0.252289278440183;0
3.32;0.0336549047119422;0.25088071312624;0
3.33;0.0361571055891614;0.249399364545645;0
3.34;0.0386441675389072;0.247845801838537;0
3.35;0.0411153710570894;0.246220614813834;0
3.36;0.043570002629939;0.244524413736907;0
3.37;0.0460073549375951;0.24275782911149;0
3.38;0.0484267270554872;0.240921511455897;0
3.39;0.0508274246534524;0.239016131073621;0
3.4;0.0532087601925352;0.237042377818403;0
3.41;0.0555700531194122;0.23500096085384;0
3.42;0.0579106300583895;0.232892608407616;0
3.43;0.0602298250009178;0.230718067520447;0
3.44;0.0625269794925741;0.228478103789809;0
3.45;0.0648014428174571;0.226173501108556;0
3.46;0.0670525721799458;0.223805061398491;0
3.47;0.0692797328837728;0.221373604338997;0
3.48;0.0714822985083601;0.218879967090812;0
3.49;0.0736596510823726;0.216325004015034;0
3.5;0.0758111812544398;0.213709586387457;0
3.51;0.0779362884610006;0.211034602108326;0
3.52;0.0800343810912249;0.208300955407608;0
3.53;0.0821048766489688;0.205509566545872;0
3.54;0.0841472019117184;0.202661371510883;0
3.55;0.0861607930864809;0.199757321709999;0
3.56;0.0881450959625818;0.196798383658474;0
3.57;0.0900995660613258;0.193785538663773;0
3.58;0.0920236687824845;0.190719782505985;0
3.59;0.0939168795475704;0.187602125114464;0
3.6;0.0957786839398607;0.184433590240763;0
3.61;0.0976085778411343;0.181215215128008;0
3.62;0.0994060675650873;0.177948050176777;0
3.63;0.101170669987391;0.174633158607627;0
3.64;0.102901912672361;0.171271616120341;0
3.65;0.104599333996205;0.167864510550034;0
3.66;0.106262483266817;0.164412941520203;0
3.67;0.107890920840089;0.160918020092843;0
3.68;0.109484218232712;0.15738086841574;0
3.69;0.111041958231434;0.153802619367036;0
3.7;0.112563734998758;0.150184416197199;0
3.71;0.114049154175041;0.146527412168495;0
3.72;0.115497832976986;0.142832770192078;0
3.73;0.116909400292485;0.13910166246281;0
3.74;0.118283496771806;0.135335270091932;0
3.75;0.119619774915095;0.131534782737685;0
3.76;0.120917899156181;0.127701398234009;0
3.77;0.122177545942652;0.123836322217431;0
3.78;0.123398403812194;0.11994076775225;0
3.79;0.124580173465181;0.116015954954144;0
3.8;0.125722567833485;0.112063110612305;0
3.81;0.126825312145509;0.108083467810231;0
3.82;0.127888143987416;0.104078265545279;0
3.83;0.128910813360554;0.100048748347092;0
3.84;0.129893082735059;0.0959961658950365;0
3.85;0.130834727099623;0.0919217726347457;0
3.86;0.131735534007431;0.0878268273938929;0
3.87;0.132595303618251;0.083712592997315;0
3.88;0.133413848736671;0.0795803358815973;0
3.89;0.134190994846476;0.0754313257092383;0
3.9;0.134926580141178;0.071266834982511;0
3.91;0.13562045555067;0.0670881386571365;0
3.92;0.136272484764021;0.0628965137558853;0
3.93;0.136882544248411;0.0586932389822247;0
3.94;0.137450523264197;0.0544795943341246;0
3.95;0.137976323876125;0.0502568607181405;0
3.96;0.138459860960677;0.0460263195638866;0
3.97;0.138901062209568;0.0417892524390145;0
3.98;0.1392998681294;0.0375469406648131;0
3.99;0.139656232037469;0.0333006649325423;0
4;0.13997012005374;0.0290517049206153;0
4.01;0.140241511089;0.024801338912742;0
4.02;0.140470396829199;0.0205508434171475;0
4.03;0.140656781715983;0.0163014927869767;0
4.04;0.140800682923441;0.0120545588419972;0
4.05;0.140902130331073;0.0078113104917126;0
4.06;0.140961166493;0.00357301335999465;0
4.07;0.140977846603419;-0.000659070588653364;0
4.08;0.140952238458339;-0.00488368342109464;0
4.09;0.140884422413599;-0.00909957160570892;0
4.1;0.140774491339191;-0.013305486380587;0
4.11;0.140622550569918;-0.0175001841196625;0
4.12;0.140428717852392;-0.0216824266966753;0
4.13;0.14019312328841;-0.0258509818468602;0
4.14;0.139915909274719;-0.0300046235262576;0
4.15;0.139597230439196;-0.0341421322685411;0
4.16;0.139237253573483;-0.0382622955392608;0
4.17;0.138836157562078;-0.0423639080873997;0
4.18;0.138394133307932;-0.0464457722941421;0
4.19;0.137911383654564;-0.0505066985187558;0
4.2;0.137388123304742;-0.0545455054414872;0
4.21;0.136824578735733;-0.0585610204033733;0
4.22;0.136220988111184;-0.0625520797428738;0
4.23;0.135577601189642;-0.066517529129227;0
4.24;0.134894679229758;-0.0704562238924361;0
4.25;0.134172494892209;-0.0743670293497924;0
4.26;0.133411332138369;-0.0782488211288433;0
4.27;0.132611486125763;-0.0821004854867153;0
4.28;0.131773263100352;-0.0859209196257007;0
4.29;0.130896980285672;-0.0897090320050223;0
4.3;0.129982965768879;-0.0934637426486867;0
4.31;0.12903155838373;-0.097183983449343;0
4.32;0.128043107590539;-0.10086869846806;0
4.33;0.127017973353169;-0.104516844229943;0
4.34;0.125956526013066;-0.108127390015502;0
4.35;0.124859146160418;-0.111699318147703;0
4.36;0.123726224502452;-0.115231624274606;0
4.37;0.122558161728925;-0.118723317647534;0
4.38;0.12135536837486;-0.122173421394675;0
4.39;0.120118264680562;-0.125580972790067;0
4.4;0.118847280448966;-0.128945023517867;0
4.41;0.117542854900364;-0.132264639931854;0
4.42;0.11620543652456;-0.135538903310089;0
4.43;0.114835482930496;-0.13876691010466;0
4.44;0.113433460693411;-0.141947772186451;0
4.45;0.111999845199566;-0.145080617084869;0
4.46;0.1105351204886;-0.148164588222463;0
4.47;0.109039779093562;-0.151198845144376;0
4.48;0.107514321878674;-0.154182563742576;0
4.49;0.105959257874868;-0.157114936474791;0
4.5;0.104375104113167;-0.159995172578108;0
4.51;0.102762385455948;-0.162822498277177;0
4.52;0.10112163442615;-0.165596156986958;0
4.53;0.0994533910344797;-0.168315409509977;0
4.54;0.097758202604667;-0.170979534228017;0
4.55;0.0960366235968314;-0.173587827288225;0
4.56;0.094289215429011;-0.176139602783562;0
4.57;0.0925165462969137;-0.178634192927568;0
4.58;0.0907191909919457;-0.181070948223398;0
4.59;0.0888977307175763;-0.183449237627078;0
4.6;0.0870527529040951;-0.185768448704954;0
4.61;0.0851848510218228;-0.188027987785292;0
4.62;0.0832946243928304;-0.190227280103991;0
4.63;0.0813826780012296;-0.192365769944374;0
4.64;0.0794496223020911;-0.194442920771043;0
4.65;0.0774960730290515;-0.196458215357735;0
4.66;0.0755226510006684;-0.198411155909188;0
4.67;0.0735299819255846;-0.200301264176959;0
4.68;0.0715186962065606;-0.202128081569193;0
4.69;0.0694894287434372;-0.203891169254307;0
4.7;0.067442818735089;-0.20559010825857;0
4.71;0.0653795094804285;-0.207224499557571;0
4.72;0.0633001481785245;-0.208793964161539;0
4.73;0.0612053857278941;-0.210298143194521;0
4.74;0.0590958765250308;-0.211736697967387;0
4.75;0.0569722782622307;-0.21310931004466;0
4.76;0.0548352517247777;-0.214415681305165;0
4.77;0.0526854605875504;-0.215655533996478;0
4.78;0.0505235712111126;-0.216828610783177;0
4.79;0.0483502524373483;-0.217934674788892;0
4.8;0.0461661753847056;-0.218973509632151;0
4.81;0.0439720132431085;-0.219944919456016;0
4.82;0.0417684410686015;-0.220848728951516;0
4.83;0.039556135577787;-0.221684783374891;0
4.84;0.0373357749421184;-0.222452948558622;0
4.85;0.0351080385821108;-0.223153110916295;0
4.86;0.0328736069615308;-0.223785177441272;0
4.87;0.0306331613816273;-0.224349075699204;0
4.88;0.0283873837754652;-0.224844753814383;0
4.89;0.0261369565024225;-0.225272180449964;0
4.9;0.0238825621429137;-0.225631344782056;0
4.91;0.021624883293399;-0.225922256467711;0
4.92;0.0193646023617411;-0.226144945606831;0
4.93;0.017102401362971;-0.226299462698008;0
4.94;0.0148389617155212;-0.226385878588334;0
4.95;0.0125749640379896;-0.226404284417183;0
4.96;0.010311087946491;-0.226354791554023;0
4.97;0.00804801185265798;-0.226237531530257;0
4.98;0.00578641276235036;-0.226052655965148;0
4.99;0.00352696607513139;-0.225800336485843;0
5;0.00127034538457042;-0.225480764641537;0
5.01;-0.000982777720569968;-0.225094151811821;0
5.02;-0.00323173385420408;-0.224640729109229;0
5.03;-0.00547585602979298;-0.224120747276052;0
5.04;-0.00771447985615665;-0.223534476575431;0
5.05;-0.00994694373217165;-0.222882206676803;0
5.06;-0.0121725890402978;-0.222164246535705;0
5.07;-0.0143907603388781;-0.221380924268025;0
5.08;-0.0166008055531553;-0.22053258701871;0
5.09;-0.0188020761649526;-0.219619600825;0
5.1;-0.0209939274009602;-0.218642350474239;0
5.11;-0.0231757184195773;-0.217601239356305;0
5.12;-0.0253468124962533;-0.216496689310714;0
5.13;-0.0275065772072775;-0.215329140468464;0
5.14;-0.0296543846119622;-0.214099051088665;0
5.15;-0.0317896114331702;-0.212806897390012;0
5.16;-0.0339116392361336;-0.211453173377167;0
5.17;-0.0360198546055132;-0.21003839066211;0
5.18;-0.03811364932065;-0.208563078280515;0
5.19;-0.0401924205289574;-0.207027782503221;0
5.2;-0.0422555709174068;-0.205433066642859;0
5.21;-0.0443025088820576;-0.203779510855707;0
5.22;-0.0463326486955851;-0.20206771193883;0
5.23;-0.048345410672758;-0.200298283122584;0
5.24;-0.0503402213338207;-0.198471853858553;0
5.25;-0.0523165135657353;-0.196589069602984;0
5.26;-0.0542737267812367;-0.194650591595797;0
5.27;-0.0562113070756593;-0.192657096635245;0
5.28;-0.0581287073814906;-0.190609276848299;0
5.29;-0.0600253876206091;-0.188507839456828;0
5.3;-0.0619008148541667;-0.186353506539658;0
5.31;-0.0637544634300718;-0.184147014790592;0
5.32;-0.0655858151280364;-0.181889115272454;0
5.33;-0.0673943593021445;-0.179580573167259;0
5.34;-0.0691795930209061;-0.177222167522574;0
5.35;-0.0709410212047575;-0.174814690994157;0
5.36;-0.0726781567609719;-0.172358949584967;0
5.37;-0.0743905207159437;-0.169855762380615;0
5.38;-0.0760776423448117;-0.167305961281349;0
5.39;-0.0777390592983871;-0.164710390730657;0
5.4;-0.0793743177273526;-0.162069907440585;0
5.41;-0.0809829724036995;-0.159385380113836;0
5.42;-0.082564586839373;-0.156657689162762;0
5.43;-0.0841187334020924;-0.153887726425328;0
5.44;-0.0856449934283187;-0.151076394878134;0
5.45;-0.0871429573333386;-0.148224608346599;0
5.46;-0.0886122247184387;-0.145333291212382;0
5.47;-0.0900524044751412;-0.142403378118147;0
5.48;-0.0914631148864762;-0.139435813669764;0
5.49;-0.0928439837252645;-0.136431552136022;0
5.5;-0.0941946483493863;-0.133391557145976;0
5.51;-0.0955147557940141;-0.130316801383999;0
5.52;-0.0968039628607851;-0.127208266282648;0
5.53;-0.0980619362038932;-0.124066941713432;0
5.54;-0.0992883524130798;-0.120893825675584;0
5.55;-0.100482898093504;-0.117689923982936;0
5.56;-0.10164526994247;-0.114456249948977;0
5.57;-0.102775174823006;-0.111193824070221;0
5.58;-0.103872329834257;-0.10790367370795;0
5.59;-0.104936462378699;-0.104586832768457;0
5.6;-0.105967310226144;-0.101244341381873;0
5.61;-0.106964621574527;-0.0978772455796797;0
5.62;-0.107928155107465;-0.0944865969710073;0
5.63;-0.108857680048573;-0.0910734524178191;0
5.64;-0.109752976212527;-0.0876388737090773;0
5.65;-0.110613834052861;-0.0841839272339929;0
5.66;-0.111440054706501;-0.0807096836544578;0
5.67;-0.112231450035013;-0.0772172175767598;0
5.68;-0.112987842662566;-0.0737076072226788;0
5.69;-0.113709066010606;-0.0701819341000643;0
5.7;-0.114394964329234;-0.066641282672995;0
5.71;-0.11504539272528;-0.0630867400316182;0
5.72;-0.115660217187081;-0.05951939556177;0
5.73;-0.116239314605945;-0.0559403406144746;0
5.74;-0.116782572794323;-0.0523506681754231;0
5.75;-0.117289890500661;-0.0487514725345304;0
5.76;-0.11776117742096;-0.0451438489556681;0
5.77;-0.118196354207033;-0.0415288933466744;0
5.78;-0.118595352471452;-0.0379077019297371;0
5.79;-0.11895811478922;-0.0342813709122496;0
5.8;-0.119284594696139;-0.0306509961582363;0
5.81;-0.119574756683899;-0.027017672860446;0
5.82;-0.119828576191895;-0.0233824952132103;0
5.83;-0.120046039595774;-0.0197465560861635;0
5.84;-0.120227144192721;-0.0161109466989197;0
5.85;-0.120371898183499;-0.0124767562968043;0
5.86;-0.120480320651255;-0.0088450718277346;0
5.87;-0.120552441537091;-0.0052169776203442;0
5.88;-0.120588301612431;-0.00159355506344565;0
5.89;-0.120587952448184;0.00202411771307449;0
5.9;-0.120551456380724;0.00563496615583539;0
5.91;-0.120478886474706;0.00923791960392377;0
5.92;-0.120370326482719;0.0128319116031459;0
5.93;-0.120225870801817;0.0164158802184783;0
5.94;-0.120045624426923;0.0199887683446273;0
5.95;-0.119829702901148;0.0235495240146063;0
5.96;-0.11957823226302;0.0270971007062433;0
5.97;-0.11929134899067;0.0306304576465285;0
5.98;-0.118969199942975;0.0341485601137166;0
5.99;-0.118611942297697;0.037650379737095;0
6;-0.118219743486632;0.0411348947943335;0
6.01;-0.117792781127796;0.04460109050633;0
6.02;-0.117331242954676;0.0480479593294678;0
6.03;-0.116835326742573;0.0514745012452022;0
6.04;-0.116305240232051;0.0548797240468933;0
6.05;-0.115741201049546;0.0582626436238045;0
6.06;-0.115143436625134;0.0616222842421855;0
6.07;-0.114512184107507;0.0649576788233615;0
6.08;-0.113847690276187;0.0682678692187504;0
6.09;-0.113150211450994;0.0715519064817295;0
6.1;-0.112420013398818;0.0748088511362771;0
6.11;-0.111657371237713;0.0780377734423138;0
6.12;-0.110862569338361;0.0812377536576687;0
6.13;-0.110035901222921;0.084407882296599;0
6.14;-0.109177669461319;0.0875472603847898;0
6.15;-0.108288185564994;0.0906549997107662;0
6.16;-0.107367769878159;0.0937302230736456;0
6.17;-0.106416751466587;0.0967720645271649;0
6.18;-0.105435468003985;0.0997796696199133;0
6.19;-0.104424265655975;0.102752195631708;0
6.2;-0.103383498961737;0.105688811806046;0
6.21;-0.102313530713336;0.108588699578569;0
6.22;-0.101214731832791;0.111451052801486;0
6.23;-0.100087481246912;0.11427507796388;0
6.24;-0.0989321657599571;0.117059994407857;0
6.25;-0.0977491799241429;0.119805034540464;0
6.26;-0.0965389259080596;0.122509444041327;0
6.27;-0.0953018133630251;0.125172482065959;0
6.28;-0.0940382592874278;0.127793421444673;0
6.29;-0.0927486878891001;0.130371548877058;0
6.3;-0.0914335304457664;0.132906165121958;0
6.31;-0.0900932251636129;0.135396585182918;0
6.32;-0.0887282170340225;0.137842138489035;0
6.33;-0.0873389576885227;0.140242169071174;0
6.34;-0.085925905251992;0.14259603573351;0
6.35;-0.0844895241941722;0.14490311222034;0
6.36;-0.0830302851795342;0.147162787378134;0
6.37;-0.0815486649155445;0.149374465312776;0
6.38;-0.0800451459993812;0.151537565541968;0
6.39;-0.0785202167631482;0.153651523142745;0
6.4;-0.076974371117636;0.155715788894076;0
6.41;-0.0754081083946787;0.157729829414513;0
6.42;-0.0738219331881571;0.159693127294853;0
6.43;-0.0722163551936979;0.161605181225787;0
6.44;-0.0705918890471185;0.163465506120503;0
6.45;-0.0689490541616694;0.165273633232213;0
6.46;-0.0672883745641235;0.167029110266583;0
6.47;-0.0656103787297644;0.168731501489035;0
6.48;-0.0639155994163252;0.170380387826906;0
6.49;-0.0622045734969284;0.171975366966428;0
6.5;-0.0604778417920797;0.173516053444528;0
6.51;-0.058735948900767;0.175002078735407;0
6.52;-0.0569794430307172;0.176433091331909;0
6.53;-0.0552088758278632;0.177808756821631;0
6.54;-0.0534248022050727;0.179128757957792;0
6.55;-0.0516277801701929;0.180392794724826;0
6.56;-0.0498183706534621;0.181600584398702;0
6.57;-0.0479971373343429;0.182751861601952;0
6.58;-0.0461646464678277;0.183846378353413;0
6.59;-0.0443214667102719;0.184883904112658;0
6.6;-0.0424681689448059;0.18586422581913;0
6.61;-0.0406053261063796;0.18678714792597;0
6.62;-0.038733513006493;0.187652492428528;0
6.63;-0.036853306157665;0.188460098887579;0
6.64;-0.0349652835976946;0.18920982444722;0
6.65;-0.0330700247137661;0.189901543847482;0
6.66;-0.031168110066453;0.190535149431626;0
6.67;-0.0292601212136718;0.191110551148167;0
6.68;-0.0273466405346404;0.19162767654761;0
6.69;-0.0254109672990423;0.200726797112906;1.72868057039128
6.7;-0.0233241694528801;0.218383007550423;1.72868057039128
6.71;-0.0210612364147758;0.235943410203951;1.72868057039128
6.72;-0.0186231492407906;0.253402905820544;1.72868057039128
6.73;-0.0160109398051637;0.270756434159129;1.72868057039128
6.74;-0.0132256904036576;0.287998975440317;1.72868057039128
6.75;-0.0102685333424705;0.305125551781594;1.72868057039128
6.76;-0.00714065051286462;0.322131228617487;1.72868057039128
6.77;-0.00384327295166122;0.339011116104305;1.72868057039128
6.78;-0.000377680387759567;0.355760370509055;1.72868057039128
6.79;0.0032547992251608;0.372374195582158;1.72868057039128
6.8;0.00705279018959057;0.388847843913564;1.72868057039128
6.81;0.0110148695586263;0.405176618271899;1.72868057039128
6.82;0.0151395676437197;0.421355872926269;1.72868057039128
6.83;0.0194253685355657;0.437381014950355;1.72868057039128
6.84;0.0238707106379502;0.453247505508437;1.72868057039128
6.85;0.0284739872143758;0.468950861122991;1.72868057039128
6.86;0.0332335469472791;0.484486654923521;1.72868057039128
6.87;0.0381476945096503;0.499850517876268;1.72868057039128
6.88;0.0432146911488634;0.515038139994472;1.72868057039128
6.89;0.0484327552825194;0.530045271528851;1.72868057039128
6.9;0.0538000631061047;0.544867724137986;1.72868057039128
6.91;0.0593147492122615;0.559501372038273;1.72868057039128
6.92;0.0649749072214645;0.573942153133159;1.72868057039128
6.93;0.0707785904238964;0.588186070121339;1.72868057039128
6.94;0.0767238124323082;0.602229191583627;1.72868057039128
6.95;0.0828085478456526;0.616067653048211;1.72868057039128
6.96;0.0890307329232707;0.62969765803401;1.72868057039128
6.97;0.0953882662694131;0.643115479071853;1.72868057039128
6.98;0.101879009527872;0.656317458703219;1.72868057039128
6.99;0.108500788086499;0.669300010456275;1.72868057039128
7;0.115251391791379;0.682059619798954;1.72868057039128
7.01;0.122128575670433;0.694592845068834;1.72868057039128
7.02;0.12913006066621;0.706896318379572;1.72868057039128
7.03;0.136253534377645;0.718966746503665;1.72868057039128
7.04;0.143496651810526;0.73080091173132;1.72868057039128
7.05;0.150857036136453;0.742395672705203;1.72868057039128
7.06;0.158332279460026;0.753747965230872;1.72868057039128
7.07;0.165919943594031;0.764854803062679;1.72868057039128
7.08;0.173617560842376;0.775713278664965;1.72868057039128
7.09;0.181422634790523;0.786320563948346;1.72868057039128
7.1;0.189332641103174;0.796673910980922;1.72868057039128
7.11;0.197345028328949;0.806770652674229;1.72868057039128
7.12;0.205457218711819;0.816608203443792;1.72868057039128
7.13;0.213666609009023;0.826184059844095;1.72868057039128
7.14;0.221970571315217;0.835495801177851;1.72868057039128
7.15;0.230366453892609;0.84454109007941;1.72868057039128
7.16;0.238851582006801;0.853317673072192;1.72868057039128
7.17;0.247423258768092;0.861823381100014;1.72868057039128
7.18;0.256078765977979;0.870056130032191;1.72868057039128
7.19;0.264815364980589;0.878013921142323;1.72868057039128
7.2;0.273630297518776;0.885694841560651;1.72868057039128
7.21;0.282520786594627;0.893097064699898;1.72868057039128
7.22;0.291484037334106;0.900218850654521;1.72868057039128
7.23;0.30051723785557;0.907058546573284;1.72868057039128
7.24;0.30961756014189;0.913614587005102;1.72868057039128
7.25;0.318782160915909;0.919885494218091;1.72868057039128
7.26;0.328008182518975;0.925869878491773;1.72868057039128
7.27;0.337292753792267;0.931566438382392;1.72868057039128
7.28;0.346632990960658;0.936973960961323;1.72868057039128
7.29;0.356025998518844;0.94209132202653;1.72868057039128
7.3;0.365468870119457;0.946917486287064;1.72868057039128
7.31;0.37495868946291;0.951451507520594;1.72868057039128
7.32;0.384492531188693;0.955692528703971;1.72868057039128
7.33;0.394067461767852;0.95963978211682;1.72868057039128
7.34;0.403680540396386;0.963292589418194;1.72868057039128
7.35;0.413328819889283;0.966650361696301;1.72868057039128
7.36;0.423009347574942;0.969712599491335;1.72868057039128
7.37;0.432719166189693;0.972478892791455;1.72868057039128
7.38;0.44245531477216;0.974948921001963;1.72868057039128
7.39;0.4522148295572;0.977122452887724;1.72868057039128
7.4;0.461994744869134;0.978999346488901;1.72868057039128
7.41;0.47179209401403;0.980579549010078;1.72868057039128
7.42;0.481603910170746;0.981863096682838;1.72868057039128
7.43;0.491427227280486;0.982850114601894;1.72868057039128
7.44;0.501259080934598;0.983540816534869;1.72868057039128
7.45;0.511096509260349;0.983935504705813;1.72868057039128
7.46;0.520936553804419;0.984034569552582;1.72868057039128
7.47;0.530776260413854;0.983838489458189;1.72868057039128
7.48;0.540612680114208;0.983347830456257;1.72868057039128
7.49;0.550442869984637;0.982563245910701;1.72868057039128
7.5;0.560263894029657;0.981485476169785;1.72868057039128
7.51;0.570072824047345;0.980115348194692;1.72868057039128
7.52;0.5798667404937;0.978453775162783;1.72868057039128
7.53;0.589642733342925;0.976501756045679;1.72868057039128
7.54;0.599397902943384;0.974260375162359;1.72868057039128
7.55;0.609129360868968;0.97173080170744;1.72868057039128
7.56;0.618834230765643;0.968914289254826;1.72868057039128
7.57;0.628509649192914;0.965812175236916;1.72868057039128
7.58;0.638152766459984;0.962425880399568;1.72868057039128
7.59;0.64776074745634;0.95875690823303;1.72868057039128
7.6;0.657330772476555;0.954806844379039;1.72868057039128
7.61;0.666860038039043;0.950577356014322;1.72868057039128
7.62;0.676345757698552;0.946070191210704;1.72868057039128
7.63;0.685785162852148;0.941287178272082;1.72868057039128
7.64;0.695175503538469;0.936230225048469;1.72868057039128
7.65;0.704514049230017;0.930901318227392;1.72868057039128
7.66;0.71379808961826;0.92530252260286;1.72868057039128
7.67;0.723024935391326;0.919435980322183;1.72868057039128
7.68;0.732191919004067;0.913303910110896;1.72868057039128
7.69;0.741296395440272;0.90690860647606;1.72868057039128
7.7;0.750335742966823;0.900252438888219;1.72868057039128
7.71;0.759307363879565;0.893337850942281;1.72868057039128
7.72;0.768208685240701;0.886167359497639;1.72868057039128
7.73;0.777037159607491;0.878743553797792;1.72868057039128
7.74;0.785790265752058;0.871069094569792;1.72868057039128
7.75;0.794465509372097;0.863146713103801;1.72868057039128
7.76;0.803060423792291;0.854979210313092;1.72868057039128
7.77;0.811572570656242;0.846569455774778;1.72868057039128
7.78;0.819999540608725;0.83792038675162;1.72868057039128
7.79;0.828338953968072;0.829035007195225;1.72868057039128
7.8;0.836588461388506;0.819916386730957;1.72868057039128
7.81;0.84471982043106;0.800200216623908;0
7.82;0.852601253687695;0.773372308083066;0
7.83;0.860213565199989;0.746358681386401;0
7.84;0.867554935629028;0.719167753339897;0
7.85;0.874623629980169;0.691807979431769;0
7.86;0.881417997978166;0.664287851231364;0
7.87;0.88793647441625;0.636615893781706;0
7.88;0.894177579479116;0.608800662986502;0
7.89;0.900139919039747;0.580850742992377;0
7.9;0.905822184930056;0.552774743567144;0
7.91;0.911223155185279;0.524581297474905;0
7.92;0.916341694262128;0.496279057848767;0
7.93;0.92117675323064;0.467876695561963;0
7.94;0.925727369939755;0.43938289659818;0
7.95;0.929992669156581;0.410806359421874;0
7.96;0.933971862679372;0.382155792349364;0
7.97;0.937664249424223;0.353439910921492;0
7.98;0.9410692154855;0.324667435278627;0
7.99;0.944186234170032;0.295847087538812;0
8;0.947014866005108;0.266987589179816;0
8.01;0.949554758720305;0.238097658425879;0
8.02;0.951805647203217;0.209186007639928;0
8.03;0.953767353429127;0.180261340722025;0
8.04;0.955439786364698;0.151332350514827;0
8.05;0.956822941845752;0.122407716216824;0
8.06;0.957916902429218;0.0934961008040992;0
8.07;0.95872183721934;0.0646061484614009;0
8.08;0.959238001668239;0.0357464820232484;0
8.09;0.959465737350939;0.00692570042584236;0
8.1;0.959405471714956;-0.0218476238294832;0
8.11;0.959057717804578;-0.0505649472005255;0
8.12;0.958423073959968;-0.0792177576154577;0
8.13;0.957502223491205;-0.107797576970325;0
8.14;0.95629593432742;-0.136295963612066;0
8.15;0.95480505864117;-0.164704514806338;0
8.16;0.953030532448206;-0.19301486918944;0
8.17;0.950973375182788;-0.221218709203611;0
8.18;0.948634689248736;-0.249307763515023;0
8.19;0.946015659546372;-0.277273809413752;0
8.2;0.94311755297555;-0.305108675195057;0
8.21;0.939941717914962;-0.332804242521271;0
8.22;0.936489583677908;-0.360352448763635;0
8.23;0.932762659944747;-0.387745289323416;0
8.24;0.928762536172231;-0.41497481993163;0
8.25;0.924490880979938;-0.442033158926736;0
8.26;0.919949441514029;-0.468912489509645;0
8.27;0.915140042788566;-0.495605061975408;0
8.28;0.910064587004613;-0.52210319592096;0
8.29;0.904725052847372;-0.548399282428297;0
8.3;0.899123494761601;-0.574485786222465;0
8.31;0.893262042205569;-0.600355247803774;0
8.32;0.8871428988838;-0.626000285553624;0
8.33;0.880768341958892;-0.651413597813377;0
8.34;0.874140721242655;-0.676587964935674;0
8.35;0.867262458366879;-0.701516251307656;0
8.36;0.860136045933982;-0.726191407345506;0
8.37;0.852764046647857;-0.750606471459786;0
8.38;0.845149092425189;-0.774754571991005;0
8.39;0.837293883487562;-0.79862892911492;0
8.4;0.829201187434637;-0.822222856717021;0
8.41;0.820873838298744;-0.845529764235704;0
8.42;0.81231473558117;-0.868543158473645;0
8.43;0.803526843270484;-0.891256645376861;0
8.44;0.794513188843218;-0.913663931781002;0
8.45;0.785276862247234;-0.9357588271244;0
8.46;0.775821014868116;-0.957535245127407;0
8.47;0.766148858478913;-0.978987205437604;0
8.48;0.756263664173593;-1.00010883524041;0
8.49;0.746168761284544;-1.02089437083472;0
8.5;0.73586753628448;-1.04133815917307;0
8.51;0.725363431673104;-1.06143465936604;0
8.52;0.714659944848892;-1.08117844415044;0
8.53;0.703760626966357;-1.1005642013209;0
8.54;0.692669081779167;-1.11958673512449;0
8.55;0.681388964469476;-1.13824096761807;0
8.56;0.669923980463864;-1.15652193998801;0
8.57;0.658277884236235;-1.17442481383186;0
8.58;0.646454478098083;-1.19194487240177;0
8.59;0.634457610976491;-1.20907752180935;0
8.6;0.622291177180258;-1.22581829219151;0
8.61;0.609959115154544;-1.24216283883724;0
8.62;0.597465406224419;-1.25810694327486;0
8.63;0.584814073327731;-1.27364651431961;0
8.64;0.572009179737663;-1.28877758908125;0
8.65;0.559054827775401;-1.30349633393147;0
8.66;0.545955157513316;-1.31779904543094;0
8.67;0.532714345469044;-1.33168215121564;0
8.68;0.519336603290901;-1.34514221084252;0
8.69;0.505826176435013;-1.35817591659399;0
8.7;0.492187342834596;-1.37078009424142;0
8.71;0.478424411561781;-1.38295170376715;0
8.72;0.464541721482406;-1.39468784004515;0
8.73;0.450543639904196;-1.40598573348002;0
8.74;0.436434561218724;-1.41684275060426;0
8.75;0.422218905537609;-1.42725639463372;0
8.76;0.40790111732333;-1.43722430598114;0
8.77;0.3934856640151;-1.44674426272766;0
8.78;0.378977034650221;-1.45581418105224;0
8.79;0.364379738481323;-1.46443211561898;0
8.8;0.349698303589926;-1.47259625992225;0
8.81;0.334937275496739;-1.48030494658959;0
8.82;0.320101215769123;-1.4875566476424;0
8.83;0.305194700626128;-1.4943499747144;0
8.84;0.290222319541552;-1.50068367922787;0
8.85;0.275188673845407;-1.50655665252765;0
8.86;0.260098375324253;-1.51196792597302;0
8.87;0.24495604482079;-1.51691667098739;0
8.88;0.229766310833152;-1.52140219906599;0
8.89;0.214533808114306;-1.52542396174146;0
8.9;0.199263176271985;-1.52898155050765;0
8.91;0.183959058369577;-1.53207469670149;0
8.92;0.168626099528378;-1.53470327134316;0
8.93;0.153268945531627;-1.53686728493473;0
8.94;0.137892241430753;-1.53856688721727;0
8.95;0.122500630154224;-1.53980236688664;0
8.96;0.107098751119431;-1.54057415126815;0
8.97;0.0916912388480122;-1.54088280595022;0
8.98;0.0762827215850137;-1.54072903437717;0
8.99;0.0608778199223174;-1.54011367740146;0
9;0.0454811454267211;-1.53903771279549;0
9.01;0.0300972992730845;-1.53750225472313;0
9.02;0.0147308708829393;-1.53550855317137;0
9.03;-0.000613563431038054;-1.53305799334217;0
9.04;-0.0159314418142945;-1.53015209500484;0
9.05;-0.0312182182130152;-1.52679251180922;0
9.06;-0.0464693637096944;-1.52298103055985;0
9.07;-0.0616803678512747;-1.51871957045153;0
9.08;-0.0768467399694681;-1.51401018226649;0
9.09;-0.0919640104928775;-1.50885504753345;0
9.1;-0.107027732250539;-1.50325647764904;0
9.11;-0.122033481766509;-1.49721691296169;0
9.12;-0.136976860545125;-1.4907389218185;0
9.13;-0.151853496346563;-1.48382519957533;0
9.14;-0.166659044452346;-1.47647856757061;0
9.15;-0.18138918892041;-1.46870197206307;0
9.16;-0.196039643829401;-1.46049848313383;0
9.17;-0.210606154511826;-1.45187129355336;0
9.18;-0.225084498775722;-1.44282371761352;0
9.19;-0.239470488114486;-1.43335918992523;0
9.2;-0.253759968904531;-1.4234812641821;0
9.21;-0.267948823590424;-1.41319361189049;0
9.22;-0.282032971857177;-1.40250002106654;0
9.23;-0.296008371789365;-1.39140439490033;0
9.24;-0.309871021016729;-1.37991075038797;0
9.25;-0.32361695784597;-1.36802321693186;0
9.26;-0.337242262378393;-1.35574603490967;0
9.27;-0.350743057613109;-1.34308355421248;0
9.28;-0.36411551053548;-1.3300402327527;0
9.29;-0.377355833190507;-1.31662063494204;0
9.3;-0.390460283740865;-1.30282943014031;0
9.31;-0.403425167509299;-1.2886713910753;0
9.32;-0.416246838005088;-1.27415139223449;0
9.33;-0.428921697934306;-1.25927440822897;0
9.34;-0.441446200193589;-1.24404551213016;0
9.35;-0.453816848847161;-1.22846987377987;0
9.36;-0.466030200086835;-1.21255275807433;0
9.37;-0.478082863174741;-1.19629952322253;0
9.38;-0.489971501368524;-1.17971561897973;0
9.39;-0.50169283282877;-1.16280658485648;0
9.4;-0.513243631508406;-1.14557804830383;0
9.41;-0.524620728023859;-1.12803572287531;0
9.42;-0.535821010507724;-1.11018540636625;0
9.43;-0.546841425442725;-1.09203297893102;0
9.44;-0.557678978476759;-1.0735844011789;0
9.45;-0.568330735218795;-1.05484571224899;0
9.46;-0.578793822015437;-1.035823027865;0
9.47;-0.589065426707944;-1.01652253837033;0
9.48;-0.599142799369513;-0.996950506744229;0
9.49;-0.609023253022648;-0.977113266599548;0
9.5;-0.618704164336411;-0.957017220162799;0
9.51;-0.628182974303417;-0.936668836237076;0
9.52;-0.637457188896362;-0.916074648148551;0
9.53;-0.646524379703961;-0.895241251677145;0
9.54;-0.655382184546116;-0.874175302972032;0
9.55;-0.664028308068174;-0.852883516452641;0
9.56;-0.672460522314133;-0.831372662695784;0
9.57;-0.680676667278659;-0.809649566309595;0
9.58;-0.688674651437786;-0.787721103794916;0
9.59;-0.696452452258177;-0.765594201394808;0
9.6;-0.704008116684824;-0.743275832932846;0
9.61;-0.711339761607087;-0.720773017640872;0
9.62;-0.71844557430297;-0.698092817976858;0
9.63;-0.725323812861521;-0.675242337433572;0
9.64;-0.731972806583294;-0.652228718338707;0
9.65;-0.738390956358764;-0.629059139647147;0
9.66;-0.744576735024642;-0.605740814726052;0
9.67;-0.750528687698004;-0.582280989133431;0
9.68;-0.756245432088183;-0.558686938390885;0
9.69;-0.76172565878636;-0.534965965751195;0
9.7;-0.766968131532817;-0.511125399961434;0
9.71;-0.771971687461798;-0.487172593022286;0
9.72;-0.776735237323948;-0.463114917944237;0
9.73;-0.781257765686309;-0.438959766501328;0
9.74;-0.785538331109837;-0.41471454698315;0
9.75;-0.789576066304441;-0.390386681945745;0
9.76;-0.793370178261521;-0.365983605962093;0
9.77;-0.796919948364016;-0.341512763372873;0
9.78;-0.800224732473965;-0.316981606038157;0
9.79;-0.803283960997585;-0.292397591090707;0
9.8;-0.806097138927902;-0.267768178691565;0
9.81;-0.808663845864939;-0.243100829788588;0
9.82;-0.810983736013512;-0.218403003878591;0
9.83;-0.813056538158665;-0.193682156773786;0
9.84;-0.814882055618792;-0.168945738373152;0
9.85;-0.816460166176495;-0.144201190439416;0
9.86;-0.817790821987241;-0.119455944382289;0
9.87;-0.81887404946588;-0.0947174190486119;0
9.88;-0.819709949151103;-0.0699930185200783;0
9.89;-0.820298695547905;-0.0452901299191528;0
9.9;-0.820640536948157;-0.0206161212238538;0
9.91;-0.82073579522936;0.00402166090797273;0
9.92;-0.82058486563169;0.0286158933042485;0
9.93;-0.820188216513431;0.0531592784334966;0
9.94;-0.819546389084923;0.077644546548285;0
9.95;-0.818659997121108;0.102064457816658;0
9.96;-0.81752972665284;0.126411804440938;0
9.97;-0.81615633563705;0.15067941276328;0
9.98;-0.814540653605926;0.174860145357378;0
9.99;-0.812683581295237;0.198946903105712;0
10;-0.810586090251952;0.222932627261741;0
10.01;-0.808249222421311;0.246810301496458;0
10.02;-0.805674089713493;0.270572953928699;0
10.03;-0.80286187355007;0.294213659138652;0
10.04;-0.799813824390391;0.317725540163969;0
10.05;-0.796531261238092;0.341101770477927;0
10.06;-0.79301557112791;0.364335575949068;0
10.07;-0.789268208592975;0.387420236781767;0
10.08;-0.785290695112795;0.410349089437174;0
10.09;-0.781084618542117;0.433115528533996;0
10.1;-0.776651632520875;0.45571300872857;0
10.11;-0.771993455865429;0.47813504657372;0
10.12;-0.767111871941318;0.500375222355856;0
10.13;-0.762008728017733;0.522427181909812;0
10.14;-0.756685934603959;0.544284638410919;0
10.15;-0.75114546476798;0.565941374143811;0
10.16;-0.745389353437523;0.587391242247474;0
10.17;-0.739419696683742;0.608628168436056;0
10.18;-0.733238650987822;0.629646152694967;0
10.19;-0.726848432490721;0.650439270951798;0
10.2;-0.720251316226323;0.6710016767216;0
10.21;-0.713449635338256;0.69132760272609;0
10.22;-0.706445780280639;0.711411362486318;0
10.23;-0.699242198003017;0.73124735188838;0
10.24;-0.691841391119767;0.750830050721755;0
10.25;-0.684245917064242;0.770154024189844;0
10.26;-0.67645838722794;0.789213924392307;0
10.27;-0.668481466084975;0.808004491778805;0
10.28;-0.66031787030214;0.826520556573765;0
10.29;-0.65197036783486;0.844757040171778;0
10.3;-0.643441777009313;0.862708956503276;0
10.31;-0.634734965591044;0.880371413370114;0
10.32;-0.625852849840347;0.897739613750733;0
10.33;-0.616798393554742;0.914808857074532;0
10.34;-0.607574607098843;0.931574540465149;0
10.35;-0.598184546421937;0.948032159952321;0
10.36;-0.588631312063586;0.964177311652003;0
10.37;-0.578918048147573;0.980005692914467;0
10.38;-0.569047941364509;0.99551310344008;0
10.39;-0.559024219943431;1.01069544636248;0
10.4;-0.548850152612718;1.02554872929887;0
10.41;-0.538529047550648;1.04006906536725;0
10.42;-0.528064251325937;1.05425267417018;0
10.43;-0.517459147828587;1.06809588274501;0
10.44;-0.50671715719139;1.08159512648023;0
10.45;-0.495841734702417;1.09474694999778;0
10.46;-0.484836369708836;1.10754800800113;0
10.47;-0.473704584512411;1.11999506608883;0
10.48;-0.462449933257015;1.13208500153348;0
10.49;-0.451076000808513;1.14381480402589;0
10.5;-0.43958640162736;1.15518157638421;0
10.51;-0.427984778634261;1.16618253522799;0
10.52;-0.416274802069263;1.17681501161693;0
10.53;-0.4044601683446;1.1870764516542;0
10.54;-0.392544598891677;1.19696441705437;0
10.55;-0.380531839002532;1.2064765856755;0
10.56;-0.368425656666138;1.21561075201571;0
10.57;-0.356229841399898;1.22436482767377;0
10.58;-0.343948203076699;1.2327368417739;0
10.59;-0.331584570747878;1.24072494135456;0
10.6;-0.31914279146246;1.24832739172125;0
10.61;-0.306626729083038;1.25554257676322;0
10.62;-0.294040263098635;1.26236899923413;0
10.63;-0.281387287434938;1.26880528099656;0
10.64;-0.268671709262234;1.27485016323043;0
10.65;-0.255897447801438;1.28050250660526;0
10.66;-0.243068433128548;1.28576129141636;0
10.67;-0.230188604977913;1.29062561768486;0
10.68;-0.217261911544652;1.29509470522175;0
10.69;-0.204292308286604;1.29916789365586;0
10.7;-0.191283756726153;1.30284464242589;0
10.71;-0.178240223252299;1.30612453073654;0
10.72;-0.165165677923324;1.30900725747878;0
10.73;-0.152064093270423;1.31149264111445;0
10.74;-0.138939443102645;1.31358061952516;0
10.75;-0.125795701313503;1.31527124982566;0
10.76;-0.112636840689618;1.31656470814178;0
10.77;-0.0994668317217309;1.31746128935315;0
10.78;-0.0862896414184562;1.31796140680065;0
10.79;-0.0731092321231126;1.31806559195895;0
10.8;-0.0599295603339877;1.31777449407413;0
10.81;-0.0467545755283816;1.31708887976669;0
10.82;-0.0335882189907763;1.31600963259997;0
10.83;-0.0204344226454754;1.31453775261435;0
10.84;-0.00729710789405534;1.31267435582728;0
10.85;0.00581981554203071;1.3104206736994;0
10.86;0.0189124507733585;1.30777805256702;0
10.87;0.0319769148886121;1.30474795304106;0
10.88;0.0450093400945039;1.30133194937287;0
10.89;0.0580058748492027;1.29753172878698;0
10.9;0.0709626849889435;1.2933490907812;0
10.91;0.0838759548474908;1.28878594639422;0
10.92;0.0967418883681334;1.28384431744108;0
10.93;0.10955671020789;1.27852633571668;0
10.94;0.122316666833609;1.27283424216778;0
10.95;0.135018027609642;1.26677038603364;0
10.96;0.147657085876792;1.26033722395567;0
10.97;0.160230160022213;1.25353731905647;0
10.98;0.172733594539967;1.24637333998848;0
10.99;0.185163761081931;1.23884805995265;0
11;0.197517059498756;1.23096435568749;0
11.01;0.209789918870585;1.22272520642875;0
11.02;0.221978798527241;1.21413369284024;0
11.03;0.234080189057586;1.20519299591601;0
11.04;0.246090613307785;1.19590639585442;0
11.05;0.258006627368174;1.18627727090433;0
11.06;0.269824821548479;1.17630909618395;0
11.07;0.281541821341088;1.16600544247261;0
11.08;0.293154288372132;1.15536997497604;0
11.09;0.304658921340094;1.1444064520653;0
11.1;0.316052456941692;1.13311872399015;0
11.11;0.327331670784789;1.12151073156692;0
11.12;0.338493378288051;1.10958650484158;0
11.13;0.34953443556715;1.09735016172834;0
11.14;0.360451740307222;1.08480590662421;0
11.15;0.371242232621379;1.07195802900012;0
11.16;0.38190289589502;1.05881090196882;0
11.17;0.392430757615725;1.04536898083029;0
11.18;0.402822890188497;1.03163680159495;0
11.19;0.413076411736142;1.0176189794852;0
11.2;0.42318848688457;1.00332020741588;0
11.21;0.4331563275328;0.988745254453943;0
11.22;0.442977193607482;0.973898964258006;0
11.23;0.452648393801713;0.958786253498228;0
11.24;0.462167286297976;0.943412110256991;0
11.25;0.471531279474992;0.927781592410945;0
11.26;0.480737832598319;0.911899825994895;0
11.27;0.489784456494504;0.895772003548083;0
11.28;0.498668714208623;0.879403382443367;0
11.29;0.507388221645038;0.862799283199844;0
11.3;0.515940648191206;0.845965087779439;0
11.31;0.524323717324385;0.828906237868006;0
11.32;0.532535207201083;0.811628233141478;0
11.33;0.540572951229106;0.794136629517621;0
11.34;0.548434838622052;0.776437037393924;0
11.35;0.556118814936136;0.758535119872189;0
11.36;0.563622882589195;0.740436590970383;0
11.37;0.570945101361753;0.722147213822284;0
11.38;0.578083588880043;0.703672798865516;0
11.39;0.585036521080844;0.685019202018502;0
11.4;0.591802132658048;0.666192322846932;0
11.41;0.598378717490848;0.647198102720283;0
11.42;0.604764629053442;0.628042522958992;0
11.43;0.610958280806174;0.608731602972826;0
11.44;0.616958146568019;0.589271398391036;0
11.45;0.622762760870336;0.569667999184877;0
11.46;0.628370719291811;0.549927527783041;0
11.47;0.633780678774531;0.530056137180623;0
11.48;0.638991357921111;0.510060009042153;0
11.49;0.644001537272837;0.489945351799313;0
11.5;0.648810059568756;0.469718398743881;0
11.51;0.653415829985682;0.449385406116519;0
11.52;0.65781781635907;0.428952651191951;0
11.53;0.662015049384726;0.408426430361138;0
11.54;0.666006622801337;0.387813057211012;0
11.55;0.669791693553775;0.367118860602357;0
11.56;0.673369481937184;0.34635018274642;0
11.57;0.676739271721829;0.325513377280817;0
11.58;0.679900410258696;0.304614807345327;0
11.59;0.682852308565858;0.283660843658145;0
11.6;0.685594441395609;0.262657862593165;0
11.61;0.68812634728237;0.241612244258876;0
11.62;0.690447628571399;0.220530370579439;0
11.63;0.692557951428323;0.199418623378518;0
11.64;0.694457045829524;0.178283382466432;0
11.65;0.696144705533407;0.157131023731203;0
11.66;0.697620788032609;0.135967917234057;0
11.67;0.698885214487174;0.114800425309947;0
11.68;0.699937969638765;0.0936349006736494;0
11.69;0.700779101705962;0.0724776845320141;0
11.7;0.701408722260713;0.0513351047028921;0
11.71;0.701827006086002;0.0302134737413208;0
11.72;0.702034191014821;0.00911908707349978;0
11.73;0.702030577750516;-0.01194177886089;0
11.74;0.701816529668589;-0.0329628684574832;0
11.75;0.701392472600064;-0.0539379487866044;0
11.76;0.7007588945965;-0.0748608114226836;0
11.77;0.699916345676751;-0.0957252742631824;0
11.78;0.698865437555597;-0.116525183336504;0
11.79;0.697606843354337;-0.137254414598361;0
11.8;0.696141297293477;-0.157906875716091;0
11.81;0.694469594367631;-0.17847650784039;0
11.82;0.692592590002764;-0.198957287363974;0
11.83;0.690511199695903;-0.219343227666644;0
11.84;0.688226398637471;-0.239628380846276;0
11.85;0.685739221316364;-0.259806839435218;0
11.86;0.683050761107943;-0.279872738101624;0
11.87;0.680162169845074;-0.299820255335231;0
11.88;0.677074657372383;-0.319643615117105;0
11.89;0.673789491083895;-0.339337088572874;0
11.9;0.670307995444207;-0.358894995608997;0
11.91;0.666631551493381;-0.37831170653159;0
11.92;0.662761596335727;-0.397581643647368;0
11.93;0.658699622612664;-0.416699282846244;0
11.94;0.65444717795983;-0.435659155165146;0
11.95;0.650005864448649;-0.45445584833262;0
11.96;0.645377338012536;-0.473084008293777;0
11.97;0.640563307857939;-0.491538340715175;0
11.98;0.635565535860433;-0.509813612469208;0
11.99;0.630385835946052;-0.527904653097598;0
12;0.625026073458097;-0.545806356253589;0
12.01;0.6194881645096;-0.563513681122436;0
12.02;0.613774075321701;-0.581021653819821;0
12.03;0.60788582154813;-0.598325368767791;0
12.04;0.601825467586036;-0.615419990047862;0
12.05;0.595595125873388;-0.632300752730914;0
12.06;0.589196956173182;-0.648962964183522;0
12.07;0.582633164844696;-0.665402005350368;0
12.08;0.575906004102027;-0.681613332012399;0
12.09;0.569017771260154;-0.69759247602038;0
12.1;0.561970807968782;-0.713335046503535;0
12.11;0.554767499434214;-0.728836731052934;0
12.12;0.547410273629494;-0.744093296879342;0
12.13;0.539901600493103;-0.759100591945191;0
12.14;0.532243991116438;-0.773854546070422;0
12.15;0.52443999692036;-0.78835117201187;0
12.16;0.516492208821067;-0.802586566515946;0
12.17;0.508403256385559;-0.816556911344325;0
12.18;0.50017580697697;-0.830258474272391;0
12.19;0.491812564890037;-0.843687610060183;0
12.2;0.483316270476992;-0.856840761395591;0
12.21;0.474689699264133;-0.869714459809585;0
12.22;0.465935661059386;-0.882305326563228;0
12.23;0.457056999051113;-0.894610073506275;0
12.24;0.448056588898468;-0.906625503907138;0
12.25;0.438937337813579;-0.91834851325402;0
12.26;0.429702183635856;-0.929776090027032;0
12.27;0.420354093898699;-0.940905316441102;0
12.28;0.410896064888919;-0.951733369159517;0
12.29;0.401331120699152;-0.962257519977918;0
12.3;0.391662312273564;-0.972475136478609;0
12.31;0.381892716447149;-0.982383682655027;0
12.32;0.372025434978923;-0.991980719506233;0
12.33;0.362063593579296;-1.00126390560132;0
12.34;0.352010340931948;-1.01023099761356;0
12.35;0.341868847710493;-1.01887985082431;0
12.36;0.331642305590243;-1.02720841959639;0
12.37;0.321333926255375;-1.035214757817;0
12.38;0.310946940401805;-1.04289701931007;0
12.39;0.300484596736081;-1.0502534582179;0
12.4;0.289950160970592;-1.05728242935205;0
12.41;0.27934691481541;-1.06398238851355;0
12.42;0.268678154967069;-1.07035189278215;0
12.43;0.257947192094588;-1.07638960077485;0
12.44;0.247157349823051;-1.08209427287345;0
12.45;0.236311963715044;-1.08746477142123;0
12.46;0.225414380250274;-1.09250006088878;0
12.47;0.214467955803659;-1.09719920800884;0
12.48;0.203476055622216;-1.10156138188032;0
12.49;0.192442052801044;-1.10558585404144;0
12.5;0.181369327258713;-1.10927199851205;0
12.51;0.170261264712374;-1.11261929180512;0
12.52;0.159121255652886;-1.11562731290749;0
12.53;0.147952694320279;-1.11829574323002;0
12.54;0.136758977679849;-1.12062436652699;0
12.55;0.125543504399199;-1.12261306878505;0
12.56;0.114309673826529;-1.12426183808171;0
12.57;0.103060884970473;-1.12557076441345;0
12.58;0.0918005354817947;-1.12654003949355;0
12.59;0.0805320206372422;-1.12716995651983;0
12.6;0.0692587323258555;-1.12746090991234;0
12.61;0.0579840580380361;-1.12741339502114;0
12.62;0.0467113798576704;-1.12702800780438;0
12.63;0.035444073457607;-1.12630544447673;0
12.64;0.0241855070987815;-1.12524650112835;0
12.65;0.0129390406332837;-1.12385207331466;0
12.66;0.00170802451165895;-1.12212315561686;0
12.67;-0.00950420120526686;-1.12006084117368;0
12.68;-0.0206943078297486;-1.11766632118426;0
12.69;-0.0318589790253848;-1.11494088438255;0
12.7;-0.0429949117799959;-1.1118859164834;0
12.71;-0.0540988173728374;-1.10850289960046;0
12.72;-0.0651674223358657;-1.10479341163625;0
12.73;-0.0761974694087803;-1.10075912564452;0
12.74;-0.0871857184875663;-1.0964018091652;0
12.75;-0.0981289475662628;-1.09172332353221;0
12.76;-0.109023953671689;-1.08672562315424;0
12.77;-0.119867553790858;-1.08141075476898;0
12.78;-0.130656585790813;-1.07578085667089;0
12.79;-0.141387909330625;-1.06983815791287;0
12.8;-0.152058406765286;-1.0635849774821;0
12.81;-0.162664984041256;-1.05702372345031;0
12.82;-0.173204571583383;-1.05015689209886;0
12.83;-0.183674125172979;-1.04298706701881;0
12.84;-0.19407062681677;-1.03551691818646;0
12.85;-0.204391085606504;-1.02774920101447;0
12.86;-0.214632538568953;-1.0196867553791;0
12.87;-0.224792051506083;-1.01133250462375;0
12.88;-0.234866719825162;-1.00268945453921;0
12.89;-0.244853669358555;-0.99376069232092;0
12.9;-0.254750057172996;-0.984549385503669;0
12.91;-0.264553072368106;-0.975058780874011;0
12.92;-0.274259936863937;-0.965292203360792;0
12.93;-0.283867906177322;-0.955253054904171;0
12.94;-0.293374270186822;-0.944944813303496;0
12.95;-0.302776353886052;-0.934371031044419;0
12.96;-0.312071518125201;-0.923535334105641;0
12.97;-0.321257160340508;-0.912441420745678;0
12.98;-0.330330715271536;-0.901093060270041;0
12.99;-0.339289655666022;-0.889494091779241;0
13;-0.348131492972121;-0.877648422898029;0
13.01;-0.356853778017867;-0.865560028486268;0
13.02;-0.365454101677653;-0.853232949331874;0
13.03;-0.373930095525567;-0.840671290826241;0
13.04;-0.382279432475402;-0.827879221622571;0
13.05;-0.390499827407177;-0.814860972277555;0
13.06;-0.39858903778;-0.801620833876824;0
13.07;-0.40654486423111;-0.788163156644623;0
13.08;-0.414365151160954;-0.774492348538145;0
13.09;-0.422047787304134;-0.760612873826979;0
13.1;-0.429590706286088;-0.746529251658113;0
13.11;-0.436991887165349;-0.732246054606955;0
13.12;-0.444249354961266;-0.717767907214834;0
13.13;-0.451361181167029;-0.703099484513431;0
13.14;-0.458325484247888;-0.688245510536611;0
13.15;-0.465140430124433;-0.673210756820127;0
13.16;-0.471804232640818;-0.658000040889666;0
13.17;-0.478315154017815;-0.642618224737696;0
13.18;-0.484671505290589;-0.627070213289617;0
13.19;-0.490871646731086;-0.611360952859665;0
13.2;-0.49691398825494;-0.59549542959707;0
13.21;-0.50279698981279;-0.579478667922946;0
13.22;-0.508519161765941;-0.563315728958384;0
13.23;-0.514079065246252;-0.547011708944262;0
13.24;-0.519475312500197;-0.530571737653225;0
13.25;-0.524706567217011;-0.514000976794358;0
13.26;-0.529771544840846;-0.497304618411021;0
13.27;-0.534669012866887;-0.480487883272339;0
13.28;-0.539397791121341;-0.46355601925886;0
13.29;-0.543956752025276;-0.446514299742846;0
13.3;-0.548344820842224;-0.429368021963715;0
13.31;-0.55256097590953;-0.41212250539912;0
13.32;-0.556604248853388;-0.394783090132155;0
13.33;-0.560473724787536;-0.377355135215198;0
13.34;-0.564168542495575;-0.359844017030877;0
13.35;-0.567687894596888;-0.342255127650659;0
13.36;-0.571031027696133;-0.324593873191553;0
13.37;-0.5741972425163;-0.306865672171432;0
13.38;-0.577185894015312;-0.289075953863462;0
13.39;-0.579996391486178;-0.271230156650136;0
13.4;-0.58262819864067;-0.253333726377407;0
13.41;-0.585080833676564;-0.235392114709408;0
13.42;-0.587353869328411;-0.217410777484264;0
13.43;-0.589446932901891;-0.199395173071467;0
13.44;-0.591359706291742;-0.181350760731328;0
13.45;-0.593091925983289;-0.163282998976974;0
13.46;-0.594643383037619;-0.145197343939381;0
13.47;-0.596013923060411;-0.127099247735943;0
13.48;-0.597203446154473;-0.108994156843034;0
13.49;-0.598211906856029;-0.0908875104730714;0
13.5;-0.599039314054789;-0.0727847389565318;0
13.51;-0.599685730897869;-0.0546912621294233;0
13.52;-0.600151274677617;-0.0366124877266671;0
13.53;-0.600436116703389;-0.0185538097818703;0
13.54;-0.600540482157363;-0.000520607033955999;0
13.55;-0.600464649934448;0.0174817586588839;0
13.56;-0.60020895246637;0.0354479438974493;0
13.57;-0.599773775530007;0.053372625311547;0
13.58;-0.599159558040065;0.0712505011213035;0
13.59;-0.598366791826188;0.0890762926893224;0
13.6;-0.597396021394577;0.106844746063237;0
13.61;-0.596247843674238;0.124550633508214;0
13.62;-0.594922907747951;0.142188755028958;0
13.63;-0.59342191456806;0.159753939880794;0
13.64;-0.591745616657215;0.17724104806938;0
13.65;-0.589894817794156;0.19464497183862;0
13.66;-0.587870372684686;0.211960637146367;0
13.67;-0.585673186617936;0.229183005127473;0
13.68;-0.583304215108055;0.246307073543784;0
13.69;-0.580764463521467;0.263327878220665;0
13.7;-0.578054986689825;0.280240494469645;0
13.71;-0.575176888508796;0.29704003849678;0
13.72;-0.572131321522832;0.313721668796337;0
13.73;-0.568919486496074;0.330280587529405;0
13.74;-0.565542631969536;0.346712041887054;0
13.75;-0.562002053804726;0.363011325437641;0
13.76;-0.558299094713875;0.37917377945791;0
13.77;-0.554435143776917;0.395194794247496;0
13.78;-0.550411635945416;0.411069810426475;0
13.79;-0.546230051533579;0.426794320215608;0
13.8;-0.541891915696552;0.442363868698904;0
13.81;-0.53739879789618;0.457774055068176;0
13.82;-0.532752311354389;0.473020533849237;0
13.83;-0.527954112494396;0.488099016109398;0
13.84;-0.523005900369936;0.503005270645948;0
13.85;-0.51790941608268;0.517735125155279;0
13.86;-0.512666442188057;0.532284467382353;0
13.87;-0.507278802089669;0.546649246250184;0
13.88;-0.5017483594225;0.560825472969056;0
13.89;-0.496077017425132;0.574809222125142;0
13.9;-0.490266718301158;0.588596632748275;0
13.91;-0.484319442570025;0.602183909358552;0
13.92;-0.478237208407492;0.615567322991514;0
13.93;-0.472022070975949;0.628743212201624;0
13.94;-0.46567612174479;0.641707984043782;0
13.95;-0.459201487801072;0.654458115032615;0
13.96;-0.452600331150686;0.666990152079305;0
13.97;-0.445874848010258;0.679300713405699;0
13.98;-0.439027268090012;0.69138648943547;0
13.99;-0.432059853867828;0.703244243662109;0
14;-0.424974899854724;0.714870813493518;0
14.01;-0.417774731851995;0.726263111072997;0
14.02;-0.410461706200258;0.737418124076412;0
14.03;-0.40303820902062;0.748332916485362;0
14.04;-0.395506655448235;0.75900462933613;0
14.05;-0.387869488858476;0.769430481444261;0
14.06;-0.38012918008597;0.779607770104569;0
14.07;-0.372288226636747;0.78953387176643;0
14.08;-0.364349151893749;0.799206242684167;0
14.09;-0.356314504315943;0.808622419542416;0
14.1;-0.348186856631295;0.817780020056293;0
14.11;-0.339968805023864;0.826676743546243;0
14.12;-0.331662968315246;0.835310371487443;0
14.13;-0.323271987140659;0.843678768033631;0
14.14;-0.314798523119883;0.851779880515249;0
14.15;-0.306245258023355;0.859611739911803;0
14.16;-0.297614892933646;0.867172461298327;0
14.17;-0.288910147402587;0.874460244265882;0
14.18;-0.280133758604318;0.881473373315988;0
14.19;-0.271288480484503;0.888210218228932;0
14.2;-0.262377082905979;0.894669234405879;0
14.21;-0.253402350791108;0.900848963184723;0
14.22;-0.244367083261081;0.906748032129643;0
14.23;-0.23527409277245;0.912365155294312;0
14.24;-0.22612620425115;0.91769913345872;0
14.25;-0.216926254224258;0.922748854339606;0
14.26;-0.207677089949787;0.927513292774455;0
14.27;-0.198381568544736;0.931991510879075;0
14.28;-0.189042556111707;0.936182658178731;0
14.29;-0.179662926864305;0.940085971712857;0
14.3;-0.170245562251632;0.943700776113352;0
14.31;-0.160793350082102;0.947026483656491;0
14.32;-0.151309183646862;0.950062594288464;0
14.33;-0.141795960843074;0.9528086956246;0
14.34;-0.132256583297326;0.955264462922308;0
14.35;-0.122693955489426;0.957429659027796;0
14.36;-0.113110983876851;0.959304134296621;0
14.37;-0.103510576020109;0.960887826488151;0
14.38;-0.0938956397092688;0.962180760634;0
14.39;-0.0842690820919268;0.963183048880536;0
14.4;-0.074633808802862;0.963894890305538;0
14.41;-0.0649927230956422;0.964316570709119;0
14.42;-0.0553487249764358;0.964448462379004;0
14.43;-0.0457047103402853;0.964291023830292;0
14.44;-0.0360635701100985;0.963844799519811;0
14.45;-0.0264281893786092;0.96311041953521;0
14.46;-0.0168014465535607;0.962088599258909;0
14.47;-0.00718621250636233;0.960780139007066;0
14.48;0.0024146502755323;0.959185923643697;0
14.49;0.0119982885322763;0.957306922170122;0
14.5;0.0215618590710652;0.955144187289889;0
14.51;0.0311025296011115;0.952698854949365;0
14.52;0.0406174795639168;0.949972143854148;0
14.53;0.0501039009585999;0.946965354961519;0
14.54;0.0595589991620422;0.943679870949101;0
14.55;0.0689799937436129;0.940117155659934;0
14.56;0.0783641192742405;0.936278753524182;0
14.57;0.0877086261295964;0.932166288957664;0
14.58;0.0970107812871601;0.927781465737453;0
14.59;0.106267869116939;0.923126066354758;0
14.6;0.115477192165614;0.918201951345315;0
14.61;0.124636071933891;0.913011058597541;0
14.62;0.133741849646832;0.90755540263869;0
14.63;0.142791887016953;0.901837073899258;0
14.64;0.151783566999865;0.895858237955902;0
14.65;0.160714294542253;0.889621134753137;0
14.66;0.169581497321971;0.883128077804071;0
14.67;0.178382626480062;0.876381453370468;0
14.68;0.187115157344472;0.869383719622412;0
14.69;0.195776590145284;0.862137405777853;0
14.7;0.204364450721247;0.854645111222344;0
14.71;0.212876291217422;0.846909504609251;0
14.72;0.22130969077374;0.838933322940747;0
14.73;0.229662256204283;0.8307193706299;0
14.74;0.237931622667105;0.822270518544164;0
14.75;0.246115454324407;0.81358970303059;0
14.76;0.254211444992873;0.80467992492309;0
14.77;0.262217318784015;0.795544248532073;0
14.78;0.270130830734323;0.786185800616792;0
14.79;0.277949767425067;0.776607769340735;0
14.8;0.285671947591576;0.766813403210405;0
14.81;0.293295222721838;0.75680600999784;0
14.82;0.300817477644241;0.746588955647212;0
14.83;0.308236631104322;0.736165663165872;0
14.84;0.315550636330351;0.725539611500198;0
14.85;0.322757481587607;0.7147143343966;0
14.86;0.3298551907212;0.70369341924806;0
14.87;0.336841823687295;0.692480505926574;0
14.88;0.343715477072596;0.681079285601867;0
14.89;0.35047428460196;0.669493499546764;0
14.9;0.357116417634003;0.657726937929591;0
14.91;0.363640085644576;0.645783438593999;0
14.92;0.370043536697979;0.63366688582659;0
14.93;0.376325057905806;0.621381209112745;0
14.94;0.382482975873289;0.608930381881035;0
14.95;0.388515657133039;0.596318420236618;0
14.96;0.394421508566076;0.583549381684029;0
14.97;0.400198977810032;0.570627363839742;0
14.98;0.405846553654447;0.557556503134932;0
14.99;0.411362766423039;0.544340973508824;0
15;0.416746188342873;0.530984985093049;0
15.01;0.421995433900334;0.517492782887407;0
15.02;0.427109160183819;0.503868645427461;0
15.03;0.432086067213068;0.49011688344436;0
15.04;0.436924898255063;0.476241838517324;0
15.05;0.441624440126422;0.462247881719186;0
15.06;0.446183523482211;0.448139412255431;0
15.07;0.450601023091128;0.43392085609714;0
15.08;0.454875858096985;0.419596664608251;0
15.09;0.459006992266436;0.405171313167577;0
15.1;0.462993434222914;0.390649299785995;0
15.11;0.466834237666706;0.376035143719215;0
15.12;0.470528501581148;0.361333384076579;0
15.13;0.474075370424887;0.346548578426291;0
15.14;0.477474034310177;0.331685301397514;0
15.15;0.480723729167198;0.316748143279755;0
15.16;0.483823736894335;0.301741708619963;0
15.17;0.486773385494445;0.286670614817762;0
15.18;0.489572049197047;0.271539490719249;0
15.19;0.49221914856646;0.256352975209777;0
15.2;0.494714150595861;0.241115715806144;0
15.21;0.49705656878726;0.22583236724862;0
15.22;0.499245963217403;0.210507590093221;0
15.23;0.501281940589596;0.195146049304664;0
15.24;0.503164154271462;0.179752412850422;0
15.25;0.504892304318652;0.164331350296286;0
15.26;0.50646613748451;0.148887531403868;0
15.27;0.507885447215731;0.133425624730455;0
15.28;0.509150073634028;0.117950296231631;0
15.29;0.510259903503836;0.102466207867078;0
15.3;0.511214870186094;0.0869780162099719;0
15.31;0.512014953578134;0.0714903710603835;0
15.32;0.512660180039731;0.0560079140630947;0
15.33;0.513150622305343;0.040535277330231;0
15.34;0.513486399382609;0.0250770820691221;0
15.35;0.513667676437145;0.00963793721578749;0
15.36;0.513694664663702;-0.0057775619255497;0
15.37;0.513567621143754;-0.021164835036525;0
15.38;0.513286848689566;-0.0365193181318751;0
15.39;0.512852695674831;-0.0518364648994693;0
15.4;0.512265555851933;-0.06711174803274;0
15.41;0.511525868155926;-0.0823406605551259;0
15.42;0.510634116495305;-0.0975187171361448;0
15.43;0.509590829529653;-0.112641455398716;0
15.44;0.508396580434261;-0.127704437217357;0
15.45;0.5070519866518;-0.142703250006873;0
15.46;0.505557709631161;-0.157633508001187;0
15.47;0.503914454553541;-0.17249085352192;0
15.48;0.502122970045898;-0.187270958236382;0
15.49;0.500184047881877;-0.201969524404593;0
15.5;0.498098522670306;-0.216582286115007;0
15.51;0.4958672715314;-0.231105010508551;0
15.52;0.493491213760768;-0.245533498990668;0
15.53;0.49097131048136;-0.259863588431001;0
15.54;0.488308564283473;-0.27409115235038;0
15.55;0.485504018852948;-0.28821210209479;0
15.56;0.482558758587679;-0.302222387995976;0
15.57;0.479473908202587;-0.316118000518371;0
15.58;0.476250632323184;-0.329894971392023;0
15.59;0.472890135067866;-0.3435493747312;0
15.6;0.469393659619096;-0.357077328138377;0
15.61;0.465762487783609;-0.370474993793275;0
15.62;0.461997939541788;-0.383738579526682;0
15.63;0.458101372586385;-0.396864339878733;0
15.64;0.454074181850722;-0.409848577141373;0
15.65;0.449917799026539;-0.422687642384715;0
15.66;0.445633692071652;-0.435377936467011;0
15.67;0.441223364707596;-0.447915911027961;0
15.68;0.436688355907392;-0.460298069465101;0
15.69;0.432030239373645;-0.472520967892985;0
15.7;0.427250623007121;-0.484581216084924;0
15.71;0.422351148365985;-0.496475478397024;0
15.72;0.417333490115878;-0.508200474674268;0
15.73;0.412199355471026;-0.519752981138407;0
15.74;0.406950483626533;-0.531129831257433;0
15.75;0.401588645182085;-0.542327916596393;0
15.76;0.396115641557215;-0.553344187649318;0
15.77;0.390533304398337;-0.564175654652076;0
15.78;0.384843494977748;-0.574819388375899;0
15.79;0.379048103584769;-0.585272520901415;0
15.8;0.37314904890924;-0.595532246372966;0
15.81;0.367148277417568;-0.605595821733022;0
15.82;0.361047762721506;-0.615460567436518;0
15.83;0.354849504939896;-0.625123868144913;0
15.84;0.34855553005355;-0.63458317339982;0
15.85;0.342167889253494;-0.643835998276021;0
15.86;0.335688658282778;-0.652879924013723;0
15.87;0.329119936772046;-0.661712598629887;0
15.88;0.322463847569103;-0.670331737508496;0
15.89;0.315722536062659;-0.678735123969608;0
15.9;0.308898169500493;-0.686920609817072;0
15.91;0.301992936302223;-0.694886115864768;0
15.92;0.295009045366919;-0.702629632441261;0
15.93;0.287948725375768;-0.710149219872751;0
15.94;0.280814224090001;-0.717443008944203;0
15.95;0.273607807644311;-0.724509201338572;0
15.96;0.266331759835978;-0.731346070054015;0
15.97;0.258988381409921;-0.737951959799013;0
15.98;0.2515799893399;-0.744325287365315;0
15.99;0.244108916106081;-0.75046454197863;0
16;0.236577508969208;-0.756368285627013;0
16.01;0.228988129241578;-0.762035153366869;0
16.02;0.221343151555064;-0.767463853606525;0
16.03;0.213644963126405;-0.772653168367332;0
16.04;0.205895963019982;-0.777601953522254;0
16.05;0.19809856140831;-0.782309139011901;0
16.06;0.190255178830472;-0.786773729037995;0
16.07;0.182368245448725;-0.790994802234239;0
16.08;0.174440200303486;-0.794971511814586;0
16.09;0.166473490566956;-0.798703085698888;0
16.1;0.158470570795567;-0.802188826615945;0
16.11;0.150433902181522;-0.805428112183943;0
16.12;0.142365951803617;-0.808420394968315;0
16.13;0.134269191877591;-0.811165202517026;0
16.14;0.126146099006227;-0.813662137373325;0
16.15;0.117999153429422;-0.815910877066001;0
16.16;0.10983083827446;-0.817911174077165;0
16.17;0.101643638806707;-0.819662855787627;0
16.18;0.0934400416809473;-0.821165824399918;0
16.19;0.0852225341936003;-0.82242005683901;0
16.2;0.0769936035360211;-0.823425604630809;0
16.21;0.0687557360491205;-0.824182593758495;0
16.22;0.06051141647952;-0.824691224496791;0
16.23;0.0522631272374623;-0.824951771224248;0
16.24;0.0440133476566989;-0.824964582213631;0
16.25;0.0357645532565713;-0.824730079400528;0
16.26;0.0275192150065032;-0.824248758130264;0
16.27;0.019279798593122;-0.823521186883248;0
16.28;0.0110487636902224;-0.822548006978875;0
16.29;0.00282856323178744;-0.821329932258093;0
16.3;-0.00537835731172048;-0.819867748744784;0
16.31;-0.0135695606535879;-0.818162314286084;0
16.32;-0.0217426184073872;-0.816214558171795;0
16.33;-0.0298951117996143;-0.814025480733036;0
16.34;-0.0380246323782203;-0.811596152920285;0
16.35;-0.0461287827168304;-0.808927715860978;0
16.36;-0.0542051771144487;-0.806021380396835;0
16.37;-0.0622514422904447;-0.802878426601082;0
16.38;-0.0702652180746226;-0.799500203275748;0
16.39;-0.0782441580921749;-0.795888127429224;0
16.4;-0.0861859304433225;-0.792043683734282;0
16.41;-0.0940882183774491;-0.787968423966728;0
16.42;-0.101948720961534;-0.783663966424919;0
16.43;-0.109765153742698;-0.779131995330326;0
16.44;-0.117535249404664;-0.774374260209377;0
16.45;-0.125256758417962;-0.769392575256775;0
16.46;-0.132927449683675;-0.764188818680531;0
16.47;-0.14054511117056;-0.75876493202894;0
16.48;-0.148107550545357;-0.753122919499712;0
16.49;-0.15561259579611;-0.747264847231524;0
16.5;-0.163058095848323;-0.741192842578219;0
16.51;-0.170441921173783;-0.734909093365893;0
16.52;-0.177761964391878;-0.72841584713315;0
16.53;-0.185016140863243;-0.721715410354743;0
16.54;-0.192202389275567;-0.714810147648898;0
16.55;-0.199318672221399;-0.707702480968564;0
16.56;-0.206362976767802;-0.700394888776867;0
16.57;-0.213333315017686;-0.692889905207044;0
16.58;-0.220227724662668;-0.685190119207129;0
16.59;-0.227044269527324;-0.677298173669683;0
16.6;-0.233781040104657;-0.669216764546844;0
16.61;-0.240436154082662;-0.660948639950998;0
16.62;-0.247007756861827;-0.652496599241354;0
16.63;-0.253494022063441;-0.643863492096732;0
16.64;-0.259893152028568;-0.63505221757486;0
16.65;-0.266203378307553;-0.626065723158484;0
16.66;-0.272422962139936;-0.616907003788601;0
16.67;-0.278550194924633;-0.607579100885133;0
16.68;-0.284583398680276;-0.598085101355344;0
16.69;-0.29052092649558;-0.58842813659033;0
16.7;-0.296361162969621;-0.578611381449902;0
16.71;-0.302102524641916;-0.568638053236174;0
16.72;-0.307743460412186;-0.558511410656204;0
16.73;-0.313282451949697;-0.548234752774;0
16.74;-0.318718014092075;-0.537811417952229;0
16.75;-0.324048695233499;-0.527244782783966;0
16.76;-0.329273077702153;-0.516538261014823;0
16.77;-0.334389778126876;-0.505695302455786;0
16.78;-0.339397447792884;-0.494719391887116;0
16.79;-0.344294772986504;-0.483614047953647;0
16.8;-0.34908047532881;-0.472382822051836;0
16.81;-0.353753312098113;-0.461029297208904;0
16.82;-0.358312076541186;-0.44955708695442;0
16.83;-0.36275559817319;-0.437969834184692;0
16.84;-0.367082743066204;-0.42627121002029;0
16.85;-0.3712924141263;-0.414464912657089;0
16.86;-0.375383551359106;-0.402554666211154;0
16.87;-0.379355132123789;-0.390544219557859;0
16.88;-0.3832061713754;-0.378437345165558;0
16.89;-0.386935721895541;-0.366237837924211;0
16.9;-0.39054287451129;-0.35394951396928;0
16.91;-0.394026758302348;-0.341576209501297;0
16.92;-0.397386540796362;-0.329121779601432;0
16.93;-0.40062142815239;-0.316590097043443;0
16.94;-0.403730665332467;-0.303985051102368;0
16.95;-0.406713536261247;-0.291310546360309;0
16.96;-0.40956936397369;-0.278570501509685;0
16.97;-0.412297510750768;-0.265768848154316;0
16.98;-0.414897378243186;-0.252909529608689;0
16.99;-0.41736840758307;-0.239996499695783;0
17;-0.419710079483644;-0.227033721543809;0
17.01;-0.421921914326864;-0.214025166382226;0
17.02;-0.424003472239009;-0.200974812337403;0
17.03;-0.425954353154231;-0.187886643228277;0
17.04;-0.427774196866066;-0.174764647362382;0
17.05;-0.429462683066899;-0.161612816332594;0
17.06;-0.43101953137541;-0.148435143814963;0
17.07;-0.432444501352002;-0.135235624367989;0
17.08;-0.433737392502224;-0.122018252233693;0
17.09;-0.434898044268225;-0.108787020140842;0
17.1;-0.435926336008241;-0.0955459181106956;0
17.11;-0.436822186964155;-0.0822989322655989;0
17.12;-0.437585556217164;-0.0690500436408084;0
17.13;-0.438216442631568;-0.0558032269998747;0
17.14;-0.43871488478674;-0.0425624496539455;0
17.15;-0.439080960897303;-0.0293316702853307;0
17.16;-0.439314788721567;-0.0161148377756755;0
17.17;-0.439416525458261;-0.00291589003908611;0
17.18;-0.439386367631633;0.0102612471394516;0
17.19;-0.43922455096495;0.0234126612600215;0
17.2;-0.438931350242463;0.0365344542577575;0
17.21;-0.438507079159912;0.0496227436465204;0
17.22;-0.437952090163611;0.0626736636559387;0
17.23;-0.4372667742782;0.0756833663614854;0
17.24;-0.436451560923131;0.0886480228072624;0
17.25;-0.435506917717952;0.101563824121169;0
17.26;-0.434433350276484;0.114426982622136;0
17.27;-0.433231401989957;0.127233732919098;0
17.28;-0.431901653799195;0.139980333001404;0
17.29;-0.430444723955938;0.152663065320339;0
17.3;-0.428861267773392;0.165278237861459;0
17.31;-0.427151977366091;0.17782218520742;0
17.32;-0.425317581379181;0.190291269591021;0
17.33;-0.423358844707219;0.202681881938135;0
17.34;-0.421276568202586;0.214990442900259;0
17.35;-0.419071588373621;0.227213403876367;0
17.36;-0.416744777072591;0.239347248023799;0
17.37;-0.414297041173599;0.25138849125789;0
17.38;-0.411729322240546;0.263333683240056;0
17.39;-0.40904259618527;0.275179408354078;0
17.4;-0.406237872915972;0.286922286670286;0
17.41;-0.403316195976058;0.298558974897398;0
17.42;-0.400278642173514;0.310086167321738;0
17.43;-0.397126321200958;0.321500596733574;0
17.44;-0.393860375246473;0.33279903534032;0
17.45;-0.39048197859538;0.343978295666361;0
17.46;-0.386992337223065;0.355035231439238;0
17.47;-0.383392688379017;0.36596673846196;0
17.48;-0.379684300162191;0.376769755471208;0
17.49;-0.37586847108787;0.387441264981192;0
17.5;-0.371946529646139;0.397978294112934;0
17.51;-0.367919833852147;0.408377915408754;0
17.52;-0.363789770788275;0.418637247631746;0
17.53;-0.359557756138395;0.428753456550016;0
17.54;-0.355225233714342;0.438723755705491;0
17.55;-0.350793674974774;0.448545407167077;0
17.56;-0.346264578536575;0.458215722267987;0
17.57;-0.341639469678947;0.467732062327019;0
17.58;-0.336919899840374;0.47709183935363;0
17.59;-0.332107446108597;0.486292516736586;0
17.6;-0.327203710703788;0.495331609916034;0
17.61;-0.322210320455071;0.504206687038819;0
17.62;-0.317128926270566;0.512915369596869;0
17.63;-0.311961202601133;0.521455333048499;0
17.64;-0.306708846897971;0.529824307422462;0
17.65;-0.301373579064264;0.53802007790461;0
17.66;-0.295957140901029;0.546040485407013;0
17.67;-0.290461295547361;0.553883427119388;0
17.68;-0.284887826915243;0.561546857042722;0
17.69;-0.27923853911909;0.569028786504938;0
17.7;-0.273515255900233;0.576327284658495;0
17.71;-0.2677198200465;0.5834404789598;0
17.72;-0.261854092807083;0.590366555630314;0
17.73;-0.255919953302882;0.597103760099258;0
17.74;-0.249919297932505;0.603650397427802;0
17.75;-0.243854039774104;0.610004832714653;0
17.76;-0.237726107983247;0.616165491482953;0
17.77;-0.231537447187;0.622130860048389;0
17.78;-0.225290016874414;0.627899485868461;0
17.79;-0.218985790783605;0.633469977872806;0
17.8;-0.212626756285617;0.638841006774545;0
17.81;-0.206214913765252;0.644011305362555;0
17.82;-0.199752275999074;0.648979668774651;0
17.83;-0.193240867530756;0.653744954751591;0
17.84;-0.18668272404398;0.658306083871892;0
17.85;-0.18007989173307;0.662662039767396;0
17.86;-0.173434426671565;0.666811869319575;0
17.87;-0.166748394178908;0.670754682836526;0
17.88;-0.160023868185451;0.674489654210661;0
17.89;-0.153262930595978;0.67801602105706;0
17.9;-0.146467670651925;0.681333084832484;0
17.91;-0.139640184292497;0.684440210935052;0
17.92;-0.132782573514879;0.687336828784571;0
17.93;-0.12589694573373;0.690022431883541;0
17.94;-0.118985413140148;0.692496577858853;0
17.95;-0.112050092060315;0.694758888484176;0
17.96;-0.105093102313993;0.696809049683096;0
17.97;-0.0981165665730869;0.698646811513008;0
17.98;-0.0911226097204474;0.700271988129812;0
17.99;-0.0841133582091144;0.70168445773346;0
18;-0.0770909394221928;0.702884162494396;0
18.01;-0.0700574810335484;0.703871108460948;0
18.02;-0.0630151103695154;0.704645365447726;0
18.03;-0.0559659537718057;0.705207066905106;0
18.04;-0.0489121359618075;0.705556409769856;0
18.05;-0.0418557794064629;0.705693654296988;0
18.06;-0.0347990036859106;0.705619123872923;0
18.07;-0.0277439248630812;0.705333204810052;0
18.08;-0.0206926548554299;0.704836346122783;0
18.09;-0.0136473008089918;0.70412905928518;0
18.1;-0.00660996447494335;0.703211917970298;0
18.11;0.00041725841114755;0.702085557771318;0
18.12;0.00743227874720165;0.700750675904601;0
18.13;0.0144330146794577;0.69920803089478;0
18.14;0.0214173922140724;0.697458442242015;0
18.15;0.0283833458253133;0.695502790071546;0
18.16;0.0353288190601682;0.693342014765666;0
18.17;0.0422517651391948;0.690977116578274;0
18.18;0.0491501475534393;0.688409155232138;0
18.19;0.0560219406572494;0.685639249499025;0
18.2;0.0628651302568125;0.682668576762848;0
18.21;0.0696777141942495;0.679498372566004;0
18.22;0.0764577029270969;0.676129930139047;0
18.23;0.0832031201030111;0.672564599913884;0
18.24;0.0899120031295314;0.668803789020661;0
18.25;0.0965824037387389;0.664848960768507;0
18.26;0.103212388546651;0.660701634110351;0
18.27;0.109800039607194;0.656363383091955;0
18.28;0.116343454960593;0.651835836285398;0
18.29;0.122840749176031;0.647120676207181;0
18.3;0.129290053888416;0.642219638721157;0
18.31;0.135689518329118;0.637134512426511;0
18.32;0.142037309850506;0.631867138030963;0
18.33;0.148331614444168;0.626419407709447;0
18.34;0.154570637252637;0.620793264448455;0
18.35;0.160752603074509;0.614990701376274;0
18.36;0.166875756862794;0.609013761079356;0
18.37;0.17293836421637;0.602864534905018;0
18.38;0.178938711864408;0.596545162250747;0
18.39;0.184875108143622;0.5900578298403;0
18.4;0.190745883468232;0.58340477098688;0
18.41;0.196549390792491;0.576588264843601;0
18.42;0.202284006065668;0.569610635641506;0
18.43;0.207948128679354;0.562474251915379;0
18.44;0.21354018190697;0.555181525717612;0
18.45;0.219058613335362;0.547734911820369;0
18.46;0.224501895288368;0.540136906906326;0
18.47;0.229868525242239;0.532390048748229;0
18.48;0.23515702623281;0.524496915377557;0
18.49;0.240365947254301;0.516460124242531;0
18.5;0.245493863649666;0.508282331355766;0
18.51;0.250539377492356;0.499966230431825;0
18.52;0.255501117959427;0.491514552014948;0
18.53;0.260377741695873;0.482930062597251;0
18.54;0.265167933170104;0.474215563727652;0
18.55;0.269870405020471;0.465373891111831;0
18.56;0.27448389839275;0.456407913703492;0
18.57;0.279007183268505;0.44732053278722;0
18.58;0.283439058784236;0.438114681053226;0
18.59;0.287778353541246;0.428793321664268;0
18.6;0.292023925906138;0.419359447315037;0
18.61;0.296174664301873;0.409816079284309;0
18.62;0.300229487489324;0.400166266480161;0
18.63;0.304187344839247;0.390413084478545;0
18.64;0.308047216594607;0.380559634555511;0
18.65;0.311808114123205;0.370609042713406;0
18.66;0.315469080160536;0.36056445870132;0
18.67;0.319029189042826;0.350429055030104;0
18.68;0.322487546930206;0.340206025982258;0
18.69;0.325843292019945;0.329898586616991;0
18.7;0.32909559474973;0.319509971770768;0
18.71;0.332243657990925;0.30904343505364;0
18.72;0.335286717231772;0.298502247841676;0
18.73;0.338224040750506;0.287889698265801;0
18.74;0.341054929778344;0.277209090197347;0
18.75;0.343778718652308;0.266463742230629;0
18.76;0.346394774957869;0.255656986662862;0
18.77;0.348902499661377;0.244792168471713;0
18.78;0.351301327232257;0.233872644290821;0
18.79;0.353590725754951;0.222901781383576;0
18.8;0.355770197030592;0.211882956615475;0
18.81;0.357839276668398;0.200819555425373;0
18.82;0.359797534166772;0.189714970795924;0
18.83;0.361644572984107;0.178572602223535;0
18.84;0.363380030599282;0.167395854688135;0
18.85;0.36500357856187;0.156188137623073;0
18.86;0.366514922532029;0.144952863885453;0
18.87;0.367913802310117;0.133693448727206;0
18.88;0.369199991856009;0.122413308767217;0
18.89;0.370373299298146;0.111115860964812;0
18.9;0.371433566932328;0.0998045215949008;0
18.91;0.372380671210264;0.0884827052250872;0
18.92;0.373214522717904;0.0771538236950551;0
18.93;0.373935066143578;0.065821285098519;0
18.94;0.374542280235963;0.0544884927680518;0
18.95;0.375036177751916;0.0431588442630822;0
18.96;0.375416805394203;0.0318357303613632;0
18.97;0.375684243739154;0.0205225340542061;0
18.98;0.375838607154294;0.00922262954577596;0
18.99;0.375880043705986;-0.00206061874325961;0
19;0.375808735057124;-0.0133238571674359;0
19.01;0.375624896354942;-0.0245637438432627;0
19.02;0.375328776108971;-0.0357769496307739;0
19.03;0.374920656059206;-0.0469601591095702;0
19.04;0.374400851034538;-0.0581100715490718;0
19.05;0.373769708801517;-0.0692234018726999;0
19.06;0.37302760990349;-0.080296881615709;0
19.07;0.372174967490201;-0.0913272598763933;0
19.08;0.371212227137905;-0.102311304260393;0
19.09;0.370139866660069;-0.113245801817831;0
19.1;0.368958395908739;-0.12412755997301;0
19.11;0.367668356566644;-0.134953407446402;0
19.12;0.366270321930112;-0.145720195168675;0
19.13;0.364764896682886;-0.156424797186485;0
19.14;0.363152716660919;-0.167064111559783;0
19.15;0.361434448608238;-0.177635061250389;0
19.16;0.359610789923954;-0.188134595001561;0
19.17;0.357682468400529;-0.198559688208339;0
19.18;0.355650241953371;-0.208907343778389;0
19.19;0.353514898341876;-0.219174592983134;0
19.2;0.351277254881993;-0.229358496298909;0
19.21;0.348938158150424;-0.239456144237924;0
19.22;0.346498483680571;-0.249464658168789;0
19.23;0.343959135650315;-0.259381191126383;0
19.24;0.341321046561748;-0.26920292861084;0
19.25;0.338585176912968;-0.278927089375423;0
19.26;0.335752514862043;-0.288550926203085;0
19.27;0.332824075883259;-0.29807172667149;0
19.28;0.329800902415779;-0.307486813906284;0
19.29;0.326684063504813;-0.316793547322431;0
19.3;0.323474654435435;-0.325989323353377;0
19.31;0.320173796359161;-0.335071576167878;0
19.32;0.316782635913418;-0.344037778374281;0
19.33;0.313302344834026;-0.352885441712071;0
19.34;0.309734119560816;-0.361612117730498;0
19.35;0.306079180836537;-0.370215398454107;0
19.36;0.302338773299147;-0.37869291703499;0
19.37;0.298514165067659;-0.387042348391589;0
19.38;0.294606647321647;-0.395261409833881;0
19.39;0.290617533874572;-0.403347861674783;0
19.4;0.286548160741051;-0.411299507827609;0
19.41;0.282399885698217;-0.419114196389442;0
19.42;0.278174087841308;-0.426789820210246;0
19.43;0.273872167133627;-0.434324317447594;0
19.44;0.269495543951029;-0.44171567210686;0
19.45;0.265045658621062;-0.448961914566731;0
19.46;0.260523970956923;-0.456061122089928;0
19.47;0.255931959786376;-0.463011419318986;0
19.48;0.251271122475779;-0.46981097875698;0
19.49;0.246542974449368;-0.476458021233083;0
19.5;0.241749048703959;-0.482950816352832;0
19.51;0.236890895319215;-0.489287682933003;0
19.52;0.231970080963633;-0.495466989420985;0
19.53;0.226988188396406;-0.501487154298555;0
19.54;0.221946815965325;-0.507346646469966;0
19.55;0.216847577100861;-0.513043985634245;0
19.56;0.211692099806602;-0.518577742641631;0
19.57;0.206482026146194;-0.523946539834068;0
19.58;0.201219011726955;-0.529149051369671;0
19.59;0.195904725180305;-0.534184003531108;0
19.6;0.190540847639199;-0.539050175017827;0
19.61;0.1851290722127;-0.543746397222064;0
19.62;0.179671103457871;-0.548271554488585;0
19.63;0.174168656849139;-0.552624584358108;0
19.64;0.168623458245299;-0.556804477794359;0
19.65;0.163037243354326;-0.560810279394725;0
19.66;0.157411757196151;-0.564641087584468;0
19.67;0.151748753563563;-0.568296054794469;0
19.68;0.14604999448142;-0.571774387622477;0
19.69;0.140317249664312;-0.575075346977846;0
19.7;0.134552295972856;-0.57819824820974;0
19.71;0.12875691686878;-0.581142461218802;0
19.72;0.122932901868969;-0.583907410552277;0
19.73;0.117082045998629;-0.586492575482587;0
19.74;0.111206149243743;-0.588897490069376;0
19.75;0.105307016002984;-0.591121743205012;0
19.76;0.0993864545392368;-0.59316497864359;0
19.77;0.0934462764309174;-0.595026895013424;0
19.78;0.0874882960232317;-0.59670724581308;0
19.79;0.0815143298795521;-0.59820583939096;0
19.8;0.0755261962330711;-0.599522538908488;0
19.81;0.0695257144388974;-0.600657262286917;0
19.82;0.0635147044267563;-0.601609982137826;0
19.83;0.0574949861544598;-0.602380725677329;0
19.84;0.0514683790623061;-0.602969574624072;0
19.85;0.0454367015285736;-0.603376665081067;0
19.86;0.0394017703262675;-0.603602187401421;0
19.87;0.0333654000812823;-0.603646386038043;0
19.88;0.0273294027321386;-0.603509559377382;0
19.89;0.0212955869914547;-0.60319205955729;0
19.9;0.0152657578093098;-0.602694292269086;0
19.91;0.00924171583865794;-0.602016716543904;0
19.92;0.00322525690294902;-0.601159844523418;0
19.93;-0.00278182853388809;-0.600124241215046;0
19.94;-0.00877775589494455;-0.598910524231722;0
19.95;-0.0147607470151593;-0.597519363516352;0
19.96;-0.020729030663323;-0.595951481051047;0
19.97;-0.0266808430611059;-0.59420765055127;0
19.98;-0.03261442839896;-0.592288697144992;0
19.99;-0.0385280393487459;-0.590195497036987;0
20;-0.0444199375729356;-0.5879289771584;0
