0;0.55882055050956;0.0919214722328873;0
0.01;0.559663604093065;0.0749975212422759;0
0.02;0.560337443711909;0.0580801756337168;0
0.03;0.560842158198452;0.0411744952064948;0
0.04;0.561177886929413;0.0242855275670125;0
0.05;0.561344819697218;0.00741830663667284;0
0.06;0.561343196566464;-0.00942214883357177;0
0.07;0.561173307715557;-0.0262308367415696;0
0.08;0.560835493263592;-0.0430027731047883;0
0.09;0.560330143082575;-0.0597329935231745;0
0.1;0.559657696595042;-0.0764165546336289;0
0.11;0.558818642557175;-0.0930485355556754;0
0.12;0.557813518827509;-0.109624039327907;0
0.13;0.556642912121307;-0.126138194334791;0
0.14;0.555307457750723;-0.142586155723429;0
0.15;0.553807839350832;-0.15896310680985;0
0.16;0.55214478859166;-0.175264260474457;0
0.17;0.550319084876294;-0.191484860546199;0
0.18;0.548331555025216;-0.207620183175092;0
0.19;0.546183072946957;-0.223665538192701;0
0.2;0.543874559295207;-0.239616270460169;0
0.21;0.5414069811125;-0.25546776120345;0
0.22;0.538781351460603;-0.271215429335327;0
0.23;0.535998729037751;-0.286854732763876;0
0.24;0.533060217782856;-0.302381169686983;0
0.25;0.529966966466837;-0.31779027987256;0
0.26;0.52672016827121;-0.333077645924106;0
0.27;0.523321060354096;-0.348238894531242;0
0.28;0.519770923403785;-0.363269697704891;0
0.29;0.516071081180024;-0.378165773996746;0
0.3;0.512222900043181;-0.392922889702687;0
0.31;0.508227788471446;-0.407536860049826;0
0.32;0.504087196566241;-0.422003550366838;0
0.33;0.499802615545998;-0.436318877237264;0
0.34;0.495375577228484;-0.450478809635469;0
0.35;0.490807653501847;-0.464479370044938;0
0.36;0.486100455784558;-0.478316635558621;0
0.37;0.481255634474433;-0.491986738961001;0
0.38;0.476274878386913;-0.505485869791624;0
0.39;0.471159914182799;-0.518810275389779;0
0.4;0.465912505785624;-0.531956261920057;0
0.41;0.460534453788856;-0.544920195378519;0
0.42;0.455027594853126;-0.557698502579193;0
0.43;0.449393801093685;-0.57028767212065;0
0.44;0.443634979458279;-0.582684255332396;0
0.45;0.437753071095662;-0.594884867200833;0
0.46;0.431750050714928;-0.606886187274548;0
0.47;0.425627925935899;-0.61868496054869;0
0.48;0.419388736630756;-0.630277998328213;0
0.49;0.413034554257131;-0.641662179069756;0
0.5;0.406567481182885;-0.652834449201944;0
0.51;0.399989650002775;-0.663791823923911;0
0.52;0.393303222847236;-0.674531387981829;0
0.53;0.386510390683498;-0.685050296423258;0
0.54;0.379613372609261;-0.695345775329125;0
0.55;0.372614415139148;-0.705415122523152;0
0.56;0.365515791484169;-0.715255708258564;0
0.57;0.358319800824422;-0.724864975881893;0
0.58;0.351028767575253;-0.734240442473745;0
0.59;0.343645040647121;-0.743379699466355;0
0.6;0.336170992699385;-0.752280413237792;0
0.61;0.328609019388263;-0.760940325682684;0
0.62;0.32096153860918;-0.769357254759315;0
0.63;0.313230989733758;-0.777529095012993;0
0.64;0.305419832841679;-0.785453818075549;0
0.65;0.297530547947662;-0.79312947314088;0
0.66;0.289565634223785;-0.800554187416415;0
0.67;0.281527609217414;-0.80772616655043;0
0.68;0.273419008064954;-0.814643695035105;0
0.69;0.265242382701692;-0.821305136585262;0
0.7;0.257000301067949;-0.827708934492702;0
0.71;0.248695346311812;-0.833853611956073;0
0.72;0.240330115988668;-0.839737772386228;0
0.73;0.231907221257797;-0.845360099687011;0
0.74;0.223429286076272;-0.85071935851142;0
0.75;0.214898946390403;-0.855814394493146;0
0.76;0.206318849324981;-0.860644134453418;0
0.77;0.197691652370558;-0.865207586583173;0
0.78;0.189020022569028;-0.869503840600505;0
0.79;0.180306635697731;-0.873532067883421;0
0.8;0.171554175452351;-0.877291521577878;0
0.81;0.162765332628841;-0.880781536681132;0
0.82;0.153942804304623;-0.884001530100398;0
0.83;0.145089293019318;-0.88695100068687;0
0.84;0.136207505955243;-0.889629529245104;0
0.85;0.127300154117924;-0.892036778517832;0
0.86;0.118369951516875;-0.894172493146228;0
0.87;0.10941961434688;-0.8960364996057;0
0.88;0.10045186017003;-0.897628706117263;0
0.89;0.0914694070987569;-0.898949102534551;0
0.9;0.0824749729801046;-0.899997760206566;0
0.91;0.0734712745814797;-0.900774831816219;0
0.92;0.0644610267781297;-0.901280551194784;0
0.93;0.0554469417425821;-0.901515233112331;0
0.94;0.0464317281362871;-0.901479273044265;0
0.95;0.0374180903037025;-0.901173146914074;0
0.96;0.0284087274690574;-0.900597410812401;0
0.97;0.0194063329360318;-0.899752700692569;0
0.98;0.0104135932905856;-0.898639732042691;0
0.99;0.00143318760717196;-0.897259299534498;0
1;-0.00753221334143333;-0.895612276649042;0
1.01;-0.0164799478704565;-0.89369961527941;0
1.02;-0.0254073641653742;-0.891522345310619;0
1.03;-0.0343118210598592;-0.88908157417686;0
1.04;-0.0431906888091968;-0.886378486396246;0
1.05;-0.0520413498589486;-0.883414343083262;0
1.06;-0.0608611996086405;-0.880190481439086;0
1.07;-0.069647647170256;-0.876708314219984;0
1.08;-0.0783981161213143;-0.872969329183965;0
1.09;-0.0871100452523187;-0.86897508851591;0
1.1;-0.09578088930836;-0.864727228231371;0
1.11;-0.104408119724663;-0.860227457559271;0
1.12;-0.112989225355863;-0.855477558303712;0
1.13;-0.121521713198816;-0.850479384185133;0
1.14;-0.130003109108714;-0.845234860161032;0
1.15;-0.13843095850833;-0.839745981726511;0
1.16;-0.146802827090172;-0.83401481419487;0
1.17;-0.155116301511354;-0.828043491958518;0
1.18;-0.163368990080991;-0.821834217730441;0
1.19;-0.17155852343992;-0.815389261766492;0
1.2;-0.179682555232559;-0.80871096106878;0
1.21;-0.187738762770718;-0.801801718570409;0
1.22;-0.195724847689171;-0.794664002301863;0
1.23;-0.203638536592812;-0.787300344539305;0
1.24;-0.211477581695214;-0.779713340935085;0
1.25;-0.219239761448415;-0.771905649630746;0
1.26;-0.226922881163752;-0.763879990352813;0
1.27;-0.234524773623583;-0.755639143491688;0
1.28;-0.242043299683718;-0.747185949163938;0
1.29;-0.2494763488664;-0.738523306258284;0
1.3;-0.256821839943677;-0.729654171465628;0
1.31;-0.264077721510999;-0.720581558293404;0
1.32;-0.271241972550893;-0.711308536064602;0
1.33;-0.278312602986558;-0.701838228901777;0
1.34;-0.285287654225234;-0.692173814696379;0
1.35;-0.292165199691204;-0.682318524063734;0
1.36;-0.298943345348271;-0.67227563928402;0
1.37;-0.305620230211599;-0.662048493229571;0
1.38;-0.312194026848751;-0.65164046827887;0
1.39;-0.318662941869822;-0.641054995217551;0
1.4;-0.325025216406513;-0.630295552126795;0
1.41;-0.331279126580044;-0.619365663259455;0
1.42;-0.337422983957764;-0.608268897904264;0
1.43;-0.343455135998361;-0.597008869238507;0
1.44;-0.34937396648554;-0.585589233169501;0
1.45;-0.355177895950073;-0.574013687165261;0
1.46;-0.360865382080103;-0.562285969074715;0
1.47;-0.366434920119607;-0.550409855937841;0
1.48;-0.371885043254918;-0.538389162786108;0
1.49;-0.377214322989206;-0.526227741433583;0
1.5;-0.382421369504832;-0.513929479259091;0
1.51;-0.387504832013482;-0.501498297979811;0
1.52;-0.392463399094003;-0.48893815241668;0
1.53;-0.397295799017855;-0.476253029252006;0
1.54;-0.40200080006211;-0.463446945779651;0
1.55;-0.40657721080991;-0.4505239486482;0
1.56;-0.411023880438342;-0.437488112597483;0
1.57;-0.415339698993637;-0.424343539188848;0
1.58;-0.419523597653651;-0.411094355529578;0
1.59;-0.423574548977563;-0.397744712991846;0
1.6;-0.427491567142742;-0.384298785926586;0
1.61;-0.43127370816873;-0.370760770372706;0
1.62;-0.434920070128293;-0.357134882761996;0
1.63;-0.438429793345514;-0.343425358620166;0
1.64;-0.44180206058087;-0.329636451264387;0
1.65;-0.445036097203272;-0.315772430497732;0
1.66;-0.448131171349044;-0.301837581300929;0
1.67;-0.4510865940678;-0.287836202521805;0
1.68;-0.453901719455213;-0.27377260556283;0
1.69;-0.456575944772647;-0.259651113067149;0
1.7;-0.459108710553648;-0.245476057603509;0
1.71;-0.46149950069728;-0.231251780350464;0
1.72;-0.4637478425483;-0.216982629780265;0
1.73;-0.465853306964173;-0.202672960342825;0
1.74;-0.467815508368925;-0.188327131150153;0
1.75;-0.469634104793852;-0.173949504661651;0
1.76;-0.47130879790508;-0.15954444537067;0
1.77;-0.472839333017998;-0.145116318492709;0
1.78;-0.474225499098587;-0.130669488655657;0
1.79;-0.475467128751655;-0.116208318592458;0
1.8;-0.476564098196019;-0.101737167836596;0
1.81;-0.477516327226648;-0.0872603914207719;0
1.82;-0.478323779163815;-0.0727823385791803;0
1.83;-0.478986460789284;-0.0583073514537399;0
1.84;-0.479504422269584;-0.0438397638046835;0
1.85;-0.479877757066403;-0.0293838997258722;0
1.86;-0.480106601834167;-0.0149440723652166;0
1.87;-0.480191136304839;-0.000524582650577732;0
1.88;-0.480131583160006;0.0138702819784788;0
1.89;-0.479928207890313;0.0282362488327058;0
1.9;-0.479581318642306;0.0425690612286073;0
1.91;-0.479091266052746;0.0568644797369151;0
1.92;-0.478458443070482;0.0711182834237481;0
1.93;-0.477683284765933;0.0853262710840938;0
1.94;-0.476766268128283;0.0994842624672566;0
1.95;-0.475707911850452;0.113588099493918;0
1.96;-0.474508776101938;0.127633647464458;0
1.97;-0.473169462289615;0.141616796258195;0
1.98;-0.471690612806582;0.155533461523194;0
1.99;-0.470072910769158;0.169379585856304;0
2;-0.468317079742119;0.183151139973093;0
2.01;-0.466423883452286;0.19684412386734;0
2.02;-0.464394125490565;0.210454567959762;0
2.03;-0.462228649002547;0.22397853423564;0
2.04;-0.459928336367788;0.237412117371032;0
2.05;-0.457494108867871;0.250751445847253;0
2.06;-0.454926926343389;0.263992683053298;0
2.07;-0.452227786839947;0.277132028375916;0
2.08;-0.44939772624333;0.290165718277015;0
2.09;-0.446437817903945;0.303090027358099;0
2.1;-0.443349172250692;0.31590126941145;0
2.11;-0.440132936394366;0.328595798457747;0
2.12;-0.436790293720763;0.341170009769851;0
2.13;-0.433322463473597;0.353620340882461;0
2.14;-0.429730700327393;0.365943272587363;0
2.15;-0.426016293950492;0.378135329914005;0
2.16;-0.422180568558318;0.390193083095132;0
2.17;-0.418224882457051;0.402113148517197;0
2.18;-0.414150627577873;0.413892189655318;0
2.19;-0.409959229001932;0.425526917992501;0
2.2;-0.405652144476184;0.437014093922904;0
2.21;-0.401230863920276;0.448350527638876;0
2.22;-0.396696908924633;0.45953308000155;0
2.23;-0.392051832239916;0.47055866339475;0
2.24;-0.387297217258011;0.481424242561986;0
2.25;-0.38243467748473;0.492126835426315;0
2.26;-0.377465856004392;0.502663513892853;0
2.27;-0.372392424936451;0.513031404633721;0
2.28;-0.367216084884364;0.523227689855232;0
2.29;-0.361938564376859;0.53324960804711;0
2.3;-0.356561619301796;0.543094454713547;0
2.31;-0.351087032332803;0.552759583085914;0
2.32;-0.345516612348862;0.562242404816947;0
2.33;-0.339852193847043;0.571540390656224;0
2.34;-0.334095636348562;0.580651071106761;0
2.35;-0.328248823798363;0.589572037062582;0
2.36;-0.322313663958411;0.598300940427071;0
2.37;-0.316292087794887;0.606835494711996;0
2.38;-0.310186048859474;0.615173475617013;0
2.39;-0.303997522664954;0.623312721589546;0
2.4;-0.29772850605527;0.631251134364895;0
2.41;-0.291381016570301;0.638986679486441;0
2.42;-0.284957091805508;0.646517386805827;0
2.43;-0.278458788766676;0.653841350963013;0
2.44;-0.271888183219944;0.660956731846068;0
2.45;-0.265247369037332;0.667861755030634;0
2.46;-0.258538457537959;0.674554712198925;0
2.47;-0.251763576825173;0.681033961538202;0
2.48;-0.244924871119776;0.68729792811862;0
2.49;-0.238024500089575;0.693345104250385;0
2.5;-0.231064638175451;0.69917404982013;0
2.51;-0.224047473914157;0.704783392606471;0
2.52;-0.216975209258052;0.710171828574652;0
2.53;-0.209850058891991;0.715338122150258;0
2.54;-0.202674249547561;0.72028110647193;0
2.55;-0.195450019314898;0.724999683623048;0
2.56;-0.188179616952266;0.72949282484235;0
2.57;-0.18086530119364;0.73375957071346;0
2.58;-0.173509340054478;0.737799031333301;0
2.59;-0.166114010135909;0.741610386459383;0
2.6;-0.158681595927542;0.745192885635953;0
2.61;-0.151214389109108;0.748545848299017;0
2.62;-0.14371468785115;0.751668663860222;0
2.63;-0.136184796114963;0.75456079176962;0
2.64;-0.128627022952006;0.757221761557335;0
2.65;-0.121043681802995;0.75965117285414;0
2.66;-0.113437089796875;0.761848695391002;0
2.67;-0.105809567049905;0.763814068977594;0
2.68;-0.0981634359650356;0.765547103459854;0
2.69;-0.0905010205318224;0.767047678656616;0
2.7;-0.0828246456270546;0.768315744275372;0
2.71;-0.0751366363163249;0.769351319807238;0
2.72;-0.0674393171567422;0.770154494401168;0
2.73;-0.0597350115009956;0.770725426717521;0
2.74;-0.0520260408029743;0.771064344761027;0
2.75;-0.0443147239251514;0.771171545693264;0
2.76;-0.0366033764479341;0.77104739562472;0
2.77;-0.0288943099811852;0.77069232938655;0
2.78;-0.0211898314781177;0.770106850282121;0
2.79;-0.0134922425517644;0.76929152981846;0
2.8;-0.0058038387942239;0.768247007417723;0
2.81;0.00187309090111999;0.766973990108791;0
2.82;0.00953626501420457;0.765473252199143;0
2.83;0.0171834100695258;0.763745634927119;0
2.84;0.0248122613038104;0.761792046094713;0
2.85;0.0324205633299289;0.759613459681056;0
2.86;0.0400060707968572;0.757210915436713;0
2.87;0.0475665490454955;0.754585518458972;0
2.88;0.0550997747601545;0.751738438748265;0
2.89;0.0626035366155221;0.748670910745907;0
2.9;0.0700756359189242;0.745384232853303;0
2.91;0.0775138872476945;0.741879766932811;0
2.92;0.0849161190814706;0.738158937790447;0
2.93;0.0922801744292372;0.734223232640597;0
2.94;0.099603911450935;0.730074200552958;0
2.95;0.106885204073461;0.725713451881871;0
2.96;0.114121942600882;0.72114265767828;0
2.97;0.121312034318693;0.716363549084494;0
2.98;0.128453404091941;0.711377916711984;0
2.99;0.135543994957061;0.706187610002422;0
3;0.142581768707235;0.700794536572177;0
3.01;0.149564706471136;0.695200661540511;0
3.02;0.156490809284869;0.689408006841678;0
3.03;0.163358098656969;0.683418650521188;0
3.04;0.170164617126291;0.67723472601645;0
3.05;0.176908428812632;0.670858421422055;0
3.06;0.183587619959945;0.66429197873993;0
3.07;0.190200299471979;0.657537693114629;0
3.08;0.196744599440213;0.650597912054004;0
3.09;0.20321867566393;0.643475034635518;0
3.1;0.209620708162284;0.636171510698468;0
3.11;0.215948901678242;0.628689840022373;0
3.12;0.222201486174228;0.621032571491814;0
3.13;0.228376717319375;0.613202302247979;0
3.14;0.234472876968222;0.605201676827206;0
3.15;0.240488273630741;0.597033386286803;0
3.16;0.24642124293357;0.588700167318414;0
3.17;0.252270148072317;0.580204801349245;0
3.18;0.258033380254833;0.571550113631411;0
3.19;0.263709359135315;0.562738972319714;0
3.2;0.269296533239148;0.553774287538159;0
3.21;0.274793380378348;0.544659010435468;0
3.22;0.280198408057526;0.535396132229947;0
3.23;0.285510153870244;0.525988683243963;0
3.24;0.290727185885676;0.516439731928368;0
3.25;0.295848103025464;0.506752383877169;0
3.26;0.300871535430684;0.496929780832758;0
3.27;0.305796144818816;0.486975099682012;0
3.28;0.310620624830642;0.476891551443588;0
3.29;0.315343701366974;0.466682380246724;0
3.3;0.319964132915135;0.456350862301872;0
3.31;0.324480710865108;0.445900304863483;0
3.32;0.328892259815283;0.435334045185267;0
3.33;0.333197637867721;0.424655449468258;0
3.34;0.337395736912867;0.413867911802009;0
3.35;0.341485482903648;0.402974853099249;0
3.36;0.345465836118886;0.391979720024323;0
3.37;0.349335791415975;0.380885983915767;0
3.38;0.353094378472745;0.369697139703324;0
3.39;0.356740662018492;0.358416704819762;0
3.4;0.360273742054084;0.347048218107809;0
3.41;0.363692754061133;0.33559523872255;0
3.42;0.366996869200157;0.324061345029627;0
3.43;0.370185294497718;0.312450133499565;0
3.44;0.373257273022478;0.300765217598577;0
3.45;0.376212084050159;0.289010226676183;0
3.46;0.379049043217351;0.277188804849972;0
3.47;0.381767502664172;0.26530460988786;0
3.48;0.384366851165731;0.253361312088177;0
3.49;0.386846514252385;0.241362593157916;0
3.5;0.389205954318771;0.229312145089502;0
3.51;0.391444670721605;0.217213669036395;0
3.52;0.393562199866227;0.205070874187888;0
3.53;0.395558115281893;0.192887476643429;0
3.54;0.397432027685814;0.180667198286803;0
3.55;0.39918358503593;0.168413765660519;0
3.56;0.400812472572435;0.156130908840729;0
3.57;0.402318412848055;0.14382236031303;0
3.58;0.403701165747088;0.131491853849469;0
3.59;0.404960528493217;0.119143123387096;0
3.6;0.406096335646123;0.106779901908391;0
3.61;0.407108459086911;0.0944059203239069;0
3.62;0.407996807992369;0.0820249063574482;0
3.63;0.408761328798093;0.0696405834341263;0
3.64;0.409402005150513;0.0572566695716102;0
3.65;0.409918857847836;0.0448768762749057;0
3.66;0.410311944769965;0.0325049074349858;0
3.67;0.410581360797415;0.020144458231597;0
3.68;0.410727237719281;0.00779921404056169;0
3.69;0.410749744130296;-0.00452715065410213;0
3.7;0.410649085317042;-0.0168309733429263;0
3.71;0.410425503133347;-0.0291086045682882;0
3.72;0.410079275864942;-0.0413564089959416;0
3.73;0.409610718083427;-0.0535707664804735;0
3.74;0.409020180489611;-0.0657480731243755;0
3.75;0.408308049746294;-0.0778847423304255;0
3.76;0.407474748300551;-0.089977205847074;0
3.77;0.406520734195597;-0.102021914806535;0
3.78;0.405446500872312;-0.114015340755283;0
3.79;0.404252576960482;-0.125953976676655;0
3.8;0.402939526059864;-0.137834338005278;0
3.81;0.401507946511136;-0.149652963633014;0
3.82;0.399958471156834;-0.161406416906149;0
3.83;0.398291767092348;-0.173091286613537;0
3.84;0.396508535407089;-0.184704187965418;0
3.85;0.394609510915903;-0.196241763562639;0
3.86;0.39259546188084;-0.207700684355987;0
3.87;0.390467189723373;-0.219077650595387;0
3.88;0.38822552872718;-0.230369392768683;0
3.89;0.385871345731568;-0.241572672529733;0
3.9;0.38340553981569;-0.252684283615579;0
3.91;0.380829041973615;-0.263701052752415;0
3.92;0.37814281478041;-0.274619840550113;0
3.93;0.375347852049315;-0.28543754238505;0
3.94;0.372445178480153;-0.296151089271005;0
3.95;0.36943584929908;-0.306757448717866;0
3.96;0.366320949889804;-0.317253625577928;0
3.97;0.363101595416402;-0.327636662879539;0
3.98;0.359778930437853;-0.337903642647875;0
3.99;0.356354128514423;-0.348051686712606;0
4;0.35282839180604;-0.358077957502252;0
4.01;0.349202950662773;-0.367979658824995;0
4.02;0.345479063207579;-0.377754036635748;0
4.03;0.341658014911431;-0.38739837978928;0
4.04;0.337741118160981;-0.396910020779168;0
4.05;0.333729711818907;-0.406286336462421;0
4.06;0.32962516077706;-0.415524748769541;0
4.07;0.325428855502599;-0.42462272539986;0
4.08;0.321142211577219;-0.433577780501969;0
4.09;0.316766669229658;-0.442387475339038;0
4.1;0.312303692861612;-0.451049418938886;0
4.11;0.307754770567218;-0.459561268728603;0
4.12;0.303121413646264;-0.467920731153582;0
4.13;0.298405156111279;-0.47612556228079;0
4.14;0.29360755418866;-0.484173568386123;0
4.15;0.288730185813998;-0.492062606525709;0
4.16;0.283774650121764;-0.499790585091006;0
4.17;0.278742566929522;-0.507355464347547;0
4.18;0.273635576216818;-0.514755256957225;0
4.19;0.268455337598932;-0.521988028483963;0
4.2;0.263203529795641;-0.529051897882661;0
4.21;0.257881850095172;-0.535945037971297;0
4.22;0.252492013813508;-0.542665675886075;0
4.23;0.247035753749221;-0.549212093519496;0
4.24;0.241514819634003;-0.55558262794128;0
4.25;0.235930977579058;-0.56177567180201;0
4.26;0.230286009517544;-0.567789673719428;0
4.27;0.224581712643227;-0.57362313864729;0
4.28;0.218819898845526;-0.579274628226696;0
4.29;0.21300239414112;-0.584742761119831;0
4.3;0.207131038102305;-0.59002621332603;0
4.31;0.201207683282259;-0.595123718480122;0
4.32;0.195234194637419;-0.600034068132977;0
4.33;0.189212448947112;-0.604756112014213;0
4.34;0.183144334230664;-0.609288758277012;0
4.35;0.177031749162116;-0.613630973725003;0
4.36;0.170876602482774;-0.617781784021171;0
4.37;0.164680812411737;-0.621740273878767;0
4.38;0.158446306054603;-0.625505587234182;0
4.39;0.152175018810525;-0.629076927401784;0
4.4;0.145868893777801;-0.632453557210675;0
4.41;0.139529881158179;-0.63563479912338;0
4.42;0.133159937660053;-0.638620035336462;0
4.43;0.12676102590074;-0.641408707863044;0
4.44;0.120335113808003;-0.644000318597274;0
4.45;0.113884174021024;-0.646394429360713;0
4.46;0.107410183290983;-0.648590661930698;0
4.47;0.100915121881442;-0.650588698050667;0
4.48;0.0944009729686986;-0.6523882794225;0
4.49;0.0878697220423085;-0.653989207680898;0
4.5;0.0813233563059338;-0.655391344349841;0
4.51;0.074763864078714;-0.656594610781167;0
4.52;0.0681932341973283;-0.657598988075323;0
4.53;0.0616134554189323;-0.658404516984342;0
4.54;0.0550265158251432;-0.659011297797108;0
4.55;0.0484344022272531;-0.659419490206967;0
4.56;0.0418390995728442;-0.65962931316176;0
4.57;0.0352425903539835;-0.659641044696355;0
4.58;0.0286468540171699;-0.65945502174775;0
4.59;0.0220538663752089;-0.65907163995284;0
4.6;0.0154655990211868;-0.658491353428935;0
4.61;0.00888401874471797;-0.657714674537123;0
4.62;0.00231108695063372;-0.656742173628588;0
4.63;-0.00425124091971404;-0.655574478773969;0
4.64;-0.0108010159643679;-0.654212275475892;0
4.65;-0.0173362963937294;-0.652656306364777;0
4.66;-0.0238551481004076;-0.650907370878043;0
4.67;-0.0303556452257843;-0.648966324922834;0
4.68;-0.0368358707231337;-0.6468340805224;0
4.69;-0.0432939169171324;-0.644511605446264;0
4.7;-0.049727886059599;-0.641999922824313;0
4.71;-0.0561358908813023;-0.639300110744958;0
4.72;-0.0625160551396803;-0.636413301837511;0
4.73;-0.0688665141623123;-0.633340682838928;0
4.74;-0.0751854153859889;-0.630083494145079;0
4.75;-0.0814709188912254;-0.626643029346709;0
4.76;-0.0877211979320667;-0.623020634750238;0
4.77;-0.0939344394610323;-0.619217708883598;0
4.78;-0.100108844649054;-0.615235701987255;0
4.79;-0.106242629400255;-0.611076115490607;0
4.8;-0.112334024861433;-0.60674050147394;0
4.81;-0.118381277926093;-0.602230462116121;0
4.82;-0.124382651732896;-0.597547649128227;0
4.83;-0.130336426158383;-0.592693763173298;0
4.84;-0.136240898303832;-0.58767055327241;0
4.85;-0.142094382976114;-0.582479816197282;0
4.86;-0.147895213162424;-0.5771233958496;0
4.87;-0.15364174049873;-0.571603182627296;0
4.88;-0.159332335731846;-0.56592111277796;0
4.89;-0.164965389174965;-0.560079167739637;0
4.9;-0.170539311156556;-0.554079373469198;0
4.91;-0.176052532462481;-0.547923799758527;0
4.92;-0.18150350477123;-0.541614559538743;0
4.93;-0.186890701082132;-0.535153808172679;0
4.94;-0.192212616136451;-0.528543742735871;0
4.95;-0.197467766831234;-0.521786601286264;0
4.96;-0.202654692625809;-0.514884662122899;0
4.97;-0.207771955940818;-0.50784024303381;0
4.98;-0.212818142549687;-0.500655700533368;0
4.99;-0.217791861962418;-0.493333429089339;0
5;-0.222691747801606;-0.485875860339887;0
5.01;-0.227516458170586;-0.478285462300779;0
5.02;-0.232264676013605;-0.47056473856305;0
5.03;-0.23693510946793;-0.462716227481386;0
5.04;-0.241526492207799;-0.454742501353478;0
5.05;-0.246037583780126;-0.446646165590611;0
5.06;-0.250467169931873;-0.43842985787975;0
5.07;-0.254814062929007;-0.430096247337403;0
5.08;-0.259077101866956;-0.421648033655499;0
5.09;-0.263255152972492;-0.413087946239585;0
5.1;-0.267347109896965;-0.404418743339584;0
5.11;-0.271351894000803;-0.395643211173414;0
5.12;-0.275268454629229;-0.386764163043716;0
5.13;-0.279095769379103;-0.37778443844799;0
5.14;-0.282832844356848;-0.368706902182405;0
5.15;-0.286478714427379;-0.359534443439567;0
5.16;-0.290032443453986;-0.350269974900522;0
5.17;-0.293493124529113;-0.340916431821284;0
5.18;-0.296859880195977;-0.331476771114158;0
5.19;-0.300131862660979;-0.321953970424157;0
5.2;-0.303308253996859;-0.312351027200789;0
5.21;-0.306388266336546;-0.302670957765502;0
5.22;-0.309371142057667;-0.292916796375077;0
5.23;-0.312256153957672;-0.283091594281248;0
5.24;-0.315042605419537;-0.273198418786855;0
5.25;-0.317729830568018;-0.263240352298798;0
5.26;-0.320317194416419;-0.253220491378094;0
5.27;-0.322804093003847;-0.243141945787325;0
5.28;-0.325189953522935;-0.233007837535764;0
5.29;-0.327474234438;-0.222821299922474;0
5.3;-0.329656425593634;-0.212585476577662;0
5.31;-0.331736048313694;-0.202303520502592;0
5.32;-0.333712655490684;-0.191978593108328;0
5.33;-0.335585831665531;-0.18161386325362;0
5.34;-0.337355193097723;-0.1712125062822;0
5.35;-0.339020387825831;-0.160777703059799;0
5.36;-0.340581095718392;-0.150312639011153;0
5.37;-0.342037028515168;-0.13982050315731;0
5.38;-0.343387929858781;-0.129304487153499;0
5.39;-0.344633575316722;-0.118767784327878;0
5.4;-0.345773772393766;-0.108213588721418;0
5.41;-0.346808360534779;-0.0976450941292379;0
5.42;-0.347737211117958;-0.087065493143647;0
5.43;-0.348560227438497;-0.0764779761992032;0
5.44;-0.349277344682723;-0.0658857306200539;0
5.45;-0.349888529892719;-0.055291939669848;0
5.46;-0.350393781921446;-0.0446997816044981;0
5.47;-0.350793131378419;-0.0341124287280713;0
5.48;-0.351086640565954;-0.0235330464520874;0
5.49;-0.351274403406018;-0.0129647923584993;0
5.5;-0.351356545357736;-0.00241081526663139;0
5.51;-0.351333223325577;0.00812574569565221;0
5.52;-0.351204625558279;0.0186417620162776;0
5.53;-0.35097097153855;0.0291341167185205;0
5.54;-0.350632511863591;0.039599705275527;0
5.55;-0.350189528116504;0.0500354365195312;0
5.56;-0.34964233272863;0.060438233545505;0
5.57;-0.348991268832874;0.0708050346089797;0
5.58;-0.348236710108088;0.0811327940177805;0
5.59;-0.347379060614549;0.0914184830174154;0
5.6;-0.346418754620629;0.101659090669866;0
5.61;-0.3453562564207;0.111851624725529;0
5.62;-0.34419206014435;0.12199311248805;0
5.63;-0.342926689556984;0.132080601671822;0
5.64;-0.341560697851893;0.142111161251879;0
5.65;-0.340094667433843;0.152081882305963;0
5.66;-0.338529209694293;0.161989878848519;0
5.67;-0.336864964778306;0.171832288656376;0
5.68;-0.335102601343237;0.181606274085889;0
5.69;-0.333242816309298;0.19130902288131;0
5.7;-0.331286334602069;0.200937748974156;0
5.71;-0.329233908887066;0.210489693273357;0
5.72;-0.327086319296442;0.219962124445955;0
5.73;-0.324844373147935;0.229352339688144;0
5.74;-0.322508904656133;0.238657665486431;0
5.75;-0.320080774636193;0.24787545836871;0
5.76;-0.317560870200076;0.257003105645039;0
5.77;-0.314950104445438;0.266038026137918;0
5.78;-0.312249416137253;0.274977670901861;0
5.79;-0.309459769382297;0.283819523932075;0
5.8;-0.306582153296593;0.292561102862049;0
5.81;-0.303617581665931;0.301199959649848;0
5.82;-0.300567092599574;0.309733681252953;0
5.83;-0.297431748177269;0.31815989029144;0
5.84;-0.294212634089685;0.326476245699335;0
5.85;-0.290910859272382;0.33468044336396;0
5.86;-0.287527555533447;0.342770216753104;0
5.87;-0.284063877174912;0.350743337529851;0
5.88;-0.280521000608081;0.358597616154904;0
5.89;-0.27690012396289;0.366330902476243;0
5.9;-0.273202466691426;0.373941086305958;0
5.91;-0.26942926916574;0.381426097984116;0
5.92;-0.265581792270077;0.388783908929513;0
5.93;-0.261661316987658;0.396012532177158;0
5.94;-0.25766914398215;0.403110022902362;0
5.95;-0.253606593173955;0.410074478931295;0
5.96;-0.249475003311449;0.416904041237881;0
5.97;-0.245275731537328;0.423596894426904;0
5.98;-0.241010152950166;0.430151267203202;0
5.99;-0.236679660161362;0.43656543282684;0
6;-0.232285662847591;0.442837709554142;0
6.01;-0.227829587298905;0.448966461064479;0
6.02;-0.223312875962636;0.454950096872704;0
6.03;-0.218736986983242;0.460787072727142;0
6.04;-0.214103393738231;0.466475890993035;0
6.05;-0.209413584370319;0.472015101021353;0
6.06;-0.204669061315972;0.477403299502894;0
6.07;-0.199871340830464;0.482639130807572;0
6.08;-0.195021952509616;0.487721287308841;0
6.09;-0.190122438808356;0.492648509693167;0
6.1;-0.185174354556247;0.497419587254484;0
6.11;-0.180179266470151;0.50203335817358;0
6.12;-0.17513875266415;0.50648870978234;0
6.13;-0.170054402156907;0.510784578812807;0
6.14;-0.164927814376599;0.514919951631007;0
6.15;-0.15976059866358;0.518893864455488;0
6.16;-0.154554373770928;0.522705403560549;0
6.17;-0.14931076736303;0.526353705464103;0
6.18;-0.144031415512361;0.529837957100168;0
6.19;-0.138717962194595;0.533157395975941;0
6.2;-0.133372058782231;0.536311310313447;0
6.21;-0.127995363536859;0.539299039175736;0
6.22;-0.122589541100242;0.542119972577629;0
6.23;-0.117156261984354;0.544773551581;0
6.24;-0.11169720206054;0.547259268374587;0
6.25;-0.106214042047943;0.549576666338346;0
6.26;-0.100708467001361;0.551725340092346;0
6.27;-0.0951821657986794;0.553704935530222;0
6.28;-0.0896368306280458;0.555515149837198;0
6.29;-0.0840741564749262;0.557155731492707;0
6.3;-0.0784958406092093;0.55862648025763;0
6.31;-0.0729035820725054;0.559927247146182;0
6.32;-0.0672990811657959;0.561057934382484;0
6.33;-0.0616840389375859;0.562018495341862;0
6.34;-0.0560601566727122;0.562808934476911;0
6.35;-0.0504291353819594;0.563429307228371;0
6.36;-0.0447926752926346;0.563879719920884;0
6.37;-0.0391524753402535;0.564160329643662;0
6.38;-0.0335102326614867;0.564271344116154;0
6.39;-0.0278676420885163;0.564213021538763;0
6.4;-0.0222263956449537;0.563985670428687;0
6.41;-0.0165881820434641;0.563589649440961;0
6.42;-0.0109546861852478;0.563025367174774;0
6.43;-0.00532758866152423;0.562293281965153;0
6.44;0.00029143474283586;0.561393901660088;0
6.45;0.00590071354338357;0.560327783383206;0
6.46;0.0114985830477276;0.55909553328208;0
6.47;0.0170833848445886;0.557697806262271;0
6.48;0.0226534672901303;0.556135305707216;0
6.49;0.0282071859914256;0.554408783184062;0
6.5;0.0337429042869194;0.552519038135568;0
6.51;0.0392589937237469;0.550466917558177;0
6.52;0.0447538345317715;0.548253315666394;0
6.53;0.0502258160942051;0.545879173543581;0
6.54;0.0556733374146759;0.543345478779309;0
6.55;0.0610948075806097;0.540653265093383;0
6.56;0.0664886462227914;0.537803611946698;0
6.57;0.0718532839709772;0.534797644139041;0
6.58;0.0771871629054259;0.531636531393998;0
6.59;0.0824887370042222;0.528321487931108;0
6.6;0.0877564725862645;0.524853772025419;0
6.61;0.0929888487497921;0.521234685554582;0
6.62;0.0981843578063282;0.517465573533667;0
6.63;0.103341505709916;0.513547823637839;0
6.64;0.108458812481526;0.50948286571307;0
6.65;0.113534812628523;0.505272171275051;0
6.66;0.118568055559061;0.500917252996472;0
6.67;0.123557105991306;0.496419664182846;0
6.68;0.128500544357365;0.491780998237057;0
6.69;0.133396967201806;0.487002888112808;0
6.7;0.138244987574669;0.482087005757147;0
6.71;0.143043235418853;0.47703506154227;0
6.72;0.147790357951766;0.471848803686778;0
6.73;0.152485020041152;0.466530017666584;0
6.74;0.157125904574974;0.461080525615667;0
6.75;0.161711712825262;0.455502185716862;0
6.76;0.166241164805821;0.449796891582895;0
6.77;0.170712999623715;0.443966571627865;0
6.78;0.175125975824412;0.43801318842936;0
6.79;0.179478871730519;0.43193873808145;0
6.8;0.183770485774001;0.425745249538722;0
6.81;0.187999636821801;0.419434783951611;0
6.82;0.192165164494778;0.41300943399321;0
6.83;0.196265929479873;0.406471323177797;0
6.84;0.200300813835423;0.399822605171276;0
6.85;0.204268721289548;0.393065463093782;0
6.86;0.208168577531525;0.386202108814635;0
6.87;0.21199933049608;0.379234782239909;0
6.88;0.215759950640524;0.372165750592804;0
6.89;0.219449431214659;0.364997307687075;0
6.9;0.22306678852339;0.357731773193738;0
6.91;0.226611062181975;0.350371491901281;0
6.92;0.230081315363845;0.342918832969626;0
6.93;0.23347663504094;0.335376189178054;0
6.94;0.236796132216498;0.327745976167359;0
6.95;0.240038942150239;0.320030631676438;0
6.96;0.243204224575888;0.312232614773573;0
6.97;0.246291163910997;0.304354405082645;0
6.98;0.249298969458994;0.29639850200451;0
6.99;0.252226875603439;0.28836742393379;0
7;0.255074141994414;0.280263707471307;0
7.01;0.257840053727031;0.27208990663243;0
7.02;0.260523921512;0.263848592051544;0
7.03;0.263125081838225;0.255542350182915;0
7.04;0.265642897127392;0.247173782498187;0
7.05;0.268076755880524;0.238745504680751;0
7.06;0.270426072816461;0.230260145817239;0
7.07;0.272690289002243;0.221720347586397;0
7.08;0.274868871975374;0.213128763445571;0
7.09;0.276961315857937;0.204488057815059;0
7.1;0.278967141462549;0.195800905260582;0
7.11;0.280885896390128;0.187069989674122;0
7.12;0.282717155119467;0.178298003453366;0
7.13;0.284460519088589;0.16948764668001;0
7.14;0.286115616767891;0.160641626297182;0
7.15;0.287682103725053;0.151762655286207;0
7.16;0.289159662681712;0.14285345184299;0
7.17;0.290548003561904;0.133916738554247;0
7.18;0.291846863532263;0.124955241573828;0
7.19;0.293056007033988;0.1159716897994;0
7.2;0.294175225806576;0.106968814049714;0
7.21;0.295204338903338;0.0979493462427094;0
7.22;0.296143192698692;0.0889160185747045;0
7.23;0.296991660887262;0.0798715627009156;0
7.24;0.297749644474781;0.0708187089175428;0
7.25;0.298417071760827;0.0617601853456714;0
7.26;0.298993898313412;0.0526987171172273;0
7.27;0.299480106935428;0.0436370255632273;0
7.28;0.299875707623001;0.0345778274045642;0
7.29;0.300180737515755;0.0255238339455647;0
7.3;0.300395260839026;0.0164777502705565;0
7.31;0.300519368838066;0.00744227444368103;0
7.32;0.300553179704243;-0.00157990328781396;0
7.33;0.300496838493311;-0.0105861012865697;0
7.34;0.300350517035746;-0.0195736473141679;0
7.35;0.300114413839231;-0.0285398793160082;0
7.36;0.299788753983297;-0.0374821462017848;0
7.37;0.299373789006183;-0.0463978086213342;0
7.38;0.298869796783967;-0.055284239735631;0
7.39;0.298277081401997;-0.0641388259827075;0
7.4;0.297595973018699;-0.0729589678382778;0
7.41;0.296826827721793;-0.0817420805708465;0
7.42;0.295970027376992;-0.0904855949910844;0
7.43;0.295025979469225;-0.0991869581952589;0
7.44;0.293995116936465;-0.107843634302504;0
7.45;0.292877897996199;-0.116453105185719;0
7.46;0.291674805964628;-0.125012871195894;0
7.47;0.290386349068656;-0.133520451879645;0
7.48;0.289013060250721;-0.141973386689765;0
7.49;0.28755549696657;-0.15036923568859;0
7.5;0.286014240976025;-0.158705580243971;0
7.51;0.284389898126817;-0.166980023717669;0
7.52;0.282683098131586;-0.175190192145972;0
7.53;0.280894494338097;-0.183333734912346;0
7.54;0.279024763492773;-0.19140832541193;0
7.55;0.277074605497617;-0.199411661707693;0
7.56;0.275044743160615;-0.207341467178067;0
7.57;0.272935921939697;-0.215195491155878;0
7.58;0.27074890968035;-0.222971509558405;0
7.59;0.268484496346974;-0.230667325508377;0
7.6;0.266143493748062;-0.238280769945754;0
7.61;0.263726735255315;-0.245809702230121;0
7.62;0.261235075516767;-0.253252010733516;0
7.63;0.258669390164027;-0.260605613423557;0
7.64;0.256030575513738;-0.267868458436683;0
7.65;0.253319548263343;-0.275038524641374;0
7.66;0.250537245181274;-0.282113822191189;0
7.67;0.24768462279164;-0.289092393067471;0
7.68;0.244762657053555;-0.295972311611586;0
7.69;0.241772343035177;-0.30275168504654;0
7.7;0.238714694582585;-0.309428653987848;0
7.71;0.235590743983594;-0.316001392943515;0
7.72;0.23240154162662;-0.322468110802992;0
7.73;0.22914815565471;-0.328827051314992;0
7.74;0.225831671614836;-0.335076493554035;0
7.75;0.222453192102583;-0.341214752375597;0
7.76;0.21901383640233;-0.347240178859757;0
7.77;0.215514740123052;-0.353151160743217;0
7.78;0.211957054829855;-0.358946122839596;0
7.79;0.208341947671354;-0.364623527447886;0
7.8;0.20467060100303;-0.370181874748969;0
7.81;0.200944212006667;-0.375619703190094;0
7.82;0.197163992306005;-0.38093558985723;0
7.83;0.193331167578721;-0.38612815083519;0
7.84;0.189446977164867;-0.391196041555449;0
7.85;0.185512673671883;-0.396137957131564;0
7.86;0.181529522576309;-0.400952632682136;0
7.87;0.177498801822333;-0.405638843641208;0
7.88;0.173421801417283;-0.410195406056055;0
7.89;0.1692998230242;-0.414621176872288;0
7.9;0.165134179551624;-0.418915054206201;0
7.91;0.1609261947407;-0.423075977604318;0
7.92;0.156677202749765;-0.427102928290069;0
7.93;0.152388547736506;-0.430994929397549;0
7.94;0.148061583437858;-0.434751046192312;0
7.95;0.143697672747739;-0.43837038627916;0
7.96;0.139298187292771;-0.441852099796882;0
7.97;0.134864507006112;-0.445195379599902;0
7.98;0.13039801969953;-0.448399461426819;0
7.99;0.125900120633855;-0.451463624055798;0
8;0.121372212087924;-0.454387189446793;0
8.01;0.116815702926182;-0.457169522870579;0
8.02;0.112232008165032;-0.459810033024586;0
8.03;0.107622548538103;-0.462308172135509;0
8.04;0.102988750060541;-0.464663436048699;0
8.05;0.0983320435924676;-0.466875364304318;0
8.06;0.0936538644017418;-0.468943540200276;0
8.07;0.0889556517261438;-0.47086759084193;0
8.08;0.0842388483351276;-0.472647187178579;0
8.09;0.0795049000912656;-0.474282044026741;0
8.1;0.07475525551152;-0.475771920080254;0
8.11;0.0699913653284723;-0.47711661790719;0
8.12;0.0652146820516438;-0.47831598393364;0
8.13;0.0604266595290359;-0.47936990841437;0
8.14;0.0556287525090241;-0.480278325390387;0
8.15;0.0508224162027341;-0.481041212633462;0
8.16;0.0460091058470319;-0.481658591577634;0
8.17;0.0411902762682569;-0.482130527237739;0
8.18;0.0363673814468282;-0.482457128115027;0
8.19;0.0315418740828523;-0.482638546089892;0
8.2;0.0267152051628618;-0.482674976301798;0
8.21;0.0218888235278117;-0.482566657016426;0
8.22;0.0170641754424619;-0.482313869480141;0
8.23;0.0122427041662715;-0.481916937761809;0
8.24;0.0074258495259324;-0.48137622858206;0
8.25;0.00261504748966508;-0.480692151130054;0
8.26;-0.00218827025659585;-0.479865156867834;0
8.27;-0.00698267673100494;-0.478895739322341;0
8.28;-0.0117667500754738;-0.477784433865179;0
8.29;-0.0165390739730822;-0.476531817480214;0
8.3;-0.02129823806311;-0.475138508519102;0
8.31;-0.0260428383535712;-0.47360516644483;0
8.32;-0.0307714776311295;-0.471932491563381;0
8.33;-0.0354827658682772;-0.470121224743615;0
8.34;-0.0401753206276606;-0.468172147125469;0
8.35;-0.044847767463435;-0.46608607981659;0
8.36;-0.0494987403195349;-0.46386388357751;0
8.37;-0.0541268819247436;-0.461506458495473;0
8.38;-0.0587308441844521;-0.459014743647033;0
8.39;-0.0633092885689924;-0.456389716749549;0
8.4;-0.0678608864984371;-0.453632393801692;0
8.41;-0.0723843197237549;-0.450743828713093;0
8.42;-0.076878280704214;-0.447725112923273;0
8.43;-0.0813414729809272;-0.444577375009964;0
8.44;-0.0857726115464333;-0.44130178028698;0
8.45;-0.0901704232102096;-0.437899530391768;0
8.46;-0.0945336469600157;-0.434371862862773;0
8.47;-0.0988610343189637;-0.430720050706769;0
8.48;-0.103151349698219;-0.42694540195631;0
8.49;-0.10740337074523;-0.423049259217428;0
8.5;-0.111615888687394;-0.41903299920776;0
8.51;-0.115787708671055;-0.414898032285229;0
8.52;-0.119917650095759;-0.410645801967463;0
8.53;-0.12400454694365;-0.406277784442092;0
8.54;-0.128047248103934;-0.401795488068099;0
8.55;-0.132044510618714;-0.396986324403448;0.107073601404304
8.56;-0.135988472787257;-0.391210673387982;0.107073601404304
8.57;-0.139874193806577;-0.385327679304942;0.107073601404304
8.58;-0.143700608988329;-0.379339290130737;0.107073601404304
8.59;-0.14746667325156;-0.37324748208713;0.107073601404304
8.6;-0.151171361402284;-0.367054259000303;0.107073601404304
8.61;-0.154813668406623;-0.360761651652749;0.107073601404304
8.62;-0.158392609657419;-0.354371717128187;0.107073601404304
8.63;-0.161907221234278;-0.347886538149736;0.107073601404304
8.64;-0.165356560156961;-0.341308222411523;0.107073601404304
8.65;-0.168739704632063;-0.334638901903968;0.107073601404304
8.66;-0.172055754292916;-0.327880732232938;0.107073601404304
8.67;-0.17530383043266;-0.321035891932995;0.107073601404304
8.68;-0.178483076230417;-0.314106581774949;0.107073601404304
8.69;-0.181592656970517;-0.307095024067942;0.107073601404304
8.7;-0.184631760254721;-0.300003461956261;0.107073601404304
8.71;-0.187599596207393;-0.292834158711135;0.107073601404304
8.72;-0.19049539767356;-0.285589397017695;0.107073601404304
8.73;-0.193318420409827;-0.278271478257352;0.107073601404304
8.74;-0.196067943268098;-0.270882721785802;0.107073601404304
8.75;-0.198743268372046;-0.263425464206882;0.107073601404304
8.76;-0.201343721286324;-0.255902058642506;0.107073601404304
8.77;-0.203868651178434;-0.248314873998902;0.107073601404304
8.78;-0.206317430973267;-0.240666294229376;0.107073601404304
8.79;-0.208689457500235;-0.232958717593844;0.107073601404304
8.8;-0.210984151633;-0.225194555915333;0.107073601404304
8.81;-0.213200958421747;-0.217376233833703;0.107073601404304
8.82;-0.215339347217983;-0.209506188056811;0.107073601404304
8.83;-0.21739881179184;-0.201586866609336;0.107073601404304
8.84;-0.219378870441856;-0.193620728079515;0.107073601404304
8.85;-0.221279066097212;-0.185610240863992;0.107073601404304
8.86;-0.223098966412415;-0.17755788241104;0.107073601404304
8.87;-0.224838163854397;-0.16946613846236;0.107073601404304
8.88;-0.22649627578204;-0.161337502293697;0.107073601404304
8.89;-0.228072944518094;-0.153174473954514;0.107073601404304
8.9;-0.229567837413485;-0.144979559506926;0.107073601404304
8.91;-0.230980646904021;-0.136755270264153;0.107073601404304
8.92;-0.232311090559472;-0.1285041220287;0.107073601404304
8.93;-0.233558911125036;-0.120228634330505;0.107073601404304
8.94;-0.234723876555183;-0.111931329665274;0.107073601404304
8.95;-0.235805780039888;-0.103614732733246;0.107073601404304
8.96;-0.236804440023255;-0.0952813696785898;0.107073601404304
8.97;-0.237719700214534;-0.0869337673296918;0.107073601404304
8.98;-0.238551429591549;-0.0785744524405327;0.107073601404304
8.99;-0.239299522396547;-0.0702059509333952;0.107073601404304
9;-0.239963898124474;-0.0618307871431223;0.107073601404304
9.01;-0.240544501503713;-0.0534514830631493;0.107073601404304
9.02;-0.241041302469279;-0.0450705575935337;0.107073601404304
9.03;-0.241454296128509;-0.0366905257912057;0.107073601404304
9.04;-0.241783502719272;-0.0283138981226578;0.107073601404304
9.05;-0.242028967560704;-0.0199431797192961;0.107073601404304
9.06;-0.24219076099652;-0.01158086963567;0.107073601404304
9.07;-0.242268978330922;-0.00322946011079836;0.107073601404304
9.08;-0.242263739757124;0.00510856416719146;0.107073601404304
9.09;-0.242175190278554;0.0134307267928975;0.107073601404304
9.1;-0.242003499622743;0.0217345603717364;0.107073601404304
9.11;-0.241748862147958;0.0300176072440842;0.107073601404304
9.12;-0.241411496742606;0.0382774202052545;0.107073601404304
9.13;-0.240991646717462;0.046511563221105;0.107073601404304
9.14;-0.24048957969076;0.0547176121390659;0.107073601404304
9.15;-0.239905587466196;0.0628931553943844;0.107073601404304
9.16;-0.239239985903887;0.0710357947113825;0.107073601404304
9.17;-0.238493114784348;0.0791431457995256;0.107073601404304
9.18;-0.237665337665524;0.0872128390441028;0.107073601404304
9.19;-0.236757041732948;0.0952425201913208;0.107073601404304
9.2;-0.235768637643065;0.103229851027616;0.107073601404304
9.21;-0.2347005593598;0.11117251005299;0.107073601404304
9.22;-0.233553263984411;0.119068193148179;0.107073601404304
9.23;-0.232327231578706;0.126914614235468;0.107073601404304
9.24;-0.231022964981673;0.134709505932954;0.107073601404304
9.25;-0.229640989619608;0.142450620202091;0.107073601404304
9.26;-0.228181853309789;0.150135728988316;0.107073601404304
9.27;-0.226646126057781;0.157762624854584;0.107073601404304
9.28;-0.225034399848435;0.165329121607638;0.107073601404304
9.29;-0.223347288430662;0.172833054916834;0.107073601404304
9.3;-0.221585427096047;0.180272282925344;0.107073601404304
9.31;-0.21974947245139;0.187644686853574;0.107073601404304
9.32;-0.217840102185249;0.194948171594633;0.107073601404304
9.33;-0.215858014828561;0.202180666301674;0.107073601404304
9.34;-0.21380392950943;0.209340124966958;0.107073601404304
9.35;-0.21167858570216;0.216424526992476;0.107073601404304
9.36;-0.209482742970624;0.223431877751975;0.107073601404304
9.37;-0.207217180706047;0.230360209144228;0.107073601404304
9.38;-0.204882697859298;0.237207580137409;0.107073601404304
9.39;-0.202480112667784;0.243972077304411;0.107073601404304
9.4;-0.20001026237702;0.250651815348975;0.107073601404304
9.41;-0.197474002956995;0.257244937622479;0.107073601404304
9.42;-0.194872208813402;0.26374961663125;0.107073601404304
9.43;-0.192205772493838;0.270164054534269;0.107073601404304
9.44;-0.189475604389077;0.276486483631131;0.107073601404304
9.45;-0.186682632429504;0.282715166840125;0.107073601404304
9.46;-0.183827801776811;0.288848398166324;0.107073601404304
9.47;-0.180912074511063;0.294884503159544;0.107073601404304
9.48;-0.177936429313225;0.300821839362065;0.107073601404304
9.49;-0.174901861143262;0.306658796745989;0.107073601404304
9.5;-0.171809380913911;0.312393798140126;0.107073601404304
9.51;-0.16866001516023;0.318025299646301;0.107073601404304
9.52;-0.165454805705037;0.323551791044965;0.107073601404304
9.53;-0.162194809320333;0.328971796190017;0.107073601404304
9.54;-0.158881097384839;0.334283873392737;0.107073601404304
9.55;-0.155514755537725;0.33948661579472;0.107073601404304
9.56;-0.152096883328677;0.344578651729742;0.107073601404304
9.57;-0.148628593864385;0.349558645074442;0.107073601404304
9.58;-0.145111013451576;0.354425295587755;0.107073601404304
9.59;-0.141545281236708;0.359177339239003;0.107073601404304
9.6;-0.137932548842431;0.363813548524568;0.107073601404304
9.61;-0.134273980000932;0.368332732773069;0.107073601404304
9.62;-0.130570750184283;0.372733738438979;0.107073601404304
9.63;-0.126824046231905;0.377015449384603;0.107073601404304
9.64;-0.123035065975262;0.381176787150362;0.107073601404304
9.65;-0.119205017859907;0.385216711213314;0.107073601404304
9.66;-0.115335120564995;0.389134219233864;0.107073601404304
9.67;-0.111426602620387;0.392928347290598;0.107073601404304
9.68;-0.107480702021449;0.396598170103203;0.107073601404304
9.69;-0.103498665841687;0.400142801243419;0.107073601404304
9.7;-0.0994817498433177;0.403561393333977;0.107073601404304
9.71;-0.0954312180859111;0.406853138235497;0.107073601404304
9.72;-0.0913483425332116;0.410017267221299;0.107073601404304
9.73;-0.0872344026582709;0.4130530511401;0.107073601404304
9.74;-0.0830906850470058;0.415959800566565;0.107073601404304
9.75;-0.0789184830003062;0.418736865939695;0.107073601404304
9.76;-0.0747190961348135;0.421383637689028;0.107073601404304
9.77;-0.0704938299824925;0.423899546348631;0.107073601404304
9.78;-0.0662439955891178;0.42628406265888;0.107073601404304
9.79;-0.0619709091117977;0.428536697656005;0.107073601404304
9.8;-0.0576758914156576;0.430657002749413;0.107073601404304
9.81;-0.0533602676698056;0.432644569786762;0.107073601404304
9.82;-0.0490253669427015;0.434499031106817;0.107073601404304
9.83;-0.0446725217970534;0.436220059580065;0.107073601404304
9.84;-0.0403030678843621;0.437807368637113;0.107073601404304
9.85;-0.0359183435392374;0.439260712284886;0.107073601404304
9.86;-0.0315196893736069;0.440579885110625;0.107073601404304
9.87;-0.0271084478709389;0.441764722273719;0.107073601404304
9.88;-0.0226859629806033;0.442815099485386;0.107073601404304
9.89;-0.0182535797124885;0.443730932976237;0.107073601404304
9.9;-0.0138126437319982;0.444512179451747;0.107073601404304
9.91;-0.00936450095554759;0.445158836035665;0.107073601404304
9.92;-0.00491049714667924;0.44567094020142;0.107073601404304
9.93;-0.000451977512919065;0.446048569691531;0.107073601404304
9.94;0.00400971369650805;0.4462918424251;0.107073601404304
9.95;0.00847098571330598;0.44565180580309;0
9.96;0.0129226925316714;0.444558502599892;0
9.97;0.0173628746254579;0.443333817350296;0
9.98;0.0217902208107109;0.441978342968841;0
9.99;0.0262034260046658;0.440492710556457;0
10;0.0306011916064739;0.438877589145655;0
10.01;0.0349822258753318;0.437133685434786;0
10.02;0.0393452443059039;0.435261743511463;0
10.03;0.0436889700009307;0.433262544565259;0
10.04;0.0480121340409171;0.431136906589763;0
10.05;0.0523134758507925;0.428885684074132;0
10.06;0.0565917435634402;0.42650976768422;0
10.07;0.060845694379992;0.424010083933418;0
10.08;0.0650740949267844;0.42138759484331;0
10.09;0.0692757216088769;0.418643297594273;0
10.1;0.0734493609600305;0.415778224166133;0
10.11;0.0775938099890497;0.41279344096901;0
10.12;0.0817078765223879;0.409690048464475;0
10.13;0.0857903795429226;0.406469180777156;0
10.14;0.089840149524803;0.403132005296911;0
10.15;0.0938560287642782;0.399679722271723;0
10.16;0.0978368717064125;0.396113564391439;0
10.17;0.101781545267598;0.392434796362501;0
10.18;0.105688929153774;0.388644714473813;0
10.19;0.109557916174267;0.384744646153883;0
10.2;0.113387412551158;0.380735949519395;0
10.21;0.11717633822411;0.376620012915355;0
10.22;0.120923627150543;0.372398254446969;0
10.23;0.124628227601104;0.368072121503404;0
10.24;0.128289102450333;0.363643090273584;0
10.25;0.131905229462453;0.359112665254197;0
10.26;0.135475601572209;0.354482378750045;0
10.27;0.138999227160664;0.349753790366937;0
10.28;0.142475130325912;0.344928486497252;0
10.29;0.145902351148592;0.340008079798367;0
10.3;0.149279945952172;0.334994208664104;0
10.31;0.152606987557907;0.329888536689372;0
10.32;0.155882565534417;0.324692752128177;0
10.33;0.159105786441815;0.319408567345165;0
10.34;0.162275774070322;0.31403771826089;0
10.35;0.165391669673307;0.308581963790962;0
10.36;0.168452632194694;0.30304308527928;0
10.37;0.171457838490669;0.297422885925501;0
10.38;0.174406483545647;0.291723190206958;0
10.39;0.17729778068242;0.285945843295175;0
10.4;0.18013096176646;0.280092710467201;0
10.41;0.182905277404304;0.274165676511908;0
10.42;0.185619997135983;0.268166645131481;0
10.43;0.188274409621445;0.262097538338253;0
10.44;0.190867822820927;0.255960295847091;0
10.45;0.193399564169227;0.249756874463527;0
10.46;0.195868980743846;0.243489247467806;0
10.47;0.198275439426948;0.237159403995062;0
10.48;0.200618327061103;0.230769348411807;0
10.49;0.202897050598786;0.224321099688919;0
10.5;0.205111037245586;0.217816690771338;0
10.51;0.207259734597095;0.21125816794465;0
10.52;0.209342610769462;0.204647590198766;0
10.53;0.211359154523551;0.197987028588881;0
10.54;0.213308875382719;0.191278565593918;0
10.55;0.215191303744152;0.184524294472651;0
10.56;0.217005990983761;0.177726318617701;0
10.57;0.218752509554605;0.170886750907602;0
10.58;0.220430453078825;0.164007713057146;0
10.59;0.222039436433086;0.157091334966187;0
10.6;0.223579095827482;0.150139754067112;0
10.61;0.225049088877928;0.143155114671182;0
10.62;0.226449094672001;0.136139567313927;0
10.63;0.227778813828233;0.1290952680998;0
10.64;0.229037968548852;0.122024378046297;0
10.65;0.230226302665957;0.114929062427722;0
10.66;0.231343581681134;0.107811490118807;0
10.67;0.232389592798507;0.100673832938383;0
10.68;0.233364144951224;0.0935182649932905;0
10.69;0.234267068821388;0.0863469620227427;0
10.7;0.235098216853433;0.0791621007433131;0
10.71;0.235857463260953;0.0719658581947649;0
10.72;0.236544704026991;0.0647604110869048;0
10.73;0.237159856897809;0.0575479351476579;0
10.74;0.237702861370137;0.0503306044725589;0
10.75;0.23817367867193;0.0431105908758488;0
10.76;0.238572291736641;0.035890063243372;0
10.77;0.238898705171031;0.028671186887463;0
10.78;0.23915294521654;0.0214561229040128;0
10.79;0.23933505970424;0.0142470275319049;0
10.8;0.239445118003385;0.00704605151500683;0
10.81;0.23948321096361;-0.000144660533092889;0
10.82;0.239449450850769;-0.00732297076141979;0
10.83;0.239343971276484;-0.0144867487108338;0
10.84;0.239166927121403;-0.0216338719399526;0
10.85;0.238918494452217;-0.028762226647596;0
10.86;0.238598870432473;-0.0358697082915699;0
10.87;0.238208273227216;-0.0429542222036123;0
10.88;0.237746941901489;-0.0500136842003217;0
10.89;0.23721513631276;-0.0570460211898931;0
10.9;0.236613136997284;-0.0640491717744861;0
10.91;0.235941245050475;-0.0710210868480524;0
10.92;0.235199782001311;-0.0779597301894515;0
10.93;0.234389089680838;-0.0848630790506845;0
10.94;0.233509530084804;-0.0917291247400776;0
10.95;0.232561485230498;-0.0985558732002512;0
10.96;0.231545357007818;-0.105341345580707;0
10.97;0.230461567024652;-0.112083578804875;0
10.98;0.229310556446606;-0.118780626131454;0
10.99;0.228092785831145;-0.125430557709895;0
11;0.226808734956211;-0.132031461129863;0
11.01;0.225458902643368;-0.138581441964528;0
11.02;0.224043806575547;-0.145078624307535;0
11.03;0.222563983109448;-0.15152115130349;0
11.04;0.221019987082667;-0.157907185671834;0
11.05;0.219412391615616;-0.164234910223944;0
11.06;0.217741787908304;-0.170502528373321;0
11.07;0.216008785032039;-0.17670826463873;0
11.08;0.214214009716146;-0.182850365140145;0
11.09;0.212358106129743;-0.188927098087365;0
11.1;0.210441735658678;-0.194936754261175;0
11.11;0.208465576677676;-0.200877647486911;0
11.12;0.206430324317791;-0.206748115100296;0
11.13;0.204336690229241;-0.212546518405443;0
11.14;0.202185402339685;-0.218271243124872;0
11.15;0.199977204608047;-0.22392069984144;0
11.16;0.197712856773954;-0.22949332443206;0
11.17;0.195393134102873;-0.234987578493092;0
11.18;0.193018827127036;-0.24040194975729;0
11.19;0.190590741382228;-0.245734952502203;0
11.2;0.188109697140534;-0.25098512794991;0
11.21;0.185576529139127;-0.256151044658001;0
11.22;0.182992086305188;-0.261231298901679;0
11.23;0.18035723147704;-0.266224515046912;0
11.24;0.177672841121597;-0.271129345914507;0
11.25;0.174939805048211;-0.275944473135044;0
11.26;0.172159026119007;-0.280668607494549;0
11.27;0.169331419955813;-0.285300489270849;0
11.28;0.16645791464376;-0.289838888560492;0
11.29;0.163539450431657;-0.294282605596183;0
11.3;0.160576979429241;-0.298630471054626;0
11.31;0.15757146530138;-0.302881346354722;0
11.32;0.154523882959352;-0.307034123946032;0
11.33;0.151435218249273;-0.311087727587447;0
11.34;0.148306467637784;-0.315041112615995;0
11.35;0.145138637895103;-0.318893266205711;0
11.36;0.141932745775517;-0.322643207616529;0
11.37;0.138689817695449;-0.326289988433125;0
11.38;0.135410889409167;-0.329832692793656;0
11.39;0.13209700568226;-0.333270437608351;0
11.4;0.128749219962972;-0.336602372767904;0
11.41;0.125368594051493;-0.33982768134162;0
11.42;0.121956197767322;-0.342945579765273;0
11.43;0.118513108614795;-0.345955318018646;0
11.44;0.115040411446885;-0.348856179792702;0
11.45;0.111539198127371;-0.351647482646371;0
11.46;0.108010567191498;-0.354328578152906;0
11.47;0.104455623505208;-0.356898852035802;0
11.48;0.100875477923068;-0.359357724294234;0
11.49;0.0972712469449854;-0.361704649318014;0
11.5;0.0936440523718236;-0.363939115992031;0
11.51;0.0899950209600196;-0.366060647790186;0
11.52;0.0863252840753099;-0.368068802858781;0
11.53;0.0826359773456703;-0.369963174089384;0
11.54;0.0789282403135736;-0.371743389181146;0
11.55;0.0752032160876726;-0.373409110692579;0
11.56;0.0714620509940119;-0.374960036082798;0
11.57;0.0677058942268748;-0.376395897742224;0
11.58;0.0639358974993713;-0.377716463012774;0
11.59;0.0601532146938705;-0.378921534197527;0
11.6;0.0563590015123842;-0.380010948559902;0
11.61;0.0525544151270057;-0.380984578312351;0
11.62;0.0487406138305087;-0.381842330594606;0
11.63;0.044918756687211;-0.382584147441478;0
11.64;0.0410900031842066;-0.383210005740265;0
11.65;0.0372555128830707;-0.383719917177781;0
11.66;0.033416445072141;-0.384113928177037;0
11.67;0.0295739584194785;-0.384392119823635;0
11.68;0.0257292106266107;-0.384554607781879;0
11.69;0.0218833580831591;-0.384601542200682;0
11.7;0.0180375555224549;-0.384533107609283;0
11.71;0.0141929556782412;-0.384349522802848;0
11.72;0.0103507089425665;-0.38405104071799;0
11.73;0.00651196302496659;-0.383637948298275;0
11.74;0.00267786261303716;-0.383110566349753;0
11.75;-0.00115045096550456;-0.382469249386603;0
11.76;-0.0049718400791703;-0.381714385466924;0
11.77;-0.00878517112736506;-0.380846396018764;0
11.78;-0.0125893148732681;-0.379865735656439;0
11.79;-0.0163831467748335;-0.378772891987222;0
11.8;-0.0201655473138149;-0.37756838540847;0
11.81;-0.0239354023227181;-0.37625276889528;0
11.82;-0.0276916033095891;-0.374826627778736;0
11.83;-0.0314330477805408;-0.373290579514838;0
11.84;-0.0351586395599292;-0.371645273444204;0
11.85;-0.0388672891080844;-0.369891390542625;0
11.86;-0.0425579138365061;-0.368029643162563;0
11.87;-0.0462294384204345;-0.366060774765687;0
11.88;-0.0498807951087063;-0.363985559646555;0
11.89;-0.0535109240308073;-0.36180480264751;0
11.9;-0.0571187735010359;-0.359519338864922;0
11.91;-0.0607033003196898;-0.357130033346866;0
11.92;-0.0642634700711914;-0.354637780782333;0
11.93;-0.0677982574190677;-0.352043505182094;0
11.94;-0.0713066463977018;-0.34934815955133;0
11.95;-0.0747876307007737;-0.346552725554119;0
11.96;-0.0782402139663101;-0.343658213169923;0
11.97;-0.0816634100582632;-0.340665660342168;0
11.98;-0.0850562433445406;-0.33757613261905;0
11.99;-0.0884177489714082;-0.334390722786679;0
12;-0.0917469731341909;-0.3311105504947;0
12.01;-0.0950429733441956;-0.327736761874486;0
12.02;-0.0983048186917842;-0.32427052915007;0
12.03;-0.101531590105522;-0.320713050241905;0
12.04;-0.104722380607335;-0.317065548363619;0
12.05;-0.107876295563599;-0.313329271611867;0
12.06;-0.110992452932101;-0.309505492549438;0
12.07;-0.114069983504799;-0.305595507781744;0
12.08;-0.117108031146322;-0.301600637526822;0
12.09;-0.120105753028131;-0.297522225179008;0
12.1;-0.123062319858305;-0.293361636866404;0
12.11;-0.125976916106855;-0.289120261002299;0
12.12;-0.128848740226543;-0.284799507830673;0
12.13;-0.131677004869121;-0.280400808965942;0
12.14;-0.134460937096939;-0.275925616927092;0
12.15;-0.137199778589879;-0.271375404666338;0
12.16;-0.139892785847547;-0.266751665092477;0
12.17;-0.14253923038667;-0.26205591058907;0
12.18;-0.145138398933662;-0.257289672527625;0
12.19;-0.147689593612291;-0.252454500775911;0
12.2;-0.150192132126417;-0.247551963201585;0
12.21;-0.152645347937733;-0.242583645171269;0
12.22;-0.155048590438491;-0.237551149045247;0
12.23;-0.157401225119146;-0.23245609366793;0
12.24;-0.159702633730888;-0.227300113854264;0
12.25;-0.161952214443026;-0.222084859872229;0
12.26;-0.164149381995173;-0.21681199692159;0
12.27;-0.166293567844204;-0.21148320460908;0
12.28;-0.168384220305955;-0.206100176420154;0
12.29;-0.170420804691616;-0.200664619187499;0
12.3;-0.172402803438805;-0.195178252556453;0
12.31;-0.174329716237276;-0.189642808447502;0
12.32;-0.176201060149242;-0.184060030516022;0
12.33;-0.178016369724281;-0.178431673609431;0
12.34;-0.179775197108808;-0.172759503221922;0
12.35;-0.18147711215008;-0.167045294946936;0
12.36;-0.183121702494713;-0.161290833927554;0
12.37;-0.184708573681704;-0.155497914304969;0
12.38;-0.18623734922992;-0.149668338665209;0
12.39;-0.187707670720051;-0.143803917484275;0
12.4;-0.189119197871009;-0.13790646857188;0
12.41;-0.190471608610754;-0.131977816513926;0
12.42;-0.19176459914155;-0.126019792113931;0
12.43;-0.192997883999614;-0.12003423183353;0
12.44;-0.194171196109188;-0.11402297723226;0
12.45;-0.195284286830986;-0.107987874406766;0
12.46;-0.196336926005042;-0.10193077342962;0
12.47;-0.197328901987948;-0.0958535277879076;0
12.48;-0.198260021684466;-0.089757993821756;0
12.49;-0.199130110573536;-0.0836460301629762;0
12.5;-0.199939012728665;-0.0775194971739775;0
12.51;-0.200686590832713;-0.0713802563871313;0
12.52;-0.20137272618707;-0.0652301699447459;0
12.53;-0.201997318715238;-0.0590711000398217;0
12.54;-0.202560286960824;-0.0529049083577523;0
12.55;-0.203061568079957;-0.0467334555191371;0
12.56;-0.203501117828137;-0.0405586005238706;0
12.57;-0.203878910541533;-0.0343822001966735;0
12.58;-0.204194939112737;-0.0282061086342283;0
12.59;-0.20444921496101;-0.0220321766540827;0
12.6;-0.204641767997008;-0.0158622512454838;0
12.61;-0.204772646582046;-0.00969817502230298;0
12.62;-0.204841917481882;-0.00354178567821312;0
12.63;-0.204849665815077;0.00260508455572337;0
12.64;-0.204795994995935;0.00874060945089648;0
12.65;-0.20468102667206;0.0148629693182636;0
12.66;-0.204504900656554;0.0209703515425809;0
12.67;-0.204267774854887;0.0270609511135964;0
12.68;-0.203969825186465;0.0331329711540504;0
12.69;-0.203611245500941;0.0391846234443298;0
12.7;-0.203192247489287;0.0452141289436267;0
12.71;-0.202713060589675;0.0512197183074488;0
12.72;-0.202173931888198;0.0571996324013344;0
12.73;-0.201575126014475;0.0631521228106234;0
12.74;-0.200916925032172;0.0690754523461397;0
12.75;-0.200199628324486;0.0749678955456386;0
12.76;-0.19942355247464;0.0808277391708775;0
12.77;-0.198589031141417;0.086653282700168;0
12.78;-0.197696414929796;0.0924428388162698;0
12.79;-0.196746071256734;0.0981947338894873;0
12.8;-0.19573838421213;0.103907308455834;0
12.81;-0.194673754415037;0.109578917690126;0
12.82;-0.193552598865164;0.11520793187388;0
12.83;-0.192375350789722;0.120792736857872;0
12.84;-0.191142459485669;0.126331734519237;0
12.85;-0.189854390157413;0.131823343212981;0
12.86;-0.188511623750021;0.137265998217776;0
12.87;-0.187114656777998;0.142658152175912;0
12.88;-0.185664001149691;0.147998275527295;0
12.89;-0.184160183987383;0.153284856937358;0
12.9;-0.182603747443137;0.158516403718777;0
12.91;-0.180995248510447;0.163691442246871;0
12.92;-0.179335258831766;0.168808518368576;0
12.93;-0.177624364501975;0.173866197804872;0
12.94;-0.175863165867852;0.178863066546573;0
12.95;-0.174052277323622;0.183797731243347;0
12.96;-0.172192327102641;0.188668819585889;0
12.97;-0.170283957065292;0.193474980681116;0
12.98;-0.168327822483159;0.198214885420308;0
12.99;-0.166324591819554;0.202887226840082;0
13;-0.164274946506467;0.207490720476104;0
13.01;-0.16217958071801;0.212024104709456;0
13.02;-0.160039201140428;0.216486141105554;0
13.03;-0.157854526738765;0.220875614745536;0
13.04;-0.155626288520239;0.225191334550032;0
13.05;-0.153355229294418;0.229432133595228;0
13.06;-0.151042103430272;0.233596869421149;0
13.07;-0.148687676610178;0.237684424332079;0
13.08;-0.146292725580951;0.241693705689041;0
13.09;-0.143858037901993;0.245623646194261;0
13.1;-0.141384411690627;0.249473204167548;0
13.11;-0.138872655364714;0.253241363814524;0
13.12;-0.136323587382609;0.256927135486626;0
13.13;-0.13373803598057;0.26052955593283;0
13.14;-0.13111683890768;0.264047688543025;0
13.15;-0.128460843158369;0.267480623582986;0
13.16;-0.125770904702634;0.270827478420887;0
13.17;-0.123047888214024;0.274087397745295;0
13.18;-0.120292666795486;0.277259553774609;0
13.19;-0.117506121703161;0.280343146457876;0
13.2;-0.114689142068198;0.28333740366696;0
13.21;-0.111842624616698;0.286241581380003;0
13.22;-0.108967473387857;0.289054963856146;0
13.23;-0.106064599450402;0.29177686380148;0
13.24;-0.103134920617407;0.294406622526171;0
13.25;-0.100179361159575;0.296943610092755;0
13.26;-0.0971988515170836;0.299387225455548;0
13.27;-0.0941943280100718;0.301736896591163;0
13.28;-0.0911667325478603;0.303992080620099;0
13.29;-0.0881170123369999;0.306152263919386;0
13.3;-0.0850461195882322;0.308216962226267;0
13.31;-0.0819550112224536;0.310185720732901;0
13.32;-0.078844648575773;0.312058114172073;0
13.33;-0.075715997103753;0.3138337468939;0
13.34;-0.0725700260849248;0.31551225293353;0
13.35;-0.0694077083236658;0.317093296069826;0
13.36;-0.0662300198525319;0.318576569875031;0
13.37;-0.0630379396341332;0.319961797755418;0
13.38;-0.0598324492626442;0.321248732982927;0
13.39;-0.0566145326650373;0.322437158717796;0
13.4;-0.0533851758021316;0.323526888022193;0
13.41;-0.0501453663695449;0.324517763864858;0
13.42;-0.0468960934986404;0.325409659116781;0
13.43;-0.0436383474575562;0.326202476537911;0
13.44;-0.0403731193524088;0.326896148754942;0
13.45;-0.037101400828758;0.327490638230173;0
13.46;-0.0338241837734238;0.327985937221488;0
13.47;-0.0305424600167434;0.328382067733462;0
13.48;-0.0272572210353565;0.328679081459644;0
13.49;-0.0239694576556078;0.328877059716035;0
13.5;-0.020680159757654;0.3289761133658;0
13.51;-0.0173903159803632;0.328976382735257;0
13.52;-0.0141009134270931;0.328878037521173;0
13.53;-0.0108129373724356;0.328681276689416;0
13.54;-0.00752737097001364;0.328386328365014;0
13.55;-0.00424519496141543;0.327993449713653;0
13.56;-0.000967387386352727;0.327502926814676;0
13.57;0.00230507670587338;0.326915074525641;0
13.58;0.00557122554351413;0.326230236338473;0
13.59;0.00883009091803885;0.32544878422729;0
13.6;0.0120807084682416;0.324571118487944;0
13.61;0.0153221179627064;0.323597667569358;0
13.62;0.0185533635805488;0.322528887896701;0
13.63;0.0217734941903528;0.321365263686494;0
13.64;0.0249815636272232;0.320107306753695;0
13.65;0.0281766309678724;0.318755556310843;0
13.66;0.0313577608036636;0.317310578759338;0
13.67;0.0345240235115312;0.315772967472927;0
13.68;0.0376744955227018;0.314143342573476;0
13.69;0.0408082595891383;0.312422350699112;0
13.7;0.0439244050476314;0.310610664764816;0
13.71;0.0470220280814629;0.308708983715543;0
13.72;0.0501002319795681;0.306718032271975;0
13.73;0.0531581273931214;0.304638560668973;0
13.74;0.0561948325894752;0.302471344386841;0
13.75;0.0592094737033782;0.300217183875475;0
13.76;0.0622011849854051;0.297876904271508;0
13.77;0.0651691090475247;0.295451355108534;0
13.78;0.0681123971057412;0.292941410020528;0
13.79;0.0710302092197382;0.290347966438539;0
13.8;0.0739217145294605;0.287671945280777;0
13.81;0.076786091488567;0.284914290636195;0
13.82;0.0796225280946906;0.28207596944166;0
13.83;0.0824302221164418;0.27915797115284;0
13.84;0.0852083813170924;0.276161307408901;0
13.85;0.0879562236748797;0.27308701169113;0
13.86;0.0906729775998694;0.269936138975601;0
13.87;0.0933578821473186;0.266709765379988;0
13.88;0.0960101872274821;0.263408987804658;0
13.89;0.0986291538118029;0.260034923568142;0
13.9;0.101214054135433;0.256588710037113;0
13.91;0.103764171896032;0.253071504250998;0
13.92;0.106278802448783;0.249484482541325;0
13.93;0.108757252997582;0.245828840145954;0
13.94;0.111198842782352;0.242105790818296;0
13.95;0.113602903262414;0.238316566431658;0
13.96;0.115968778295893;0.23446241657883;0
13.97;0.118295824315095;0.230544608167054;0
13.98;0.120583410497808;0.226564425008499;0
13.99;0.122830918934496;0.222523167406371;0
14;0.125037744791328;0.218422151736788;0
14.01;0.127203296469015;0.21426271002656;0
14.02;0.129326995757397;0.210046189527004;0
14.03;0.13140827798576;0.205773952283919;0
14.04;0.13344659216883;0.201447374703881;0
14.05;0.135441401148418;0.19706784711696;0
14.06;0.137392181730672;0.19263677333603;0
14.07;0.139298424818912;0.188155570212787;0
14.08;0.141159635542007;0.183625667190622;0
14.09;0.14297533337827;0.179048505854494;0
14.1;0.144745052274835;0.174425539477925;0
14.11;0.1464683407625;0.169758232567286;0
14.12;0.148144762065989;0.165048060403483;0
14.13;0.149773894209626;0.160296508581212;0
14.14;0.151355330118398;0.155505072545909;0
14.15;0.152888677714362;0.150675257128547;0
14.16;0.154373560008406;0.145808576078411;0
14.17;0.155809615187318;0.140906551594015;0
14.18;0.157196496696164;0.135970713852279;0
14.19;0.158533873315946;0.131002600536135;0
14.2;0.159821429236534;0.12600375636069;0
14.21;0.161058864124845;0.12097573259809;0
14.22;0.162245893188276;0.115920086601247;0
14.23;0.163382247233362;0.110838381326552;0
14.24;0.164467672719663;0.105732184855734;0
14.25;0.165501931808857;0.100603069916999;0
14.26;0.166484802409055;0.0954526134056042;0
14.27;0.167416078214307;0.0902823959040071;0
14.28;0.168295568739315;0.0850940012017298;0
14.29;0.169123099349347;0.0798890158150904;0
14.3;0.169898511285334;0.0746690285069417;0
14.31;0.170621661684185;0.069435629806562;0
14.32;0.171292423594284;0.064190411529841;0
14.33;0.171910685986205;0.0589349662999053;0
14.34;0.172476353758624;0.0536708870683254;0
14.35;0.172989347739453;0.0483997666370474;0
14.36;0.173449604682197;0.0431231971811908;0
14.37;0.173857077257541;0.037842769772855;0
14.38;0.174211734040181;0.0325600739060742;0
14.39;0.17451355949091;0.0272766970230623;0
14.4;0.174762553933974;0.0219942240418866;0
14.41;0.174958733529711;0.0167142368857101;0
14.42;0.175102130242486;0.0114383140137413;0
14.43;0.175192791803955;0.00616802995402698;0
14.44;0.17523078167165;0.000904954838228098;0
14.45;0.175216178982935;-0.00434934606148821;0
14.46;0.175149078504332;-0.00959331279330333;0
14.47;0.175029590576256;-0.0148253911842152;0
14.48;0.174857841053168;-0.0200440332959861;0
14.49;0.17463397123919;-0.0252476978784378;0
14.5;0.174358137819191;-0.030434850819963;0
14.51;0.174030512785388;-0.0356039655951224;0
14.52;0.173651283359478;-0.040753523709199;0
14.53;0.173220651910344;-0.0458820151395799;0
14.54;0.172738835867361;-0.0509879387738414;0
14.55;0.172206067629331;-0.0560698028444092;0
14.56;0.171622594469095;-0.0611261253596706;0
14.57;0.170988678433848;-0.0661554345314155;0
14.58;0.170304596241189;-0.0711562691984841;0
14.59;0.169570639170967;-0.0761271792465008;0
14.6;0.168787112952932;-0.0810667260235757;0
14.61;0.167954337650259;-0.0859734827518547;0
14.62;0.16707264753897;-0.0908460349348044;0
14.63;0.166142390983301;-0.0956829807601143;0
14.64;0.16516393030707;-0.100482931498105;0
14.65;0.164137641661069;-0.105244511895528;0
14.66;0.163063914886546;-0.109966360564656;0
14.67;0.161943153374819;-0.114647130367535;0
14.68;0.160775773923064;-0.119285488795319;0
14.69;0.159562206586337;-0.123880118342559;0
14.7;0.158302894525875;-0.12842971687635;0
14.71;0.156998293853728;-0.132932998000245;0
14.72;0.155648873473776;-0.137388691412814;0
14.73;0.154255114919187;-0.141795543260771;0
14.74;0.152817512186363;-0.146152316486561;0
14.75;0.151336571565443;-0.150457791170313;0
14.76;0.149812811467409;-0.154710764866072;0
14.77;0.148246762247851;-0.158910052932211;0
14.78;0.146638966027461;-0.163054488855941;0
14.79;0.144989976509307;-0.167142924571827;0
14.8;0.143300358792946;-0.17117423077423;0
14.81;0.141570689185446;-0.175147297223582;0
14.82;0.139801555009367;-0.179061033046429;0
14.83;0.137993554407774;-0.182914367029145;0
14.84;0.13614729614634;-0.186706247905248;0
14.85;0.134263399412608;-0.190435644636253;0
14.86;0.132342493612467;-0.194101546685965;0
14.87;0.130385218163921;-0.197702964288161;0
14.88;0.128392222288212;-0.201238928707591;0
14.89;0.126364164798355;-0.204708492494219;0
14.9;0.124301713885172;-0.208110729730645;0
14.91;0.122205546900873;-0.211444736272657;0
14.92;0.120076350140271;-0.214709629982834;0
14.93;0.117914818619687;-0.217904550957152;0
14.94;0.115721655853622;-0.221028661744541;0
14.95;0.113497573629265;-0.224081147559327;0
14.96;0.111243291778911;-0.227061216486521;0
14.97;0.108959537950356;-0.229968099679894;0
14.98;0.106647047375342;-0.232801051552801;0
14.99;0.104306562636137;-0.235559349961705;0
15;0.101938833430294;-0.23824229638235;0
15.01;0.0995446163337028;-0.240849216078563;0
15.02;0.0971246745619705;-0.243379458263626;0
15.03;0.0946797777302305;-0.245832396254198;0
15.04;0.0922107016114431;-0.248207427616742;0
15.05;0.0897182278932664;-0.250503974306431;0
15.06;0.0872031439335715;-0.252721482798514;0
15.07;0.0846662425146788;-0.254859424212091;0
15.08;0.0821083215963903;-0.256917294426302;0
15.09;0.079530184067894;-0.258894614188884;0
15.1;0.0769326374986182;-0.260790929217094;0
15.11;0.0743164938881097;-0.262605810290969;0
15.12;0.0716825694150147;-0.264338853338914;0
15.13;0.0690316841852382;-0.265989679515607;0
15.14;0.0663646619793592;-0.267557935272206;0
15.15;0.0636823299993777;-0.269043292418849;0
15.16;0.0609855186148728;-0.270445448179455;0
15.17;0.0582750611086459;-0.271764125238801;0
15.18;0.0555517934219291;-0.272999071781893;0
15.19;0.0528165538992335;-0.274150061525625;0
15.2;0.0500701830329172;-0.275216893742728;0
15.21;0.0473135232075462;-0.276199393278015;0
15.22;0.0445474184441298;-0.277097410556944;0
15.23;0.0417727141443033;-0.277910821586479;0
15.24;0.0389902568345374;-0.278639527948302;0
15.25;0.0362008939104498;-0.279283456784352;0
15.26;0.0334054733812956;-0.279842560774742;0
15.27;0.030604843614713;-0.280316818108049;0
15.28;0.0277998530818004;-0.280706232444011;0
15.29;0.0249913501026002;-0.281010832868654;0
15.3;0.0221801825920661;-0.281230673841875;0
15.31;0.0193671978065874;-0.281365835137506;0
15.32;0.0165532420911468;-0.281416421775897;0
15.33;0.0137391606271868;-0.281382563949042;0
15.34;0.0109257971812564;-0.281264416938292;0
15.35;0.00811399385451587;-0.281062161024687;0
15.36;0.0053045908331697;-0.280776001391951;0
15.37;0.00249842613990351;-0.280406168022183;0
15.38;-0.000303664613603783;-0.2799529155843;0
15.39;-0.00310084847301959;-0.279416523315266;0
15.4;-0.00589229538647735;-0.278797294894168;0
15.41;-0.0086771784484049;-0.278095558309171;0
15.42;-0.0114546741419907;-0.277311665717428;0
15.43;-0.0142239625802172;-0.276445993297973;0
15.44;-0.0169842277453928;-0.275498941097671;0
15.45;-0.0197346577271109;-0.274470932870287;0
15.46;-0.0224744449585697;-0.273362415908706;0
15.47;-0.025202786451184;-0.272173860870405;0
15.48;-0.0279188840274205;-0.270905761596208;0
15.49;-0.0306219445517916;-0.269558634922411;0
15.5;-0.0333111801599402;-0.268133020486327;0
15.51;-0.0359858084857511;-0.266629480525344;0
15.52;-0.0386450528864241;-0.265048599669542;0
15.53;-0.0412881426654438;-0.26339098472796;0
15.54;-0.0439143132933845;-0.261657264468578;0
15.55;-0.0465228066264868;-0.259848089392102;0
15.56;-0.0491128711229443;-0.257964131499612;0
15.57;-0.0516837620568394;-0.256006084054176;0
15.58;-0.0542347417296686;-0.253974661336491;0
15.59;-0.0567650796793974;-0.251870598394649;0
15.6;-0.059274052886987;-0.249694650788108;0
15.61;-0.0617609459803349;-0.247447594325949;0
15.62;-0.0642250514355723;-0.245130224799521;0
15.63;-0.0666656697756635;-0.242743357709546;0
15.64;-0.0690821097662516;-0.240287827987797;0
15.65;-0.0714736886086969;-0.237764489713418;0
15.66;-0.0738397321302545;-0.235174215823997;0
15.67;-0.0761795749713398;-0.232517897821485;0
15.68;-0.07849256076983;-0.22979644547305;0
15.69;-0.080778042342352;-0.227010786506976;0
15.7;-0.083035381862507;-0.224161866303693;0
15.71;-0.0852639510359843;-0.221250647582059;0
15.72;-0.0874631312725162;-0.218278110080964;0
15.73;-0.0896323138546296;-0.215245250236404;0
15.74;-0.0917709001031464;-0.212153080854083;0
15.75;-0.0938783015393924;-0.209002630777682;0
15.76;-0.0959539400440679;-0.205794944552893;0
15.77;-0.0979972480127409;-0.202531082087311;0
15.78;-0.100007668507921;-0.199212118306319;0
15.79;-0.101984655407674;-0.195839142805056;0
15.8;-0.103927673550741;-0.192413259496588;0
15.81;-0.105836198878117;-0.188935586256388;0
15.82;-0.107709718571065;-0.185407254563246;0
15.83;-0.109547731185522;-0.181829409136716;0
15.84;-0.111349746782858;-0.17820320757122;0
15.85;-0.11311528705697;-0.174529819966916;0
15.86;-0.114843885457665;-0.17081042855746;0
15.87;-0.116535087310312;-0.167046227334757;0
15.88;-0.118188449931719;-0.163238421670851;0
15.89;-0.119803542742229;-0.159388227937036;0
15.9;-0.121379947373985;-0.155496873120335;0
15.91;-0.122917257775354;-0.151565594437452;0
15.92;-0.124415080311476;-0.147595638946324;0
15.93;-0.125873033860923;-0.143588263155384;0
15.94;-0.127290749908433;-0.13954473263067;0
15.95;-0.128667872633714;-0.135466321600894;0
15.96;-0.130004058996287;-0.131354312560583;0
15.97;-0.131298978816348;-0.12720999587144;0
15.98;-0.132552314851642;-0.123034669362018;0
15.99;-0.133763762870326;-0.118829637925849;0
16;-0.1349330317198;-0.114596213118151;0
16.01;-0.13605984339151;-0.110335712751219;0
16.02;-0.137143933081691;-0.106049460488652;0
16.03;-0.138185049248049;-0.101738785438505;0
16.04;-0.139182953662372;-0.0974050217455274;0
16.05;-0.14013742145906;-0.0930495081825734;0
16.06;-0.141048241179565;-0.0886735877413431;0
16.07;-0.141915214812734;-0.0842786072225534;0
16.08;-0.142738157831054;-0.0798659168256741;0
16.09;-0.143516899222794;-0.0754368697383504;0
16.1;-0.144251281520034;-0.0709928217256346;0
16.11;-0.144941160822594;-0.0665351307191523;0
16.12;-0.145586406817852;-0.0620651564063238;0
16.13;-0.146186902796451;-0.0575842598197663;0
16.14;-0.146742545663904;-0.0530938029269981;0
16.15;-0.147253245948102;-0.0485951482205677;0
16.16;-0.147718927802719;-0.0440896583087302;0
16.17;-0.148139529006529;-0.0395786955067919;0
16.18;-0.148515000958642;-0.0350636214292459;0
16.19;-0.148845308669666;-0.0305457965828184;0
16.2;-0.149130430748795;-0.026026579960546;0
16.21;-0.149370359386855;-0.0215073286370051;0
16.22;-0.149565100335304;-0.0169893973648118;0
16.23;-0.149714672881194;-0.012474138172511;0
16.24;-0.149819109818136;-0.00796289996397383;0
16.25;-0.14987845741325;-0.00345702811941964;0
16.26;-0.149892775370139;0.00104213590181991;0
16.27;-0.149862136787906;0.0055332549566785;0
16.28;-0.14978662811621;0.0100149966117596;0
16.29;-0.149666349106415;0.0144860335346531;0
16.3;-0.149501412758822;0.0189450438830501;0
16.31;-0.149291945266028;0.0233907116915432;0
16.32;-0.149038085952424;0.027821727256001;0
16.33;-0.148739987209862;0.0322367875154037;0
16.34;-0.148397814429517;0.0366345964310331;0
16.35;-0.148011745929964;0.0410138653629037;0
16.36;-0.147581972881511;0.0453733134433309;0
16.37;-0.147108699226804;0.0497116679475261;0
16.38;-0.146592141597741;0.0540276646611143;0
16.39;-0.146032529228729;0.0583200482444694;0
16.4;-0.145430103866305;0.0625875725937622;0
16.41;-0.144785119675167;0.0668290011986202;0
16.42;-0.144097843140643;0.0710431074962963;0
16.43;-0.143368552967636;0.0752286752222473;0
16.44;-0.142597539976075;0.0793844987570228;0
16.45;-0.141785106992917;0.0835093834693667;0
16.46;-0.140931568740739;0.0876021460554354;0
16.47;-0.140037251722948;0.0916616148740377;0
16.48;-0.139102494105661;0.0956866302778021;0
16.49;-0.138127645596296;0.0996760449401797;0
16.5;-0.137113067318902;0.103628724178192;0
16.51;-0.136059131686291;0.107543546270835;0
16.52;-0.134966222269001;0.111419402773047;0
16.53;-0.133834733661139;0.115255198825162;0
16.54;-0.132665071343153;0.119049853457757;0
16.55;-0.131457651541572;0.122802299891806;0
16.56;-0.130212901085774;0.126511485834079;0
16.57;-0.12893125726181;0.130176373767671;0
16.58;-0.127613167663359;0.133795941237622;0
16.59;-0.126259090039833;0.137369181131515;0
16.6;-0.124869492141716;0.140895101955007;0
16.61;-0.123444851563157;0.144372728102189;0
16.62;-0.121985655581888;0.147801100120734;0
16.63;-0.120492400996517;0.151179274971739;0
16.64;-0.118965593961245;0.154506326284198;0
16.65;-0.117405749818058;0.157781344604048;0
16.66;-0.115813392926459;0.161003437637713;0
16.67;-0.114189056490788;0.164171730490082;0
16.68;-0.112533282385189;0.167285365896871;0
16.69;-0.110846620976271;0.17034350445129;0
16.7;-0.10912963094354;0.173345324824975;0
16.71;-0.107382879097639;0.176290023983121;0
16.72;-0.105606940196468;0.179176817393757;0
16.73;-0.103802396759233;0.182004939231116;0
16.74;-0.101969838878491;0.184773642573054;0
16.75;-0.100109864030249;0.187482199592456;0
16.76;-0.0982230768821737;0.190129901742591;0
16.77;-0.0963100890999769;0.192716059936372;0
16.78;-0.0943715191520331;0.19524000471947;0
16.79;-0.092407992112297;0.197701086437249;0
16.8;-0.0904201394615778;0.20009867539548;0
16.81;-0.088408598887235;0.202432162014787;0
16.82;-0.086374014081358;0.204700956978809;0
16.83;-0.0843170345374921;0.206904491376029;0
16.84;-0.082238315345976;0.209042216835237;0
16.85;-0.0801385169879516;0.211113605654612;0
16.86;-0.0780183051281138;0.213118150924384;0
16.87;-0.0758783504062607;0.215055366643044;0
16.88;-0.0737193282277128;0.216924787827101;0
16.89;-0.0715419185526619;0.218725970614338;0
16.9;-0.0693468056845183;0.220458492360566;0
16.91;-0.0671346780573185;0.222121951729849;0
16.92;-0.0649062280222611;0.223715968778185;0
16.93;-0.0626621516334349;0.225240185030637;0
16.94;-0.0604031484328053;0.226694263551885;0
16.95;-0.0581299212345246;0.228077889010212;0
16.96;-0.0558431759086326;0.229390767734896;0
16.97;-0.0535436211642124;0.230632627767012;0
16.98;-0.0512319683320681;0.231803218903641;0
16.99;-0.0489089311469897;0.232902312735481;0
17;-0.0465752255296727;0.233929702677853;0
17.01;-0.044231569368356;0.234885203995125;0
17.02;-0.0418786823002457;0.235768653818532;0
17.03;-0.0395172854927908;0.236579911157417;0
17.04;-0.0371481014248756;0.237318856903895;0
17.05;-0.0347718536679948;0.237985393830946;0
17.06;-0.0323892666674781;0.238579446583953;0
17.07;-0.0300010655238279;0.2391009616657;0
17.08;-0.0276079757742367;0.239549907414843;0
17.09;-0.0252107231743497;0.239926273977874;0
17.1;-0.0228100334803359;0.240230073274588;0
17.11;-0.0204066322313346;0.240461338957096;0
17.12;-0.0180012445323402;0.240620126362382;0
17.13;-0.0155945948375905;0.24070651245845;0
17.14;-0.0131874067345226;0.240720595784069;0
17.15;-0.0107804027283598;0.24066249638217;0
17.16;-0.00837430402739237;0.240532355726898;0
17.17;-0.00596983032901773;0.240330336644372;0
17.18;-0.00356769960659969;0.240056623227178;0
17.19;-0.00116862789721166;0.239711420742637;0
17.2;0.00122667090967512;0.239294955534883;0
17.21;0.00361748528249645;0.238807474920785;0
17.22;0.00600310625683174;0.23824924707977;0
17.23;0.00838282764351146;0.237620560937577;0
17.24;0.010755946235535;0.23692172604399;0
17.25;0.0131217620137391;0.236153072444605;0
17.26;0.0154795783511567;0.235314950546669;0
17.27;0.0178287022160089;0.234407730979041;0
17.28;0.0201684443732685;0.233431804446349;0
17.29;0.0224981195847411;0.232387581577356;0
17.3;0.0248170468076025;0.231275492767639;0
17.31;0.0271245493913382;0.230095988016589;0
17.32;0.0294199552730277;0.228849536758837;0
17.33;0.0317025971709176;0.227536627690125;0
17.34;0.0339718127762294;0.226157768587716;0
17.35;0.036226944943146;0.224713486125387;0
17.36;0.0384673418769253;0.223204325683072;0
17.37;0.0406923573200855;0.221630851151236;0
17.38;0.0429013507366107;0.219993644730023;0
17.39;0.0450936874941251;0.21829330672327;0
17.4;0.0472687390439843;0.216530455327444;0
17.41;0.0494258830992337;0.214705726415584;0
17.42;0.0515645038103831;0.212819773316305;0
17.43;0.0536839919389509;0.210873266587958;0
17.44;0.0557837450287271;0.208866893788013;0
17.45;0.0578631675747096;0.206801359237738;0
17.46;0.059921671189666;0.204677383782261;0
17.47;0.0619586747682763;0.20249570454609;0
17.48;0.0639736046488094;0.200257074684172;0
17.49;0.0659658947722918;0.197962263128578;0
17.5;0.0679349868391224;0.195612054330889;0
17.51;0.0698803304630937;0.193207248000382;0
17.52;0.0718013833227745;0.190748658838075;0
17.53;0.0736976113102165;0.188237116266757;0
17.54;0.0755684886769417;0.185673464157051;0
17.55;0.0774134981771747;0.183058560549627;0
17.56;0.0792321312082786;0.180393277373639;0
17.57;0.0810238879483595;0.177678500161489;0
17.58;0.082788277491002;0.174915127759998;0
17.59;0.0845248179771012;0.172104072038081;0
17.6;0.0862330367237553;0.169246257591032;0
17.61;0.0879124703501863;0.166342621441487;0
17.62;0.0895626649006565;0.163394112737184;0
17.63;0.0911831759643474;0.160401692445613;0
17.64;0.0927735687921724;0.157366333045634;0
17.65;0.0943334184104916;0.154289018216186;0
17.66;0.0958623097317018;0.151170742522172;0
17.67;0.0973598376616723;0.14801251109761;0
17.68;0.0988256072040007;0.144815339326181;0
17.69;0.100259233561062;0.141580252519228;0
17.7;0.10166034223183;0.138308285591356;0
17.71;0.103028569106436;0.135000482733698;0
17.72;0.104363560557461;0.13165789708496;0
17.73;0.105664973527923;0.128281590400359;0
17.74;0.106932475615939;0.124872632718541;0
17.75;0.108165745156061;0.121432102026587;0
17.76;0.109364471297242;0.117961083923216;0
17.77;0.11052835407743;0.114460671280281;0
17.78;0.111657104494773;0.110931963902675;0
17.79;0.112750444575411;0.10737606818673;0
17.8;0.113808107437849;0.103794096777241;0
17.81;0.114829837353894;0.100187168223194;0
17.82;0.115815389806141;0.0965564066323282;0
17.83;0.116764531542004;0.0929029413246133;0
17.84;0.117677040624278;0.08922790648477;0
17.85;0.118552706478214;0.0855324408139237;0
17.86;0.119391329935115;0.081817687180505;0
17.87;0.120192723272439;0.0780847922705005;0
17.88;0.120956710250392;0.0743349062371607;0
17.89;0.121683126145029;0.0705691823502705;0
17.9;0.122371817777837;0.0667887766450878;0
17.91;0.123022643541809;0.0629948475710575;0
17.92;0.123635473424003;0.0591885556404042;0
17.93;0.124210189024594;0.0553710630767121;0
17.94;0.1247466835724;0.0515435334635943;0
17.95;0.125244861936905;0.0477071313935592;0
17.96;0.125704640636769;0.0438630221171779;0
17.97;0.126125947844832;0.0400123711926571;0
17.98;0.126508723389613;0.0361563441359218;0
17.99;0.126852918753316;0.0322961060713126;0
18;0.127158497066346;0.0284328213830005;0
18.01;0.127425433098339;0.0245676533672223;0
18.02;0.127653713245723;0.0207017638854406;0
18.03;0.127843335515815;0.0168363130185294;0
18.04;0.127994309507457;0.0129724587220875;0
18.05;0.128106656388225;0.00911135648298271;0
18.06;0.128180408868192;0.00525415897722452;0
18.07;0.128215611170293;0.00140201572926894;0
18.08;0.128212318997276;-0.00244392722714724;0
18.09;0.12817059949528;-0.00628252768654271;0
18.1;0.128090531214033;-0.0101126476075001;0
18.11;0.127972204063714;-0.0139331534466494;0
18.12;0.127815719268471;-0.0177429164907285;0
18.13;0.127621189316638;-0.0215408131866257;0
18.14;0.12738873790765;-0.025325725469308;0
18.15;0.127118499895702;-0.0290965410875402;0
18.16;0.126810621230145;-0.0328521539273024;0
18.17;0.126465258892676;-0.0365914643328114;0
18.18;0.126082580831315;-0.0403133794250538;0
18.19;0.125662765891214;-0.0440168134177418;0
18.2;0.125206003742318;-0.0477006879305986;0
18.21;0.124712494803905;-0.0513639322998854;0
18.22;0.124182450166035;-0.0550054838860825;0
18.23;0.123616091507933;-0.0586242883786351;0
18.24;0.123013651013339;-0.0622193000976799;0
18.25;0.122375371282854;-0.0657894822926643;0
18.26;0.121701505243317;-0.0693338074377779;0
18.27;0.120992316054237;-0.0728512575241088;0
18.28;0.120248077011325;-0.0763408243484466;0
18.29;0.119469071447147;-0.0798015097986491;0
18.3;0.118655592628944;-0.0832323261354935;0
18.31;0.117807943653647;-0.0866322962709343;0
18.32;0.116926437340126;-0.0900004540426893;0
18.33;0.116011396118712;-0.0933358444850795;0
18.34;0.115063151918023;-0.0966375240960469;0
18.35;0.114082046049146;-0.0999045611002764;0
18.36;0.113068429087194;-0.103136035708352;0
18.37;0.1120226607503;-0.106331040371871;0
18.38;0.110945109776071;-0.109488680034457;0
18.39;0.109836153795555;-0.112608072378589;0
18.4;0.108696179204759;-0.115688348068192;0
18.41;0.107525581033754;-0.118728650986922;0
18.42;0.106324762813427;-0.121728138472072;0
18.43;0.105094136439902;-0.124685981544046;0
18.44;0.103834122036699;-0.127601365131343;0
18.45;0.102545147814655;-0.130473488290973;0
18.46;0.101227649929662;-0.133301564424271;0
18.47;0.099882072338271;-0.136084821488031;0
18.48;0.0985088666512068;-0.138822502200923;0
18.49;0.0971084919848348;-0.141513864245119;0
18.5;0.0956814148106379;-0.1441581804631;0
18.51;0.0942281088027456;-0.146754739049566;0
18.52;0.0927490546835663;-0.14930284373843;0
18.53;0.0912447400675715;-0.151801813984818;0
18.54;0.0897156593032838;-0.154250985142051;0
18.55;0.0881623133135167;-0.156649708633559;0
18.56;0.0865852094339188;-0.158997352119677;0
18.57;0.0849848612498734;-0.161293299659289;0
18.58;0.0833617884318038;-0.163536951866282;0
18.59;0.0817165165689396;-0.165727726060762;0
18.6;0.0800495770015923;-0.167865056415009;0
18.61;0.0783615066519972;-0.169948394094125;0
18.62;0.076652847853771;-0.171977207391349;0
18.63;0.0749241481800419;-0.173950981858001;0
18.64;0.0731759602703035;-0.175869220428037;0
18.65;0.0714088416560477;-0.177731443537173;0
18.66;0.0696233545852317;-0.179537189236557;0
18.67;0.0678200658456317;-0.181286013300973;0
18.68;0.0659995465871399;-0.182977489331534;0
18.69;0.0641623721430597;-0.184611208852872;0
18.7;0.062309121850453;-0.186186781404767;0
18.71;0.0604403788695973;-0.187703834628237;0
18.72;0.0585567300026061;-0.189162014346046;0
18.73;0.0566587655112698;-0.19056098463762;0
18.74;0.0547470789341725;-0.191900427908369;0
18.75;0.0528222669031407;-0.193180044953391;0
18.76;0.0508849289590808;-0.194399555015557;0
18.77;0.0489356673672602;-0.195558695837965;0
18.78;0.04697508693209;-0.196657223710759;0
18.79;0.0450037948114645;-0.197694913512307;0
18.8;0.0430224003307143;-0.198671558744737;0
18.81;0.0410315147962297;-0.199586971563826;0
18.82;0.0390317513088104;-0.200440982803254;0
18.83;0.037023724576798;-0.201233441993207;0
18.84;0.0350080507290479;-0.201964217373354;0
18.85;0.032985347127797;-0.202633195900182;0
18.86;0.0309562321814828;-0.203240283248718;0
18.87;0.0289213251575713;-0.203785403808635;0
18.88;0.0268812459954482;-0.204268500674747;0
18.89;0.0248366151194315;-0.204689535631922;0
18.9;0.0227880532519585;-0.205048489134417;0
18.91;0.020736181227006;-0.205345360279646;0
18.92;0.018681619803797;-0.205580166776414;0
18.93;0.0166249894808498;-0.20575294490762;0
18.94;0.0145669103104253;-0.205863749487456;0
18.95;0.0125080017134271;-0.205912653813129;0
18.96;0.010448882294808;-0.205899749611124;0
18.97;0.00839016965953984;-0.205825146978031;0
18.98;0.00633248022919785;-0.205688974315972;0
18.99;0.00427642905921613;-0.205491378262653;0
19;0.00222262965686616;-0.20523252361606;0
19.01;0.00017169380001228;-0.204912593253854;0
19.02;-0.00187576864330279;-0.204531788047475;0
19.03;-0.00391914989438998;-0.204090326771005;0
19.04;-0.00595784444251095;-0.203588446004819;0
19.05;-0.0079912492224885;-0.203026400034063;0
19.06;-0.0100187637912785;-0.202404460742002;0
19.07;-0.0120397905034524;-0.201722917498276;0
19.08;-0.0140537346855397;-0.200982077042103;0
19.09;-0.0160600048091794;-0.200182263360479;0
19.1;-0.018058012663032;-0.199323817561417;0
19.11;-0.0200471735234004;-0.198407097742268;0
19.12;-0.0220269063235134;-0.197432478853184;0
19.13;-0.0239966338214216;-0.196400352555752;0
19.14;-0.0259557827664576;-0.195311127076872;0
19.15;-0.0279037840642147;-0.194165227057917;0
19.16;-0.0298400729399952;-0.192963093399227;0
19.17;-0.0317640891006839;-0.191705183100005;0
19.18;-0.0336752768949993;-0.190391969093655;0
19.19;-0.0355730854720779;-0.189023940078633;0
19.2;-0.0374569689383473;-0.187601600344856;0
19.21;-0.0393263865126438;-0.186125469595742;0
19.22;-0.0411808026795304;-0.18459608276593;0
19.23;-0.0430196873407734;-0.183013989834754;0
19.24;-0.0448425159649341;-0.18137975563552;0
19.25;-0.0466487697350358;-0.179693959660665;0
19.26;-0.0484379356942624;-0.177957195862855;0
19.27;-0.050209506889652;-0.176170072452083;0
19.28;-0.0519629825137418;-0.174333211688857;0
19.29;-0.0536978680441287;-0.172447249673513;0
19.3;-0.055413675380906;-0.17051283613176;0
19.31;-0.0571099229819374;-0.168530634196496;0
19.32;-0.0587861359959346;-0.166501320185982;0
19.33;-0.0604418463932991;-0.164425583378453;0
19.34;-0.0620765930946947;-0.162304125783223;0
19.35;-0.0636899220973162;-0.160137661908368;0
19.36;-0.0652813865988185;-0.157926918525065;0
19.37;-0.0668505471188757;-0.155672634428661;0
19.38;-0.0683969716183354;-0.153375560196541;0
19.39;-0.0699202356159385;-0.15103645794289;0
19.4;-0.0714199223025721;-0.148656101070408;0
19.41;-0.0728956226530262;-0.146235274019078;0
19.42;-0.0743469355352262;-0.14377477201205;0
19.43;-0.0757734678169098;-0.141275400798733;0
19.44;-0.0771748344697242;-0.138737976395171;0
19.45;-0.0785506586707141;-0.136163324821789;0
19.46;-0.079900571901176;-0.133552281838591;0
19.47;-0.0812242140428534;-0.130905692677891;0
19.48;-0.0825212334714484;-0.12822441177467;0
19.49;-0.0837912871474262;-0.125509302494629;0
19.5;-0.085034040704091;-0.122761236860043;0
19.51;-0.0862491685329095;-0.119981095273478;0
19.52;-0.0874363538660637;-0.117169766239484;0
19.53;-0.0885952888562106;-0.11432814608433;0
19.54;-0.0897256746534317;-0.111457138673878;0
19.55;-0.0908272214793526;-0.10855765512968;0
19.56;-0.0918996486984162;-0.105630613543393;0
19.57;-0.0929426848862927;-0.102676938689588;0
19.58;-0.0939560678954107;-0.0996975617370579;0
19.59;-0.094939544917595;-0.0966934199586956;0
19.6;-0.0958928725437975;-0.0936654564400495;0
19.61;-0.0968158168209071;-0.0906146197866319;0
19.62;-0.0977081533056284;-0.0875418638300781;0
19.63;-0.0985696671154168;-0.0844481473332429;0
19.64;-0.0994001529764592;-0.0813344336943268;0
19.65;-0.100199415268694;-0.0782016906501201;0
19.66;-0.100967268067857;-0.0750508899784576;0
19.67;-0.101703535184552;-0.0718830071999725;0
19.68;-0.102408050200334;-0.0686990212792412;0
19.69;-0.103080656500801;-0.0654999143254094;0
19.7;-0.103721207305691;-0.0622866712923904;0
19.71;-0.104329565695981;-0.0590602796787251;0
19.72;-0.104905604637978;-0.0558217292271961;0
19.73;-0.105449207004415;-0.0525720116242845;0
19.74;-0.105960265592528;-0.0493121201995611;0
19.75;-0.10643868313914;-0.0460430496251012;0
19.76;-0.106884372332731;-0.0427657956150142;0
19.77;-0.107297255822509;-0.0394813546251769;0
19.78;-0.107677266224475;-0.0361907235532606;0
19.79;-0.108024346124493;-0.0328948994391408;0
19.8;-0.108338448078368;-0.0295948791657803;0
19.81;-0.108619534608929;-0.0262916591606724;0
19.82;-0.108867578200138;-0.0229862350979341;0
19.83;-0.109082561288212;-0.0196796016011374;0
19.84;-0.109264476249789;-0.0163727519469656;0
19.85;-0.109413325387127;-0.0130666777697834;0
19.86;-0.109529120910354;-0.00976236876720647;0
19.87;-0.109611884916781;-0.00646081240675805;0
19.88;-0.109661649367282;-0.00316299363369783;0
19.89;-0.109678456059769;0.000130105419890721;0
19.9;-0.109662356599744;0.00341750572466982;0
19.91;-0.109613412367987;0.0066982316421891;0
19.92;-0.109531694485345;0.00997131121151564;0
19.93;-0.10941728377468;0.013235776434269;0
19.94;-0.109270270719962;0.0164906635579787;0
19.95;-0.109090755422545;0.0197350133576816;0
19.96;-0.10887884755463;0.0229678714156785;0
19.97;-0.108634666309939;0.0261882883993685;0
19.98;-0.108358340351625;0.0293953203370825;0
19.99;-0.108050007757425;0.032588028891834;0
20;-0.10770981596209;0.0357654816329119;0
