0;0.535067105256157;0.481935064985857;0
0.01;0.539810289699196;0.46498854227185;0
0.02;0.544383508381466;0.447931759834972;0
0.03;0.548785682547651;0.430770020124631;0
0.04;0.553015786568842;0.41350864793912;0
0.05;0.557072848158682;0.396152988791047;0
0.06;0.560955948573133;0.378708407269353;0
0.07;0.564664222793863;0.361180285398442;0
0.08;0.568196859695203;0.343574020994893;0
0.09;0.57155310219467;0.325895026022263;0
0.1;0.57473224738703;0.30814872494449;0
0.11;0.577733646661881;0.290340553078358;0
0.12;0.580556705804774;0.272475954945559;0
0.13;0.583200885081841;0.254560382624817;0
0.14;0.585665699307955;0.236599294104582;0
0.15;0.587950717898415;0.218598151636787;0
0.16;0.590055564904182;0.20056242009215;0
0.17;0.59197991903067;0.182497565317519;0
0.18;0.593723513640126;0.164409052495757;0
0.19;0.595286136737618;0.146302344508629;0
0.2;0.596667630940674;0.128182900303206;0
0.21;0.597867893432595;0.110056173262249;0
0.22;0.598886875899496;0.0919276095790621;0
0.23;0.599724584451116;0.0738026466372984;0
0.24;0.600381079525451;0.0556867113961861;0
0.25;0.600856475777263;0.0375852187816567;0
0.26;0.601150941950532;0.0195035700838462;0
0.27;0.601264700734913;0.00144715136143645;0
0.28;0.601198028606263;-0.016578668146694;0
0.29;0.600951255651329;-0.0345685376020484;0
0.3;0.600524765376659;-0.052517126138857;0
0.31;0.599918994501829;-0.0704191244277342;0
0.32;0.599134432737082;-0.0882692462301911;0
0.33;0.598171622545454;-0.106062229943556;0
0.34;0.597031158889499;-0.123792840135852;0
0.35;0.595713688962719;-0.141455869070199;0
0.36;0.59421991190579;-0.159046138218282;0
0.37;0.592550578507706;-0.176558499762475;0
0.38;0.590706490891959;-0.193987838086167;0
0.39;0.588688502187863;-0.211329071251884;0
0.4;0.586497516187163;-0.228577152466766;0
0.41;0.584134486986035;-0.245727071534995;0
0.42;0.581600418612634;-0.262773856296757;0
0.43;0.578896364640311;-0.279712574053324;0
0.44;0.576023427786634;-0.296538332977866;0
0.45;0.572982759498382;-0.31324628351158;0
0.46;0.569775559522632;-0.329831619744751;0
0.47;0.566403075464115;-0.346289580782356;0
0.48;0.562866602328976;-0.362615452093829;0
0.49;0.55916748205512;-0.3788045668466;0
0.5;0.55530710302929;-0.394852307223056;0
0.51;0.551286899591052;-0.410754105720537;0
0.52;0.547108351523862;-0.426505446434019;0
0.53;0.542772983533378;-0.442101866321122;0
0.54;0.538282364713212;-0.457538956449104;0
0.55;0.533638107998287;-0.472812363223486;0
0.56;0.528841869605992;-0.487917789597981;0
0.57;0.523895348465331;-0.502850996265388;0
0.58;0.518800285634238;-0.51760780282914;0
0.59;0.513558463705274;-0.532184088955166;0
0.6;0.508171706199893;-0.546575795503784;0
0.61;0.502641876951475;-0.560778925641294;0
0.62;0.496970879477345;-0.574789545930989;0
0.63;0.491160656339964;-0.588603787403283;0
0.64;0.485213188497525;-0.60221784660468;0
0.65;0.479130494644149;-0.615627986625299;0
0.66;0.472914630539902;-0.628830538104683;0
0.67;0.46656768833086;-0.641821900215634;0
0.68;0.460091795859426;-0.654598541625814;0
0.69;0.453489115965141;-0.66715700143686;0
0.7;0.446761845776197;-0.67949389010077;0
0.71;0.439912215991898;-0.691605890313329;0
0.72;0.432942490156287;-0.703489757884344;0
0.73;0.425854963923171;-0.715142322584462;0
0.74;0.418651964312793;-0.726560488968368;0
0.75;0.411335848960374;-0.737741237174149;0
0.76;0.403909005356768;-0.748681623698621;0
0.77;0.396373850081479;-0.759378782148445;0
0.78;0.388732828028267;-0.769829923966833;0
0.79;0.380988411623605;-0.780032339135664;0
0.8;0.373143100038223;-0.789983396852868;0
0.81;0.365199418391995;-0.799680546184884;0
0.82;0.357159916952402;-0.809121316694062;0
0.83;0.349027170326848;-0.818303319040861;0
0.84;0.340803776649061;-0.827224245560694;0
0.85;0.33249235675984;-0.835881870815301;0
0.86;0.324095553382406;-0.844274052118533;0
0.87;0.315616030292608;-0.852398730036416;0
0.88;0.307056471484247;-0.860253928861408;0
0.89;0.298419580329771;-0.867837757060738;0
0.9;0.289708078736607;-0.875148407698747;0
0.91;0.280924706299386;-0.882184158833138;0
0.92;0.272072219448318;-0.888943373885072;0
0.93;0.263153390593995;-0.895424501983041;0
0.94;0.254171007268859;-0.90162607828045;0
0.95;0.245127871265627;-0.907546724246876;0
0.96;0.236026797772913;-0.913185147932947;0
0.97;0.226870614508323;-0.918540144208813;0
0.98;0.217662160849282;-0.923610594976181;0
0.99;0.208404286961865;-0.9283954693539;0
1;0.199099852927884;-0.932893823837081;0
1.01;0.189751727870509;-0.93710480242975;0
1.02;0.180362789078678;-0.941027636751044;0
1.03;0.170935921130566;-0.944661646114959;0
1.04;0.161474015016375;-0.948006237583677;0
1.05;0.151979967260708;-0.951060905994492;0
1.06;0.142456679044793;-0.953825233960381;0
1.07;0.132907055328823;-0.956298891844266;0
1.08;0.123334003974666;-0.958481637707013;0
1.09;0.113740434869219;-0.960373317229226;0
1.1;0.104129259048654;-0.961973863606925;0
1.11;0.0945033878238352;-0.963283297421156;0
1.12;0.084865731907145;-0.964301726481634;0
1.13;0.0752192005409998;-0.965029345644516;0
1.14;0.0655667006282992;-0.965466436604378;0
1.15;0.0559111358650723;-0.965613367660533;0
1.16;0.046255405875576;-0.965470593457785;0
1.17;0.0366024053501001;-0.965038654701741;0
1.18;0.0269550231857338;-0.964318177848821;0
1.19;0.0173161416303445;-0.963309874771097;0
1.2;0.00768863543002213;-0.962014542396093;0
1.21;-0.00192462901976337;-0.960433062321724;0
1.22;-0.0115207945190421;-0.958566400406501;0
1.23;-0.0210970139040159;-0.956415606335192;0
1.24;-0.0306504508832766;-0.953981813160096;0
1.25;-0.0401782808693281;-0.95126623681812;0
1.26;-0.049677691805171;-0.948270175623837;0
1.27;-0.0591458849857102;-0.944995009738722;0
1.28;-0.0685800758737488;-0.941442200616767;0
1.29;-0.0779774949103325;-0.937613290426678;0
1.3;-0.0873353883192109;-0.933509901450876;0
1.31;-0.0966510189051858;-0.929133735461507;0
1.32;-0.105921666846117;-0.924486573073707;0
1.33;-0.115144630478358;-0.919570273076331;0
1.34;-0.124317227075402;-0.914386771740416;0
1.35;-0.133436793619508;-0.908938082105589;0
1.36;-0.142500687566095;-0.903226293244704;0
1.37;-0.151506287600689;-0.89725356950694;0
1.38;-0.1604509943882;-0.89102214973964;0
1.39;-0.169332231314325;-0.88453434648916;0
1.4;-0.178147445218865;-0.877792545180987;0
1.41;-0.186894107120752;-0.870799203279435;0
1.42;-0.195569712934582;-0.863556849427178;0
1.43;-0.204171784178454;-0.856068082564935;0
1.44;-0.212697868672916;-0.848335571031587;0
1.45;-0.221145541230826;-0.840362051645046;0
1.46;-0.229512404337938;-0.832150328764167;0
1.47;-0.23779608882402;-0.82370327333204;0
1.48;-0.245994254524324;-0.815023821900948;0
1.49;-0.254104590931224;-0.806114975639353;0
1.5;-0.262124817835845;-0.796979799321206;0
1.51;-0.270052685959505;-0.787621420297931;0
1.52;-0.277885977574801;-0.778043027453423;0
1.53;-0.285622507116171;-0.768247870142389;0
1.54;-0.293260121779763;-0.758239257112392;0
1.55;-0.300796702112457;-0.748020555409942;0
1.56;-0.308230162589869;-0.737595189270992;0
1.57;-0.315558452183202;-0.726966638996199;0
1.58;-0.322779554914774;-0.716138439811307;0
1.59;-0.329891490402087;-0.705114180713033;0
1.6;-0.336892314390295;-0.693897503300809;0
1.61;-0.343780119272917;-0.68249210059477;0
1.62;-0.35055303460068;-0.670901715840354;0
1.63;-0.357209227578344;-0.65913014129991;0
1.64;-0.363746903549386;-0.64718121703168;0
1.65;-0.370164306468419;-0.635058829656554;0
1.66;-0.376459719361227;-0.622766911112993;0
1.67;-0.382631464772295;-0.610309437400501;0
1.68;-0.388677905199722;-0.597690427312053;0
1.69;-0.394597443517417;-0.584913941155868;0
1.7;-0.400388523384456;-0.571984079466942;0
1.71;-0.406049629641519;-0.558904981708732;0
1.72;-0.411579288694298;-0.545680824965401;0
1.73;-0.416976068883781;-0.53231582262504;0
1.74;-0.42223858084334;-0.518814223054261;0
1.75;-0.427365477842518;-0.505180308264594;0
1.76;-0.432355456117449;-0.491418392571079;0
1.77;-0.437207255187829;-0.47753282124349;0
1.78;-0.441919658160367;-0.46352796915059;0
1.79;-0.446491492018655;-0.449408239397853;0
1.8;-0.450921627899374;-0.435178061959049;0
1.81;-0.455208981354807;-0.420841892302145;0
1.82;-0.459352512601569;-0.406404210009907;0
1.83;-0.463351226755537;-0.391869517395659;0
1.84;-0.467204174052907;-0.377242338114598;0
1.85;-0.470910450057347;-0.3625272157711;0
1.86;-0.474469195853211;-0.347728712522444;0
1.87;-0.477879598224772;-0.332851407679371;0
1.88;-0.48114088982145;-0.317899896303904;0
1.89;-0.484252349309003;-0.30287878780486;0
1.9;-0.487213301506674;-0.287792704531475;0
1.91;-0.490023117510252;-0.272646280365563;0
1.92;-0.492681214801067;-0.257444159312647;0
1.93;-0.495187057340879;-0.24219099409246;0
1.94;-0.497540155652682;-0.226891444729279;0
1.95;-0.499740066887398;-0.21155017714247;0
1.96;-0.501786394876499;-0.196171861737701;0
1.97;-0.503678790170523;-0.180761171999231;0
1.98;-0.505416950063538;-0.165322783083689;0
1.99;-0.507000618603543;-0.149861370415777;0
2;-0.508429586588834;-0.134381608286296;0
2.01;-0.509703691550373;-0.118888168452934;0
2.02;-0.510822817720165;-0.103385718744203;0
2.03;-0.511786895985702;-0.0878789216669707;0
2.04;-0.51259590383049;-0.072372433017963;0
2.05;-0.513249865260722;-0.0568709004996775;0
2.06;-0.513748850718118;-0.041378962341096;0
2.07;-0.514092976979005;-0.0259012459236082;0
2.08;-0.514282407039681;-0.0104423664125494;0
2.09;-0.514317349988112;0.00499307460524848;0
2.1;-0.514198060862045;0.0204004904774939;0
2.11;-0.513924840493583;0.0357753108356651;0
2.12;-0.513498035340302;0.0511129829370398;0
2.13;-0.512918037302982;0.0664089729991344;0
2.14;-0.512185283530027;0.0816587675261667;0
2.15;-0.511300256208664;0.0968578746271573;0
2.16;-0.51026348234299;0.11200182532529;0
2.17;-0.509075533518976;0.12708617485815;0
2.18;-0.507737025656504;0.142106503968478;0
2.19;-0.506248618748543;0.157058420185045;0
2.2;-0.504611016587565;0.171937559093313;0
2.21;-0.502824966479296;0.186739585595489;0
2.22;-0.500891258943921;0.201460195159633;0
2.23;-0.498810727404841;0.216095115057452;0
2.24;-0.496584247865117;0.230640105590438;0
2.25;-0.49421273857169;0.245090961303991;0
2.26;-0.491697159667531;0.259443512189198;0
2.27;-0.489038512831817;0.273693624871912;0
2.28;-0.486237840908285;0.28783720378882;0
2.29;-0.483296227521874;0.301870192350138;0
2.3;-0.480214796683816;0.315788574088637;0
2.31;-0.476994712385283;0.329588373794667;0
2.32;-0.473637178179762;0.343265658636853;0
2.33;-0.47014343675428;0.356816539268175;0
2.34;-0.466514769489639;0.370237170917101;0
2.35;-0.462752496009805;0.383523754463487;0
2.36;-0.458857973720612;0.396672537498947;0
2.37;-0.454832597337929;0.409679815371391;0
2.38;-0.450677798405457;0.422541932213457;0
2.39;-0.446395044802313;0.435255281954553;0
2.4;-0.441985840240569;0.447816309316227;0
2.41;-0.437451723752915;0.460221510790606;0
2.42;-0.432794269170612;0.472467435601633;0
2.43;-0.428015084591912;0.484550686648843;0
2.44;-0.423115811841122;0.49646792143343;0
2.45;-0.418098125918484;0.508215852966356;0
2.46;-0.412963734441059;0.519791250658253;0
2.47;-0.407714377074792;0.531190941190896;0
2.48;-0.402351824957951;0.54241180937001;0
2.49;-0.396877880116112;0.553450798959184;0
2.5;-0.391294374868905;0.564304913494679;0
2.51;-0.38560317122869;0.574971217080927;0
2.52;-0.379806160291364;0.585446835166491;0
2.53;-0.373905261619503;0.595728955300317;0
2.54;-0.367902422618029;0.605814827868067;0
2.55;-0.361799617902598;0.615701766808344;0
2.56;-0.35559884866093;0.625387150308643;0
2.57;-0.349302142007256;0.634868421480847;0
2.58;-0.342911550330116;0.644143089016094;0
2.59;-0.33642915063369;0.653208727818863;0
2.6;-0.329857043872894;0.662062979620127;0
2.61;-0.323197354282427;0.670703553569413;0
2.62;-0.316452228700007;0.679128226805642;0
2.63;-0.30962383588398;0.687334845006596;0
2.64;-0.302714365825539;0.695321322916912;0
2.65;-0.295726029055762;0.703085644854452;0
2.66;-0.288661055947677;0.710625865194949;0
2.67;-0.281521696013587;0.717940108834826;0
2.68;-0.274310217197855;0.725026571632076;0
2.69;-0.26702890516539;0.73188352082511;0
2.7;-0.25968006258604;0.738509295429493;0
2.71;-0.252266008415112;0.744902306612481;0
2.72;-0.244789077170254;0.751061038045284;0
2.73;-0.237251618204913;0.756984046232992;0
2.74;-0.229655994978594;0.7626699608221;0
2.75;-0.222004584324144;0.768117484885581;0
2.76;-0.214299775712285;0.773325395185455;0
2.77;-0.206543970513627;0.778292542412823;0
2.78;-0.198739581258382;0.783017851405323;0
2.79;-0.190889030893999;0.787500321341989;0
2.8;-0.182994752040957;0.791739025915489;0
2.81;-0.17505918624694;0.795733113481732;0
2.82;-0.167084783239611;0.799481807186832;0
2.83;-0.159074000178224;0.802984405071443;0
2.84;-0.15102930090429;0.806240280152459;0
2.85;-0.142953155191535;0.809248880482094;0
2.86;-0.134848037995355;0.812009729184383;0
2.87;-0.126716428702027;0.814522424469098;0
2.88;-0.118560810377865;0.816786639623146;0
2.89;-0.110383669018571;0.81880212297947;0
2.9;-0.102187492798998;0.820568697863511;0
2.91;-0.0939747713235507;0.822086262517279;0
2.92;-0.0857479948774375;0.8233547900011;0
2.93;-0.077509653679017;0.824374328073105;0
2.94;-0.0692622371334411;0.825144999046532;0
2.95;-0.0610082330878279;0.825666999624923;0
2.96;-0.0527501270881812;0.825940600715312;0
2.97;-0.0444904016382768;0.825966147219486;0
2.98;-0.0362315354607347;0.825744057803421;0
2.99;-0.0279760027604943;0.82527482464501;0
3;-0.0197262724909103;0.824559013160184;0
3.01;-0.0114848076226833;0.823597261707548;0
3.02;-0.00325406441584103;0.822390281271665;0
3.03;0.00496350830501783;0.820938855125111;0
3.04;0.0131654698720058;0.81924383846944;0
3.05;0.0212928877404092;0.798477156539943;-2.69131024061877
3.06;0.0291471630333621;0.769444018264348;-2.69131024061877
3.07;0.0367102861006646;0.74023012943971;-2.69131024061877
3.08;0.0439804902112661;0.710844557885985;-2.69131024061877
3.09;0.0509560994760718;0.681296407302244;-2.69131024061877
3.1;0.0576355291941799;0.651594814476077;-2.69131024061877
3.11;0.064017286171191;0.621748946487881;-2.69131024061877
3.12;0.0700999690095385;0.591767997910864;-2.69131024061877
3.13;0.0758822683708044;0.561661188007627;-2.69131024061877
3.14;0.0813629672099875;0.531437757924159;-2.69131024061877
3.15;0.0865409409817041;0.501106967882097;-2.69131024061877
3.16;0.0914151578183055;0.470678094370093;-2.69131024061877
3.17;0.095984678679909;0.440160427335131;-2.69131024061877
3.18;0.100248657476345;0.409563267374637;-2.69131024061877
3.19;0.10420634116103;0.378895922930224;-2.69131024061877
3.2;0.107857069796792;0.348167707483907;-2.69131024061877
3.21;0.111200276593668;0.317387936757625;-2.69131024061877
3.22;0.114235487918713;0.28656592591691;-2.69131024061877
3.23;0.116962323277874;0.25571098677952;-2.69131024061877
3.24;0.119380495269973;0.224832425029878;-2.69131024061877
3.25;0.121489809512859;0.193939537440143;-2.69131024061877
3.26;0.123290164541809;0.163041609098713;-2.69131024061877
3.27;0.124781551680248;0.132147910647009;-2.69131024061877
3.28;0.12596405488288;0.101267695525334;-2.69131024061877
3.29;0.126837850551316;0.0704101972286122;-2.69131024061877
3.3;0.127403207322313;0.0395846265728409;-2.69131024061877
3.31;0.127660485828723;0.00880016897302337;-2.69131024061877
3.32;0.12761013843328;-0.0219340182665974;-2.69131024061877
3.33;0.127252708935348;-0.0526088086492239;-2.69131024061877
3.34;0.126588832250757;-0.0832151091683198;-2.69131024061877
3.35;0.125619234064888;-0.113743862975775;-2.69131024061877
3.36;0.124344730459131;-0.144186052034646;-2.69131024061877
3.37;0.122766227510902;-0.174532699755705;-2.69131024061877
3.38;0.120884720867359;-0.204774873617029;-2.69131024061877
3.39;0.118701295293008;-0.234903687765883;-2.69131024061877
3.4;0.116217124191367;-0.264910305602138;-2.69131024061877
3.41;0.11343346910089;-0.294785942342482;-2.69131024061877
3.42;0.110351679165326;-0.3245218675647;-2.69131024061877
3.43;0.106973190578743;-0.354109407731277;-2.69131024061877
3.44;0.103299526005394;-0.383539948691619;-2.69131024061877
3.45;0.0993322939746751;-0.412804938162165;-2.69131024061877
3.46;0.0950731882513761;-0.441895888183699;-2.69131024061877
3.47;0.0905239871814651;-0.470804377555148;-2.69131024061877
3.48;0.0856865530136437;-0.499522054243194;-2.69131024061877
3.49;0.0805628311969176;-0.528040637767002;-2.69131024061877
3.5;0.0751548496544339;-0.556351921557415;-2.69131024061877
3.51;0.0694647180338441;-0.584447775289917;-2.69131024061877
3.52;0.0634946269344577;-0.612320147190757;-2.69131024061877
3.53;0.0572468471114579;-0.639961066315537;-2.69131024061877
3.54;0.0507237286574577;-0.667362644799679;-2.69131024061877
3.55;0.0439277001616798;-0.694517080080098;-2.69131024061877
3.56;0.0368612678470521;-0.721416657087505;-2.69131024061877
3.57;0.0295270146855146;-0.748053750408704;-2.69131024061877
3.58;0.0219275994918397;-0.774420826418298;-2.69131024061877
3.59;0.0140657559962763;-0.800510445379223;-2.69131024061877
3.6;0.00594429189633047;-0.826315263511525;-2.69131024061877
3.61;-0.00243391211199652;-0.85182803502881;-2.69131024061877
3.62;-0.0110659033231875;-0.877041614141833;-2.69131024061877
3.63;-0.0199486580310742;-0.901948957028658;-2.69131024061877
3.64;-0.0290790825572517;-0.926543123770871;-2.69131024061877
3.65;-0.0384540142987;-0.950817280255314;-2.69131024061877
3.66;-0.0480702227942659;-0.974764700040843;-2.69131024061877
3.67;-0.0579244108096538;-0.998378766189592;-2.69131024061877
3.68;-0.0680132154405665;-1.02165297306227;-2.69131024061877
3.69;-0.0783332092336368;-1.04458092807702;-2.69131024061877
3.7;-0.0888809013247804;-1.06715635343133;-2.69131024061877
3.71;-0.0996527385946017;-1.08937308778663;-2.69131024061877
3.72;-0.110645106840474;-1.11122508791503;-2.69131024061877
3.73;-0.121854331964919;-1.13270643030787;-2.69131024061877
3.74;-0.13327668117989;-1.15381131274559;-2.69131024061877
3.75;-0.144908364226591;-1.17453405582853;-2.69131024061877
3.76;-0.156745534610415;-1.19486910446834;-2.69131024061877
3.77;-0.168784290850622;-1.21481102933947;-2.69131024061877
3.78;-0.181020677744356;-1.2343545282906;-2.69131024061877
3.79;-0.193450687644582;-1.25349442771538;-2.69131024061877
3.8;-0.206070261751562;-1.27222568388237;-2.69131024061877
3.81;-0.21887529141743;-1.29054338422373;-2.69131024061877
3.82;-0.231861619463483;-1.30844274858242;-2.69131024061877
3.83;-0.245025041509738;-1.32591913041748;-2.69131024061877
3.84;-0.258361307316372;-1.34296801796729;-2.69131024061877
3.85;-0.271866122136586;-1.35958503537033;-2.69131024061877
3.86;-0.285535148080496;-1.37576594374335;-2.69131024061877
3.87;-0.299364005489612;-1.39150664221661;-2.69131024061877
3.88;-0.313348274321471;-1.40680316892591;-2.69131024061877
3.89;-0.327483495543994;-1.42165170196136;-2.69131024061877
3.9;-0.341765172539147;-1.43604856027246;-2.69131024061877
3.91;-0.356188772515438;-1.44999020452944;-2.69131024061877
3.92;-0.370749727928843;-1.46347323794068;-2.69131024061877
3.93;-0.385443437911706;-1.47649440702591;-2.69131024061877
3.94;-0.400265269709163;-1.48905060234521;-2.69131024061877
3.95;-0.415210560122669;-1.5011388591835;-2.69131024061877
3.96;-0.430274616960159;-1.51275635819055;-2.69131024061877
3.97;-0.445452720492416;-1.52390042597625;-2.69131024061877
3.98;-0.46074012491518;-1.53456853566114;-2.69131024061877
3.99;-0.476132059816574;-1.54475830738205;-2.69131024061877
4;-0.491623731649374;-1.55446750875284;-2.69131024061877
4.01;-0.507210325207687;-1.56369405528012;-2.69131024061877
4.02;-0.522887005107584;-1.57243601073387;-2.69131024061877
4.03;-0.538648917271238;-1.5806915874731;-2.69131024061877
4.04;-0.55449119041411;-1.58845914672627;-2.69131024061877
4.05;-0.570408937534743;-1.59573719882675;-2.69131024061877
4.06;-0.586397257406703;-1.60252440340301;-2.69131024061877
4.07;-0.602451236072221;-1.60881956952389;-2.69131024061877
4.08;-0.618565948337084;-1.61462165579875;-2.69131024061877
4.09;-0.634736459266328;-1.61992977043258;-2.69131024061877
4.1;-0.650957825680273;-1.62474317123626;-2.69131024061877
4.11;-0.667225097650469;-1.62906126559192;-2.69131024061877
4.12;-0.68353331999508;-1.63288361037349;-2.69131024061877
4.13;-0.699877533773288;-1.63620991182263;-2.69131024061877
4.14;-0.716252777778244;-1.63904002538005;-2.69131024061877
4.15;-0.732654090028136;-1.64137395547246;-2.69131024061877
4.16;-0.749076509254931;-1.64321185525514;-2.69131024061877
4.17;-0.765515076390334;-1.64455402631043;-2.69131024061877
4.18;-0.781964836048547;-1.64540091830225;-2.69131024061877
4.19;-0.798420838005363;-1.64575312858677;-2.69131024061877
4.2;-0.81487813867318;-1.64561140177955;-2.69131024061877
4.21;-0.831331802571487;-1.64497662927922;-2.69131024061877
4.22;-0.847776903792389;-1.643849848748;-2.69131024061877
4.23;-0.864208527460754;-1.64223224354928;-2.69131024061877
4.24;-0.88062177118853;-1.64012514214249;-2.69131024061877
4.25;-0.897011746522831;-1.63753001743549;-2.69131024061877
4.26;-0.913373580387347;-1.6344484860948;-2.69131024061877
4.27;-0.929702416516679;-1.63088230781393;-2.69131024061877
4.28;-0.945993416883157;-1.62683338454004;-2.69131024061877
4.29;-0.962241763115748;-1.62230375965936;-2.69131024061877
4.3;-0.978442657910631;-1.61729561714155;-2.69131024061877
4.31;-0.994591326433028;-1.61181128064344;-2.69131024061877
4.32;-1.0106830177099;-1.6058532125724;-2.69131024061877
4.33;-1.02671300601308;-1.59942401310973;-2.69131024061877
4.34;-1.04267659223247;-1.59252641919448;-2.69131024061877
4.35;-1.05856910523895;-1.58516330346792;-2.69131024061877
4.36;-1.07438590323641;-1.57733767317927;-2.69131024061877
4.37;-1.09012237510287;-1.56905266905287;-2.69131024061877
4.38;-1.1057739417199;-1.56031156411731;-2.69131024061877
4.39;-1.12133605729035;-1.55111776249694;-2.69131024061877
4.4;-1.13680421064363;-1.54147479816611;-2.69131024061877
4.41;-1.15217392652856;-1.53138633366667;-2.69131024061877
4.42;-1.16744076689307;-1.52085615878914;-2.69131024061877
4.43;-1.18260033215068;-1.50988818921792;-2.69131024061877
4.44;-1.19764826243316;-1.49848646514125;-2.69131024061877
4.45;-1.2125802388292;-1.48665514982603;-2.69131024061877
4.46;-1.22739198460871;-1.47439852815839;-2.69131024061877
4.47;-1.24207926643221;-1.4617210051502;-2.69131024061877
4.48;-1.25663789554534;-1.44862710441213;-2.69131024061877
4.49;-1.27106372895784;-1.43512146659389;-2.69131024061877
4.5;-1.28535267060675;-1.42120884779193;-2.69131024061877
4.51;-1.29950067250364;-1.40689411792537;-2.69131024061877
4.52;-1.31350373586541;-1.39218225908056;-2.69131024061877
4.53;-1.32735791222839;-1.37707836382484;-2.69131024061877
4.54;-1.34105930454545;-1.36158763349019;-2.69131024061877
4.55;-1.3546040682658;-1.34571537642703;-2.69131024061877
4.56;-1.36798841239726;-1.32946700622916;-2.69131024061877
4.57;-1.38120860055055;-1.31284803993006;-2.69131024061877
4.58;-1.39426095196546;-1.29586409617129;-2.69131024061877
4.59;-1.40714184251865;-1.27852089334367;-2.69131024061877
4.6;-1.41984770571261;-1.26082424770166;-2.69131024061877
4.61;-1.43237503364577;-1.24278007145171;-2.69131024061877
4.62;-1.44472037796329;-1.22439437081505;-2.69131024061877
4.63;-1.45688035078841;-1.20567324406574;-2.69131024061877
4.64;-1.46885162563404;-1.18662287954444;-2.69131024061877
4.65;-1.48063093829446;-1.16724955364853;-2.69131024061877
4.66;-1.49221508771668;-1.14755962879942;-2.69131024061877
4.67;-1.50360093685151;-1.12755955138749;-2.69131024061877
4.68;-1.51478541348389;-1.10725584969535;-2.69131024061877
4.69;-1.52576551104241;-1.08665513180027;-2.69131024061877
4.7;-1.53653828938772;-1.06576408345608;-2.69131024061877
4.71;-1.54710087557972;-1.04458946595566;-2.69131024061877
4.72;-1.55745046462325;-1.02313811397426;-2.69131024061877
4.73;-1.56758432019211;-1.00141693339465;-2.69131024061877
4.74;-1.57749977533135;-0.979432899114631;-2.69131024061877
4.75;-1.58719423313741;-0.95719305283761;-2.69131024061877
4.76;-1.59666516741625;-0.934704500846965;-2.69131024061877
4.77;-1.60591012331903;-0.911974411764866;-2.69131024061877
4.78;-1.61492671795539;-0.889010014296268;-2.69131024061877
4.79;-1.62371264098401;-0.865818594958772;-2.69131024061877
4.8;-1.63226565518056;-0.842407495799046;-2.69131024061877
4.81;-1.64058359698262;-0.81878411209654;-2.69131024061877
4.82;-1.6486643770116;-0.794955890055184;-2.69131024061877
4.83;-1.65650598057162;-0.770930324483782;-2.69131024061877
4.84;-1.66410646812505;-0.746714956465834;-2.69131024061877
4.85;-1.67146397574472;-0.722317371019486;-2.69131024061877
4.86;-1.67857671554273;-0.69774519474833;-2.69131024061877
4.87;-1.68544297607569;-0.673006093483779;-2.69131024061877
4.88;-1.69206112272634;-0.648107769919735;-2.69131024061877
4.89;-1.69842959806154;-0.623057961240267;-2.69131024061877
4.9;-1.70454692216647;-0.597864436741039;-2.69131024061877
4.91;-1.71041169295499;-0.572534995445185;-2.69131024061877
4.92;-1.71602258645619;-0.547077463714386;-2.69131024061877
4.93;-1.72137835707702;-0.521499692855844;-2.69131024061877
4.94;-1.72647783784094;-0.4958095567259;-2.69131024061877
4.95;-1.73131994060262;-0.470014949331008;-2.69131024061877
4.96;-1.73590365623867;-0.444123782426793;-2.69131024061877
4.97;-1.74022805481428;-0.418143983115913;-2.69131024061877
4.98;-1.74429228572591;-0.392083491445451;-2.69131024061877
4.99;-1.74809557781992;-0.365950258004557;-2.69131024061877
5;-1.75163723948715;-0.339752241523054;-2.69131024061877
5.01;-1.75491665873357;-0.313497406471738;-2.69131024061877
5.02;-1.75793330322688;-0.287193720665072;-2.69131024061877
5.03;-1.76068672031916;-0.260849152867011;-2.69131024061877
5.04;-1.76317653704563;-0.234471670400643;-2.69131024061877
5.05;-1.76540246009948;-0.208069236762379;-2.69131024061877
5.06;-1.76736427578289;-0.18164980924139;-2.69131024061877
5.07;-1.76906184993428;-0.15522133654499;-2.69131024061877
5.08;-1.77049512783181;-0.128791756430683;-2.69131024061877
5.09;-1.77166413407326;-0.102368993345551;-2.69131024061877
5.1;-1.77256897243235;-0.0759609560736959;-2.69131024061877
5.11;-1.77320982569152;-0.0495755353924175;-2.69131024061877
5.12;-1.77358695545139;-0.0232206017378195;-2.69131024061877
5.13;-1.77370070191685;0.00309599711947802;-2.69131024061877
5.14;-1.77355148365998;0.0293664383878351;-2.69131024061877
5.15;-1.77313979735994;0.0555829265566251;-2.69131024061877
5.16;-1.77246621751977;0.0817376956861339;-2.69131024061877
5.17;-1.77153139616051;0.107823011684659;-2.69131024061877
5.18;-1.77033606249243;0.133831174572148;-2.69131024061877
5.19;-1.76888102256387;0.159754520729724;-2.69131024061877
5.2;-1.76716715888747;0.185585425134438;-2.69131024061877
5.21;-1.76519543004429;0.211316303578621;-2.69131024061877
5.22;-1.76296687026568;0.23693961487318;-2.69131024061877
5.23;-1.76048258899325;0.262447863034212;-2.69131024061877
5.24;-1.75774377041706;0.287833599452314;-2.69131024061877
5.25;-1.75475167299215;0.313089425043958;-2.69131024061877
5.26;-1.75150762893369;0.338207992384328;-2.69131024061877
5.27;-1.74801304369086;0.363182007821;-2.69131024061877
5.28;-1.74426939539968;0.388004233567877;-2.69131024061877
5.29;-1.74027823431501;0.412667489778774;-2.69131024061877
5.3;-1.73604118222188;0.437164656600072;-2.69131024061877
5.31;-1.73155993182643;0.461488676201865;-2.69131024061877
5.32;-1.72683624612659;0.485632554787015;-2.69131024061877
5.33;-1.7218719577628;0.509589364577567;-2.69131024061877
5.34;-1.71666896834898;0.533352245777961;-2.69131024061877
5.35;-1.71122924778394;0.556914408514485;-2.69131024061877
5.36;-1.70555483354354;0.580269134750436;-2.69131024061877
5.37;-1.69964782995377;0.603409780176465;-2.69131024061877
5.38;-1.69351040744509;0.626329776075561;-2.69131024061877
5.39;-1.68714480178817;0.649022631162172;-2.69131024061877
5.4;-1.68055331331146;0.671481933394964;-2.69131024061877
5.41;-1.67373830610061;0.693701351762695;-2.69131024061877
5.42;-1.66670220718029;0.715674638042745;-2.69131024061877
5.43;-1.6594475056785;0.737395628531795;-2.69131024061877
5.44;-1.65197675197362;0.758858245748204;-2.69131024061877
5.45;-1.64429255682472;0.78005650010561;-2.69131024061877
5.46;-1.63639759048515;0.800984491557308;-2.69131024061877
5.47;-1.62829458179983;0.821636411210964;-2.69131024061877
5.48;-1.61998631728659;0.842006542913225;-2.69131024061877
5.49;-1.61147564020174;0.862089264803807;-2.69131024061877
5.5;-1.60276544959027;0.881879050838653;-2.69131024061877
5.51;-1.59385869932093;0.90137047228174;-2.69131024061877
5.52;-1.58475839710657;0.920558199165166;-2.69131024061877
5.53;-1.57546760351;0.939437001717107;-2.69131024061877
5.54;-1.56598943093573;0.958001751757296;-2.69131024061877
5.55;-1.55632704260789;0.976247424059648;-2.69131024061877
5.56;-1.54648365153467;0.994169097681675;-2.69131024061877
5.57;-1.53646251945963;1.01176195726037;-2.69131024061877
5.58;-1.52626695580021;1.02902129427419;-2.69131024061877
5.59;-1.51590031657375;1.04594250827087;-2.69131024061877
5.6;-1.50536600331139;1.06252110806074;-2.69131024061877
5.61;-1.49466746196024;1.07875271287519;-2.69131024061877
5.62;-1.48380818177403;1.09463305349007;-2.69131024061877
5.63;-1.47279169419278;1.11015797331377;-2.69131024061877
5.64;-1.4616215717117;1.12532342943957;-2.69131024061877
5.65;-1.45030142673974;1.1401254936622;-2.69131024061877
5.66;-1.4388349104481;1.1545603534582;-2.69131024061877
5.67;-1.42722571160919;1.16862431292997;-2.69131024061877
5.68;-1.41547755542622;1.18231379371317;-2.69131024061877
5.69;-1.40359420235394;1.19562533584743;-2.69131024061877
5.7;-1.39157944691079;1.20855559860996;-2.69131024061877
5.71;-1.37943711648293;1.22110136131206;-2.69131024061877
5.72;-1.36717107012046;1.23325952405827;-2.69131024061877
5.73;-1.35478519732618;1.24502710846795;-2.69131024061877
5.74;-1.34228341683737;1.2564012583593;-2.69131024061877
5.75;-1.32966967540082;1.26737924039543;-2.69131024061877
5.76;-1.31694794654166;1.27795844469266;-2.69131024061877
5.77;-1.30412222932619;1.28813638539062;-2.69131024061877
5.78;-1.29119654711924;1.29791070118431;-2.69131024061877
5.79;-1.27817494633637;1.30727915581781;-2.69131024061877
5.8;-1.26506149519129;1.31623963853972;-2.69131024061877
5.81;-1.25180378168774;1.34361916603546;0
5.82;-1.23820973718958;1.37861166874633;0
5.83;-1.22426789000538;1.41313077761128;0
5.84;-1.20998301710786;1.44716695877291;0
5.85;-1.19535999008522;1.48071083952203;0
5.86;-1.1804037735183;1.51375321083025;0
5.87;-1.16511942333251;1.54628502982914;0
5.88;-1.14951208512527;1.57829742223543;0
5.89;-1.13358699246949;1.60978168472133;0
5.9;-1.11734946519352;1.64072928722969;0
5.91;-1.10080490763825;1.67113187523317;0
5.92;-1.08395880689181;1.70098127193691;0
5.93;-1.0668167310026;1.73026948042415;0
5.94;-1.04938432717103;1.75898868574424;0
5.95;-1.03166731992069;1.7871312569425;0
5.96;-1.01367150924945;1.81468974903148;0
5.97;-0.995402768761184;1.84165690490302;0
5.98;-0.976867043778522;1.86802565718079;0
5.99;-0.958070349437472;1.89378913001267;0
6;-0.939018768764309;1.91894064080272;0
6.01;-0.919718450735449;1.94347370188224;0
6.02;-0.90017560832088;1.96738202211942;0
6.03;-0.88039651651178;1.9906595084675;0
6.04;-0.860387510332923;2.0133002674507;0
6.05;-0.840154982840514;2.03529860658788;0
6.06;-0.819705383106068;2.05664903575347;0
6.07;-0.799045214186957;2.07734626847544;0
6.08;-0.77818103108427;2.09738522316994;0
6.09;-0.757119438688608;2.1167610243124;0
6.1;-0.735867089714455;2.13546900354492;0
6.11;-0.714430682623762;2.15350470071957;0
6.12;-0.69281695953939;2.17086386487755;0
6.13;-0.67103270414905;2.18754245516391;0
6.14;-0.649084739600384;2.20353664167774;0
6.15;-0.626979926387834;2.21884280625769;0
6.16;-0.604725160231955;2.23345754320261;0
6.17;-0.582327369951805;2.24737765992732;0
6.18;-0.559793515331073;2.26060017755331;0
6.19;-0.537130584978596;2.27312233143444;0
6.2;-0.514345594183906;2.28494157161747;0
6.21;-0.491445582768472;2.29605556323741;0
6.22;-0.468437612933272;2.30646218684782;0
6.23;-0.445328767103365;2.31615953868582;0
6.24;-0.422126145770104;2.32514593087216;0
6.25;-0.39883686533163;2.3334198915461;0
6.26;-0.375468055932329;2.34098016493534;0
6.27;-0.352026859301864;2.3478257113611;0
6.28;-0.328520426594458;2.35395570717836;0
6.29;-0.304955916229065;2.35936954465149;0
6.3;-0.281340491731069;2.36406683176531;0
6.31;-0.257681319576167;2.36804739197186;0
6.32;-0.233985567037074;2.37131126387305;0
6.33;-0.210260400033689;2.37385870083925;0
6.34;-0.186512980987355;2.37569017056427;0
6.35;-0.162750466679865;2.37680635455679;0
6.36;-0.138980006117836;2.37720814756861;0
6.37;-0.115208738403076;2.37689665695991;0
6.38;-0.0914437906095933;2.37587320200198;0
6.39;-0.0676922756678485;2.37413931311744;0
6.4;-0.0439612902568888;2.37169673105868;0
6.41;-0.0202579127049748;2.36854740602451;0
6.42;0.00341079910068412;2.3646934967156;0
6.43;0.0270378097944736;2.36013736932908;0
6.44;0.0506161086025919;2.35488159649258;0
6.45;0.0741387114023382;2.34892895613829;0
6.46;0.0975986627698711;2.34228243031742;0
6.47;0.120989038015847;2.33494520395546;0
6.48;0.144302945208346;2.32692066354878;0
6.49;0.1675335271825;2.31821239580309;0
6.5;0.190673963536249;2.30882418621418;0
6.51;0.213717472611644;2.29876001759151;0
6.52;0.23665731346113;2.28802406852522;0
6.53;0.25948678779825;2.27662071179709;0
6.54;0.282199241932209;2.26455451273595;0
6.55;0.304788068685735;2.25183022751829;0
6.56;0.327246709295716;2.23845280141454;0
6.57;0.349568655296045;2.22442736698166;0
6.58;0.37174745038216;2.20975924220274;0
6.59;0.393776692256737;2.1944539285742;0
6.6;0.41565003445603;2.17851710914123;0
6.61;0.437361188156327;2.16195464648224;0
6.62;0.458903923960028;2.14477258064291;0
6.63;0.48027207366084;2.12697712702066;0
6.64;0.501459531987588;2.10857467420008;0
6.65;0.522460258326177;2.08957178174029;0
6.66;0.543268278419202;2.06997517791479;0
6.67;0.563877686042745;2.04979175740457;0
6.68;0.58428264465991;2.02902857894545;0
6.69;0.604477389050608;2.00769286293009;0
6.7;0.624456226917176;1.98579198896587;0
6.71;0.644213540465373;1.96333349338904;0
6.72;0.663743787960329;1.94032506673634;0
6.73;0.68304150525701;1.9167745511746;0
6.74;0.70210130730481;1.89268993788942;0
6.75;0.720917889625832;1.86807936443358;0
6.76;0.739486029766488;1.84295111203615;0
6.77;0.757800588722008;1.81731360287324;0
6.78;0.775856512333494;1.79117539730105;0
6.79;0.79364883265713;1.76454519105235;0
6.8;0.811172669305204;1.73743181239722;0
6.81;0.828423230758573;1.70984421926883;0
6.82;0.845395815650236;1.68179149635538;0
6.83;0.862085814019678;1.65328285215905;0
6.84;0.878488708537654;1.62432761602282;0
6.85;0.894600075701106;1.59493523512625;0
6.86;0.910415586997896;1.56511527145101;0
6.87;0.925931010041064;1.53487739871735;0
6.88;0.941142209672326;1.50423139929218;0
6.89;0.956045149034527;1.47318716107005;0
6.9;0.970635890612781;1.4417546743277;0
6.91;0.984910597244047;1.4099440285535;0
6.92;0.998865533094891;1.37776540925243;0
6.93;1.01249706460718;1.34522909472788;0
6.94;1.02580166141152;1.31234545284113;0
6.95;1.03877589720815;1.27912493774958;0
6.96;1.05141645061516;1.24557808662463;0
6.97;1.06372010598381;1.21171551635044;0
6.98;1.07568375418069;1.17754792020437;0
6.99;1.08730439333671;1.14308606452028;0
7;1.09857912956253;1.10834078533564;0
7.01;1.10950517763049;1.07332298502353;0
7.02;1.12007986162274;1.03804362891051;0
7.03;1.13030061554554;1.00251374188148;0
7.04;1.14016498390946;0.966744404972456;0
7.05;1.14967062227557;0.930746751952452;0
7.06;1.15881529776734;0.894531965895349;0
7.07;1.16759688954821;0.858111275742931;0
7.08;1.17601338926479;0.821495952860057;0
7.09;1.18406290145557;0.784697307583037;0
7.1;1.19174364392506;0.747726685762262;0
7.11;1.19905394808337;0.710595465300134;0
7.12;1.20599225925114;0.673315052685328;0
7.13;1.21255713692976;0.635896879524448;0
7.14;1.21874725503701;0.598352399072116;0
7.15;1.22456140210784;0.560693082760531;0
7.16;1.2299984814606;0.522930416729548;0
7.17;1.23505751132844;0.485075898358305;0
7.18;1.23973762495618;0.447141032799452;0
7.19;1.24403807066239;0.409137329516996;0
7.2;1.24795821186698;0.371076298828813;0
7.21;1.25149752708421;0.332969448454838;0
7.22;1.25465560988116;0.294828280071972;0
7.23;1.25743216880188;0.256664285876721;0
7.24;1.25982702725709;0.21848894515658;0
7.25;1.26184012337974;0.180313720871186;0
7.26;1.26347150984636;0.142150056244236;0
7.27;1.26472135366445;0.10400937136718;0
7.28;1.26558993592584;0.0659030598156868;0
7.29;1.26607765152645;0.0278424852798712;0
7.3;1.26618500885227;-0.0101610217907281;0
7.31;1.26591262943189;-0.0480961675264396;0
7.32;1.26526124755582;-0.0859516979600461;0
7.33;1.2642317098625;-0.1237164023317;0
7.34;1.26282497489146;-0.161379116375209;0
7.35;1.26104211260364;-0.198928725584731;0
7.36;1.25888430386919;-0.236354168460945;0
7.37;1.25635283992288;-0.273644439735751;0
7.38;1.25344912178732;-0.31078859357457;0
7.39;1.25017465966432;-0.347775746755327;0
7.4;1.24653107229457;-0.3845950818232;0
7.41;1.24252008628584;-0.421235850220235;0
7.42;1.23814353541;-0.457687375388928;0
7.43;1.23340335986922;-0.493939055848886;0
7.44;1.22830160553137;-0.529980368245705;0
7.45;1.22284042313521;-0.56580087037118;0
7.46;1.2170220674654;-0.601390204154003;0
7.47;1.21084889649784;-0.636738098620101;0
7.48;1.20432337051542;-0.671834372821775;0
7.49;1.19744805119474;-0.706668938734822;0
7.5;1.19022560066395;-0.741231804122821;0
7.51;1.18265878053211;-0.775513075367783;0
7.52;1.17475045089036;-0.809502960266373;0
7.53;1.16650356928538;-0.843191770790932;0
7.54;1.15792118966527;-0.876569925814512;0
7.55;1.14900646129849;-0.909627953799205;0
7.56;1.13976262766593;-0.942356495446976;0
7.57;1.13019302532681;-0.974746306312316;0
7.58;1.12030108275845;-1.00678825937596;0
7.59;1.11009031917064;-1.03847334757901;0
7.6;1.09956434329476;-1.06979268631669;0
7.61;1.08872685214813;-1.10073751589117;0
7.62;1.07758162977413;-1.13129920392269;0
7.63;1.06613254595827;-1.1614692477184;0
7.64;1.05438355492081;-1.1912392765982;0
7.65;1.04233869398637;-1.22060105417714;0
7.66;1.03000208223085;-1.24954648060347;0
7.67;1.01737791910618;-1.27806759475202;0
7.68;1.00447048304336;-1.30615657637225;0
7.69;0.991284130034205;-1.33380574819027;0
7.7;0.977823292192327;-1.3610075779645;0
7.71;0.964092476293686;-1.38775468049427;0
7.72;0.950096262297344;-1.41403981958086;0
7.73;0.935839301846791;-1.43985590994061;0
7.74;0.921326316752364;-1.46519601906935;0
7.75;0.90656209745524;-1.490053369058;0
7.76;0.891551501473499;-1.51442133835854;0
7.77;0.876299451830751;-1.53829346350023;0
7.78;0.860810935467819;-1.56166344075535;0
7.79;0.845091001638006;-1.58452512775433;0
7.8;0.82914476028643;-1.60687254504963;0
7.81;0.812977380413955;-1.62869987762811;0
7.82;0.796594088426234;-1.65000147637161;0
7.83;0.780000166468376;-1.67077185946513;0
7.84;0.763200950745772;-1.69100571375258;0
7.85;0.7462018298316;-1.71069789603955;0
7.86;0.729008242961539;-1.72984343434294;0
7.87;0.711625678316231;-1.74843752908714;0
7.88;0.69405967129202;-1.76647555424638;0
7.89;0.676315802760511;-1.7839530584332;0
7.9;0.658399697317486;-1.80086576593265;0
7.91;0.64031702152173;-1.81720957768205;0
7.92;0.622073482124296;-1.8329805721961;0
7.93;0.603674824288771;-1.84817500643723;0
7.94;0.585126829803082;-1.86278931663089;0
7.95;0.566435315283405;-1.87682011902577;0
7.96;0.547606130370707;-1.89026421059865;0
7.97;0.528645155920504;-1.90311856970402;0
7.98;0.509558302186361;-1.91538035666802;0
7.99;0.490351506997707;-1.927046914327;0
8;0.471030733932513;-1.93811576851031;0
8.01;0.451601970485396;-1.94858462846746;0
8.02;0.4320712262317;-1.95845138723957;0
8.03;0.412444530988111;-1.96771412197508;0
8.04;0.392727932970371;-1.97637109418969;0
8.05;0.372927496948637;-1.98442074997067;0
8.06;0.353049302401053;-1.99186172012541;0
8.07;0.333099441666084;-1.9986928202744;0
8.08;0.31308401809417;-2.0049130508886;0
8.09;0.293009144199259;-2.0105215972714;0
8.1;0.272880939810765;-2.01551782948513;0
8.11;0.252705530226517;-2.01990130222237;0
8.12;0.23248904436723;-2.02367175462212;0
8.13;0.212237612933079;-2.02682911003098;0
8.14;0.191957366562893;-2.02937347570957;0
8.15;0.171654433996541;-2.03130514248422;0
8.16;0.151334940241038;-2.0326245843444;0
8.17;0.131005004740929;-2.03333245798574;0
8.18;0.110670739553479;-2.03342960229923;0
8.19;0.0903382475292171;-2.03291703780663;0
8.2;0.0700136204983665;-2.03179596604233;0
8.21;0.0497029374636936;-2.03006776888214;0
8.22;0.0294122628003106;-2.02773400781908;0
8.23;0.00914764446295477;-2.0247964231866;0
8.24;-0.0110848877987276;-2.02125693332956;0
8.25;-0.031279324216374;-2.01711763372321;0
8.26;-0.0514296767700548;-2.01238079604062;0
8.27;-0.0715299809458676;-2.00704886716895;0
8.28;-0.0915742974834628;-2.00112446817474;0
8.29;-0.111556714112997;-1.99461039321897;0
8.3;-0.131471347281011;-1.9875096084219;0
8.31;-0.151312343864732;-1.97982525067844;0
8.32;-0.171073882874305;-1.97156062642433;0
8.33;-0.190750177142478;-1.96271921035362;0
8.34;-0.210335475001227;-1.95330464408791;0
8.35;-0.229824061944874;-1.94332073479781;0
8.36;-0.249210262279194;-1.93277145377723;0
8.37;-0.268488440756068;-1.92166093497083;0
8.38;-0.287653004193187;-1.90999347345531;0
8.39;-0.306698403078373;-1.89777352387496;0
8.4;-0.325619133158048;-1.88500569883212;0
8.41;-0.344409737009408;-1.87169476723297;0
8.42;-0.363064805595856;-1.85784565258944;0
8.43;-0.381578979805257;-1.84346343127756;0
8.44;-0.399946951970586;-1.82855333075308;0
8.45;-0.418163467372535;-1.81312072772479;0
8.46;-0.436223325723678;-1.79717114628633;0
8.47;-0.454121382633755;-1.78071025600691;0
8.48;-0.47185255105569;-1.76374386998185;0
8.49;-0.489411802711935;-1.74627794284331;0
8.5;-0.506794169500741;-1.7283185687321;0
8.51;-0.523994744881977;-1.70987197923112;0
8.52;-0.541008685242113;-1.69094454126117;0
8.53;-0.557831211237993;-1.67154275493978;0
8.54;-0.574457609119034;-1.65167325140382;0
8.55;-0.590883232027495;-1.63134279059658;0
8.56;-0.607103501276444;-1.61055825901999;0
8.57;-0.623113907605115;-1.58932666745288;0
8.58;-0.638910012411281;-1.56765514863575;0
8.59;-0.654487448960332;-1.54555095492311;0
8.6;-0.669841923570733;-1.52302145590388;0
8.61;-0.684969216775549;-1.50007413599085;0
8.62;-0.699865184459723;-1.47671659197976;0
8.63;-0.714525758972809;-1.45295653057895;0
8.64;-0.72894695021688;-1.42880176591026;0
8.65;-0.743124846709315;-1.40426021698212;0
8.66;-0.757055616620187;-1.37933990513543;0
8.67;-0.770735508784007;-1.35404895146319;0
8.68;-0.784160853685531;-1.32839557420473;0
8.69;-0.797328064419412;-1.3023880861152;0
8.7;-0.810233637623428;-1.27603489181131;0
8.71;-0.822874154385074;-1.24934448509409;0
8.72;-0.835246281121273;-1.22232544624946;0
8.73;-0.847346770430997;-1.19498643932762;0
8.74;-0.859172461920598;-1.16733620940191;0
8.75;-0.870720283001625;-1.13938357980815;0
8.76;-0.881987249660959;-1.1111374493652;0
8.77;-0.892970467203073;-1.0826067895778;0
8.78;-0.903667130964237;-1.05380064182226;0
8.79;-0.914074526998511;-1.02472811451617;0
8.8;-0.924190032735365;-0.995398380272836;0
8.81;-0.93401111760878;-0.965820673041332;0
8.82;-0.943535343657682;-0.936004285233146;0
8.83;-0.952760366097592;-0.905958564836184;0
8.84;-0.961683933863363;-0.8756929125171;0
8.85;-0.97030389012288;-0.845216778712813;0
8.86;-0.978618172761644;-0.814539660712094;0
8.87;-0.986624814838123;-0.78367109972814;0
8.88;-0.99432194500979;-0.752620677962997;0
8.89;-1.00170778792978;-0.721398015664751;0
8.9;-1.00878066461407;-0.690012768178369;0
8.91;-1.01553899277918;-0.658474622991087;0
8.92;-1.02198128715026;-0.626793296773244;0
8.93;-1.02810615973961;-0.59497853241545;0
8.94;-1.03391232009552;-0.563040096062991;0
8.95;-1.03939857552147;-0.530987774148354;0
8.96;-1.04456383126567;-0.498831370422779;0
8.97;-1.04940709068083;-0.46658070298771;0
8.98;-1.05392745535439;-0.434245601327059;0
8.99;-1.05812412520891;-0.40183590334115;0
9;-1.06199639857296;-0.36936145238324;0
9.01;-1.06554367222228;-0.336832094299498;0
9.02;-1.06876544139144;-0.304257674473328;0
9.03;-1.07166129975592;-0.271648034874903;0
9.04;-1.0742309393847;-0.2390130111168;0
9.05;-1.0764741506635;-0.206362429516601;0
9.06;-1.07839082218861;-0.173706104167322;0
9.07;-1.07998094063149;-0.141053834016545;0
9.08;-1.08124459057425;-0.108415399955118;0
9.09;-1.08218195431594;-0.0758005619162539;0
9.1;-1.08279331165005;-0.0432190559859162;0
9.11;-1.08307903961302;-0.0106805915253055;0
9.12;-1.08303961220412;0.0218051516936908;0
9.13;-1.08267560007667;0.0542285263392573;0
9.14;-1.08198767020095;0.0865799203557857;0
9.15;-1.08097658549864;0.118849759784561;0
9.16;-1.07964320444927;0.151028511568182;0
9.17;-1.07798848066865;0.183106686337895;0
9.18;-1.07601346245947;0.21507484118305;0
9.19;-1.07371929233436;0.246923582401864;0
9.2;-1.0711072065115;0.278643568232706;0
9.21;-1.06817853438295;0.310225511565124;0
9.22;-1.06493469795608;0.341660182629824;0
9.23;-1.06137721126808;0.37293841166684;0
9.24;-1.05750767977397;0.404051091571128;0
9.25;-1.05332779970824;0.434989180514838;0
9.26;-1.04883935742035;0.4657437045455;0
9.27;-1.04404422868436;0.49630576015941;0
9.28;-1.03894437798299;0.526666516849471;0
9.29;-1.03354185776627;0.556817219626767;0
9.3;-1.0278388076851;0.58674919151518;0
9.31;-1.0218374538;0.61645383601832;0
9.32;-1.01554010776535;0.6459226395581;0
9.33;-1.00894916598926;0.675147173884261;0
9.34;-1.00206710876967;0.704119098454176;0
9.35;-0.994896499406577;0.732830162782279;0
9.36;-0.987439983291046;0.761272208758451;0
9.37;-0.979700286971148;0.78943717293474;0
9.38;-0.97168021719515;0.81731708877977;0
9.39;-0.963382659932331;0.844904088900223;0
9.4;-0.954810579371728;0.872190407228791;0
9.41;-0.945967016899153;0.899168381177987;0
9.42;-0.936855090052832;0.925830453759238;0
9.43;-0.92747799145801;0.952169175666686;0
9.44;-0.917838987740877;0.978177207325119;0
9.45;-0.907941418422178;1.0038473209015;0
9.46;-0.897788694790879;1.02917240227954;0
9.47;-0.887384298758248;1.05414545299676;0
9.48;-0.87673178169274;1.07875959214365;0
9.49;-0.865834763236064;1.10300805822417;0
9.5;-0.854696930100818;1.12688421097742;0
9.51;-0.843322034850086;1.15038153315972;0
9.52;-0.83171389465939;1.17349363228683;0
9.53;-0.819876390061408;1.19621424233572;0
9.54;-0.807813463673852;1.21853722540553;0
9.55;-0.795529118910921;1.24045657333728;0
9.56;-0.783027418678751;1.26196640929192;0
9.57;-0.770312484055266;1.28306098928621;0
9.58;-0.757388492954865;1.30373470368628;0
9.59;-0.744259678778366;1.32398207865823;0
9.6;-0.730930329048634;1.34379777757558;0
9.61;-0.717404784032335;1.36317660238318;0
9.62;-0.703687435348247;1.3821134949172;0
9.63;-0.68978272456257;1.40060353818097;0
9.64;-0.675695141771672;1.41864195757626;0
9.65;-0.661429224172734;1.43622412208978;0
9.66;-0.646989554622722;1.45334554543462;0
9.67;-0.632380760186157;1.4700018871463;0
9.68;-0.617607510672124;1.48618895363325;0
9.69;-0.602674517160986;1.50190269918149;0
9.7;-0.587586530521252;1.51713922691318;0
9.71;-0.572348339917077;1.53189478969899;0
9.72;-0.556964771306838;1.54616579102393;0
9.73;-0.54144068593327;1.55994878580662;0
9.74;-0.525780978805609;1.57324048117172;0
9.75;-0.509990577174236;1.5860377371754;0
9.76;-0.494074438998262;1.59833756748372;0
9.77;-0.478037551406555;1.61013714000388;0
9.78;-0.461884929152662;1.62143377746797;0
9.79;-0.445621613064104;1.63222495796951;0
9.8;-0.429252668486526;1.64250831545237;0
9.81;-0.412783183723164;1.65228164015214;0
9.82;-0.396218268470121;1.66154287898996;0
9.83;-0.379563052247908;1.67029013591864;0
9.84;-0.362822682829752;1.67852167222113;0
9.85;-0.346002324667124;1.68623590676131;0
9.86;-0.329107157312973;1.69343141618716;0
9.87;-0.31214237384315;1.70010693508623;0
9.88;-0.295113179276488;1.70626135609349;0
9.89;-0.278024788994013;1.71189372995166;0
9.9;-0.260882427157774;1.71700326552405;0
9.91;-0.243691325129751;1.7215893297599;0
9.92;-0.226456719891327;1.72565144761251;0
9.93;-0.209183852463789;1.72918930191003;0
9.94;-0.191877966330334;1.73220273317922;0
9.95;-0.174544305860049;1.73469173942224;0
9.96;-0.157188114734331;1.73665647584657;0
9.97;-0.139814634376226;1.73809725454833;0
9.98;-0.122429102383135;1.73901454414906;0
9.99;-0.105036750963362;1.73940896938624;0
10;-0.0876428053769748;1.73928131065771;0
10.01;-0.0702524823814106;1.73863250352023;0
10.02;-0.0528709886823182;1.73746363814232;0
10.03;-0.0355035193900666;1.73577595871179;0
10.04;-0.0181552564823846;1.73357086279803;0
10.05;-0.000831367273579962;1.73084990066952;0
10.06;0.0164629971092163;1.72761477456663;0
10.07;0.0337227032423334;1.72386733793019;0
10.08;0.0509426369139322;1.71960959458603;0
10.09;0.0681177046240252;1.71484369788585;0
10.1;0.0852428350757093;1.70957194980476;0
10.11;0.102312980657181;1.70379679999579;0
10.12;0.119323118914104;1.69752084480175;0
10.13;0.136268254011904;1.69074682622488;0
10.14;0.153143418187574;1.68347763085457;0
10.15;0.169943673190566;1.6757162887535;0
10.16;0.186664111712363;1.66746597230287;0
10.17;0.203299858804315;1.65872999500676;0
10.18;0.21984607328334;1.64951181025638;0
10.19;0.236297949125091;1.63981501005444;0
10.2;0.25265071684418;1.62964332370018;0
10.21;0.26889964486109;1.61900061643552;0
10.22;0.285040040855362;1.60789088805277;0
10.23;0.301067253104696;1.59631827146437;0
10.24;0.316976671809581;1.58428703123528;0
10.25;0.332763730403074;1.57180156207831;0
10.26;0.348423906845381;1.55886638731308;0
10.27;0.363952724902852;1.54548615728913;0
10.28;0.379345755411055;1.53166564777354;0
10.29;0.394598617521572;1.51740975830383;0
10.3;0.40970697993216;1.50272351050653;0
10.31;0.424666562099951;1.4876120463821;0
10.32;0.439473135437357;1.47208062655662;0
10.33;0.454122524490331;1.45613462850105;0
10.34;0.468610608098691;1.43977954471843;0
10.35;0.482933320538165;1.4230209808997;0
10.36;0.497086652643858;1.40586465404889;0
10.37;0.511066652914834;1.38831639057799;0
10.38;0.524869428599517;1.37038212437247;0
10.39;0.538491146761613;1.35206789482774;0
10.4;0.551928035326267;1.33337984485751;0
10.41;0.565176384106184;1.31432421887442;0
10.42;0.578232545807433;1.29490736074383;0
10.43;0.591092937014666;1.27513571171117;0
10.44;0.603754039155499;1.25501580830383;0
10.45;0.616212399443801;1.23455428020796;0
10.46;0.628464631801632;1.21375784812105;0
10.47;0.64050741775961;1.19263332158093;0
10.48;0.652337507335459;1.17118759677183;0
10.49;0.663951719890521;1.14942765430825;0
10.5;0.675346944964002;1.1273605569974;0
10.51;0.686520143084757;1.10499344758072;0
10.52;0.697468346560395;1.08233354645541;0
10.53;0.708188660243508;1.05938814937659;0
10.54;0.718678262274849;1.0361646251408;0
10.55;0.728934404803247;1.01267041325158;0
10.56;0.738954414682115;0.988913021567886;0
10.57;0.748735694142358;0.964900023936052;0
10.58;0.758275721441532;0.940639057806037;0
10.59;0.767572051489104;0.916137821832708;0
10.6;0.776622316447645;0.891404073462895;0
10.61;0.78542422630985;0.866445626508971;0
10.62;0.79397556945122;0.841270348709705;0
10.63;0.802274213158315;0.815886159279145;0
10.64;0.810318104132425;0.790301026444283;0
10.65;0.818105268968585;0.764522964972254;0
10.66;0.825633814609816;0.73856003368784;0
10.67;0.832901928776489;0.712420332982037;0
10.68;0.839907880370754;0.68611200231243;0
10.69;0.846650019855924;0.659643217696172;0
10.7;0.853126779610766;0.633022189196296;0
10.71;0.859336674258628;0.606257158402155;0
10.72;0.865278300971344;0.579356395904732;0
10.73;0.870950339747871;0.552328198767599;0
10.74;0.876351553667622;0.52518088799429;0
10.75;0.881480789118459;0.497922805992848;0
10.76;0.886336975999322;0.47056231403831;0
10.77;0.89091912789747;0.443107789733906;0
10.78;0.89522634224034;0.415567624471717;0
10.79;0.89925780042201;0.387950220893572;0
10.8;0.903012767904269;0.360263990352932;0
10.81;0.906490594292323;0.332517350378528;0
10.82;0.909690713385141;0.304718722140503;0
10.83;0.912612643200477;0.276876527919818;0
10.84;0.915255985974606;0.248999188581681;0
10.85;0.917620428136816;0.221095121053735;0
10.86;0.919705740258701;0.193172735809761;0
10.87;0.921511776978326;0.165240434359644;0
10.88;0.923038476899311;0.13730660674634;0
10.89;0.924285862464936;0.109379629050579;0
10.9;0.925254039807311;0.0814678609040414;0
10.91;0.925943198571735;0.0535796430117445;0
10.92;0.926353611716315;0.0257232946843558;0
10.93;0.926485635286954;-0.00209288861883758;0
10.94;0.926339708167825;-0.0298606377355873;0
10.95;0.925916351807439;-0.0575717122342557;0
10.96;0.925216169920432;-0.0852179028345935;0
10.97;0.924239848165209;-0.112791033815018;0
10.98;0.922988153797578;-0.140282965405697;0
10.99;0.921461935300515;-0.167685596166739;0
11;0.919662121990221;-0.194990865350807;0
11.01;0.917589723598625;-0.22219075524948;0
11.02;0.915245829832495;-0.249277293522671;0
11.03;0.912631609909342;-0.276242555510448;0
11.04;0.909748312070276;-0.303078666526586;0
11.05;0.906597263070024;-0.329777804133202;0
11.06;0.903179867644275;-0.356332200395813;0
11.07;0.899497607954578;-0.382734144118179;0
11.08;0.895552043010978;-0.408975983056309;0
11.09;0.891344808072606;-0.435050126110972;0
11.1;0.886877614026449;-0.460949045498132;0
11.11;0.882152246744514;-0.486665278896651;0
11.12;0.87717056641962;-0.512191431572696;0
11.13;0.871934506880051;-0.537520178480229;0
11.14;0.866446074883318;-0.562644266336988;0
11.15;0.860707349389267;-0.587556515675407;0
11.16;0.854720480812805;-0.612249822867863;0
11.17;0.848487690256474;-0.636717162125727;0
11.18;0.842011268723168;-0.660951587471636;0
11.19;0.835293576309247;-0.684946234684451;0
11.2;0.828337041378321;-0.708694323216369;0
11.21;0.821144159715995;-0.73218915808166;0
11.22;0.813717493665854;-0.755424131716499;0
11.23;0.806059671246985;-0.778392725809409;0
11.24;0.798173385253325;-0.801088513101797;0
11.25;0.790061392335141;-0.8235051591581;0
11.26;0.781726512062945;-0.845636424105068;0
11.27;0.773171625974164;-0.867476164339711;0
11.28;0.764399676602865;-0.88901833420545;0
11.29;0.755413666492866;-0.91025698763603;0
11.3;0.746216657194558;-0.93118627976675;0
11.31;0.736811768245756;-0.951800468512594;0
11.32;0.72720217613693;-0.972093916112836;0
11.33;0.717391113261128;-0.992061090641717;0
11.34;0.707381866848962;-1.0116965674848;0
11.35;0.697177777888973;-1.03099503078064;0
11.36;0.686782240033743;-1.04995127482733;0
11.37;0.676198698492106;-1.06856020545366;0
11.38;0.665430648907792;-1.08681684135445;0
11.39;0.6544816362249;-1.10471631538978;0
11.4;0.643355253540527;-1.12225387584774;0
11.41;0.632055140944944;-1.13942488767044;0
11.42;0.620584984349671;-1.15622483364293;0
11.43;0.608948514303839;-1.17264931554471;0
11.44;0.597149504799198;-1.18869405526369;0
11.45;0.585191772064161;-1.20435489587211;0
11.46;0.573079173347261;-1.21962780266441;0
11.47;0.560815605690397;-1.23450886415656;0
11.48;0.548405004692264;-1.24899429304683;0
11.49;0.535851343262353;-1.26308042713762;0
11.5;0.523158630365899;-1.27676373021826;0
11.51;0.510330909760187;-1.29004079290844;0
11.52;0.497372258722598;-1.3029083334623;0
11.53;0.484286786770791;-1.31536319853276;0
11.54;0.471078634375422;-1.32740236389609;0
11.55;0.457751971665797;-1.33902293513657;0
11.56;0.444310997128857;-1.35022214829099;0
11.57;0.430759936301902;-1.36099737045298;0
11.58;0.417103040459452;-1.37134610033702;0
11.59;0.403344585294644;-1.381265968802;0
11.6;0.389488869595587;-1.39075473933428;0
11.61;0.375540213917059;-1.3998103084902;0
11.62;0.361502959247966;-1.40843070629785;0
11.63;0.347381465674968;-1.41661409661825;0
11.64;0.333180111042671;-1.42435877746568;0
11.65;0.318903289610803;-1.43166318128738;0
11.66;0.304555410708778;-1.43852587520231;0
11.67;0.290140897388054;-1.44494556119928;0
11.68;0.27566418507269;-1.45092107629421;0
11.69;0.261129720208518;-1.45645139264669;0
11.7;0.246541958911335;-1.46153561763583;0
11.71;0.231905365614511;-1.46617299389542;0
11.72;0.217224411716435;-1.4703628993085;0
11.73;0.202503574228197;-1.4741048469614;0
11.74;0.187747334421909;-1.47739848505734;0
11.75;0.172960176480076;-1.48024359678964;0
11.76;0.15814658614641;-1.48264010017473;0
11.77;0.143311049378498;-1.48458804784501;0
11.78;0.128458051002726;-1.48608762680167;0
11.79;0.113592073371845;-1.48713915812776;0
11.8;0.0987175950255923;-1.48774309666145;0
11.81;0.0838390893547533;-1.48790003062985;0
11.82;0.0689610232690684;-1.48761068124338;0
11.83;0.0540878558693661;-1.48687590225108;0
11.84;0.0392240371243229;-1.48569667945685;0
11.85;0.0243740065522332;-1.48407413019702;0
11.86;0.00954219190817805;-1.48200950277936;0
11.87;-0.00526699212302385;-1.47950417588375;0
11.88;-0.0200491452277007;-1.47655965792487;0
11.89;-0.0347998827576684;-1.47317758637708;0
11.9;-0.0495148370176514;-1.46935972706172;0
11.91;-0.0641896585454084;-1.46510797339723;0
11.92;-0.0788200173841928;-1.46042434561226;0
11.93;-0.0934016043471791;-1.45531098992217;0
11.94;-0.10793013227349;-1.44977017766912;0
11.95;-0.122401337275464;-1.44380430442616;0
11.96;-0.136810979976798;-1.43741588906566;0
11.97;-0.151154846741222;-1.43060757279229;0
11.98;-0.165428750891341;-1.42338211814106;0
11.99;-0.179628533917298;-1.41574240794072;0
12;-0.193750066674926;-1.40769144424283;0
12.01;-0.207789250573031;-1.39923234721694;0
12.02;-0.221742018749474;-1.39036835401234;0
12.03;-0.235604337235727;-1.38110281758659;0
12.04;-0.249372206109563;-1.37143920550141;0
12.05;-0.26304166063556;-1.36138109868629;0
12.06;-0.276608772393098;-1.35093219017023;0
12.07;-0.290069650391533;-1.34009628378201;0
12.08;-0.303420442172228;-1.32887729281959;0
12.09;-0.316657334897147;-1.31727923868886;0
12.1;-0.329776556423701;-1.30530624951242;0
12.11;-0.342774376365539;-1.29296255870869;0
12.12;-0.355647107139011;-1.28025250354195;0
12.13;-0.368391104994993;-1.26718052364372;0
12.14;-0.381002771035803;-1.25375115950599;0
12.15;-0.393478552216922;-1.23996905094683;0
12.16;-0.405814942333254;-1.22583893554881;0
12.17;-0.418008482989642;-1.21136564707089;0
12.18;-0.430055764555391;-1.19655411383412;0
12.19;-0.441953427102529;-1.18140935708179;0
12.2;-0.453698161327559;-1.16593648931459;0
12.21;-0.465286709456451;-1.15014071260125;0
12.22;-0.476715866132632;-1.13402731686517;0
12.23;-0.487982479287737;-1.11760167814777;0
12.24;-0.499083450994887;-1.10086925684895;0
12.25;-0.510015738304278;-1.08383559594527;0
12.26;-0.520776354060846;-1.06650631918649;0
12.27;-0.531362367703809;-1.04888712927093;0
12.28;-0.541770906047863;-1.0309838060004;0
12.29;-0.551999154045842;-1.01280220441508;0
12.3;-0.562044355532636;-0.994348252909104;0
12.31;-0.571903813950185;-0.975627951327418;0
12.32;-0.581574893053351;-0.956647369044439;0
12.33;-0.591055017596506;-0.937412643025208;0
12.34;-0.60034167400065;-0.917929975869602;0
12.35;-0.609432411000896;-0.898205633840236;0
12.36;-0.618324840274168;-0.878245944874669;0
12.37;-0.627016637046948;-0.858057296582539;0
12.38;-0.63550554068293;-0.837646134228257;0
12.39;-0.643789355250442;-0.817018958699875;0
12.4;-0.651865950069488;-0.796182324464787;0
12.41;-0.659733260238303;-0.775142837512867;0
12.42;-0.667389287139271;-0.753907153287703;0
12.43;-0.674832098924114;-0.732481974606572;0
12.44;-0.682059830978232;-0.710874049569769;0
12.45;-0.689070686364082;-0.689090169459977;0
12.46;-0.695862936243521;-0.667137166632285;0
12.47;-0.702434920278999;-0.645021912395534;0
12.48;-0.708785047013533;-0.622751314885616;0
12.49;-0.714911794229383;-0.600332316931397;0
12.5;-0.720813709285349;-0.577771893913907;0
12.51;-0.726489409432639;-0.555077051619448;0
12.52;-0.731937582109241;-0.532254824087278;0
12.53;-0.737156985212748;-0.509312271452531;0
12.54;-0.742146447351595;-0.486256477785013;0
12.55;-0.746904868074665;-0.463094548924542;0
12.56;-0.751431218079244;-0.439833610313489;0
12.57;-0.755724539397276;-0.416480804827151;0
12.58;-0.759783945559933;-0.393043290602648;0
12.59;-0.763608621740449;-0.369528238866959;0
12.6;-0.767197824875254;-0.345942831764778;0
12.61;-0.77055088376337;-0.322294260186828;0
12.62;-0.773667199144108;-0.298589721599279;0
12.63;-0.776546243753057;-0.274836417874939;0
12.64;-0.779187562356405;-0.251041553126835;0
12.65;-0.781590771763594;-0.22721233154486;0
12.66;-0.783755560818378;-0.203355955236111;0
12.67;-0.785681690368281;-0.179479622069554;0
12.68;-0.787368993212546;-0.155590523525679;0
12.69;-0.788817374028584;-0.131695842551753;0
12.7;-0.79002680927702;-0.107802751423324;0
12.71;-0.790997347085373;-0.0839184096125978;0
12.72;-0.791729107110461;-0.0600499616643154;0
12.73;-0.792222280379595;-0.0362045350797549;0
12.74;-0.792477129110658;-0.0123892382094819;0
12.75;-0.792493986511142;0.0113888418445399;0
12.76;-0.792273256556267;0.0351226413168626;0
12.77;-0.791815413746252;0.0588051218558842;0
12.78;-0.791121002842873;0.08242927258999;0
12.79;-0.790190638585407;0.105988112181906;0
12.8;-0.789025005386089;0.129474690870668;0
12.81;-0.787624857005209;0.152882092500617;0
12.82;-0.785991016205977;0.176203436536832;0
12.83;-0.784124374389298;0.199431880066422;0
12.84;-0.782025891208602;0.222560619785103;0
12.85;-0.779696594164868;0.245582893968481;0
12.86;-0.77713757818202;0.268491984427496;0
12.87;-0.774350005162829;0.291281218447438;0
12.88;-0.771335103525509;0.313943970710012;0
12.89;-0.768094167721166;0.336473665197889;0
12.9;-0.764628557732284;0.358863777081202;0
12.91;-0.76093969855243;0.381107834585458;0
12.92;-0.757029079647365;0.403199420840336;0
12.93;-0.752898254397753;0.42513217570885;0
12.94;-0.748548839523673;0.446899797596359;0
12.95;-0.743982514491126;0.468496045238924;0
12.96;-0.739201020900764;0.489914739470499;0
12.97;-0.734206161859033;0.511149764968481;0
12.98;-0.728999801331968;0.532195071977112;0
12.99;-0.72358386348185;0.55304467800827;0
13;-0.717960331986963;0.573692669519172;0
13.01;-0.712131249344675;0.594133203566529;0
13.02;-0.706098716158087;0.614360509436685;0
13.03;-0.699864890406495;0.634368890251319;0
13.04;-0.693431986699897;0.654152724548239;0
13.05;-0.686802275517814;0.673706467836863;0
13.06;-0.67997808243267;0.693024654127944;0
13.07;-0.672961787317986;0.712101897437146;0
13.08;-0.665755823541667;0.730932893262045;0
13.09;-0.658362677144632;0.749512420032167;0
13.1;-0.650784886005074;0.767835340531678;0
13.11;-0.643025038988608;0.785896603294338;0
13.12;-0.635085775084603;0.803691243970361;0
13.13;-0.626969782528973;0.821214386664801;0
13.14;-0.618679797913711;0.83846124524713;0
13.15;-0.610218605283454;0.855427124631656;0
13.16;-0.601589035219389;0.872107422028449;0
13.17;-0.592793963910768;0.888497628164446;0
13.18;-0.583836312214359;0.904593328474434;0
13.19;-0.574719044702122;0.920390204261586;0
13.2;-0.56544516869741;0.93588403382727;0
13.21;-0.55601773330002;0.951070693569842;0
13.22;-0.546439828400393;0.965946159052141;0
13.23;-0.536714583683281;0.980506506037427;0
13.24;-0.526845167621199;0.994747911493497;0
13.25;-0.516834786457979;1.00866665456475;0
13.26;-0.506686683182744;1.02225911751192;0
13.27;-0.496404136494641;1.03552178661936;0
13.28;-0.48599045975864;1.04845125306947;0
13.29;-0.475448999952739;1.06104421378429;0
13.3;-0.464783136606901;1.07329747223387;0
13.31;-0.453996280734064;1.08520793921136;0
13.32;-0.443091873753538;1.09677263357457;0
13.33;-0.43207338640715;1.10798868295388;0
13.34;-0.420944317668454;1.11885332442631;0
13.35;-0.40970819364536;1.12936390515564;0
13.36;-0.398368566476506;1.13951788299841;0
13.37;-0.386929013221734;1.14931282707573;0
13.38;-0.375393134746992;1.15874641831072;0
13.39;-0.363764554604029;1.16781644993152;0
13.4;-0.352046917905201;1.1765208279398;0
13.41;-0.340243890193757;1.18485757154462;0
13.42;-0.328359156309944;1.19282481356164;0
13.43;-0.316396419253267;1.20042080077755;0
13.44;-0.304359399041267;1.20764389427978;0
13.45;-0.292251831565164;1.21449256975129;0
13.46;-0.280077467442694;1.22096541773057;0
13.47;-0.267840070868519;1.22706114383675;0
13.48;-0.255543418462532;1.23277856895981;0
13.49;-0.243191298116425;1.23811662941589;0
13.5;-0.230787507838851;1.24307437706782;0
13.51;-0.218335854599545;1.24765097941071;0
13.52;-0.205840153172748;1.25184571962275;0
13.53;-0.193304224980268;1.25565799658132;0
13.54;-0.18073189693455;1.25908732484429;0
13.55;-0.168127000282078;1.26213333459672;0
13.56;-0.155493369447473;1.26479577156301;0
13.57;-0.142834840878619;1.26707449688455;0
13.58;-0.130155251893173;1.26896948696296;0
13.59;-0.117458439526791;1.27048083326909;0
13.6;-0.104748239383424;1.27160874211782;0
13.61;-0.0920284844880141;1.27235353440884;0
13.62;-0.0793030041419377;1.27271564533353;0
13.63;-0.0665756227815329;1.27269562404806;0
13.64;-0.0538501588400449;1.27229413331295;0
13.65;-0.0411304236133288;1.27151194909909;0
13.66;-0.0284202201296396;1.2703499601606;0
13.67;-0.0157233420238446;1.2688091675746;0
13.68;-0.0030435724163855;1.26689068424802;0
13.69;0.00961531720268104;1.26459573439186;0
13.7;0.0222495680842381;1.26192565296287;0
13.71;0.0348554353249353;1.2588818850731;0
13.72;0.0474291889659672;1.25546598536735;0
13.73;0.0599671150854821;1.25167961736892;0
13.74;0.0724655168843073;1.24752455279381;0
13.75;0.084920715764675;1.24300267083369;0
13.76;0.0973290524016385;1.23811595740791;0
13.77;0.109686887806869;1.2328665043847;0
13.78;0.121990604384531;1.22725650877207;0
13.79;0.134236606978923;1.22128827187853;0
13.8;0.146421323913603;1.21496419844399;0
13.81;0.158541208021674;1.20828679574111;0
13.82;0.17059273766697;1.20125867264757;0
13.83;0.182572417755819;1.19388253868933;0
13.84;0.194476780739115;1.1861612030555;0
13.85;0.206302387604417;1.17809757358495;0
13.86;0.218045828857782;1.16969465572509;0
13.87;0.22970372549506;1.1609555514632;0
13.88;0.241272729962392;1.15188345823071;0
13.89;0.252749527105613;1.14248166778061;0
13.9;0.264130835108328;1.13275356503869;0
13.91;0.275413406418367;1.12270262692869;0
13.92;0.28659402866239;1.11233242117195;0
13.93;0.297669525548364;1.10164660506191;0
13.94;0.308636757755683;1.09064892421384;0
13.95;0.319492623812665;1.07934321129027;0
13.96;0.330234060961205;1.06773338470248;0
13.97;0.340858046008331;1.05582344728857;0
13.98;0.351361596164441;1.04361748496845;0
13.99;0.361741769867981;1.03111966537624;0
14;0.371995667596356;1.01833423647058;0
14.01;0.382120432662838;1.00526552512316;0
14.02;0.392113251999268;0.991917935686104;0
14.03;0.401971356924341;0.97829594853853;0
14.04;0.411692023897252;0.964404118612866;0
14.05;0.421272575256533;0.950247073901317;0
14.06;0.430710379943854;0.935829513943016;0
14.07;0.440002854212616;0.921156208292315;0
14.08;0.449147462321143;0.906231994968735;0
14.09;0.458141717210293;0.891061778889047;0
14.1;0.46698318116531;0.875650530281999;0
14.11;0.475669466461749;0.860003283086183;0
14.12;0.484198235995303;0.844125133331572;0
14.13;0.492567203895378;0.828021237505209;0
14.14;0.500774136122248;0.811696810901593;0
14.15;0.508816851047659;0.795157125958272;0
14.16;0.516693220018709;0.778407510577158;0
14.17;0.524401167904893;0.761453346432116;0
14.18;0.531938673628154;0.744300067263326;0
14.19;0.539303770675827;0.726953157158984;0
14.2;0.54649454759634;0.709418148824857;0
14.21;0.553509148477559;0.691700621842233;0
14.22;0.560345773407667;0.673806200914827;0
14.23;0.567002678918455;0.655740554105163;0
14.24;0.573478178410944;0.637509391060991;0
14.25;0.579770642563213;0.619118461232293;0
14.26;0.585878499720371;0.600573552079419;0
14.27;0.591800236266566;0.581880487272902;0
14.28;0.597534396978954;0.563045124885523;0
14.29;0.603079585363563;0.544073355577167;0
14.3;0.608434463972968;0.524971100773025;0
14.31;0.613597754705724;0.505744310835713;0
14.32;0.618568239087497;0.486398963231853;0
14.33;0.623344758533832;0.466941060693683;0
14.34;0.62792621459452;0.44737662937625;0
14.35;0.632311569179523;0.427711717010753;0
14.36;0.636499844766406;0.407952391054588;0
14.37;0.640490124589272;0.388104736838661;0
14.38;0.644281552809147;0.368174855712532;0
14.39;0.647873334665813;0.348168863187933;0
14.4;0.651264736611075;0.328092887081246;0
14.41;0.654455086423443;0.307953065655475;0
14.42;0.65744377330424;0.287755545762283;0
14.43;0.660230247955126;0.267506480984649;0
14.44;0.662814022637064;0.247212029780696;0
14.45;0.665194671210716;0.226878353629253;0
14.46;0.66737182915832;0.206511615177693;0
14.47;0.669345193587048;0.186117976392607;0
14.48;0.67111452321389;0.165703596713858;0
14.49;0.672679638332091;0.145274631212573;0
14.5;0.674040420759195;0.124837228753598;0
14.51;0.675196813766729;0.104397530162979;0
14.52;0.676148821991589;0.0839616664010047;0
14.53;0.676896511329184;0.063535756741339;0
14.54;0.677440008808399;0.0431259069567911;0
14.55;0.677779502448451;0.02273820751225;0
14.56;0.677915241097701;0.00237873176531294;0
14.57;0.67784753425452;-0.0179464658248658;0
14.58;0.677576751870272;-0.0382313514799821;0
14.59;0.677103324134522;-0.0584699138757268;0
14.6;0.676427741242547;-0.0786561659051523;0
14.61;0.675550553145272;-0.0987841464317489;0
14.62;0.67447236928171;-0.118847922031723;0
14.63;0.673193858294041;-0.138841588724976;0
14.64;0.671715747725424;-0.158759273694277;0
14.65;0.670038823700681;-0.178595136992146;0
14.66;0.668163930589963;-0.198343373234944;0
14.67;0.666091970655538;-0.217998213283698;0
14.68;0.66382390368183;-0.237553925911163;0
14.69;0.661360746588852;-0.257004819454663;0
14.7;0.658703573029179;-0.276345243454231;0
14.71;0.655853512968601;-0.295569590275572;0
14.72;0.652811752250621;-0.314672296717415;0
14.73;0.649579532144953;-0.333647845602769;0
14.74;0.646158148880178;-0.352490767353658;0
14.75;0.642548953160728;-0.371195641548878;0
14.76;0.638753349668373;-0.389757098464336;0
14.77;0.634772796548387;-0.408169820595556;0
14.78;0.630608804880561;-0.426428544161902;0
14.79;0.626262938135272;-0.444528060592123;0
14.8;0.621736811614767;-0.462463217990789;0
14.81;0.617032091879881;-0.480228922585214;0
14.82;0.612150496162373;-0.497820140152484;0
14.83;0.607093791763076;-0.51523189742616;0
14.84;0.601863795436084;-0.532459283482312;0
14.85;0.596462372759161;-0.549497451104469;0
14.86;0.590891437490608;-0.566341618127131;0
14.87;0.585152950912785;-0.582987068757477;0
14.88;0.579248921162517;-0.599429154874892;0
14.89;0.573181402548608;-0.615663297307993;0
14.9;0.566952494856687;-0.631684987088776;0
14.91;0.560564342641614;-0.647489786683573;0
14.92;0.554019134507683;-0.663073331200477;0
14.93;0.547319102376861;-0.678431329572916;0
14.94;0.540466520745295;-0.693559565719065;0
14.95;0.533463705928337;-0.708453899676787;0
14.96;0.526313015294334;-0.723110268713804;0
14.97;0.519016846487422;-0.737524688412812;0
14.98;0.511577636639585;-0.751693253731253;0
14.99;0.503997861572239;-0.765612140035477;0
15;0.496280034987579;-0.779277604109015;0
15.01;0.488426707649965;-0.792685985134723;0
15.02;0.480440466557612;-0.805833705650527;0
15.03;0.472323934104828;-0.818717272478552;0
15.04;0.464079767235098;-0.831333277627379;0
15.05;0.455710656585252;-0.843678399167214;0
15.06;0.447219325621013;-0.855749402077771;0
15.07;0.438608529764191;-0.867543139068621;0
15.08;0.429881055511789;-0.879056551371859;0
15.09;0.421039719547315;-0.890286669506853;0
15.1;0.412087367844574;-0.901230614016922;0
15.11;0.403026874764213;-0.911885596177769;0
15.12;0.393861142143316;-0.922248918677482;0
15.13;0.384593098378324;-0.932317976267979;0
15.14;0.375225697501574;-0.942090256387733;0
15.15;0.36576191825173;-0.951563339755635;0
15.16;0.35620476313842;-0.960734900935886;0
15.17;0.346557257501345;-0.969602708873781;0
15.18;0.336822448564163;-0.978164627402276;0
15.19;0.327003404483444;-0.986418615719256;0
15.2;0.317103213392977;-0.994362728835374;0
15.21;0.307124982443738;-1.00199511799242;0
15.22;0.297071836839805;-1.00931403105212;0
15.23;0.286946918870514;-1.01631781285528;0
15.24;0.276753386939168;-1.02300490555129;0
15.25;0.266494414588571;-1.02937384889784;0
15.26;0.256173189523708;-1.0354232805309;0
15.27;0.245792912631859;-1.04115193620489;0
15.28;0.235356797000439;-1.046558650003;0
15.29;0.22486806693288;-1.0516423545177;0
15.3;0.214329956962828;-1.05640208100139;0
15.31;0.203745710866979;-1.06083695948725;0
15.32;0.193118580676839;-1.06494621888025;0
15.33;0.182451825689703;-1.06872918701833;0
15.34;0.17174871147916;-1.0721852907039;0
15.35;0.161012508905416;-1.07531405570554;0
15.36;0.150246493125735;-1.07811510673009;0
15.37;0.13945394260529;-1.0805881673651;0
15.38;0.12863813812872;-1.08273305999173;0
15.39;0.117802361812701;-1.08454970566821;0
15.4;0.106949896119803;-1.08603812398392;0
15.41;0.0960840228739426;-1.08719843288415;0
15.42;0.0852080222777226;-1.08803084846574;0
15.43;0.0743251719319407;-1.08853568474357;0
15.44;0.0634387458575673;-1.08871335338819;0
15.45;0.0525520135204753;-1.08856436343452;0
15.46;0.0416682388592124;-1.08808932096198;0
15.47;0.030790679316101;-1.087288928746;0
15.48;0.0199225848719501;-1.08616398588117;0
15.49;0.0090671970846642;-1.08471538737616;0
15.5;-0.00177225186797244;-1.08294412372057;0
15.51;-0.012592540141053;-1.08085128042396;0
15.52;-0.0233904571705714;-1.07843803752712;0
15.53;-0.0341628046164343;-1.07570566908589;0
15.54;-0.0449063973001881;-1.07265554262765;0
15.55;-0.0556180641371895;-1.06928911858074;0
15.56;-0.0662946490629481;-1.06560794967703;0
15.57;-0.0769330119533757;-1.06161368032786;0
15.58;-0.0875300295386752;-1.05730804597346;0
15.59;-0.098082596310606;-1.05269287240637;0
15.6;-0.108587625422867;-1.04777007506883;0
15.61;-0.119042049584336;-1.04254165832449;0
15.62;-0.129442821944917;-1.03700971470481;0
15.63;-0.13978691697373;-1.03117642413023;0
15.64;-0.150071331329406;-1.02504405310653;0
15.65;-0.160293084722237;-1.01861495389664;0
15.66;-0.170449220767926;-1.0118915636681;0
15.67;-0.180536807832711;-1.00487640361658;0
15.68;-0.190552939869615;-0.997572078065721;0
15.69;-0.200494737245591;-0.989981273543577;0
15.7;-0.210359347559321;-0.982106757836028;0
15.71;-0.220143946449452;-0.973951379017448;0
15.72;-0.22984573839304;-0.965518064458976;0
15.73;-0.239461957493969;-0.95680981981472;0
15.74;-0.248989868261143;-0.947829727986238;0
15.75;-0.258426766376218;-0.938580948065646;0
15.76;-0.267769979450676;-0.929066714257696;0
15.77;-0.277016867772026;-0.9192903347812;0
15.78;-0.286164825038922;-0.909255190750148;0
15.79;-0.295211279085013;-0.898964735034901;0
15.8;-0.304153692591303;-0.888422491103836;0
15.81;-0.312989563786853;-0.877632051845806;0
15.82;-0.321716427137615;-0.866597078373831;0
15.83;-0.330331854023223;-0.855321298810384;0
15.84;-0.338833453401557;-0.843808507054677;0
15.85;-0.347218872460896;-0.832062561532356;0
15.86;-0.355485797259493;-0.820087383927994;0
15.87;-0.363631953352398;-0.807886957900807;0
15.88;-0.371655106405367;-0.795465327783994;0
15.89;-0.37955306279569;-0.782826597268129;0
15.9;-0.387323670199779;-0.769974928069018;0
15.91;-0.394964818167375;-0.75691453858046;0
15.92;-0.402474438682207;-0.743649702512324;0
15.93;-0.409850506708973;-0.73018474751439;0
15.94;-0.417091040726499;-0.716524053786389;0
15.95;-0.424194103246929;-0.702672052674672;0
15.96;-0.43115780132083;-0.688633225255967;0
15.97;-0.437980287028078;-0.674412100908657;0
15.98;-0.444659757954403;-0.660013255872038;0
15.99;-0.451194457653466;-0.645441311794002;0
16;-0.457582676094373;-0.630700934267611;0
16.01;-0.463822750094502;-0.615796831357009;0
16.02;-0.46991306373754;-0.600733752113133;0
16.03;-0.475852048776639;-0.585516485079695;0
16.04;-0.481638185022584;-0.570149856789893;0
16.05;-0.487270000716891;-0.554638730254311;0
16.06;-0.492746072889745;-0.538988003440491;0
16.07;-0.498065027702701;-0.523202607744637;0
16.08;-0.503225540776064;-0.50728750645592;0
16.09;-0.508226337500881;-0.491247693213873;0
16.1;-0.513066193335483;-0.475088190459329;0
16.11;-0.517743934086501;-0.458814047879391;0
16.12;-0.522258436174314;-0.44243034084691;0
16.13;-0.526608626882863;-0.425942168854945;0
16.14;-0.530793484593792;-0.409354653946678;0
16.15;-0.534812039004869;-0.392672939141273;0
16.16;-0.538663371332651;-0.375902186856152;0
16.17;-0.542346614499348;-0.359047577326168;0
16.18;-0.545860953303885;-0.34211430702015;0
16.19;-0.549205624577097;-0.325107587055309;0
16.2;-0.552379917321077;-0.308032641609975;0
16.21;-0.555383172832643;-0.290894706335143;0
16.22;-0.558214784810905;-0.273699026765321;0
16.23;-0.560874199448955;-0.256450856729133;0
16.24;-0.563360915509654;-0.239155456760178;0
16.25;-0.565674484385534;-0.221818092508604;0
16.26;-0.56781451014282;-0.204444033153882;0
16.27;-0.569780649549585;-0.187038549819248;0
16.28;-0.571572612088059;-0.169606913988286;0
16.29;-0.573190159951124;-0.152154395924131;0
16.3;-0.574633108022996;-0.134686263091743;0
16.31;-0.575901323844168;-0.117207778583744;0
16.32;-0.576994727560606;-0.099724199550265;0
16.33;-0.577913291857284;-0.082240775633269;0
16.34;-0.578657041876069;-0.0647627474058239;0
16.35;-0.579226055118033;-0.0472953448167706;0
16.36;-0.579620461330227;-0.0298437856412509;0
16.37;-0.579840442377002;-0.0124132739375472;0
16.38;-0.579886232095913;0.00499100148931411;0
16.39;-0.579758116138304;0.0223638686167456;0
16.4;-0.579456431794631;0.0397001737261237;0
16.41;-0.578981567804601;0.0569947829162111;0
16.42;-0.57833396415222;0.0742425836080384;0
16.43;-0.577514111845837;0.0914384860408069;0
16.44;-0.576522552683254;0.108577424758381;0
16.45;-0.575359879002038;0.125654360085941;0
16.46;-0.574026733415091;0.142664279596367;0
16.47;-0.572523808531621;0.159602199565937;0
16.48;-0.57085184666359;0.176463166418923;0
16.49;-0.569011639517783;0.193242258160656;0
16.5;-0.56700402787359;0.209934585798673;0
16.51;-0.56482990124663;0.226535294751522;0
16.52;-0.562490197538353;0.243039566244832;0
16.53;-0.559985902671733;0.259442618694253;0
16.54;-0.557318050213193;0.275739709074867;0
16.55;-0.554487720980902;0.291926134276689;0
16.56;-0.551496042639577;0.30799723244587;0
16.57;-0.548344189281937;0.323948384311237;0
16.58;-0.545033380996966;0.339775014495779;0
16.59;-0.541564883425127;0.355472592812722;0
16.6;-0.537940007300681;0.371036635545837;0
16.61;-0.53416010798128;0.386462706713615;0
16.62;-0.530226584964995;0.401746419316952;0
16.63;-0.526140881394935;0.416883436570018;0
16.64;-0.521904483551643;0.431869473113956;0
16.65;-0.517518920333422;0.446700296213072;0
16.66;-0.512985762724791;0.461371726933204;0
16.67;-0.508306623253236;0.475879641301932;0
16.68;-0.503483155434429;0.490219971450324;0
16.69;-0.498517053206137;0.504388706735894;0
16.7;-0.493410050350965;0.518381894846488;0
16.71;-0.48816391990816;0.532195642884772;0
16.72;-0.482780473574655;0.545826118433061;0
16.73;-0.477261561095553;0.55926955059818;0
16.74;-0.471609069644253;0.572522231036086;0
16.75;-0.465824923192427;0.585580514955985;0
16.76;-0.459911081870041;0.598440822103668;0
16.77;-0.453869541315645;0.611099637723812;0
16.78;-0.447702332017129;0.623553513500996;0
16.79;-0.441411518643169;0.635799068479178;0
16.8;-0.434999199365579;0.647832989959408;0
16.81;-0.428467505172774;0.659652034375528;0
16.82;-0.42181859917459;0.671253028147652;0
16.83;-0.415054675898661;0.682632868513195;0
16.84;-0.408177960578587;0.69378852433525;0
16.85;-0.401190708434125;0.704717036888097;0
16.86;-0.394095203943629;0.715415520619665;0
16.87;-0.386893760108964;0.725881163890745;0
16.88;-0.379588717713142;0.736111229690775;0
16.89;-0.372182444570895;0.746103056330027;0
16.9;-0.364677334772444;0.755854058108025;0
16.91;-0.357075807920685;0.765361725958032;0
16.92;-0.349380308362037;0.774623628067466;0
16.93;-0.341593304411203;0.783637410474085;0
16.94;-0.333717287570069;0.79240079763781;0
16.95;-0.325754771741001;0.800911592988067;0
16.96;-0.317708292434777;0.809167679446501;0
16.97;-0.309580405973402;0.817167019924979;0
16.98;-0.301373688688058;0.824907657798747;0
16.99;-0.293090736112432;0.832387717354662;0
17;-0.284734162171673;0.839605404214395;0
17.01;-0.276306598367236;0.846559005732525;0
17.02;-0.26781069295785;0.853246891369456;0
17.03;-0.259249110136874;0.859667513039069;0
17.04;-0.250624529206294;0.865819405431071;0
17.05;-0.241939643747608;0.871701186307975;0
17.06;-0.233197160789848;0.877311556776657;0
17.07;-0.224399799975016;0.882649301534481;0
17.08;-0.21555029272116;0.887713289089928;0
17.09;-0.206651381383369;0.892502471957733;0
17.1;-0.197705818412918;0.897015886828496;0
17.11;-0.188716365514846;0.901252654712778;0
17.12;-0.179685792804203;0.905211981059668;0
17.13;-0.17061687796122;0.908893155849834;0
17.14;-0.161512405385669;0.91229555366308;0
17.15;-0.152375165350665;0.915418633720421;0
17.16;-0.143207953156156;0.91826193990072;0
17.17;-0.134013568282361;0.920825100731915;0
17.18;-0.124794813543415;0.923107829356888;0
17.19;-0.115554494241464;0.925109923474026;0
17.2;-0.106295417321473;0.926831265252545;0
17.21;-0.0970203905269878;0.928271821222629;0
17.22;-0.087732221557114;0.929431642140477;0
17.23;-0.0784337172249558;0.93031086282833;0
17.24;-0.0691276826177672;0.930909701989577;0
17.25;-0.0598169202590636;0.93122846199903;0
17.26;-0.0505042292729421;0.931267528668482;0
17.27;-0.0411924045508576;0.931027370987653;0
17.28;-0.0318842359210989;0.930508540840655;0
17.29;-0.0225825073212106;0.929711672698086;0
17.3;-0.0132899959736025;0.928637483284903;0
17.31;-0.0040094715645896;0.927286771224211;0
17.32;0.00525630457289861;0.925660416657107;0
17.33;0.0145045802727;0.92375938083875;0
17.34;0.0237326133446555;0.921584705710804;0
17.35;0.0329376723794645;0.919137513450433;0
17.36;0.042117037548924;0.916419005996017;0
17.37;0.0512680014013221;0.913430464549776;0
17.38;0.0603878696517537;0.91017324905749;0
17.39;0.0694739619671312;0.9066487976655;0
17.4;0.0785236127456642;0.902858626155217;0
17.41;0.0875341718905831;0.898804327355316;0
17.42;0.0965030055778853;0.894487570531849;0
17.43;0.105427497017884;0.889910100756498;0
17.44;0.114305047210344;0.885073738253185;0
17.45;0.12313307569298;0.879980377723279;0
17.46;0.131909021283122;0.874631987649637;0
17.47;0.14063034281232;0.869030609579726;0
17.48;0.149294519853686;0.863178357388072;0
17.49;0.157899053441773;0.857077416518299;0
17.5;0.166441466784778;0.850730043205015;0
17.51;0.174919305968881;0.844138563675817;0
17.52;0.183330140654508;0.837305373333681;0
17.53;0.191671564764338;0.830232935920032;0
17.54;0.199941197162848;0.822923782658754;0
17.55;0.208136682327218;0.815380511381454;0
17.56;0.216255691009404;0.807605785634253;0
17.57;0.224295920889197;0.799602333766426;0
17.58;0.232255097218088;0.791372948001167;0
17.59;0.240130973453758;0.782920483488817;0
17.6;0.247921331885029;0.774247857342854;0
17.61;0.255623984247095;0.765358047658959;0
17.62;0.263236772326867;0.756254092517495;0
17.63;0.270757568558271;0.746939088969716;0
17.64;0.278184276607337;0.737416192008041;0
17.65;0.285514831946919;0.727688613520732;0
17.66;0.292747202420894;0.717759621231311;0
17.67;0.299879388797687;0.707632537623063;0
17.68;0.306909425312973;0.697310738848974;0
17.69;0.31383538020142;0.68679765362745;0
17.7;0.320655356217319;0.676096762124185;0
17.71;0.32736749114398;0.665211594820519;0
17.72;0.333969958291743;0.654145731368667;0
17.73;0.34046096698449;0.64290279943417;0
17.74;0.346838763034525;0.631486473525948;0
17.75;0.353101629205698;0.619900473814314;0
17.76;0.359247885664655;0.608148564937344;0
17.77;0.365275890420104;0.596234554795954;0
17.78;0.371184039749984;0.584162293338094;0
17.79;0.376970768616419;0.571935671332419;0
17.8;0.382634551068376;0.559558619131829;0
17.81;0.388173900631901;0.547035105427278;0
17.82;0.393587370687864;0.534369135992224;0
17.83;0.398873554837094;0.521564752418124;0
17.84;0.404031087252843;0.508626030841364;0
17.85;0.409058643020472;0.495557080662026;0
17.86;0.413954938464297;0.482362043254881;0
17.87;0.418718731461505;0.469045090673015;0
17.88;0.423348821743082;0.455610424344486;0
17.89;0.427844051181666;0.442062273762418;0
17.9;0.432203304066289;0.428404895168926;0
17.91;0.436425507363918;0.4146425702333;0
17.92;0.44050963096776;0.400779604724817;0
17.93;0.44445468793227;0.386820327180631;0
17.94;0.448259734694821;0.372769087569115;0
17.95;0.451923871283983;0.358630255949076;0
17.96;0.455446241514382;0.344408221125261;0
17.97;0.458826033168098;0.330107389300544;0
17.98;0.462062478162567;0.31573218272522;0
17.99;0.465154852704967;0.301287038343812;0
18;0.46810247743307;0.286776406439791;0
18.01;0.470904717542519;0.272204749278635;0
18.02;0.473560982900539;0.257576539749624;0
18.03;0.476070728146063;0.242896260006786;0
18.04;0.478433452776259;0.228168400109398;0
18.05;0.480648701219463;0.213397456662465;0
18.06;0.482716062894525;0.198587931457556;0
18.07;0.484635172256554;0.18374433011444;0
18.08;0.486405708829099;0.168871160723891;0
18.09;0.488027397222751;0.1539729324921;0
18.1;0.489500007140209;0.139054154387075;0
18.11;0.490823353367811;0.124119333787437;0
18.12;0.491997295753574;0.10917297513402;0
18.13;0.493021739171758;0.0942195785846674;0
18.14;0.493896633473997;0.0792636386726217;0
18.15;0.494621973427027;0.0643096429689086;0
18.16;0.495197798637064;0.0493620707491064;0
18.17;0.495624193460867;0.0344253916648929;0
18.18;0.495901286903536;0.0195040644207615;0
18.19;0.496029252503113;0.00460253545629145;0
18.2;0.496008308202016;-0.010274762365639;0
18.21;0.495838716205399;-0.0251234110643164;0
18.22;0.495520782826476;-0.03993900883995;0
18.23;0.495054858318897;-0.0547171713653487;0
18.24;0.494441336696232;-0.0694535330701383;0
18.25;0.493680655538656;-0.0841437484171512;0
18.26;0.492773295786903;-0.0987834931706159;0
18.27;0.491719781523575;-0.113368465655782;0
18.28;0.490520679741896;-0.127894388009617;0
18.29;0.489176600102003;-0.142357007422217;0
18.3;0.487688194674861;-0.156752097368572;0
18.31;0.48605615767391;-0.171075458830337;0
18.32;0.484281225174536;-0.185322921507257;0
18.33;0.482364174821479;-0.199490345017899;0
18.34;0.480305825524283;-0.213573620089358;0
18.35;0.478107037140896;-0.227568669735587;0
18.36;0.475768710149545;-0.241471450424025;0
18.37;0.473291785308992;-0.255277953230196;0
18.38;0.470677243307305;-0.268984204979942;0
18.39;0.467926104399261;-0.282586269378985;0
18.4;0.465039428032513;-0.296080248129486;0
18.41;0.462018312462645;-0.309462282033297;0
18.42;0.458863894357267;-0.322728552081597;0
18.43;0.455577348389264;-0.335875280530608;0
18.44;0.45215988681936;-0.348898731963094;0
18.45;0.448612759068129;-0.361795214335342;0
18.46;0.4449372512776;-0.374561080009351;0
18.47;0.441134685862613;-0.387192726769926;0
18.48;0.437206421052071;-0.399686598826418;0
18.49;0.43315385042024;-0.412039187798817;0
18.5;0.428978402408268;-0.424247033687945;0
18.51;0.424681539836067;-0.436306725829475;0
18.52;0.420264759404734;-0.448214903831526;0
18.53;0.415729591189668;-0.459968258495566;0
18.54;0.411077598124553;-0.471563532720407;0
18.55;0.40631037547638;-0.482997522389006;0
18.56;0.40142955031168;-0.494267077237876;0
18.57;0.396436780954142;-0.505369101708853;0
18.58;0.391333756433789;-0.516300555783;0
18.59;0.386122195927901;-0.527058455796436;0
18.6;0.380803848193861;-0.537639875237856;0
18.61;0.375380490994108;-0.548041945527568;0
18.62;0.369853930513383;-0.558261856777804;0
18.63;0.36422600076846;-0.568296858534151;0
18.64;0.358498563010544;-0.578144260497873;0
18.65;0.352673505120533;-0.587801433228975;0
18.66;0.346752740997342;-0.597265808829809;0
18.67;0.340738209939475;-0.606534881609053;0
18.68;0.334631876020043;-0.61560620872591;0
18.69;0.328435727455436;-0.624477410814353;0
18.7;0.322151775967839;-0.633146172587277;0
18.71;0.315782056141799;-0.641610243420394;0
18.72;0.309328624775044;-0.649867437915753;0
18.73;0.302793560223758;-0.657915636444732;0
18.74;0.296178961742522;-0.66575278567038;0
18.75;0.289486948819122;-0.673376899048996;0
18.76;0.282719660504436;-0.680786057310819;0
18.77;0.275879254737608;-0.687978408919731;0
18.78;0.268967907666724;-0.694952170511858;0
18.79;0.261987812965188;-0.701705627312988;0
18.8;0.254941181144028;-0.708237133534714;0
18.81;0.247830238860335;-0.714545112749204;0
18.82;0.240657228222049;-0.720628058242551;0
18.83;0.233424406089307;-0.726484533346609;0
18.84;0.226134043372572;-0.732113171749262;0
18.85;0.218788424327757;-0.737512677783076;0
18.86;0.211389845848558;-0.742681826692269;0
18.87;0.203940616756215;-0.747619464877974;0
18.88;0.196443057086923;-0.752324510121744;0
18.89;0.188899497377096;-0.756795951787284;0
18.9;0.181312277946724;-0.76103285100037;0
18.91;0.173683748181017;-0.765034340806951;0
18.92;0.166016265810577;-0.768799626309422;0
18.93;0.158312196190298;-0.772327984781063;0
18.94;0.150573911577223;-0.775618765758642;0
18.95;0.142803790407571;-0.778671391113204;0
18.96;0.13500421657316;-0.781485355099052;0
18.97;0.127177578697429;-0.784060224380949;0
18.98;0.119326269411294;-0.786395638039559;0
18.99;0.111452684629044;-0.788491307555183;0
19;0.103559222824497;-0.790347016769814;0
19.01;0.0956482843076339;-0.791962621827563;0
19.02;0.0877222705019235;-0.793338051093524;0
19.03;0.0797835832225581;-0.794473305051116;0
19.04;0.0718346239558102;-0.795368456177998;0
19.05;0.0638777931397277;-0.796023648800604;0
19.06;0.0559154894463788;-0.796439098927396;0
19.07;0.0479501090658595;-0.796615094060916;0
19.08;0.039984044992277;-0.796551992988732;0
19.09;0.032019686311917;-0.796250225553366;0
19.1;0.0240594174938062;-0.795710292401331;0
19.11;0.0161056176828787;-0.794932764711363;0
19.12;0.0081606599959523;-0.793918283901987;0
19.13;0.000226910820722176;-0.792667561318523;0
19.14;-0.0076932708820232;-0.791181377899674;0
19.15;-0.0155975342727611;-0.789460583823819;0
19.16;-0.0234835373239656;-0.78750609813517;0
19.17;-0.0313489475070099;-0.785318908349916;0
19.18;-0.0391914424750407;-0.782900070042524;0
19.19;-0.0470087107416272;-0.780250706412354;0
19.2;-0.0547984523549875;-0.777372007830738;0
19.21;-0.0625583795675994;-0.774265231368713;0
19.22;-0.0702862175010016;-0.770931700305558;0
19.23;-0.0779797048055943;-0.767372803618349;0
19.24;-0.0856365943152514;-0.763589995452672;0
19.25;-0.0932546536965549;-0.759584794574736;0
19.26;-0.100831666092468;-0.75535878380504;0
19.27;-0.108365430760263;-0.750913609433815;0
19.28;-0.11585376370352;-0.746250980618457;0
19.29;-0.123294498298023;-0.741372668763131;0
19.3;-0.130685485911372;-0.736280506880798;0
19.31;-0.138024596516134;-0.730976388937867;0
19.32;-0.145309719296366;-0.725462269181692;0
19.33;-0.152538763247336;-0.719740161451172;0
19.34;-0.159709657768275;-0.713812138470657;0
19.35;-0.166820353247995;-0.707680331127425;0
19.36;-0.173868821643203;-0.701346927732964;0
19.37;-0.180853057049365;-0.694814173268309;0
19.38;-0.187771076263945;-0.688084368613685;0
19.39;-0.194620919341874;-0.681159869762732;0
19.4;-0.201400650143093;-0.674043087021536;0
19.41;-0.208108356872017;-0.666736484192781;0
19.42;-0.214742152608778;-0.659242577745251;0
19.43;-0.221300175832091;-0.651563935968972;0
19.44;-0.227780590933619;-0.643703178116286;0
19.45;-0.234181588723677;-0.635662973529106;0
19.46;-0.240501386928149;-0.62744604075267;0
19.47;-0.246738230676487;-0.619055146636067;0
19.48;-0.252890392980654;-0.610493105419819;0
19.49;-0.258956175204885;-0.601762777810839;0
19.5;-0.264933907526141;-0.592867070045042;0
19.51;-0.270821949385142;-0.58380893293792;0
19.52;-0.276618689927841;-0.574591360923388;0
19.53;-0.282322548437244;-0.565217391081204;0
19.54;-0.287931974755451;-0.55569010215328;0
19.55;-0.293445449695809;-0.546012613549191;0
19.56;-0.298861485445077;-0.536188084341209;0
19.57;-0.304178625955493;-0.526219712249164;0
19.58;-0.309395447326644;-0.516110732615482;0
19.59;-0.314510558177044;-0.505864417370684;0
19.6;-0.319522600005329;-0.495484073989718;0
19.61;-0.324430247540969;-0.484973044439416;0
19.62;-0.329232209084418;-0.47433470411742;0
19.63;-0.333927226836621;-0.463572460782921;0
19.64;-0.338514077217786;-0.452689753479528;0
19.65;-0.342991571175353;-0.441690051450605;0
19.66;-0.347358554481087;-0.430576853047433;0
19.67;-0.351613908017214;-0.41935368463051;0
19.68;-0.355756548051548;-0.408024099464353;0
19.69;-0.359785426501537;-0.396591676606129;0
19.7;-0.36369953118716;-0.385060019788463;0
19.71;-0.367497886072642;-0.373432756296778;0
19.72;-0.371179551496905;-0.361713535841495;0
19.73;-0.374743624392727;-0.349906029425454;0
19.74;-0.378189238494556;-0.338013928206898;0
19.75;-0.381515564534928;-0.326040942358367;0
19.76;-0.384721810429462;-0.313990799921859;0
19.77;-0.387807221450392;-0.301867245660596;0
19.78;-0.390771080388602;-0.289674039907756;0
19.79;-0.39361270770413;-0.277414957412511;0
19.8;-0.396331461665129;-0.265093786183732;0
19.81;-0.398926738475256;-0.252714326331705;0
19.82;-0.401397972389463;-0.240280388908208;0
19.83;-0.403744635818191;-0.227795794745307;0
19.84;-0.40596623941994;-0.215264373293208;0
19.85;-0.408062332182224;-0.202689961457528;0
19.86;-0.410032501490885;-0.190076402436334;0
19.87;-0.411876373187791;-0.177427544557282;0
19.88;-0.413593611616897;-0.16474724011523;0
19.89;-0.415183919658689;-0.152039344210653;0
19.9;-0.416647038753018;-0.139307713589211;0
19.91;-0.417982748910336;-0.126556205482825;0
19.92;-0.419190868711349;-0.113788676452594;0
19.93;-0.420271255295108;-0.101008981233904;0
19.94;-0.421223804335569;-0.0882209715840688;0
19.95;-0.422048450006634;-0.0754284951328412;0
19.96;-0.422745164935712;-0.0626353942361423;0
19.97;-0.42331396014584;-0.0498455048333381;0
19.98;-0.423754884986387;-0.0370626553084041;0
19.99;-0.424068027052391;-0.0242906653553123;0
20;-0.424253512092568;-0.0115333448479735;0
