0;0.661764913365414;0.0848044067271572;0
0.01;0.66252296406417;0.0648080718430311;0
0.02;0.663081113718315;0.0448266771472369;0
0.03;0.663439538580432;0.0248661865951291;0
0.04;0.663598474469785;0.00493254762575868;0
0.05;0.663558216599254;-0.0149683105925479;0
0.06;0.663319119384763;-0.0348304789081179;0
0.07;0.662881596237291;-0.0546480699228605;0
0.08;0.662246119337556;-0.0744152197196885;0
0.09;0.661413219393466;-0.0941260895799335;0
0.1;0.660383485380444;-0.113774867690255;0
0.11;0.659157564264736;-0.13335577083855;0
0.12;0.65773616070981;-0.152863046098379;0
0.13;0.656120036765959;-0.172290972501409;0
0.14;0.654310011543245;-0.191633862697415;0
0.15;0.652306960867888;-0.210886064601338;0
0.16;0.650111816922261;-0.230041963026953;0
0.17;0.647725567868593;-0.249095981306661;0
0.18;0.64514925745655;-0.268042582896952;0
0.19;0.642383984614822;-0.286876272969082;0
0.2;0.639430903026873;-0.305591599984514;0
0.21;0.636291220691012;-0.324183157254667;0
0.22;0.632966199464923;-0.342645584484554;0
0.23;0.629457154594856;-0.360973569299843;0
0.24;0.6257654542296;-0.379161848756941;0
0.25;0.621892518919452;-0.39720521083566;0
0.26;0.617839821100326;-0.415098495914058;0
0.27;0.613608884563204;-0.432836598225029;0
0.28;0.609201283909099;-0.450414467294255;0
0.29;0.604618643989727;-0.467827109359108;0
0.3;0.599862639334078;-0.485069588768113;0
0.31;0.594934993561078;-0.50213702936059;0
0.32;0.589837478778545;-0.519024615826087;0
0.33;0.584571914968648;-0.535727595043239;0
0.34;0.579140169360067;-0.552241277397682;0
0.35;0.573544155787069;-0.56856103807867;0
0.36;0.567785834035718;-0.584682318354032;0
0.37;0.561867209177435;-0.600600626823133;0
0.38;0.555790330890118;-0.616311540647498;0
0.39;0.549557292767077;-0.631810706758769;0
0.4;0.543170231613973;-0.64709384304367;0
0.41;0.536631326734022;-0.662156739505667;0
0.42;0.529942799201691;-0.676995259403016;0
0.43;0.523106911125111;-0.691605340362892;0
0.44;0.516125964897467;-0.705982995471311;0
0.45;0.509002302437592;-0.720124314338563;0
0.46;0.501738304420023;-0.734025464139874;0
0.47;0.494336389494761;-0.747682690631021;0
0.48;0.486799013496984;-0.761092319138656;0
0.49;0.479128668646981;-0.774250755525074;0
0.5;0.471327882740545;-0.787154487127174;0
0.51;0.463399218330098;-0.799800083669393;0
0.52;0.455345271896806;-0.812184198150368;0
0.53;0.44716867301394;-0.824303567703114;0
0.54;0.438872083501766;-0.836155014428506;0
0.55;0.430458196574207;-0.847735446201851;0
0.56;0.421929735977572;-0.859041857452372;0
0.57;0.413289455121614;-0.870071329915398;0
0.58;0.404540136203174;-0.880821033357097;0
0.59;0.395684589322725;-0.891288226271571;0
0.6;0.38672565159405;-0.901470256550156;0
0.61;0.37766618624736;-0.911364562122777;0
0.62;0.368509081726132;-0.920968671571209;0
0.63;0.359257250777928;-0.930280204714108;0
0.64;0.349913629539499;-0.939296873163691;0
0.65;0.340481176616453;-0.94801648085394;0
0.66;0.330962872157759;-0.956436924540227;0
0.67;0.321361716925395;-0.964556194270254;0
0.68;0.31168073135941;-0.972372373826216;0
0.69;0.301922954638695;-0.979883641138113;0
0.7;0.29209144373775;-0.987088268668122;0
0.71;0.282189272479742;-0.993984623765977;0
0.72;0.272219530586134;-1.00057116899529;0
0.73;0.262185322723188;-1.00684646243079;0
0.74;0.252089767545619;-1.01280915792635;0
0.75;0.241935996737709;-1.01845800535399;0
0.76;0.231727154052155;-1.02379185081348;0
0.77;0.221466394346955;-1.02880963681293;0
0.78;0.211156882620622;-1.03351040242009;0
0.79;0.200801793046012;-1.03789328338438;0
0.8;0.190404308003063;-1.04195751222986;0
0.81;0.179967617110745;-1.04570241831894;0
0.82;0.169494916258489;-1.04912742788698;0
0.83;0.158989406637412;-1.05223206404778;0
0.84;0.148454293771616;-1.05501594677004;0
0.85;0.137892786549849;-1.05747879282482;0
0.86;0.127308096257826;-1.05962041570406;0
0.87;0.116703435611491;-1.06144072551027;0
0.88;0.106082017791516;-1.06293972881741;0
0.89;0.0954470554793166;-1.06411752850316;0
0.9;0.0848017598948736;-1.06497432355252;0
0.91;0.0741493398366503;-1.065510408833;0
0.92;0.0634930007238817;-1.06572617484148;0
0.93;0.0528359436415253;-1.06562210742273;0
0.94;0.0421813643881504;-1.06519878745995;0
0.95;0.0315324525270504;-1.06445689053731;0
0.96;0.0208923904408539;-1.06339718657463;0
0.97;0.0102643523899129;-1.0620205394345;0
0.98;-0.000348496425254711;-1.06032790650186;0
0.99;-0.0109430007971972;-1.05832033823627;0
1;-0.0215160164401602;-1.05599897769707;0
1.01;-0.0320644109138486;-1.05336506004158;0
1.02;-0.0425850645420502;-1.05041991199656;0
1.03;-0.0530748713258539;-1.04716495130316;0
1.04;-0.0635307398511987;-1.04360168613547;0
1.05;-0.0739495941904911;-1.03973171449304;0
1.06;-0.0843283747980303;-1.03555672356745;0
1.07;-0.0946640393989843;-1.03107848908332;0
1.08;-0.104953563871661;-1.02629887461379;0
1.09;-0.11519394312282;-1.02121983087096;0
1.1;-0.125382191955778;-1.01584339497137;0
1.11;-0.135515345931059;-1.01017168967682;0
1.12;-0.145590462219338;-1.00420692261092;0
1.13;-0.155604620446445;-0.997951385451423;0
1.14;-0.165554923530187;-0.991407453098833;0
1.15;-0.175438498508747;-0.98457758282147;0
1.16;-0.185252497360426;-0.977464313377314;0
1.17;-0.194994097814508;-0.970070264112932;0
1.18;-0.204660504153006;-0.962398134039794;0
1.19;-0.214248948003073;-0.954450700888304;0
1.2;-0.22375668911985;-0.946230820139846;0
1.21;-0.233181016159546;-0.937741424037204;0
1.22;-0.242519247442519;-0.928985520573658;0
1.23;-0.25176873170615;-0.919966192461119;0
1.24;-0.260926848847316;-0.910686596077636;0
1.25;-0.269991010654237;-0.901149960394632;0
1.26;-0.27895866152751;-0.89135958588422;0
1.27;-0.287827279190127;-0.881318843406971;0
1.28;-0.296594375386283;-0.871031173080479;0
1.29;-0.305257496568787;-0.860500083129131;0
1.3;-0.313814224574885;-0.849729148715419;0
1.31;-0.322262177290313;-0.838722010753206;0
1.32;-0.330599009301413;-0.827482374703318;0
1.33;-0.338822412535108;-0.816014009351861;0
1.34;-0.346930116886604;-0.804320745571649;0
1.35;-0.354919890834621;-0.792406475067154;0
1.36;-0.362789542043999;-0.78027514910338;0
1.37;-0.370536917955528;-0.767930777219064;0
1.38;-0.378159906362838;-0.755377425924617;0
1.39;-0.385656435976205;-0.742619217385236;0
1.4;-0.393024476973114;-0.729660328089585;0
1.41;-0.400262041535454;-0.716504987504486;0
1.42;-0.407367184373196;-0.703157476716043;0
1.43;-0.414338003234422;-0.689622127057619;0
1.44;-0.421172639401577;-0.675903318725119;0
1.45;-0.427869278173817;-0.662005479380002;0
1.46;-0.434426149335335;-0.647933082740464;0
1.47;-0.440841527609547;-0.633690647161238;0
1.48;-0.447113733099025;-0.619282734202456;0
1.49;-0.453241131711073;-0.604713947188014;0
1.5;-0.459222135568841;-0.589988929753903;0
1.51;-0.465055203407875;-0.575112364386946;0
1.52;-0.47073884095802;-0.560088970954402;0
1.53;-0.476271601310573;-0.54492350522489;0
1.54;-0.48165208527061;-0.529620757381096;0
1.55;-0.486878941694406;-0.514185550524721;0
1.56;-0.49195086781187;-0.498622739174127;0
1.57;-0.496866609533929;-0.482937207755147;0
1.58;-0.50162496174478;-0.467133869085532;0
1.59;-0.506224768578975;-0.451217662853479;0
1.6;-0.510664923683256;-0.435193554090733;0
1.61;-0.514944370463099;-0.419066531640705;0
1.62;-0.519062102313925;-0.40284160662209;0
1.63;-0.523017162836916;-0.38652381088845;0
1.64;-0.52680864603943;-0.370118195484224;0
1.65;-0.530435696519939;-0.353629829097645;0
1.66;-0.533897509637503;-0.33706379651102;0
1.67;-0.537193331665726;-0.320425197048855;0
1.68;-0.540322459931185;-0.303719143024285;0
1.69;-0.543284242936328;-0.286950758184282;0
1.7;-0.546078080466806;-0.270125176154108;0
1.71;-0.548703423683257;-0.253247538881475;0
1.72;-0.551159775197532;-0.236322995080895;0
1.73;-0.55344668913336;-0.219356698678666;0
1.74;-0.555563771171476;-0.202353807258968;0
1.75;-0.557510678579214;-0.185319480511543;0
1.76;-0.559287120224578;-0.1682588786814;0
1.77;-0.560892856574835;-0.151177161021024;0
1.78;-0.562327699679629;-0.134079484245545;0
1.79;-0.563591513138673;-0.116971000991314;0
1.8;-0.564684212054037;-0.0998568582783617;0
1.81;-0.565605762967079;-0.0827421959771741;0
1.82;-0.566356183780073;-0.0656321452802517;0
1.83;-0.566935543662564;-0.0485318271788952;0
1.84;-0.567343962942528;-0.0314463509456671;0
1.85;-0.567581612982373;-0.014380812622974;0
1.86;-0.567648716039863;0.00265970648178681;0
1.87;-0.56754554511402;0.0196701412940784;0
1.88;-0.567272423776085;0.036645444462634;0
1.89;-0.566829725985604;0.0535805878419935;0
1.9;-0.566217875891731;0.0704705639667341;0
1.91;-0.565437347619822;0.0873103875169684;0
1.92;-0.564488665043424;0.104095096774685;0
1.93;-0.563372401541733;0.120819755070514;0
1.94;-0.562089179742638;0.137479452220491;0
1.95;-0.560639671251433;0.154069305952421;0
1.96;-0.559089753163669;0.154300298831711;-1.81066923291697
1.97;-0.557554020351326;0.15267677333338;-1.81066923291697
1.98;-0.556034716654868;0.151010271674655;-1.81066923291697
1.99;-0.554532269265291;0.149301367268695;-1.81066923291697
2;-0.553047099586538;0.147550645253815;-1.81066923291697
2.01;-0.551579623119125;0.145758702297943;-1.81066923291697
2.02;-0.55013024934573;0.143926146399936;-1.81066923291697
2.03;-0.548699381618797;0.142053596687862;-1.81066923291697
2.04;-0.547287417050157;0.140141683214274;-1.81066923291697
2.05;-0.545894746402718;0.138191046748575;-1.81066923291697
2.06;-0.544521753984241;0.136202338566521;-1.81066923291697
2.07;-0.543168817543232;0.134176220236936;-1.81066923291697
2.08;-0.541836308166984;0.132113363405708;-1.81066923291697
2.09;-0.540524590181786;0.130014449577142;-1.81066923291697
2.1;-0.539234021055334;0.127880169892724;-1.81066923291697
2.11;-0.537964951301363;0.125711224907383;-1.81066923291697
2.12;-0.536717724386527;0.123508324363312;-1.81066923291697
2.13;-0.535492676639555;0.121272186961427;-1.81066923291697
2.14;-0.534290137162701;0.119003540130534;-1.81066923291697
2.15;-0.53311042774551;0.116703119794268;-1.81066923291697
2.16;-0.531953862780928;0.114371670135898;-1.81066923291697
2.17;-0.53082074918377;0.112009943361053;-1.81066923291697
2.18;-0.529711386311573;0.109618699458451;-1.81066923291697
2.19;-0.528626065887851;0.10719870595871;-1.81066923291697
2.2;-0.527565071927761;0.104750737691312;-1.81066923291697
2.21;-0.526528680666224;0.102275576539789;-1.81066923291697
2.22;-0.525517160488484;0.0997740111952294;-1.81066923291697
2.23;-0.524530771863154;0.0972468369081549;-1.81066923291697
2.24;-0.523569767277738;0.0946948552388637;-1.81066923291697
2.25;-0.522634391176669;0.0921188738063098;-1.81066923291697
2.26;-0.521724879901852;0.0895197060355981;-1.81066923291697
2.27;-0.520841461635746;0.0868981709041728;-1.81066923291697
2.28;-0.519984356346985;0.0842550926867775;-1.81066923291697
2.29;-0.519153775738562;0.0815913006992659;-1.81066923291697
2.3;-0.51834992319857;0.078907629041342;-1.81066923291697
2.31;-0.517572993753524;0.0762049163383079;-1.81066923291697
2.32;-0.516823174024277;0.0734840054818989;-1.81066923291697
2.33;-0.516100642184519;0.0707457433702855;-1.81066923291697
2.34;-0.515405567921885;0.0679909806473211;-1.81066923291697
2.35;-0.51473811240168;0.0652205714411147;-1.81066923291697
2.36;-0.51409842823321;0.0624353731020091;-1.81066923291697
2.37;-0.513486659438742;0.059636245940043;-1.81066923291697
2.38;-0.51290294142509;0.0568240529619773;-1.81066923291697
2.39;-0.512347400957834;0.053999659607965;-1.81066923291697
2.4;-0.511820156138169;0.0511639334879444;-1.81066923291697
2.41;-0.511321316382398;0.0483177441178346;-1.81066923291697
2.42;-0.510850982404056;0.0454619626556133;-1.81066923291697
2.43;-0.51040924619868;0.042597461637356;-1.81066923291697
2.44;-0.509996191031215;0.0397251147133153;-1.81066923291697
2.45;-0.509611891426059;0.0368457963841206;-1.81066923291697
2.46;-0.509256413159745;0.0339603817371759;-1.81066923291697
2.47;-0.50892981325626;0.0310697461833342;-1.81066923291697
2.48;-0.508632139984994;0.0281747651939283;-1.81066923291697
2.49;-0.508363432861315;0.0252763140382354;-1.81066923291697
2.5;-0.508123722649773;0.0223752675214528;-1.81066923291697
2.51;-0.507913031369913;0.0194724997232636;-1.81066923291697
2.52;-0.507731372304708;0.0165688837370692;-1.81066923291697
2.53;-0.507578750011592;0.0136652914099653;-1.81066923291697
2.54;-0.507455160336087;0.010762593083539;-1.81066923291697
2.55;-0.507360590428024;0.00786165733556136;-1.81066923291697
2.56;-0.507295018760343;0.0049633507226546;-1.81066923291697
2.57;-0.50725841515045;0.0020685375240056;-1.81066923291697
2.58;-0.50725074078415;-0.000821920513796415;-1.81066923291697
2.59;-0.50727194824211;-0.00370716443072476;-1.81066923291697
2.6;-0.507321981528867;-0.00658633830600843;-1.81066923291697
2.61;-0.507400776104351;-0.00945858950947984;-1.81066923291697
2.62;-0.507508258917917;-0.0123230689515042;-1.81066923291697
2.63;-0.507644348444869;-0.015178931331418;-1.81066923291697
2.64;-0.507808954725464;-0.0180253353844048;-1.81066923291697
2.65;-0.508001979406373;-0.0208614441267369;-1.81066923291697
2.66;-0.50822331578459;-0.0236864250993122;-1.81066923291697
2.67;-0.508472848853769;-0.0264994506094161;-1.81066923291697
2.68;-0.508750455352968;-0.0292996979706395;-1.81066923291697
2.69;-0.509056003817785;-0.0320863497408833;-1.81066923291697
2.7;-0.509389354633863;-0.0348585939583818;-1.81066923291697
2.71;-0.509750360092752;-0.0376156243756785;-1.81066923291697
2.72;-0.510138864450093;-0.0403566406914854;-1.81066923291697
2.73;-0.510554703986117;-0.043080848780363;-1.81066923291697
2.74;-0.510997707068429;-0.0457874609201529;-1.81066923291697
2.75;-0.511467694217056;-0.048475696017101;-1.81066923291697
2.76;-0.511964478171734;-0.0511447798286063;-1.81066923291697
2.77;-0.512487863961416;-0.0537939451835334;-1.81066923291697
2.78;-0.513037648975963;-0.0564224322000269;-1.81066923291697
2.79;-0.513613623040013;-0.0590294885007655;-1.81066923291697
2.8;-0.514215568488986;-0.0616143694255978;-1.81066923291697
2.81;-0.514843260247197;-0.0641763382414982;-1.81066923291697
2.82;-0.515496465908069;-0.0667146663497866;-1.81066923291697
2.83;-0.51617494581639;-0.0692286334905532;-1.81066923291697
2.84;-0.516878453152622;-0.0717175279442321;-1.81066923291697
2.85;-0.517606734019188;-0.0741806467302689;-1.81066923291697
2.86;-0.518359527528756;-0.0766172958028274;-1.81066923291697
2.87;-0.519136565894449;-0.0790267902434802;-1.81066923291697
2.88;-0.519937574521978;-0.0814084544508345;-1.81066923291697
2.89;-0.520762272103651;-0.0837616223270367;-1.81066923291697
2.9;-0.521610370714244;-0.0860856374611096;-1.81066923291697
2.91;-0.522481575908672;-0.0883798533090693;-1.81066923291697
2.92;-0.523375586821465;-0.0906436333707759;-1.81066923291697
2.93;-0.524292096267989;-0.0928763513634688;-1.81066923291697
2.94;-0.525230790847386;-0.0950773913919414;-1.81066923291697
2.95;-0.526191351047204;-0.0972461481153092;-1.81066923291697
2.96;-0.527173451349679;-0.0993820269103276;-1.81066923291697
2.97;-0.528176760339634;-0.101484444031217;-1.81066923291697
2.98;-0.529200940813955;-0.10355282676595;-1.81066923291697
2.99;-0.530245649892626;-0.105586613588969;-1.81066923291697
3;-0.531310539131262;-0.107585254310278;-1.81066923291697
3.01;-0.532395254635124;-0.109548210220888;-1.81066923291697
3.02;-0.533499437174572;-0.11147495423457;-1.81066923291697
3.03;-0.534622722301913;-0.113364971025878;-1.81066923291697
3.04;-0.535764740469618;-0.115217757164409;-1.81066923291697
3.05;-0.536925117149865;-0.11703282124527;-1.81066923291697
3.06;-0.538103472955361;-0.118809684015712;-1.81066923291697
3.07;-0.539299423761427;-0.120547878497907;-1.81066923291697
3.08;-0.540512580829279;-0.122246950107832;-1.81066923291697
3.09;-0.541742550930489;-0.123906456770235;-1.81066923291697
3.1;-0.542988936472576;-0.125525969029654;-1.81066923291697
3.11;-0.544251335625689;-0.127105070157459;-1.81066923291697
3.12;-0.545529342450342;-0.1286433562549;-1.81066923291697
3.13;-0.54682254702616;-0.130140436352129;-1.81066923291697
3.14;-0.548130535581602;-0.131595932503176;-1.81066923291697
3.15;-0.549452890624609;-0.13300947987686;-1.81066923291697
3.16;-0.550789191074148;-0.134380726843609;-1.81066923291697
3.17;-0.552139012392604;-0.135709335058177;-1.81066923291697
3.18;-0.553501926718979;-0.136994979538234;-1.81066923291697
3.19;-0.55487750300286;-0.13823734873882;-1.81066923291697
3.2;-0.556265307139113;-0.139436144622632;-1.81066923291697
3.21;-0.557664902103259;-0.140591082726156;-1.81066923291697
3.22;-0.559075848087497;-0.141701892221608;-1.81066923291697
3.23;-0.560497702637321;-0.142768315974676;-1.81066923291697
3.24;-0.561930020788703;-0.143790110598072;-1.81066923291697
3.25;-0.563372355205786;-0.144767046500859;-1.81066923291697
3.26;-0.564824256319055;-0.145698907933562;-1.81066923291697
3.27;-0.566285272463937;-0.144774823796137;0
3.28;-0.567655417268442;-0.127527566468731;0
3.29;-0.568853046582965;-0.110271723748141;0
3.3;-0.569878097902641;-0.0930124830096324;0
3.31;-0.570730560562094;-0.0757550237316758;0
3.32;-0.571410475649541;-0.0585045159569216;0
3.33;-0.571917935905522;-0.0412661187586398;0
3.34;-0.572253085606335;-0.0240449787130873;0
3.35;-0.572416120432209;-0.00684622837824568;0
3.36;-0.572407287320302;0.0103250152206241;0
3.37;-0.572226884302585;0.027463652098168;0
3.38;-0.571875260328691;0.0445646008084269;0
3.39;-0.571352815073798;0.0616227999361907;0
3.4;-0.570659998731647;0.0786332095797837;0
3.41;-0.569797311792764;0.0955908128248539;0
3.42;-0.568765304807992;0.112490617208738;0
3.43;-0.567564578137415;0.129327656174979;0
3.44;-0.566195781684794;0.146096990517581;0
3.45;-0.564659614617601;0.162793709814582;0
3.46;-0.562956825072763;0.179412933850531;0
3.47;-0.561088209848247;0.195949814027472;0
3.48;-0.559054614080571;0.21239953476402;0
3.49;-0.556856930908392;0.22875731488214;0
3.5;-0.554496101122276;0.245018408981223;0
3.51;-0.551973112800791;0.261178108799085;0
3.52;-0.549289000933045;0.277231744559485;0
3.53;-0.546444847027816;0.293174686305799;0
3.54;-0.543441778709403;0.309002345220457;0
3.55;-0.540280969300355;0.324710174929786;0
3.56;-0.536963637391214;0.340293672793891;0
3.57;-0.533491046397427;0.355748381181195;0
3.58;-0.529864504103588;0.371069888727316;0
3.59;-0.526085362195157;0.386253831577896;0
3.6;-0.522155015777829;0.401295894615061;0
3.61;-0.518074902884712;0.416191812667157;0
3.62;-0.513846503971479;0.430937371701445;0
3.63;-0.509471341399683;0.445528409999404;0
3.64;-0.504950978908383;0.459960819314344;0
3.65;-0.500287021074289;0.474230546010994;0
3.66;-0.495481112760581;0.488333592186761;0
3.67;-0.490534938554611;0.50226601677436;0
3.68;-0.485450222194653;0.516023936625506;0
3.69;-0.480228725985908;0.529603527575389;0
3.7;-0.474872250205952;0.543001025487629;0
3.71;-0.46938263249982;0.556212727279453;0
3.72;-0.463761747264934;0.569234991926795;0
3.73;-0.458011505026062;0.582064241449079;0
3.74;-0.452133851800531;0.594696961873398;0
3.75;-0.446130768453888;0.607129704177865;0
3.76;-0.44000427004622;0.619359085213857;0
3.77;-0.433756405169352;0.631381788606938;0
3.78;-0.427389255275129;0.643194565636216;0
3.79;-0.420904933995001;0.654794236091902;0
3.8;-0.41430558645114;0.666177689110867;0
3.81;-0.407593388559287;0.677341883989972;0
3.82;-0.400770546323582;0.688283850976967;0
3.83;-0.393839295123573;0.699000692038766;0
3.84;-0.386801898993656;0.7094895816069;0
3.85;-0.379660649895154;0.719747767299969;0
3.86;-0.372417866981286;0.729772570622912;0
3.87;-0.365075895855236;0.739561387642928;0
3.88;-0.35763710782158;0.749111689641884;0
3.89;-0.350103899131289;0.758421023745057;0
3.9;-0.342478690220552;0.767487013526058;0
3.91;-0.334763924943662;0.776307359587803;0
3.92;-0.326962069800191;0.784879840119388;0
3.93;-0.319075613156717;0.793202311428764;0
3.94;-0.311107064463324;0.801272708451062;0
3.95;-0.303058953465135;0.809089045232491;0
3.96;-0.294933829409114;0.816649415389676;0
3.97;-0.28673426024638;0.823951992544368;0
3.98;-0.278462831830299;0.830995030733411;0
3.99;-0.270122147110573;0.837776864793911;0
4;-0.261714825323597;0.844295910723513;0
4.01;-0.253243501179325;0.850550666015739;0
4.02;-0.244710824044894;0.856539709970312;0
4.03;-0.236119457125257;0.862261703978427;0
4.04;-0.227472076641076;0.867715391782928;0
4.05;-0.218771371004129;0.87289959971335;0
4.06;-0.210020039990477;0.877813236895793;0
4.07;-0.201220793911645;0.882455295437632;0
4.08;-0.192376352784072;0.88682485058702;0
4.09;-0.183489445497081;0.890921060867201;0
4.1;-0.174562808979608;0.894743168185632;0
4.11;-0.165599187365972;0.898290497917916;0
4.12;-0.1566013311609;0.901562458966578;0
4.13;-0.147571996404088;0.904558543794692;0
4.14;-0.138513943834539;0.90727832843441;0
4.15;-0.129429938054923;0.909721472470426;0
4.16;-0.120322746696221;0.911887718998415;0
4.17;-0.111195139582888;0.91377689455852;0
4.18;-0.102049887898807;0.915388909043928;0
4.19;-0.092889763354255;0.916723755584633;0
4.2;-0.0837175373541534;0.917781510406432;0
4.21;-0.0745359801678316;0.918562332665263;0
4.22;-0.0653478601005637;0.919066464256969;0
4.23;-0.0561559426671145;0.919294229602582;0
4.24;-0.0469629897675439;0.919246035409243;0
4.25;-0.0377717588655108;0.918922370406862;0
4.26;-0.0285850021693188;0.918323805060649;0
4.27;-0.0194054658159455;0.917450991259633;0
4.28;-0.0102358890582938;0.916304661981312;0
4.29;-0.001079003455903;0.914885630932571;0
4.3;0.00806246793064171;0.913194792167017;0
4.31;0.0171858113413689;0.911233119678887;0
4.32;0.0262883231144139;0.909001666973695;0
4.33;0.0353673104791148;0.906501566615773;0
4.34;0.04442009234448;0.903734029752903;0
4.35;0.0534440000828;0.9007003456182;0
4.36;0.0624363783081762;0.897401881009452;0
4.37;0.0713945856497426;0.893840079746094;0
4.38;0.0803159955193571;0.890016462104038;0
4.39;0.0891979968735419;0.885932624228549;0
4.4;0.0980379949694556;0.881590237525391;0
4.41;0.106833412114679;0.876991048030456;0
4.42;0.1155816884106;0.872136875758108;0
4.43;0.124280282489192;0.867029614028467;0
4.44;0.132926672242964;0.861671228773884;0
4.45;0.141518355547887;0.85606375782483;0
4.46;0.150052850979088;0.850209310175471;0
4.47;0.158527698519108;0.844110065229162;0
4.48;0.166940460258526;0.837768272024144;0
4.49;0.17528872108875;0.831186248439686;0
4.5;0.183570089386785;0.824366380382968;0
4.51;0.191782197691784;0.817311120956957;0
4.52;0.19992270337319;0.810022989609578;0
4.53;0.207989289290292;0.802504571264461;0
4.54;0.215979664443002;0.794758515433547;0
4.55;0.223891564613679;0.786787535311868;0
4.56;0.231722752999822;0.778594406854783;0
4.57;0.239471020837458;0.770181967837997;0
4.58;0.247134188015053;0.761553116900657;0
4.59;0.25471010367778;0.752710812571849;0
4.6;0.262196646821974;0.743658072280819;0
4.61;0.269591726879626;0.734397971351238;0
4.62;0.276893284292742;0.724933641979834;0
4.63;0.284099291077418;0.715268272199748;0
4.64;0.291207751377489;0.705405104828911;0
4.65;0.298216702007587;0.695347436403828;0
4.66;0.305124212985478;0.685098616099076;0
4.67;0.311928388053529;0.674662044632892;0
4.68;0.318627365189169;0.664041173159179;0
4.69;0.325219317104213;0.65323950214631;0
4.7;0.33170245173291;0.642260580243067;0
4.71;0.338075012708602;0.631108003132091;0
4.72;0.344335279828855;0.619785412371206;0
4.73;0.350481569508957;0.608296494222971;0
4.74;0.356512235223653;0.596644978472864;0
4.75;0.362425667937016;0.584834637236426;0
4.76;0.368220296520342;0.572869283755787;0
4.77;0.373894588157962;0.560752771185917;0
4.78;0.379447048740872;0.548488991371014;0
4.79;0.384876223248081;0.536081873611379;0
4.8;0.390180696115596;0.5235353834212;0
4.81;0.39535909159293;0.510853521277603;0
4.82;0.40041007408708;0.498040321361381;0
4.83;0.405332348493862;0.485099850289778;0
4.84;0.410124660516546;0.472036205841731;0
4.85;0.414785796971712;0.458853515675962;0
4.86;0.419314586082252;0.445555936042314;0
4.87;0.423709897757462;0.432147650486735;0
4.88;0.427970643860148;0.418632868550299;0
4.89;0.432095778460708;0.405015824462682;0
4.9;0.436084298078117;0.391300775830469;0
4.91;0.439935241907773;0.377492002320716;0
4.92;0.443647692036169;0.363593804340163;0
4.93;0.447220773642323;0.349610501710497;0
4.94;0.450653655185959;0.335546432340069;0
4.95;0.453945548582383;0.321405950892477;0
4.96;0.457095709364032;0.307193427452415;0
4.97;0.460103436828676;0.29291324618919;0
4.98;0.46296807417424;0.278569804018312;0
4.99;0.465689008620239;0.264167509261567;0
5;0.468265671515805;0.249710780305976;0
5.01;0.470697538434303;0.235204044262033;0
5.02;0.472984129254527;0.220651735621644;0
5.03;0.475125008228475;0.206058294916153;0
5.04;0.477119784035705;0.191428167374865;0
5.05;0.478968109824282;0.176765801584473;0
5.06;0.480669683238324;0.16207564814977;0
5.07;0.482224246432161;0.147362158356072;0
5.08;0.48363158607113;0.132629782833723;0
5.09;0.484891533319026;0.117882970225103;0
5.1;0.486003963812229;0.103126165854513;0
5.11;0.486968797620556;0.0883638104013465;0
5.12;0.487785999194851;0.0736003385769345;0
5.13;0.488455577301364;0.0588401778054485;0
5.14;0.488977584942964;0.0440877469092593;0
5.15;0.489352119267217;0.0293474547991319;0
5.16;0.4895793214614;0.0146236991696433;0
5.17;0.489659376634485;-7.91347997958112e-05;0
5.18;0.489592513686169;-0.0147566757379352;0
5.19;0.489379005162989;-0.0294045673683175;0
5.2;0.489019167101617;-0.0440184697891753;0
5.21;0.488513358859373;-0.0585940607462189;0
5.22;0.487861982932058;-0.0731270368979477;0
5.23;0.48706548475915;-0.0876131150731171;0
5.24;0.486124352516483;-0.102048033519997;0
5.25;0.485039116896455;-0.116427553147067;0
5.26;0.483810350875879;-0.130747458754776;0
5.27;0.482438669471554;-0.145003560258038;0
5.28;0.48092472948365;-0.159191693899086;0
5.29;0.479269229227021;-0.173307723450356;0
5.3;0.47747290825052;-0.187347541407047;0
5.31;0.475536547044451;-0.201307070169027;0
5.32;0.473460966736239;-0.215182263211737;0
5.33;0.471247028774447;-0.228969106245772;0
5.34;0.468895634601253;-0.242663618364805;0
5.35;0.466407725313493;-0.256261853181532;0
5.36;0.463784281312406;-0.269759899951311;0
5.37;0.461026321942198;-0.2831538846832;0
5.38;0.458134905117551;-0.296439971238048;0
5.39;0.455111126940213;-0.309614362413373;0
5.4;0.451956121304801;-0.322673301014687;0
5.41;0.448671059493945;-0.335613070912999;0
5.42;0.445257149762933;-0.348429998088182;0
5.43;0.441715636913977;-0.361120451657928;0
5.44;0.438047801860255;-0.373680844892008;0
5.45;0.434254961179889;-0.386107636211541;0
5.46;0.430338466659983;-0.398397330173029;0
5.47;0.426299704830902;-0.410546478436853;0
5.48;0.422140096490931;-0.422551680719998;0
5.49;0.417861096221483;-0.434409585732726;0
5.5;0.413464191893008;-0.446116892098961;0
5.51;0.408950904161777;-0.457670349260125;0
5.52;0.404322785957704;-0.469066758362188;0
5.53;0.399581421963363;-0.480302973125692;0
5.54;0.394728428084401;-0.49137590069853;0
5.55;0.389765450911483;-0.50228250249123;0
5.56;0.384694167173976;-0.513019794994547;0
5.57;0.379516283185531;-0.52358485057914;0
5.58;0.374233534281755;-0.533974798277114;0
5.59;0.368847684250145;-0.544186824545245;0
5.6;0.363360524752472;-0.554218174009675;0
5.61;0.35777387473981;-0.564066150191887;0
5.62;0.352089579860383;-0.573728116215784;0
5.63;0.346309511860428;-0.583201495495684;0
5.64;0.340435567978266;-0.592483772405056;0
5.65;0.334469670331773;-0.60157249292584;0
5.66;0.328413765299446;-0.610465265278179;0
5.67;0.322269822895258;-0.619159760530412;0
5.68;0.316039836137505;-0.627653713189182;0
5.69;0.309725820411841;-0.63594492176951;0
5.7;0.303329812828702;-0.644031249344709;0
5.71;0.296853871575325;-0.651910624075988;0
5.72;0.290300075262559;-0.659581039721649;0
5.73;0.283670522266679;-0.667040556125738;0
5.74;0.276967330066405;-0.674287299686045;0
5.75;0.270192634575335;-0.681319463801354;0
5.76;0.26334858947;-0.68813530929784;0
5.77;0.256437365513746;-0.694733164834516;0
5.78;0.24946114987666;-0.701111427287653;0
5.79;0.242422145451745;-0.707268562114091;0
5.8;0.235322570167557;-0.71320310369337;0
5.81;0.228164656297516;-0.718913655648605;0
5.82;0.220950649766106;-0.724398891146058;0
5.83;0.213682809452172;-0.729657553173355;0
5.84;0.206363406489534;-0.734688454796281;0
5.85;0.19899472356513;-0.739490479394138;0
5.86;0.191579054214897;-0.744062580873621;0
5.87;0.184118702117617;-0.748403783861175;0
5.88;0.176615980386934;-0.752513183873838;0
5.89;0.169073210861754;-0.756389947468526;0
5.9;0.161492723395255;-0.760033312369773;0
5.91;0.153876855142721;-0.76344258757592;0
5.92;0.146227949848394;-0.766617153443752;0
5.93;0.138548357131601;-0.7695564617516;0
5.94;0.130840431772322;-0.772260035740929;0
5.95;0.123106532996458;-0.774727470136427;0
5.96;0.115349023760984;-0.776958431144637;0
5.97;0.107570270039216;-0.77895265643116;0
5.98;0.0997726401064036;-0.780709955076477;0
5.99;0.091958503825854;-0.782230207510443;0
6;0.0841302319358153;-0.783513365425502;0
6.01;0.0762901953373173;-0.784559451668691;0
6.02;0.0684407643831899;-0.785368560112501;0
6.03;0.0605843081684666;-0.785940855504665;0
6.04;0.0527231938223856;-0.786276573296969;0
6.05;0.0448597858021964;-0.786376019453147;0
6.06;0.0369964451889811;-0.786239570235987;0
6.07;0.0291355289856983;-0.785867671973716;0
6.08;0.0212793894176558;-0.78526084080579;0
6.09;0.0134303732356169;-0.784419662408196;0
6.1;0.00559082102174727;-0.783344791698376;0
6.11;-0.00223693350139836;-0.782036952519905;0
6.12;-0.0100505641586439;-0.780496937307056;0
6.13;-0.0178477530065163;-0.778725606729367;0
6.14;-0.0256261910139255;-0.776723889316377;0
6.15;-0.0333835787390034;-0.77449278106266;0
6.16;-0.0411176270019051;-0.772033345013315;0
6.17;-0.0488260575533774;-0.769346710830068;0
6.18;-0.0565066037389018;-0.766434074338155;0
6.19;-0.0641570111582206;-0.763296697054144;0
6.2;-0.0717750383200558;-0.759935905694883;0
6.21;-0.0793584572918336;-0.756353091667744;0
6.22;-0.0869050543442274;-0.752549710542355;0
6.23;-0.0944126305903357;-0.748527281503998;0
6.24;-0.101879002619312;-0.744287386788891;0
6.25;-0.109302003124269;-0.739831671101525;0
6.26;-0.11667948152427;-0.735161841014289;0
6.27;-0.124009304580245;-0.730279664349574;0
6.28;-0.131289357004647;-0.725186969544584;0
6.29;-0.138517542064675;-0.719885644999063;0
6.3;-0.145691782178907;-0.714377638406173;0
6.31;-0.15281001950716;-0.708664956066747;0
6.32;-0.159870216533417;-0.702749662187151;0
6.33;-0.16687035664167;-0.696633878160997;0
6.34;-0.173808444684496;-0.690319781834948;0
6.35;-0.180682507544229;-0.683809606758858;0
6.36;-0.187490594686559;-0.67710564142051;0
6.37;-0.194230778706414;-0.670210228465197;0
6.38;-0.200901155865965;-0.66312576390041;0
6.39;-0.207499846624619;-0.655854696285897;0
6.4;-0.214024996160842;-0.648399525909363;0
6.41;-0.220474774885676;-0.64076280394808;0
6.42;-0.226847378947814;-0.632947131616679;0
6.43;-0.233141030730088;-0.624955159301414;0
6.44;-0.239353979337238;-0.616789585681173;0
6.45;-0.245484501074837;-0.608453156835514;0
6.46;-0.25153089991924;-0.599948665340042;0
6.47;-0.257491507978423;-0.591278949349388;0
6.48;-0.263364685943604;-0.582446891668109;0
6.49;-0.26914882353152;-0.573455418809799;0
6.5;-0.274842339917238;-0.564307500044711;0
6.51;-0.280443684157397;-0.55500614643621;0
6.52;-0.28595133560376;-0.545554409866339;0
6.53;-0.291363804306982;-0.535955382050835;0
6.54;-0.296679631410471;-0.526212193543895;0
6.55;-0.30189738953426;-0.516328012733005;0
6.56;-0.307015683148785;-0.506306044824164;0
6.57;-0.31203314893846;-0.496149530817809;0
6.58;-0.316948456154991;-0.485861746475773;0
6.59;-0.321760306960299;-0.475446001279597;0
6.6;-0.326467436759007;-0.464905637380524;0
6.61;-0.331068614520378;-0.454244028541509;0
6.62;-0.335562643089644;-0.443464579071567;0
6.63;-0.339948359488644;-0.432570722752794;0
6.64;-0.344224635205702;-0.421565921760403;0
6.65;-0.348390376474671;-0.410453665576105;0
6.66;-0.352444524543087;-0.399237469895163;0
6.67;-0.356386055929364;-0.387920875527478;0
6.68;-0.360213982668971;-0.376507447293028;0
6.69;-0.36392735254955;-0.365000772912013;0
6.7;-0.367525249334898;-0.353404461890037;0
6.71;-0.371006792977791;-0.341722144398681;0
6.72;-0.37437113982159;-0.329957470151802;0
6.73;-0.377617482790591;-0.318114107277907;0
6.74;-0.380745051569087;-0.306195741188946;0
6.75;-0.383753112769097;-0.294206073445863;0
6.76;-0.386640970086743;-0.28214882062126;0
6.77;-0.389407964447234;-0.27002771315952;0
6.78;-0.392053474138454;-0.25784649423472;0
6.79;-0.394576914933104;-0.245608918606701;0
6.8;-0.396977740199412;-0.233318751475626;0
6.81;-0.399255441000377;-0.220979767335379;0
6.82;-0.401409546181541;-0.208595748826146;0
6.83;-0.403439622447286;-0.196170485586531;0
6.84;-0.405345274425657;-0.183707773105544;0
6.85;-0.407126144721696;-0.171211411574805;0
6.86;-0.408781913959307;-0.158685204741317;0
6.87;-0.410312300811649;-0.146132958761143;0
6.88;-0.411717062020075;-0.13355848105433;0
6.89;-0.412995992401624;-0.120965579161421;0
6.9;-0.414148924845084;-0.108358059601899;0
6.91;-0.415175730295657;-0.0957397267348981;0
6.92;-0.416076317728236;-0.0831143816225196;0
6.93;-0.41685063410933;-0.0704858208960892;0
6.94;-0.417498664347668;-0.0578578356256931;0
6.95;-0.41802043123351;-0.0452342101933229;0
6.96;-0.418415995366712;-0.0326187211699614;0
6.97;-0.418685455073578;-0.020015136196941;0
6.98;-0.418828946312544;-0.00742721287190051;0
6.99;-0.41884664256875;0.00514130236033238;0
7;-0.418738754737536;0.0176866753116091;0
7.01;-0.41850553099693;0.030205185148757;0
7.02;-0.418147256669178;0.0426931254859856;0
7.03;-0.417664254071374;0.0551468054710842;0
7.04;-0.417056882355266;0.0675625508650963;0
7.05;-0.416325537336284;0.0799367051151588;0
7.06;-0.41547065131188;0.0922656304201953;0
7.07;-0.414492692869242;0.104545708789157;0
7.08;-0.413392166682459;0.116773343091508;0
7.09;-0.41216961329922;0.128944958099646;0
7.1;-0.410825608917121;0.141057001522977;0
7.11;-0.409360765149676;0.153105945033327;0
7.12;-0.407775728782113;0.165088285281409;0
7.13;-0.40607118151704;0.177000544904064;0
7.14;-0.404247839710087;0.188839273521972;0
7.15;-0.40230645409562;0.200601048727564;0
7.16;-0.400247809502605;0.21228247706285;0
7.17;-0.398072724560758;0.223880194986889;0
7.18;-0.395782051397056;0.235390869832629;0
7.19;-0.393376675322733;0.246811200752845;0
7.2;-0.390857514510866;0.258137919654918;0
7.21;-0.388225519664665;0.269367792124181;0
7.22;-0.385481673676581;0.280497618335592;0
7.23;-0.382626991278348;0.291524233953465;0
7.24;-0.379662518682091;0.302444511019017;0
7.25;-0.376589333212604;0.31325535882549;0
7.26;-0.37340854293094;0.323953724780595;0
7.27;-0.370121286249432;0.334536595256056;0
7.28;-0.366728731538278;0.345000996424007;0
7.29;-0.363232076723825;0.355343995080027;0
7.3;-0.359632548878675;0.36556269945258;0
7.31;-0.355931403803771;0.375654259998643;0
7.32;-0.352129925602577;0.38561587018531;0
7.33;-0.348229426247515;0.395444767257162;0
7.34;-0.344231245138791;0.405138232989189;0
7.35;-0.340136748655754;0.414693594425076;0
7.36;-0.335947329700942;0.424108224600647;0
7.37;-0.33166440723696;0.433379543252281;0
7.38;-0.327289425816345;0.442505017510106;0
7.39;-0.322823855104561;0.451482162575806;0
7.4;-0.318269189396295;0.46030854238484;0
7.41;-0.313626947125193;0.468981770252924;0
7.42;-0.30889867036721;0.477499509506595;0
7.43;-0.304085924337724;0.485859474097703;0
7.44;-0.299190296882571;0.494059429201666;0
7.45;-0.294213397963184;0.50209719179935;0
7.46;-0.289156859135979;0.509970631242414;0
7.47;-0.284022333026162;0.517677669801985;0
7.48;-0.278811492796129;0.525216283200528;0
7.49;-0.273526031608622;0.532584501126781;0
7.5;-0.268167662084809;0.539780407733626;0
7.51;-0.262738115757468;0.546802142118775;0
7.52;-0.257239142519438;0.553647898788169;0
7.53;-0.251672510067514;0.560315928101959;0
7.54;-0.246040003341965;0.566804536702988;0
7.55;-0.240343423961842;0.573112087927661;0
7.56;-0.234584589656258;0.579237002199113;0
7.57;-0.228765333691819;0.585177757402591;0
7.58;-0.222887504296376;0.590932889242966;0
7.59;-0.216952964079289;0.5965009915843;0
7.6;-0.210963589448372;0.601880716771387;0
7.61;-0.204921270023702;0.607070775933225;0
7.62;-0.198827908048486;0.612069939268335;0
7.63;-0.19268541779714;0.616877036311886;0
7.64;-0.186495724980792;0.621490956184572;0
7.65;-0.180260766150375;0.625910647823207;0
7.66;-0.173982488097491;0.630135120192983;0
7.67;-0.167662847253245;0.634163442481377;0
7.68;-0.161303809085211;0.637994744273667;0
7.69;-0.154907347492738;0.64162821571005;0
7.7;-0.148475444200757;0.645063107624323;0
7.71;-0.142010088152292;0.64829873166415;0
7.72;-0.135513274899844;0.651334460392877;0
7.73;-0.128987005995847;0.654169727372925;0
7.74;-0.12243328838237;0.656804027230743;0
7.75;-0.115854133780247;0.659236915703353;0
7.76;-0.109251558077837;0.661468009666493;0
7.77;-0.102627580719572;0.663496987144385;0
7.78;-0.0959842240944981;0.665323587301158;0
7.79;-0.0893235129249818;0.666947610413955;0
7.8;-0.0826474736557679;0.66836891782777;0
7.81;-0.0759581338435714;0.669587431892054;0
7.82;-0.0692575215473851;0.670603135879151;0
7.83;-0.0625476647196843;0.671416073884596;0
7.84;-0.0558305905987098;0.672026350709374;0
7.85;-0.0491083251020095;0.67243413172416;0
7.86;-0.0423828922214183;0.672639642715659;0
7.87;-0.035656313419655;0.67264316971508;0
7.88;-0.0289306070287143;0.672445058808861;0
7.89;-0.0222077876502312;0.672045715931707;0
7.9;-0.0154898655579945;0.671445606642052;0
7.91;-0.00877884610278415;0.670645255880023;0
7.92;-0.00207672911970743;0.669645247708031;0
7.93;0.00461449166179307;0.66844622503408;0
7.94;0.0112928292050871;0.667048889317911;0
7.95;0.0179563037504891;0.665454000260102;0
7.96;0.0246029433962051;0.663662375474241;0
7.97;0.0312307846759262;0.66167489014231;0
7.98;0.0378378731329;0.659492476653392;0
7.99;0.0444222638903153;0.657116124225861;0
8;0.0509820222178346;0.654546878513182;0
8.01;0.0575152240941109;0.651785841193476;0
8.02;0.0640199567651289;0.648834169542984;0
8.03;0.0704943192982074;0.645693075993616;0
8.04;0.0769364231315075;0.64236382767471;0
8.05;0.083344392618887;0.638847745939194;0
8.06;0.0897163655699474;0.635146205874303;0
8.07;0.0960504937851188;0.631260635797032;0
8.08;0.102344943585632;0.627192516734495;0
8.09;0.108597896338226;0.622943381889385;0
8.1;0.114807548974444;0.618514816090705;0
8.11;0.120972114504372;0.61390845522997;0
8.12;0.127089822524674;0.609125985683075;0
8.13;0.133158919720781;0.604169143718015;0
8.14;0.139177670363096;0.599039714888678;0
8.15;0.145144356797077;0.593739533414895;0
8.16;0.151057279927051;0.588270481548979;0
8.17;0.156914759693646;0.582634488928941;0
8.18;0.162715135544684;0.576833531918626;0
8.19;0.168456766899426;0.57086963293497;0
8.2;0.174138033606028;0.564744859762605;0
8.21;0.179757336392085;0.558461324856052;0
8.22;0.185313097308149;0.552021184629718;0
8.23;0.190803760164089;0.545426638735929;0
8.24;0.196227790958174;0.538679929331258;0
8.25;0.201583678298773;0.531783340331358;0
8.26;0.206869933818557;0.524739196654567;0
8.27;0.212085092581071;0.517549863454521;0
8.28;0.217227713479603;0.510217745342017;0
8.29;0.222296379628214;0.502745285596401;0
8.3;0.227289698744831;0.495134965366702;0
8.31;0.232206303526319;0.487389302862802;0
8.32;0.237044852015412;0.479510852536877;0
8.33;0.241804027959415;0.47150220425539;0
8.34;0.246482541160591;0.463365982461879;0
8.35;0.251079127818127;0.455104845330831;0
8.36;0.255592550861608;0.446721483912892;0
8.37;0.260021600275899;0.438218621271694;0
8.38;0.264365093417361;0.429599011612568;0
8.39;0.268621875321319;0.420865439403419;0
8.4;0.272790819000701;0.412020718488042;0
8.41;0.276870825735784;0.403067691192155;0
8.42;0.280860825354963;0.394009227422433;0
8.43;0.284759776506478;0.384848223758816;0
8.44;0.288566666921046;0.375587602540392;0
8.45;0.292280513665307;0.36623031094512;0
8.46;0.295900363386056;0.356779320063695;0
8.47;0.299425292545182;0.347237623967832;0
8.48;0.302854407645262;0.337608238773266;0
8.49;0.30618684544577;0.327894201697753;0
8.5;0.309421773169838;0.318098570114367;0
8.51;0.312558388701536;0.308224420600376;0
8.52;0.315595920773615;0.298274847982003;0
8.53;0.318533629145686;0.288252964375353;0
8.54;0.32137080477279;0.278161898223813;0
8.55;0.324106769964325;0.2680047933322;0
8.56;0.326740878533306;0.257784807897977;0
8.57;0.32927251593592;0.247505113539811;0
8.58;0.331701099401357;0.237168894323783;0
8.59;0.334026078051897;0.226779345787533;0
8.6;0.336246933013227;0.216339673962654;0
8.61;0.338363177514974;0.205853094395612;0
8.62;0.340374356981444;0.195322831167499;0
8.63;0.342280049112555;0.184752115912914;0
8.64;0.344079863954956;0.174144186838261;0
8.65;0.345773443963322;0.163502287739775;0
8.66;0.347360464051836;0.152829667021547;0
8.67;0.348840631635851;0.142129576713861;0
8.68;0.350213686663733;0.131405271492137;0
8.69;0.351479401638905;0.120660007696758;0
8.7;0.352637581632086;0.109897042354084;0
8.71;0.353688064283753;0.0991196321989528;0
8.72;0.354630719796833;0.088331032698932;0
8.73;0.355465450919647;0.0775344970806421;0
8.74;0.356192192919127;0.0667332753584174;0
8.75;0.356810913544331;0.0559306133656007;0
8.76;0.357321612980288;0.0451297517887571;0
8.77;0.35772432379219;0.0343339252050894;0
8.78;0.358019110859984;0.0235463611233396;0
8.79;0.358206071303386;0.0127702790284581;0
8.8;0.358285334397353;0.00200888943031898;0
8.81;0.358257061478073;-0.00873460708323822;0
8.82;0.358121445839499;-0.019457020788766;0
8.83;0.35787871262048;-0.0301551737646896;0
8.84;0.357529118682544;-0.0408259008236386;0
8.85;0.35707295247838;-0.0514660504393592;0
8.86;0.356510533911076;-0.0620724856679385;0
8.87;0.355842214184175;-0.072642085063074;0
8.88;0.355068375642598;-0.0831717435851245;0
8.89;0.354189431604512;-0.0936583735036808;0
8.9;0.353205826184205;-0.104098905293396;0
8.91;0.352118034106023;-0.114490288522821;0
8.92;0.350926560509462;-0.124829492735985;0
8.93;0.349631940745474;-0.135113508326476;0
8.94;0.348234740164063;-0.145339347403769;0
8.95;0.34673555389326;-0.155504044651555;0
8.96;0.345135006609548;-0.165604658177828;0
8.97;0.343433752299825;-0.175638270356488;0
8.98;0.341632474014985;-0.185601988660227;0
8.99;0.339731883615224;-0.195492946484457;0
9;0.337732721507131;-0.205308303962051;0
9.01;0.335635756372683;-0.215045248768673;0
9.02;0.333441784890231;-0.224700996918461;0
9.03;0.331151631447571;-0.234272793549856;0
9.04;0.328766147847198;-0.243757913701339;0
9.05;0.326286213003855;-0.253153663076888;0
9.06;0.323712732634472;-0.262457378800908;0
9.07;0.321046638940604;-0.27166643016246;0
9.08;0.318288890283474;-0.280778219348563;0
9.09;0.315440470851736;-0.289790182166374;0
9.1;0.312502390322064;-0.298699788754052;0
9.11;0.309475683512687;-0.307504544280102;0
9.12;0.306361410029981;-0.316201989631028;0
9.13;0.303160653908234;-0.324789702087086;0
9.14;0.299874523242721;-0.33326529598597;0
9.15;0.296504149816177;-0.341626423374256;0
9.16;0.293050688718831;-0.349870774646409;0
9.17;0.289515317962095;-0.35799607917121;0
9.18;0.285899238086045;-0.366000105905413;0
9.19;0.282203671760834;-0.373880663994488;0
9.2;0.278429863382143;-0.381635603360282;0
9.21;0.274579078660827;-0.389262815275442;0
9.22;0.270652604206867;-0.396760232924467;0
9.23;0.266651747107778;-0.404125831951216;0
9.24;0.262577834501602;-0.411357630992766;0
9.25;0.258432213144624;-0.418453692199446;0
9.26;0.254216248973949;-0.425412121740949;0
9.27;0.249931326665087;-0.432231070298373;0
9.28;0.245578849184671;-0.438908733542068;0
9.29;0.24116023733847;-0.445443352595187;0
9.3;0.236676929314826;-0.451833214482805;0
9.31;0.232130380223673;-0.458076652566514;0
9.32;0.22752206163126;-0.464172046964376;0
9.33;0.222853461090758;-0.470117824956143;0
9.34;0.218126081668874;-0.47591246137364;0
9.35;0.213341441468624;-0.481554478976222;0
9.36;0.208501073148426;-0.487042448811222;0
9.37;0.203606523437655;-0.492374990559308;0
9.38;0.198659352648807;-0.497550772864653;0
9.39;0.19366113418644;-0.502568513649884;0
9.4;0.188613454053022;-0.507426980415694;0
9.41;0.183517910351863;-0.512124990525092;0
9.42;0.17837611278727;-0.516661411472216;0
9.43;0.173189682162079;-0.521035161135654;0
9.44;0.167960249872731;-0.525245208016224;0
9.45;0.162689457402034;-0.529290571459175;0
9.46;0.157378955809781;-0.533170321860768;0
9.47;0.152030405221362;-0.536883580859189;0
9.48;0.146645474314546;-0.540429521509781;0
9.49;0.141225839804582;-0.543807368444563;0
9.5;0.135773185927765;-0.547016398016007;0
9.51;0.130289203923648;-0.550055938425072;0
9.52;0.124775591516036;-0.552925369833472;0
9.53;0.119234052392935;-0.555624124460174;0
9.54;0.113666295685598;-0.558151686662126;0
9.55;0.108074035446843;-0.560507592999224;0
9.56;0.102458990128789;-0.562691432283507;0
9.57;0.0968228820601687;-0.564702845612616;0
9.58;0.0911674369233843;-0.566541526387513;0
9.59;0.0854943832314478;-0.568207220314497;0
9.6;0.0798054518049784;-0.569699725391537;0
9.61;0.0741023752494043;-0.571018891878948;0
9.62;0.0683868874325289;-0.572164622254461;0
9.63;0.0626607229626156;-0.573136871152707;0
9.64;0.0569256166671488;-0.573935645289177;0
9.65;0.0511833030724238;-0.5745610033687;0
9.66;0.0454355158841226;-0.575013055978493;0
9.67;0.0396839874690272;-0.57529196546584;0
9.68;0.0339304483380261;-0.575397945800472;0
9.69;0.0281766266305648;-0.575331262421704;0
9.7;0.0224242476006941;-0.575092232070407;0
9.71;0.0166750331048655;-0.574681222605891;0
9.72;0.0109307010916266;-0.57409865280778;0
9.73;0.00519296509336396;-0.573344992162964;0
9.74;-0.000536466279755869;-0.572420760637716;0
9.75;-0.00625588984350082;-0.571326528435068;0
9.76;-0.0119636083407951;-0.570062915737548;0
9.77;-0.0176579309403031;-0.568630592435376;0
9.78;-0.0233371737322298;-0.567030277840223;0
9.79;-0.0289996602211951;-0.565262740384655;0
9.8;-0.0346437218160372;-0.563328797307359;0
9.81;-0.0402676983164064;-0.561229314324294;0
9.82;-0.0458699383960058;-0.558965205285858;0
9.83;-0.0514488000823426;-0.556537431820232;0
9.84;-0.0570026512328502;-0.553947002963002;0
9.85;-0.0625298700072458;-0.551194974773216;0
9.86;-0.0680288453359879;-0.548282449936;0
9.87;-0.0734979773846997;-0.545210577351882;0
9.88;-0.0789356780144268;-0.54198055171297;0
9.89;-0.084340371237598;-0.538593613066124;0
9.9;-0.0897104936695599;-0.535051046363296;0
9.91;-0.0950444949755575;-0.531354180999171;0
9.92;-0.100340838313035;-0.527504390336288;0
9.93;-0.105598000769131;-0.52350309121779;0
9.94;-0.11081447379325;-0.519351743467983;0
9.95;-0.115988763624577;-0.51505184938087;0
9.96;-0.121119391714434;-0.51060495319683;0
9.97;-0.126204895143345;-0.506012640567621;0
9.98;-0.131243827032697;-0.501276538009897;0
9.99;-0.136234756950891;-0.496398312347406;0
10;-0.141176271313863;-0.491379670142067;0
10.01;-0.146066973779862;-0.486222357114116;0
10.02;-0.150905485638384;-0.480928157551506;0
10.03;-0.155690446193157;-0.475498893708763;0
10.04;-0.16042051313906;-0.469936425195495;0
10.05;-0.165094362932886;-0.464242648354751;0
10.06;-0.16971069115784;-0.458419495631445;0
10.07;-0.174268212881683;-0.452468934931031;0
10.08;-0.178765663008417;-0.446392968968663;0
10.09;-0.183201796623413;-0.440193634609033;0
10.1;-0.187575389331909;-0.433873002197107;0
10.11;-0.191885237590763;-0.427433174879973;0
10.12;-0.196130159033396;-0.420876287920032;0
10.13;-0.200308992787816;-0.414204507999726;0
10.14;-0.204420599787668;-0.407420032518058;0
10.15;-0.208463863076197;-0.400525088879106;0
10.16;-0.212437688103074;-0.393521933772764;0
10.17;-0.216341003013983;-0.386412852447945;0
10.18;-0.220172758932923;-0.37920015797847;0
10.19;-0.223931930237119;-0.371886190521877;0
10.2;-0.227617514824503;-0.364473316571386;0
10.21;-0.231228534373678;-0.356963928201259;0
10.22;-0.234764034596312;-0.349360442305781;0
10.23;-0.238223085481887;-0.341665299832114;0
10.24;-0.241604781534758;-0.333880965007261;0
10.25;-0.244908242003448;-0.326009924559377;0
10.26;-0.24813261110214;-0.318054686933671;0
10.27;-0.251277058224294;-0.310017781503152;0
10.28;-0.254340778148362;-0.301901757774456;0
10.29;-0.257322991235527;-0.293709184588996;0
10.3;-0.260222943619444;-0.285442649319703;0
10.31;-0.263039907387922;-0.277104757063575;0
10.32;-0.26577318075652;-0.268698129830319;0
10.33;-0.268422088234006;-0.260225405727301;0
10.34;-0.270985980779656;-0.251689238141086;0
10.35;-0.273464235952347;-0.243092294915791;0
10.36;-0.27585625805143;-0.234437257528528;0
10.37;-0.278161478249335;-0.225726820262171;0
10.38;-0.2803793547159;-0.216963689375708;0
10.39;-0.282509372734386;-0.208150582272425;0
10.4;-0.284551044809178;-0.199290226666188;0
10.41;-0.286503910765124;-0.190385359746059;0
10.42;-0.288367537838527;-0.181438727339509;0
10.43;-0.29014152075976;-0.172453083074483;0
10.44;-0.291825481827494;-0.163431187540562;0
10.45;-0.293419070974538;-0.154375807449488;0
10.46;-0.294921965825282;-0.145289714795283;0
10.47;-0.296333871744741;-0.136175686014245;0
10.48;-0.297654521879194;-0.12703650114504;0
10.49;-0.298883677188433;-0.11787494298917;0
10.5;-0.300021126469615;-0.108693796272047;0
10.51;-0.301066686372726;-0.099495846804939;0
10.52;-0.302020201407679;-0.0902838806480251;0
10.53;-0.302881543943033;-0.0810606832748185;0
10.54;-0.30365061419638;-0.0718290387381993;0
10.55;-0.304327340216387;-0.0625917288383069;0
10.56;-0.304911677856535;-0.0533515322925384;0
10.57;-0.305403610740562;-0.0441112239078969;0
10.58;-0.30580315021965;-0.0348735737559345;0
10.59;-0.30611033532136;-0.0256413463505333;0
10.6;-0.306325232690374;-0.0164172998287649;0
10.61;-0.306447936521046;-0.00720418513506984;0
10.62;-0.306478568481824;0.00199525479100542;0
10.63;-0.306417277631555;0.0111782858232755;0
10.64;-0.30626424032773;0.0203421834533517;0
10.65;-0.306019660126702;0.0294842335908124;0
10.66;-0.305683767675921;0.038601733358875;0
10.67;-0.305256820598235;0.047691991885339;0
10.68;-0.304739103368301;0.056752331088571;0
10.69;-0.304130927181166;0.0657800864583056;0
10.7;-0.303432629813055;0.0747726078310352;0
10.71;-0.302644575474436;0.0837272601597668;0
10.72;-0.301767154655414;0.0926414242779251;0
10.73;-0.30080078396351;0.101512497657182;0
10.74;-0.299745905953891;0.110337895158995;0
10.75;-0.298602988952114;0.119115049779644;0
10.76;-0.297372526869453;0.12784141338855;0
10.77;-0.296055039010866;0.136514457459663;0
10.78;-0.294651069875685;0.145131673795728;0
10.79;-0.293161188951101;0.153690575245196;0
10.8;-0.291585990498501;0.162188696411613;0
10.81;-0.28992609333276;0.17062359435525;0
10.82;-0.28818214059454;0.178992849286808;0
10.83;-0.286354799515697;0.187294065252987;0
10.84;-0.284444761177865;0.195524870813734;0
10.85;-0.282452740264309;0.203682919710972;0
10.86;-0.280379474805127;0.21176589152864;0
10.87;-0.278225725915889;0.219771492343845;0
10.88;-0.275992277529814;0.227697455368962;0
10.89;-0.273679936123558;0.235541541584483;0
10.9;-0.271289530436719;0.243301540362469;0
10.91;-0.268821911185156;0.250975270080411;0
10.92;-0.266277950768202;0.258560578725339;0
10.93;-0.263658542969887;0.266055344488032;0
10.94;-0.26096460265427;0.27345747634713;0
10.95;-0.258197065454962;0.280764914643034;0
10.96;-0.255356887458967;0.287975631641408;0
10.97;-0.252445044884933;0.295087632086144;0
10.98;-0.24946253375592;0.302098953741638;0
10.99;-0.246410369566793;0.309007667924248;0
11;-0.243289586946352;0.315811880022765;0
11.01;-0.240101239314309;0.322509730007786;0
11.02;-0.236846398533213;0.329099392929842;0
11.03;-0.233526154555459;0.335579079406155;0
11.04;-0.230141615065464;0.341947036095899;0
11.05;-0.226693905117158;0.348201546163834;0
11.06;-0.223184166766883;0.35434092973221;0
11.07;-0.219613558701825;0.360363544320803;0
11.08;-0.215983255864109;0.366267785274997;0
11.09;-0.212294449070655;0.372052086181787;0
11.1;-0.208548344628937;0.377714919273598;0
11.11;-0.204746163948755;0.383254795819834;0
11.12;-0.200889143150153;0.388670266506052;0
11.13;-0.196978532667591;0.393959921800657;0
11.14;-0.193015596850517;0.39912239230906;0
11.15;-0.189001613560447;0.404156349115181;0
11.16;-0.184937873764693;0.409060504110235;0
11.17;-0.180825681126854;0.413833610308727;0
11.18;-0.176666351594208;0.418474462151568;0
11.19;-0.172461212982138;0.422981895796254;0
11.2;-0.168211604555699;0.42735478939405;0
11.21;-0.163918876608487;0.431592063354093;0
11.22;-0.159584390038919;0.435692680594392;0
11.23;-0.155209515924061;0.43965564677964;0
11.24;-0.150795635091144;0.443480010545812;0
11.25;-0.146344137686883;0.447164863711491;0
11.26;-0.141856422744754;0.450709341475889;0
11.27;-0.137333897750343;0.454112622603523;0
11.28;-0.132777978204914;0.457373929595515;0
11.29;-0.128190087187316;0.460492528847487;0
11.3;-0.123571654914383;0.463467730794026;0
11.31;-0.11892411829994;0.466298890039699;0
11.32;-0.114248920512561;0.468985405476605;0
11.33;-0.109547510532222;0.471526720388448;0
11.34;-0.104821342705957;0.473922322541121;0
11.35;-0.100071876302685;0.476171744259808;0
11.36;-0.0953005750673164;0.478274562492589;0
11.37;-0.0905089067742869;0.480230398860561;0
11.38;-0.0856983427806536;0.482038919694487;0
11.39;-0.0808703575788814;0.483699836057971;0
11.4;-0.07602642834946;0.485212903757192;0
11.41;-0.0711680345134838;0.486577923337206;0
11.42;-0.0662966572853291;0.48779474006484;0
11.43;-0.0614137792255624;0.488863243898218;0
11.44;-0.0565208837942137;0.489783369442932;0
11.45;-0.0516194549045479;0.490555095894916;0
11.46;-0.0467109764774673;0.491178446970042;0
11.47;-0.0417969319966778;0.491653490820499;0
11.48;-0.03687880406475;0.491980339937988;0
11.49;-0.0319580739602086;0.492159151043803;0
11.5;-0.0270362211957784;0.492190124965829;0
11.51;-0.0221147230779206;0.492073506502541;0
11.52;-0.0171950542677859;0.491809584274055;0
11.53;-0.0122786863437157;0.491398690560287;0
11.54;-0.00736708736541994;0.490841201126323;0
11.55;-0.00246172143995771;0.490137535035035;0
11.56;0.00243595171035073;0.48928815444705;0
11.57;0.00732447717795511;0.488293564408143;0
11.58;0.012202405297924;0.487154312624138;0
11.59;0.0170682920734867;0.485870989223409;0
11.6;0.0219206995991446;0.484444226507072;0
11.61;0.02675819648123;0.482874698686966;0
11.62;0.031579358255789;0.481163121611519;0
11.63;0.0363827678036702;0.479310252479607;0
11.64;0.0411670157626976;0.477316889542507;0
11.65;0.0459307009368097;0.475183871794056;0
11.66;0.0506724307020484;0.472912078649134;0
11.67;0.0553908214092795;0.470502429610578;0
11.68;0.0600844987835316;0.467955883924653;0
11.69;0.0647520983198383;0.465273440225201;0
11.7;0.0693922656754713;0.4624561361666;0
11.71;0.0740036570584537;0.459505048045648;0
11.72;0.0785849396122419;0.456421290412521;0
11.73;0.0831347917964695;0.453206015670931;0
11.74;0.0876519037636438;0.449860413667618;0
11.75;0.0921349777316902;0.446385711271336;0
11.76;0.0965827283522395;0.442783171941451;0
11.77;0.100993883074555;0.439054095286323;0
11.78;0.105367182504999;0.435199816611605;0
11.79;0.109701380761934;0.43122170645862;0
11.8;0.11399524582597;0.427121170132966;0
11.81;0.118247559885447;0.422899647223517;0
11.82;0.122457119677071;0.418558611111965;0
11.83;0.126622736821598;0.414099568473082;0
11.84;0.130743238154486;0.40952405876586;0
11.85;0.134817466051412;0.404833653715693;0
11.86;0.138844278748574;0.400029956787783;0
11.87;0.142822550657689;0.395114602651936;0
11.88;0.146751172675595;0.390089256638917;0
11.89;0.150629052488391;0.38495561418856;0
11.9;0.154455114870009;0.379715400289788;0
11.91;0.158228301975156;0.37437036891275;0
11.92;0.161947573626546;0.368922302433238;0
11.93;0.165611907596335;0.363373011049582;0
11.94;0.169220299881698;0.357724332192206;0
11.95;0.172771764974465;0.351978129926036;0
11.96;0.176265336124751;0.34613629434595;0
11.97;0.179700065598512;0.34020074096547;0
11.98;0.183075024928953;0.334173410098874;0
11.99;0.186389305161736;0.328056266236947;0
12;0.189642017093908;0.32185129741655;0
12.01;0.19283229150651;0.315560514584219;0
12.02;0.195959279390779;0.309185950953987;0
12.03;0.199022152167921;0.302729661359639;0
12.04;0.202020101902371;0.296193721601593;0
12.05;0.204952341508499;0.289580227788626;0
12.06;0.207818104950716;0.282891295674636;0
12.07;0.210616647436923;0.276129059990664;0
12.08;0.213347245605256;0.269295673772366;0
12.09;0.216009197704097;0.262393307683163;0
12.1;0.218601823765282;0.25542414933326;0
12.11;0.221124465770496;0.248390402594766;0
12.12;0.223576487810794;0.24129428691311;0
12.13;0.225957276239226;0.23413803661497;0
12.14;0.228266239816516;0.226923900212939;0
12.15;0.230502809849788;0.219654139707129;0
12.16;0.232666440324284;0.212331029883926;0
12.17;0.234756608028063;0.204956857612132;0
12.18;0.236772812669648;0.197533921136678;0
12.19;0.2387145769886;0.190064529370158;0
12.2;0.240581446859002;0.182551001182365;0
12.21;0.242372991385825;0.174995664688079;0
12.22;0.244088802994168;0.167400856533298;0
12.23;0.245728497511352;0.159768921180144;0
12.24;0.24729171424186;0.152102210190649;0
12.25;0.248778116035112;0.14440308150965;0
12.26;0.250187389346059;0.136673898747;0
12.27;0.251519244288604;0.128917030459312;0
12.28;0.252773414681838;0.121134849431462;0
12.29;0.253949658089085;0.113329731958054;0
12.3;0.25504775584977;0.105504057125064;0
12.31;0.2560675131041;0.0976602060918922;0
12.32;0.257008758810569;0.0898005613740194;0
12.33;0.257871345756297;0.0819275061264924;0
12.34;0.2586551505602;0.0740434234284499;0
12.35;0.259360073669019;0.066150695568899;0
12.36;0.25998603934621;0.0582517033339579;0
12.37;0.260532995653714;0.0503488252957729;0
12.38;0.261000914426623;0.0424444371033214;0
12.39;0.261389791240763;0.0345409107753104;0
12.4;0.261699645373222;0.0266406139953784;0
12.41;0.261930519755834;0.0187459094098075;0
12.42;0.262082480921655;0.0108591539279532;0
12.43;0.262155618944458;0.00298269802559625;0
12.44;0.262150047371272;-0.00488111494858057;0
12.45;0.262065903148004;-0.0127299494631861;0
12.46;0.261903346538169;-0.0205614784907856;0
12.47;0.261662561034782;-0.0283733841908364;0
12.48;0.26134375326542;-0.0361633585886954;0
12.49;0.260947152890533;-0.0439291042505026;0
12.5;0.260473012495007;-0.0516683349537448;0
12.51;0.259921607473053;-0.0593787763533062;0
12.52;0.259293235906453;-0.0670581666428138;0
12.53;0.258588218436211;-0.0747042572110879;0
12.54;0.257806898127674;-0.0823148132935083;0
12.55;0.256949640329144;-0.0898876146181112;0
12.56;0.256016832524072;-0.0974204560462304;0
12.57;0.255008884176858;-0.104911148207502;0
12.58;0.253926226572334;-0.112357518129051;0
12.59;0.25276931264898;-0.11975740985868;0
12.6;0.251538616825936;-0.127108685081886;0
12.61;0.250234634823866;-0.134409223732529;0
12.62;0.248857883479761;-0.141656924596981;0
12.63;0.247408900555707;-0.148849705911587;0
12.64;0.245888244541734;-0.155985505953266;0
12.65;0.24429649445277;-0.16306228362309;0
12.66;0.242634249619801;-0.170078019022682;0
12.67;0.240902129475303;-0.177030714023262;0
12.68;0.239100773333008;-0.183918392827193;0
12.69;0.237230840162096;-0.190739102521869;0
12.7;0.235293008355879;-0.197490913625786;0
12.71;0.233287975495066;-0.204171920626657;0
12.72;0.231216458105674;-0.210780242511412;0
12.73;0.229079191411683;-0.217314023287947;0
12.74;0.226876929082512;-0.223771432498474;0
12.75;0.224610442975392;-0.230150665724332;0
12.76;0.22228052287274;-0.236449945082134;0
12.77;0.219887976214602;-0.242667519711094;0
12.78;0.217433627826269;-0.248801666251427;0
12.79;0.214918319641146;-0.254850689313679;0
12.8;0.212342910418972;-0.260812921938863;0
12.81;0.209708275459478;-0.266686726049289;0
12.82;0.207015306311581;-0.272470492889954;0
12.83;0.204264910478201;-0.27816264346039;0
12.84;0.201458011116818;-0.283761628936845;0
12.85;0.198595546735828;-0.289265931084698;0
12.86;0.195678470886844;-0.294674062660992;0
12.87;0.192707751852997;-0.299984567806984;0
12.88;0.189684372333366;-0.305196022430621;0
12.89;0.186609329123629;-0.310307034578821;0
12.9;0.183483632793036;-0.3153162447995;0
12.91;0.180308307357804;-0.320222326493214;0
12.92;0.177084389951052;-0.325023986254362;0
12.93;0.173812930489361;-0.329719964201852;0
12.94;0.170494991336083;-0.334309034299141;0
12.95;0.167131646961494;-0.338790004663586;0
12.96;0.163723983599902;-0.343161717865025;0
12.97;0.160273098903818;-0.347423051213517;0
12.98;0.156780101595301;-0.351572917036172;0
12.99;0.153246111114577;-0.35561026294301;0
13;0.149672257266063;-0.359534072081784;0
13.01;0.146059679861873;-0.363343363381718;0
13.02;0.142409528362957;-0.367037191786098;0
13.03;0.138722961517947;-0.370614648473659;0
13.04;0.135001146999855;-0.374074861068745;0
13.05;0.131245261040707;-0.37741699384017;0
13.06;0.127456488064244;-0.380640247888759;0
13.07;0.123636020316808;-0.383743861323527;0
13.08;0.1197850574965;-0.386727109426452;0
13.09;0.115904806380756;-0.389589304805835;0
13.1;0.111996480452433;-0.392329797538201;0
13.11;0.108061299524532;-0.394947975298721;0
13.12;0.10410048936367;-0.397443263480146;0
13.13;0.100115281312402;-0.399815125300227;0
13.14;0.0961069119105401;-0.402063061897612;0
13.15;0.0920766225155498;-0.404186612416214;0
13.16;0.0880256589221613;-0.406185354078033;0
13.17;0.0839552709813033;-0.40805890224445;0
13.18;0.0798667122184763;-0.409806910465977;0
13.19;0.075761239451679;-0.411429070520471;0
13.2;0.0716401124090058;-0.41292511243983;0
13.21;0.0675045933460283;-0.414294804525171;0
13.22;0.0633559466630775;-0.415537953350512;0
13.23;0.0591954385225396;-0.416654403754977;0
13.24;0.0550243364662831;-0.41764403882354;0
13.25;0.050843909033328;-0.418506779856338;0
13.26;0.0466554253778752;-0.419242586326588;0
13.27;0.0424601548878059;-0.419851455827123;0
13.28;0.0382593668037685;-0.420333424005603;0
13.29;0.0340543298389628;-0.420688564488421;0
13.3;0.0298463117997368;-0.420916988793366;0
13.31;0.0256365792071069;-0.421018846231064;0
13.32;0.0214263969193143;-0.420994323795274;0
13.33;0.0172170277555275;-0.420843646042065;0
13.34;0.0130097321208044;-0.420567074957949;0
13.35;0.00880576763242099;-0.420164909817016;0
13.36;0.0046063887476792;-0.419637487027136;0
13.37;0.000412846393300781;-0.418985179965303;0
13.38;-0.00377361240348308;-0.418208398802166;0
13.39;-0.00795174488203931;-0.417307590315845;0
13.4;-0.0121203129135306;-0.416283237695088;0
13.41;-0.0162780833640971;-0.415135860331848;0
13.42;-0.0204238284559163;-0.413866013603375;0
13.43;-0.0245563261260373;-0.412474288643883;0
13.44;-0.0286743603828847;-0.410961312105902;0
13.45;-0.0327767216603305;-0.409327745911384;0
13.46;-0.0368622071692308;-0.407574286992671;0
13.47;-0.0409296212463271;-0.405701667023409;0
13.48;-0.0449777757004118;-0.403710652139515;0
13.49;-0.0490054901556591;-0.401602042650288;0
13.5;-0.0530115923920229;-0.399376672739776;0
13.51;-0.0569949186826051;-0.397035410158502;0
13.52;-0.0609543141278978;-0.394579155905656;0
13.53;-0.0648886329868054;-0.392008843901866;0
13.54;-0.0687967390043519;-0.389325440652668;0
13.55;-0.0726775057359823;-0.386529944902781;0
13.56;-0.0765298168683647;-0.383623387281315;0
13.57;-0.080352566536605;-0.380606829938028;0
13.58;-0.0841446596377842;-0.377481366170767;0
13.59;-0.0879050121407304;-0.374248120044203;0
13.6;-0.0916325513919401;-0.370908246000002;0
13.61;-0.0953262164175626;-0.367462928458566;0
13.62;-0.0989849582213651;-0.363913381412462;0
13.63;-0.102607740078594;-0.360260848011693;0
13.64;-0.106193537825655;-0.356506600140939;0
13.65;-0.109741340145524;-0.352651937988906;0
13.66;-0.113250148848829;-0.348698189609945;0
13.67;-0.116718979150497;-0.344646710478053;0
13.68;-0.120146859941922;-0.340498883033432;0
13.69;-0.123532834058558;-0.336256116221747;0
13.7;-0.12687595854287;-0.331919845026221;0
13.71;-0.130175304902587;-0.327491529992733;0
13.72;-0.133429959364158;-0.322972656748075;0
13.73;-0.136639023121372;-0.31836473551151;0
13.74;-0.139801612579061;-0.313669300599803;0
13.75;-0.142916859591824;-0.308887909925878;0
13.76;-0.145983911697708;-0.304022144491261;0
13.77;-0.149001932346789;-0.299073607872481;0
13.78;-0.15197010112459;-0.294043925701579;0
13.79;-0.154887613970277;-0.288934745140902;0
13.8;-0.157753683389574;-0.283747734352345;0
13.81;-0.160567538662359;-0.278484581961212;0
13.82;-0.163328426044856;-0.273146996514863;0
13.83;-0.16603560896641;-0.267736705936317;0
13.84;-0.16868836822076;-0.262255456972992;0
13.85;-0.171286002151789;-0.256705014640744;0
13.86;-0.173827826833687;-0.251087161663389;0
13.87;-0.176313176245497;-0.245403697907878;0
13.88;-0.178741402439984;-0.239656439815304;0
13.89;-0.181111875706803;-0.233847219827921;0
13.9;-0.183423984729921;-0.227977885812346;0
13.91;-0.185677136739246;-0.222050300479138;0
13.92;-0.187870757656447;-0.216066340798914;0
13.93;-0.190004292234914;-0.210027897415201;0
13.94;-0.192077204193829;-0.203936874054196;0
13.95;-0.194088976346333;-0.19779518693162;0
13.96;-0.196039110721736;-0.191604764156848;0
13.97;-0.197927128681766;-0.185367545134493;0
13.98;-0.199752571030818;-0.179085479963641;0
13.99;-0.201514998120189;-0.172760528834904;0
14;-0.20321398994627;-0.166394661425492;0
14.01;-0.204849146242688;-0.159989856292473;0
14.02;-0.206420086566361;-0.153548100264423;0
14.03;-0.207926450377477;-0.147071387831633;0
14.04;-0.209367897113359;-0.140561720535075;0
14.05;-0.210744106256216;-0.134021106354299;0
14.06;-0.212054777394778;-0.127451559094456;0
14.07;-0.213299630279784;-0.120855097772625;0
14.08;-0.214478404873341;-0.114233746003635;0
14.09;-0.215590861392136;-0.107589531385562;0
14.1;-0.216636780344503;-0.100924484885092;0
14.11;-0.217615962561343;-0.0942406402229248;0
14.12;-0.218528229220898;-0.0875400332594122;0
14.13;-0.219373421867386;-0.0808247013806121;0
14.14;-0.220151402423498;-0.0740966828849366;0
14.15;-0.220862053196761;-0.0673580163705837;0
14.16;-0.221505276879788;-0.06061074012393;0
14.17;-0.222080996544405;-0.0538568915090698;0
14.18;-0.222589155629693;-0.0470985063586782;0
14.19;-0.223029717923931;-0.0403376183663813;0
14.2;-0.223402667540484;-0.0335762584808115;0
14.21;-0.22370800888763;-0.026816454301527;0
14.22;-0.223945766632355;-0.0200602294769736;0
14.23;-0.224115985658147;-0.0133096031046653;0
14.24;-0.224218731016794;-0.00656658913376055;0
14.25;-0.22425408787422;0.000166804229792103;0
14.26;-0.224222161450384;0.006888575115364;0
14.27;-0.224123076953281;0.0135967285768398;0
14.28;-0.223956979507047;0.0202892771787225;0
14.29;-0.223724034074234;0.0269642415789799;0
14.3;-0.223424425372264;0.0336196511084631;0
14.31;-0.223058357784102;0.0402535443467293;0
14.32;-0.222626055263197;0.0468639696941028;0
14.33;-0.222127761232709;0.053448985939809;0
14.34;-0.221563738479084;0.0600066628260171;0
14.35;-0.220934269039998;0.0665350816076311;0
14.36;-0.220239654086725;0.0730323356076671;0
14.37;-0.219480213800982;0.0794965307680585;0
14.38;-0.218656287246267;0.0859257861957319;0
14.39;-0.217768232233779;0.0923182347037985;0
14.4;-0.216816425182933;0.0986720233477067;0
14.41;-0.215801260976548;0.104985313956203;0
14.42;-0.21472315281074;0.111256283656955;0
14.43;-0.213582532039591;0.117483125396678;0
14.44;-0.212379848014635;0.123664048455635;0
14.45;-0.211115567919231;0.129797278956351;0
14.46;-0.209790176597875;0.135881060366404;0
14.47;-0.208404176380502;0.141913653995153;0
14.48;-0.206958086901863;0.147893339484265;0
14.49;-0.205452444916015;0.153818415291906;0
14.5;-0.203887804105999;0.159687199170452;0
14.51;-0.202264734888777;0.165498028637605;0
14.52;-0.200583824215477;0.171249261440764;0
14.53;-0.198845675367038;0.176939276014545;0
14.54;-0.1970509077453;0.182566471931302;0
14.55;-0.195200156659629;0.18812927034455;0
14.56;-0.193294073109134;0.193626114425142;0
14.57;-0.191333323560556;0.199055469790111;0
14.58;-0.189318589721909;0.204415824924035;0
14.59;-0.187250568311934;0.209705691592833;0
14.6;-0.185129970825448;0.214923605249861;0
14.61;-0.182957523294677;0.220068125434215;0
14.62;-0.18073396604663;0.225137836161133;0
14.63;-0.178460053456613;0.23013134630438;0
14.64;-0.176136553697954;0.235047289970532;0
14.65;-0.173764248488016;0.239884326865047;0
14.66;-0.171343932830596;0.244641142650041;0
14.67;-0.168876414754777;0.24931644929366;0
14.68;-0.166362515050327;0.253908985410971;0
14.69;-0.163803066999727;0.258417516596277;0
14.7;-0.161198916106916;0.262840835746776;0
14.71;-0.158550919822838;0.267177763377478;0
14.72;-0.155859947267875;0.271427147927301;0
14.73;-0.153126878951269;0.275587866056273;0
14.74;-0.150352606487604;0.27965882293376;0
14.75;-0.147538032310447;0.283638952517659;0
14.76;-0.144684069383242;0.287527217824472;0
14.77;-0.141791640907541;0.291322611190214;0
14.78;-0.138861680028671;0.295024154522079;0
14.79;-0.135895129538921;0.298630899540812;0
14.8;-0.13289294157835;0.302141928013724;0
14.81;-0.129856077333313;0.305556351978303;0
14.82;-0.126785506732778;0.308873313956366;0
14.83;-0.123682208142563;0.312091987158703;0
14.84;-0.120547168057556;0.315211575680172;0
14.85;-0.117381380792032;0.318231314685203;0
14.86;-0.114185848168158;0.321150470583664;0
14.87;-0.110961579202783;0.323968341197061;0
14.88;-0.107709589792612;0.326684255915043;0
14.89;-0.104430902397849;0.329297575842161;0
14.9;-0.101126545724433;0.331807693934883;0
14.91;-0.0977975544049279;0.334214035128816;0
14.92;-0.0944449686782038;0.336516056456126;0
14.93;-0.0910698340679735;0.338713247153134;0
14.94;-0.0876732010603047;0.340805128758078;0
14.95;-0.084256124780197;0.342791255199015;0
14.96;-0.0808196646673245;0.344671212871875;0
14.97;-0.0773648841510418;0.346444620708636;0
14.98;-0.0738928503247532;0.348111130235637;0
14.99;-0.0704046336197429;0.349670425622018;0
15;-0.0669013074785652;0.351122223718291;0
15.01;-0.0633839480280937;0.352466274085047;0
15.02;-0.0598536337523273;0.353702359011812;0
15.03;-0.0563114451650522;0.354830293526057;0
15.04;-0.052758464482458;0.355849925392382;0
15.05;-0.0491957752958066;0.35676113510188;0
15.06;-0.0456244622442504;0.357563835851722;0
15.07;-0.0420456106878999;0.35825797351496;0
15.08;-0.0384603063812363;0.3588435266006;0
15.09;-0.0348696351469673;0.359320506203945;0
15.1;-0.0312746825504234;0.359688955947273;0
15.11;-0.0276765335745904;0.35994895191085;0
15.12;-0.0240762722958755;0.360100602554345;0
15.13;-0.0204749815607017;0.360144048628666;0
15.14;-0.0168737426630277;0.360079463078272;0
15.15;-0.0132736350228864;0.359907050933998;0
15.16;-0.00967573586603846;0.359627049196452;0
15.17;-0.00608111990483348;0.359239726710026;0
15.18;-0.00249085902037365;0.358745384027576;0
15.19;0.00109397805392793;0.358144353265835;0
15.2;0.00467232604730149;0.357436997951605;0
15.21;0.00824312346499552;0.356623712858808;0
15.22;0.0118053128999812;0.35570492383644;0
15.23;0.0153578413428959;0.354681087627513;0
15.24;0.0188996604901354;0.353552691679046;0
15.25;0.0224297270500067;0.352320253943174;0
15.26;0.0259470030468512;0.350984322669463;0
15.27;0.0294504561230529;0.34954547618849;0
15.28;0.0329390598388424;0.348004322686787;0
15.29;0.0364117939698126;0.346361499973217;0
15.3;0.0398676448020591;0.344617675236872;0
15.31;0.0433056054248622;0.342773544796582;0
15.32;0.046724676020827;0.340829833842124;0
15.33;0.0501238641533974;0.338787296167213;0
15.34;0.0535021850516646;0.33664671389439;0
15.35;0.0568586618923879;0.334408897191884;0
15.36;0.0601923260791477;0.33207468398255;0
15.37;0.0635022175185538;0.329644939644996;0
15.38;0.0667873848934293;0.327120556706986;0
15.39;0.0700468859328947;0.324502454531238;0
15.4;0.0732797876792756;0.321791578993716;0
15.41;0.0764851667517605;0.31898890215452;0
15.42;0.0796621096067343;0.316095421921505;0
15.43;0.0828097127947155;0.313112161706722;0
15.44;0.0859270832138267;0.310040170075807;0
15.45;0.0890133383597265;0.306880520390429;0
15.46;0.0920676065719363;0.303634310443925;0
15.47;0.0950890272764923;0.300302662090234;0
15.48;0.0980767512248578;0.296886720866259;0
15.49;0.101029940729029;0.293387655607773;0
15.5;0.103947769892774;0.289806658059011;0
15.51;0.106829424838935;0.286144942476055;0
15.52;0.109674103932741;0.282403745224159;0
15.53;0.112481018001065;0.27858432436914;0
15.54;0.115249390547573;0.274687959262959;0
15.55;0.117978457963693;0.27071595012364;0
15.56;0.120667469735372;0.266669617609658;0
15.57;0.123315688645538;0.262550302388919;0
15.58;0.125922390972244;0.258359364702498;0
15.59;0.12848686668241;0.254098183923251;0
15.6;0.131008419621139;0.249768158109452;0
15.61;0.133486367696547;0.245370703553595;0
15.62;0.135920043060054;0.240907254326509;0
15.63;0.1383087922821;0.236379261816923;0
15.64;0.140651976523238;0.231788194266636;0
15.65;0.142948971700555;0.227135536301429;0
15.66;0.145199168649385;0.222422788457875;0
15.67;0.147401973280277;0.217651466706193;0
15.68;0.149556806731165;0.21282310196929;0
15.69;0.151663105514722;0.207939239638161;0
15.7;0.153720321660843;0.203001439083767;0
15.71;0.155727922854239;0.198011273165576;0
15.72;0.157685392567097;0.192970327736897;0
15.73;0.159592230186781;0.18788020114717;0
15.74;0.161447951138543;0.182742503741375;0
15.75;0.163252087003219;0.177558857356686;0
15.76;0.165004185629869;0.172330894816569;0
15.77;0.166703811243362;0.167060259422436;0
15.78;0.168350544546856;0.161748604443042;0
15.79;0.169943982819165;0.156397592601773;0
15.8;0.171483740006993;0.151008895561973;0
15.81;0.172969446812009;0.145584193410485;0
15.82;0.174400750772753;0.140125174139546;0
15.83;0.175777316341354;0.13463353312721;0
15.84;0.177098824955043;0.129110972616447;0
15.85;0.178364975102454;0.123559201193076;0
15.86;0.179575482384702;0.117979933262701;0
15.87;0.18073007957122;0.112374888526794;0
15.88;0.181828516650359;0.106745791458098;0
15.89;0.182870560874742;0.101094370775498;0
15.9;0.183855996801354;0.0954223589185165;0
15.91;0.184784626326388;0.0897314915216093;0
15.92;0.185656268714825;0.0840235068883945;0
15.93;0.186470760624762;0.0783001454659927;0
15.94;0.187227956126484;0.0725631493196249;0
15.95;0.187927726716277;0.06681426160763;0
15.96;0.188569961325004;0.0610552260570552;0
15.97;0.189154566321431;0.0552877864399787;0
15.98;0.189681465510329;0.0495136860507183;0
15.99;0.190150600125341;0.0437346671840815;0
16;0.190561928816649;0.0379524706148122;0
16.01;0.190915427633431;0.032168835078388;0
16.02;0.191211090001143;0.0263854967533207;0
16.03;0.191448926693619;0.0206041887451129;0
16.04;0.191628965800033;0.0148266405720234;0
16.05;0.191751252686712;0.00905457765279078;0
16.06;0.191815849953849;0.0032897207964672;0
16.07;0.191822837387115;-0.00246621430548998;0
16.08;0.191772311904208;-0.00821151758471909;0
16.09;0.191664387496357;-0.0139444850989008;0
16.1;0.191499195164807;-0.0196634195320043;0
16.11;0.191276882852315;-0.0253666306916868;0
16.12;0.190997615369689;-0.0310524360037034;0
16.13;0.190661574317387;-0.0367191610031834;0
16.14;0.190268958002234;-0.0423651398226311;0
16.15;0.189819981349255;-0.0479887156765115;0
16.16;0.189314875808695;-0.0535882413422797;0
16.17;0.188753889258235;-0.0591620796377177;0
16.18;0.188137285900452;-0.0647086038944413;0
16.19;0.187465346155571;-0.0702261984274407;0
16.2;0.186738366549529;-0.0757132590005223;0
16.21;0.185956659597406;-0.0811681932875191;0
16.22;0.185120553682272;-0.0865894213291371;0
16.23;0.18423039292947;-0.0919753759853105;0
16.24;0.183286537076413;-0.0973245033829363;0
16.25;0.182289361337913;-0.102635263358862;0
16.26;0.181239256267106;-0.107906129898005;0
16.27;0.18013662761202;-0.113135591566471;0
16.28;0.17898189616783;-0.118322151939568;0
16.29;0.177775497624862;-0.123464330024574;0
16.3;0.176517882412388;-0.128560660678163;0
16.31;0.175209515538275;-0.13360969501835;0
16.32;0.173850876424538;-0.13861000083087;0
16.33;0.172442458738856;-0.143560162969843;0
16.34;0.170984770222104;-0.148458783752652;0
16.35;0.169478332511968;-0.153304483348895;0
16.36;0.167923680962693;-0.158095900163324;0
16.37;0.166321364461029;-0.162831691212654;0
16.38;0.164671945238444;-0.167510532496153;0
16.39;0.162975998679648;-0.172131119359897;0
16.4;0.161234113127513;-0.176692166854602;0
16.41;0.159446889684437;-0.181192410086941;0
16.42;0.157614942010234;-0.185630604564232;0
16.43;0.155738896116593;-0.190005526532431;0
16.44;0.153819390158202;-0.194315973307322;0
16.45;0.151857074220581;-0.198560763598818;0
16.46;0.14985261010471;-0.2027387378283;0
16.47;0.147806671108508;-0.206848758438896;0
16.48;0.14571994180525;-0.21088971019863;0
16.49;0.143593117818976;-0.21486050049635;0
16.5;0.141426905596982;-0.218760059630378;0
16.51;0.13922202217945;-0.222587341089786;0
16.52;0.136979194966304;-0.226341321828244;0
16.53;0.134699161481359;-0.23002100253036;0
16.54;0.132382669133841;-0.233625407870449;0
16.55;0.130030474977351;-0.23715358676367;0
16.56;0.127643345466358;-0.240604612609456;0
16.57;0.12522205621029;-0.243977583527197;0
16.58;0.122767391725297;-0.247271622584099;0
16.59;0.120280145183783;-0.250485878015181;0
16.6;0.117761118161763;-0.253619523435341;0
16.61;0.11521112038414;-0.256671758043457;0
16.62;0.112630969467976;-0.259641806818462;0
16.63;0.11002149066384;-0.262528920707362;0
16.64;0.10738351659531;-0.265332376805137;0
16.65;0.104717886996714;-0.268051478526504;0
16.66;0.102025448449188;-0.270685555769485;0
16.67;0.0993070541151401;-0.273233965070769;0
16.68;0.0965635634711931;-0.275696089752806;0
16.69;0.0937958420396955;-0.278071340062634;0
16.7;0.0910047611188821;-0.280359153302382;0
16.71;0.0881911975117657;-0.282558993951452;0
16.72;0.0853560332538459;-0.284670353780332;0
16.73;0.0825001553397163;-0.286692751956045;0
16.74;0.0796244554486561;-0.288625735139194;0
16.75;0.0767298296692877;-0.290468877572607;0
16.76;0.0738171782233873;-0.29222178116155;0
16.77;0.07088740518893;-0.293884075545525;0
16.78;0.0679414182224555;-0.295455418161621;0
16.79;0.0649801282808382;-0.296935494299424;0
16.8;0.0620044493425461;-0.298324017147487;0
16.81;0.0590152981284732;-0.299620727831359;0
16.82;0.0560135938224292;-0.300825395443163;0
16.83;0.053000257791372;-0.301937817062755;0
16.84;0.0499762133054656;-0.302957817770446;0
16.85;0.0469423852580497;-0.303885250651316;0
16.86;0.0438996998856033;-0.304719996791117;0
16.87;0.0408490844877873;-0.305461965263799;0
16.88;0.0377914671476492;-0.306111093110663;0
16.89;0.0347277764520745;-0.306667345311165;0
16.9;0.0316589412125668;-0.307130714745402;0
16.91;0.0285858901864406;-0.307501222148286;0
16.92;0.0255095517985104;-0.307778916055464;0
16.93;0.0224308538633562;-0.307963872740984;0
16.94;0.0193507233082508;-0.308056196146758;0
16.95;0.0162700858968284;-0.308056017803854;0
16.96;0.0131898659535768;-0.307963496745651;0
16.97;0.0101109860892357;-0.307778819412898;0
16.98;0.00703436692717885;-0.307502199550727;0
16.99;0.00396092683086391;-0.307133878097646;0
17;0.000891581632427018;-0.306674123066585;0
17.01;-0.00217275563749684;-0.306123229418023;0
17.02;-0.00523117501864952;-0.305481518925255;0
17.03;-0.0082827698886429;-0.304749340031854;0
17.04;-0.0113266372289917;-0.303927067701388;0
17.05;-0.0143618778896089;-0.303015103259438;0
17.06;-0.0173875968516868;-0.30201387422799;0
17.07;-0.0204029034888883;-0.300923834152258;0
17.08;-0.0234069118267716;-0.299745462420004;0
17.09;-0.0263987408003762;-0.29847926407342;0
17.1;-0.0293775145098927;-0.297125769613648;0
17.11;-0.0323423624743464;-0.295685534797997;0
17.12;-0.0352924198832195;-0.294159140429947;0
17.13;-0.0382268278459418;-0.292547192141996;0
17.14;-0.0411447336391775;-0.290850320171446;0
17.15;-0.0440452909518386;-0.289069179129193;0
17.16;-0.0469276601277549;-0.287204447761612;0
17.17;-0.0497910084059325;-0.285256828705613;0
17.18;-0.0526345101583316;-0.28322704823696;0
17.19;-0.0554573471250983;-0.281115856011935;0
17.2;-0.0582587086471829;-0.278924024802435;0
17.21;-0.0610377918962806;-0.2766523502246;0
17.22;-0.0637938021020285;-0.274301650461055;0
17.23;-0.0665259527763982;-0.271872765976868;0
17.24;-0.0692334659352188;-0.269366559229315;0
17.25;-0.0719155723167705;-0.266783914371554;0
17.26;-0.074571511597388;-0.264125736950299;0
17.27;-0.077200532604014;-0.261392953597609;0
17.28;-0.0798018935236438;-0.258586511716877;0
17.29;-0.0823748621096057;-0.255707379163139;0
17.3;-0.0849187158846171;-0.252756543917803;0
17.31;-0.0874327423405653;-0.249735013757894;0
17.32;-0.0899162391349548;-0.246643815919944;0
17.33;-0.0923685142839708;-0.243483996758624;0
17.34;-0.0947888863521057;-0.240256621400227;0
17.35;-0.0971766846382971;-0.236962773391125;0
17.36;-0.0995312493585288;-0.233603554341305;0
17.37;-0.101851931824845;-0.230180083563109;0
17.38;-0.104138094620731;-0.226693497705277;0
17.39;-0.106389111772812;-0.223144950382435;0
17.4;-0.108604368918834;-0.219535611800125;0
17.41;-0.11078326347186;-0.215866668375509;0
17.42;-0.112925204780673;-0.212139322353869;0
17.43;-0.115029614286311;-0.208354791421014;0
17.44;-0.117095925674715;-0.204514308311732;0
17.45;-0.119123585025445;-0.200619120414398;0
17.46;-0.121112050956417;-0.196670489371873;0
17.47;-0.123060794764645;-0.192669690678814;0
17.48;-0.124969300562932;-0.188618013275526;0
17.49;-0.126837065412483;-0.184516759138478;0
17.5;-0.128663599451417;-0.180367242867617;0
17.51;-0.130448426019133;-0.17617079127061;0
17.52;-0.1321910817765;-0.171928742944135;0
17.53;-0.13389111682186;-0.167642447852363;0
17.54;-0.13554809480279;-0.163313266902755;0
17.55;-0.137161593023621;-0.158942571519308;0
17.56;-0.138731202548671;-0.154531743213382;0
17.57;-0.140256528301181;-0.150082173152239;0
17.58;-0.141737189157921;-0.145595261725432;0
17.59;-0.14317281803946;-0.141072418109174;0
17.6;-0.14456306199606;-0.136515059828821;0
17.61;-0.145907582289195;-0.131924612319603;0
17.62;-0.147206054468665;-0.127302508485742;0
17.63;-0.148458168445299;-0.122650188258087;0
17.64;-0.149663628559223;-0.117969098150404;0
17.65;-0.15082215364369;-0.11326069081445;0
17.66;-0.151933477084452;-0.108526424593983;0
17.67;-0.152997346874671;-0.103767763077821;0
17.68;-0.154013525665355;-0.0989861746521016;0
17.69;-0.154981790811313;-0.0941831320518754;0
17.7;-0.155901934412626;-0.089360111912161;0
17.71;-0.156773763351623;-0.0845185943186071;0
17.72;-0.157597099325366;-0.0796600623578902;0
17.73;-0.158371778873633;-0.0747860016679862;0
17.74;-0.159097653402413;-0.0698978999884502;0
17.75;-0.159774589202895;-0.0649972467108386;0
17.76;-0.160402467465964;-0.0600855324294095;0
17.77;-0.160981184292212;-0.0551642484922341;0
17.78;-0.161510650697456;-0.0502348865528543;0
17.79;-0.161990792613775;-0.0452989381226186;0
17.8;-0.162421550886081;-0.0403578941238301;0
17.81;-0.162802881264221;-0.0354132444438401;0
17.82;-0.163134754390619;-0.0304664774902164;0
17.83;-0.163417155783488;-0.0255190797471219;0
17.84;-0.1636500858156;-0.02057253533303;0
17.85;-0.163833559688646;-0.0156283255599112;0
17.86;-0.163967607403191;-0.0106879284940174;0
17.87;-0.164052273724251;-0.00575281851839418;0
17.88;-0.164087618142495;-0.000824465897249736;0
17.89;-0.164073714831103;0.00409566365769379;0
17.9;-0.164010652598303;0.00900610941873831;0
17.91;-0.163898534835589;0.0139054160715124;0
17.92;-0.163737479461672;0.0187921341419134;0
17.93;-0.163527618862161;0.0236648204205648;0
17.94;-0.163269099825016;0.0285220383846665;0
17.95;-0.162962083471793;0.0333623586171158;0
17.96;-0.162606745184713;0.0381843592227773;0
17.97;-0.16220327452958;0.0429866262417835;0
17.98;-0.16175187517458;0.047767754059746;0
17.99;-0.161252764804988;0.0525263458147599;0
18;-0.160706175033829;0.0572610138010852;0
18.01;-0.160112351308511;0.0619703798693896;0
18.02;-0.15947155281347;0.0666530758234392;0
18.03;-0.158784052368873;0.0713077438131235;0
18.04;-0.158050136325393;0.0759330367237033;0
18.05;-0.15727010445513;0.0805276185611725;0
18.06;-0.156444269838671;0.085090164833623;0
18.07;-0.15557295874838;0.0896193629285068;0
18.08;-0.154656510527913;0.094113912485689;0
18.09;-0.153695277468037;0.0985725257661861;0
18.1;-0.15268962467877;0.102993928016488;0
18.11;-0.15163992995791;0.107376857828361;0
18.12;-0.150546583655974;0.111720067494031;0
18.13;-0.149409988537614;0.116022323356653;0
18.14;-0.148230559639551;0.120282406155961;0
18.15;-0.147008724125069;0.124499111369011;0
18.16;-0.145744921135127;0.128671249545926;0
18.17;-0.144439601636137;0.132797646640532;0
18.18;-0.14309322826446;0.136877144335824;0
18.19;-0.141706275167663;0.140908600364146;0
18.2;-0.140279227842611;0.144890888822017;0
18.21;-0.138812582970424;0.148822900479506;0
18.22;-0.137306848248374;0.152703543084081;0
18.23;-0.13576254221876;0.156531741658841;0
18.24;-0.134180194094831;0.160306438795065;0
18.25;-0.132560343583813;0.164026594938983;0
18.26;-0.130903540707085;0.167691188672709;0
18.27;-0.129210345617581;0.171299216989254;0
18.28;-0.127481328414466;0.17484969556154;0
18.29;-0.125717068955146;0.178341659005365;0
18.3;-0.123918156664679;0.181774161136222;0
18.31;-0.122085190342647;0.185146275219938;0
18.32;-0.120218777967548;0.188457094217039;0
18.33;-0.118319536498767;0.191705731020796;0
18.34;-0.11638809167621;0.194891318688889;0
18.35;-0.114425077817631;0.198013010668623;0
18.36;-0.112431137613755;0.201069981015652;0
18.37;-0.110406921921228;0.204061424606142;0
18.38;-0.108353089553486;0.206986557342334;0
18.39;-0.10627030706959;0.209844616351445;0
18.4;-0.104159248561107;0.212634860177876;0
18.41;-0.102020595437101;0.215356568968651;0
18.42;-0.09985503620729;0.218009044652085;0
18.43;-0.0976632662634632;0.220591611109594;0
18.44;-0.0954459876591953;0.223103614340641;0
18.45;-0.0932039088879524;0.22554442262077;0
18.46;-0.0909377446596442;0.227913426652681;0
18.47;-0.0886482156756991;0.230210039710331;0
18.48;-0.0863360484027284;0.23243369777602;0
18.49;-0.084001974844852;0.234583859670432;0
18.5;-0.0816467323147557;0.236660007175605;0
18.51;-0.0792710632035497;0.238661645150815;0
18.52;-0.0768757147495013;0.240588301641332;0
18.53;-0.0744614388057119;0.242439527980046;0
18.54;-0.0720289916068094;0.244214898881939;0
18.55;-0.0695791335347286;0.245914012531376;0
18.56;-0.0671126288836513;0.247536490662225;0
18.57;-0.0646302456241768;0.249081978630768;0
18.58;-0.0621327551667962;0.250550145481408;0
18.59;-0.0596209321247422;0.251940684005172;0
18.6;-0.0570955540762859;0.253253310790977;0
18.61;-0.0545574013265538;0.254487766269696;0
18.62;-0.0520072566689368;0.255643814750981;0
18.63;-0.0494459051461626;0.256721244452878;0
18.64;-0.0468741338111058;0.257719867524221;0
18.65;-0.0442927314874049;0.25863952005981;0
18.66;-0.0417024885299616;0.259480062108392;0
18.67;-0.0391041965853915;0.260241377673441;0
18.68;-0.0364986483524996;0.260923374706761;0
18.69;-0.0338866373428524;0.261525985094916;0
18.7;-0.0312689576415175;0.262049164638515;0
18.71;-0.0286464036680425;0.262492893024361;0
18.72;-0.0260197699377449;0.262857173790484;0
18.73;-0.0233898508233828;0.263142034284092;0
18.74;-0.0207574403172786;0.263347525612452;0
18.75;-0.0181233317939653;0.263473722586734;0
18.76;-0.0154883177734257;0.263520723658844;0
18.77;-0.0128531896849955;0.263488650851287;0
18.78;-0.0102187376319976;0.263377649680076;0
18.79;-0.00758575015718014;0.263187889070732;0
18.8;-0.00495501400902439;0.262919561267421;0
18.81;-0.00232731390899223;0.26257288173524;0
18.82;0.000296567680218376;0.26214808905573;0
18.83;0.00291585078534278;0.26164544481562;0
18.84;0.00552975815207628;0.261065233488883;0
18.85;0.00813751547339129;0.260407762312121;0
18.86;0.0107383516165785;0.259673361153348;0
18.87;0.0133314988489466;0.258862382374214;0
18.88;0.0159161930621144;0.25797520068572;0
18.89;0.0184916739948317;0.257012212997484;0
18.9;0.0210571854542631;0.25597383826061;0
18.91;0.0236119755356731;0.254860517304224;0
18.92;0.0261552968404472;0.253672712665727;0
18.93;0.0286864066923881;0.252410908414834;0
18.94;0.0312045673522242;0.251075609971466;0
18.95;0.0337090462302699;0.249667343917549;0
18.96;0.0361991160971769;0.248186657802796;0
18.97;0.0386740552927154;0.246634119944533;0
18.98;0.0411331479325287;0.245010319221653;0
18.99;0.0435756841127996;0.243315864862751;0
19;0.0460009601127734;0.241551386228526;0
19.01;0.0484082785950785;0.239717532588528;0
19.02;0.05079694880379;0.237814972892311;0
19.03;0.0531662867601796;0.235844395535086;0
19.04;0.0555156154560976;0.23380650811795;0
19.05;0.0578442650449332;0.231702037202761;0
19.06;0.0601515730300995;0.229531728061762;0
19.07;0.0624368844509916;0.227296344422016;0
19.08;0.0646995520663664;0.224996668204756;0
19.09;0.0669389365350923;0.222633499259726;0
19.1;0.0691544065942213;0.220207655094601;0
19.11;0.0713453392343326;0.217719970599589;0
19.12;0.0735111198721014;0.215171297767282;0
19.13;0.0756511425200447;0.212562505407874;0
19.14;0.0777648099533993;0.20989447885982;0
19.15;0.0798515338740856;0.207168119696038;0
19.16;0.0819107350717148;0.204384345425757;0
19.17;0.0839418435815935;0.201544089192089;0
19.18;0.0859442988396874;0.198648299465443;0
19.19;0.0879175498344989;0.195697939732868;0
19.2;0.0898610552558211;0.192693988183429;0
19.21;0.0917742836403278;0.189637437389716;0
19.22;0.0936567135139622;0.18652929398559;0
19.23;0.0955078335310853;0.183370578340269;0
19.24;0.0973271426103501;0.18016232422885;0
19.25;0.0991141500672647;0.17690557849939;0
19.26;0.100868375743412;0.173601400736631;0
19.27;0.102589350132291;0.170250862922487;0
19.28;0.104276614501749;0.166855049093403;0
19.29;0.105929721012973;0.163415054994683;0
19.3;0.107548232836015;0.159931987731907;0
19.31;0.109131724261814;0.156406965419537;0
19.32;0.11067978081069;0.152841116826836;0
19.33;0.112191999337296;0.149235581021188;0
19.34;0.113667988131979;0.145591507008957;0
19.35;0.115107367018551;0.141910053373976;0
19.36;0.116509767448421;0.138192387913789;0
19.37;0.117874832591094;0.134439687273757;0
19.38;0.119202217420991;0.130653136579139;0
19.39;0.120491588800587;0.126833929065265;0
19.4;0.121742625559842;0.122983265705912;0
19.41;0.122955018571904;0.119102354839999;0
19.42;0.124128470825077;0.115192411796717;0
19.43;0.12526269749103;0.111254658519209;0
19.44;0.12635742598924;0.107290323186911;0
19.45;0.127412396047648;0.103300639836672;0
19.46;0.128427359759529;0.099286847982777;0
19.47;0.129402081636546;0.0952501922359711;0
19.48;0.130336338658002;0.0911919219216167;0
19.49;0.131229920316265;0.0871132906970925;0
19.5;0.132082628658361;0.0830155561685512;0
19.51;0.132894278323737;0.0788999795071519;0
19.52;0.133664696578183;0.074767825064884;0
19.53;0.13439372334391;0.0706203599900976;0
19.54;0.135081211225781;0.0664588538428563;0
19.55;0.1357270255337;0.0622845782102287;0
19.56;0.136331044301151;0.0580988063216327;0
19.57;0.136893158299885;0.0539028126643491;0
19.58;0.137413271050779;0.049697872599319;0
19.59;0.137891298830838;0.0454852619773392;0
19.6;0.138327170676369;0.0412662567557708;0
19.61;0.13872082838233;0.0370421326158743;0
19.62;0.13907222649784;0.0328141645808857;0
19.63;0.139381332317892;0.0285836266349451;0
19.64;0.139648125871246;0.0243517913429931;0
19.65;0.139872599904531;0.0201199294717451;0
19.66;0.140054759862564;0.0158893096118561;0
19.67;0.14019462386489;0.0116611978013872;0
19.68;0.14029222267857;0.00743685715068472;0
19.69;0.140347599687219;0.0032175474687813;0
19.7;0.140360810856319;-0.000995475108571301;0
19.71;0.14033192469482;-0.00520095848912881;0
19.72;0.140261022213041;-0.00939765499253277;0
19.73;0.140148196876908;-0.0135843217167333;0
19.74;0.13999355455852;-0.0177597209023496;0
19.75;0.1397972134831;-0.0219226202948629;0
19.76;0.139559304172319;-0.0260717935045364;0
19.77;0.139279969384039;-0.0302060203639591;0
19.78;0.13895936404849;-0.0343240872831095;0
19.79;0.138597655200906;-0.0384247876018375;0
19.8;0.138195021910654;-0.0425069219396636;0
19.81;0.137751655206869;-0.046569298542794;0
19.82;0.137267758000639;-0.0506107336282538;0
19.83;0.136743545003757;-0.0546300517250394;0
19.84;0.136179242644078;-0.0586260860121921;0
19.85;0.135575088977512;-0.0625976786536988;0
19.86;0.134931333596675;-0.0665436811301233;0
19.87;0.134248237536243;-0.0704629545668748;0
19.88;0.133526073175045;-0.0743543700590214;0
19.89;0.132765124134911;-0.0782168089925564;0
19.9;0.131965685176334;-0.082049163362028;0
19.91;0.131128062090967;-0.0858503360844429;0
19.92;0.130252571591001;-0.0896192413093567;0
19.93;0.12933954119546;-0.0933548047250631;0
19.94;0.128389309113446;-0.0970559638607997;0
19.95;0.127402224124387;-0.100721668384884;0
19.96;0.126378645455323;-0.104350880398697;0
19.97;0.12531894265526;-0.107942574726437;0
19.98;0.124223495466663;-0.111495739200563;0
19.99;0.123092693694097;-0.115009374942838;0
20;0.121926937070092;-0.118482496640924;0
